r (cm)        	 rho (g/cm3) 	 T (K)       		 Linf = 2.578654e+38
9.99985564e+05 	 1.400622e+05 	 1.277296e+09 	
1.00006114e+06 	 1.251886e+05 	 1.241240e+09 	
1.00015269e+06 	 1.089411e+05 	 1.198021e+09 	
1.00024423e+06 	 9.447525e+04 	 1.155313e+09 	
1.00033577e+06 	 8.163674e+04 	 1.113135e+09 	
1.00042544e+06 	 7.049832e+04 	 1.072349e+09 	
1.00051511e+06 	 6.065385e+04 	 1.032108e+09 	
1.00060479e+06 	 5.198320e+04 	 9.924308e+08 	
1.00067806e+06 	 4.569088e+04 	 9.604411e+08 	
1.00075134e+06 	 4.004971e+04 	 9.288526e+08 	
1.00082461e+06 	 3.500548e+04 	 8.976770e+08 	
1.00089789e+06 	 3.050718e+04 	 8.669262e+08 	
1.00097116e+06 	 2.650693e+04 	 8.366125e+08 	
1.00104182e+06 	 2.307959e+04 	 8.078103e+08 	
1.00111247e+06 	 2.003590e+04 	 7.794377e+08 	
1.00118312e+06 	 1.734069e+04 	 7.515063e+08 	
1.00125377e+06 	 1.496114e+04 	 7.240283e+08 	
1.00131247e+06 	 1.320211e+04 	 7.015503e+08 	
1.00137117e+06 	 1.162354e+04 	 6.794008e+08 	
1.00142988e+06 	 1.021009e+04 	 6.575868e+08 	
1.00148858e+06 	 8.947400e+03 	 6.361157e+08 	
1.00154729e+06 	 7.822052e+03 	 6.149946e+08 	
1.00160597e+06 	 6.821909e+03 	 5.942391e+08 	
1.00166465e+06 	 5.934864e+03 	 5.738479e+08 	
1.00172333e+06 	 5.150122e+03 	 5.538283e+08 	
1.00177196e+06 	 4.570105e+03 	 5.375232e+08 	
1.00182059e+06 	 4.048182e+03 	 5.214823e+08 	
1.00186922e+06 	 3.579404e+03 	 5.057097e+08 	
1.00191786e+06 	 3.159153e+03 	 4.902094e+08 	
1.00196649e+06 	 2.783127e+03 	 4.749851e+08 	
1.00201512e+06 	 2.447326e+03 	 4.600408e+08 	
1.00206521e+06 	 2.139600e+03 	 4.449454e+08 	
1.00211530e+06 	 1.866858e+03 	 4.301548e+08 	
1.00215637e+06 	 1.666892e+03 	 4.182573e+08 	
1.00219744e+06 	 1.486352e+03 	 4.065692e+08 	
1.00223851e+06 	 1.323591e+03 	 3.950926e+08 	
1.00227959e+06 	 1.177076e+03 	 3.838292e+08 	
1.00232066e+06 	 1.045384e+03 	 3.727808e+08 	
1.00236173e+06 	 9.271928e+02 	 3.619490e+08 	
1.00240280e+06 	 8.212795e+02 	 3.513353e+08 	
1.00244387e+06 	 7.265127e+02 	 3.409411e+08 	
1.00248651e+06 	 6.388118e+02 	 3.303847e+08 	
1.00252914e+06 	 5.609237e+02 	 3.200674e+08 	
1.00256439e+06 	 5.032395e+02 	 3.117193e+08 	
1.00259963e+06 	 4.510750e+02 	 3.035359e+08 	
1.00263488e+06 	 4.039545e+02 	 2.955174e+08 	
1.00267013e+06 	 3.614378e+02 	 2.876644e+08 	
1.00270537e+06 	 3.231173e+02 	 2.799769e+08 	
1.00274062e+06 	 2.886168e+02 	 2.724552e+08 	
1.00277587e+06 	 2.575892e+02 	 2.650992e+08 	
1.00281111e+06 	 2.297150e+02 	 2.579088e+08 	
1.00284636e+06 	 2.047001e+02 	 2.508839e+08 	
1.00288161e+06 	 1.822748e+02 	 2.440242e+08 	
1.00291893e+06 	 1.610768e+02 	 2.369399e+08 	
1.00294997e+06 	 1.452529e+02 	 2.311879e+08 	
1.00298101e+06 	 1.309185e+02 	 2.255628e+08 	
1.00301206e+06 	 1.179432e+02 	 2.200640e+08 	
1.00304310e+06 	 1.062066e+02 	 2.146910e+08 	
1.00307414e+06 	 9.559812e+01 	 2.094431e+08 	
1.00310518e+06 	 8.601596e+01 	 2.043195e+08 	
1.00313623e+06 	 7.736666e+01 	 1.993194e+08 	
1.00316727e+06 	 6.956447e+01 	 1.944420e+08 	
1.00319831e+06 	 6.253084e+01 	 1.896863e+08 	
1.00322935e+06 	 5.619385e+01 	 1.850512e+08 	
1.00326040e+06 	 5.048780e+01 	 1.805357e+08 	
1.00329144e+06 	 4.535267e+01 	 1.761386e+08 	
1.00332248e+06 	 4.073374e+01 	 1.718586e+08 	
1.00335352e+06 	 3.658112e+01 	 1.676945e+08 	
1.00338456e+06 	 3.284946e+01 	 1.636449e+08 	
1.00341561e+06 	 2.949748e+01 	 1.597084e+08 	
1.00344665e+06 	 2.648774e+01 	 1.558834e+08 	
1.00347805e+06 	 2.375716e+01 	 1.521267e+08 	
1.00350944e+06 	 2.131005e+01 	 1.484810e+08 	
1.00354084e+06 	 1.911760e+01 	 1.449444e+08 	
1.00357223e+06 	 1.715380e+01 	 1.415151e+08 	
1.00360363e+06 	 1.539517e+01 	 1.381914e+08 	
1.00363502e+06 	 1.382054e+01 	 1.349714e+08 	
1.00366642e+06 	 1.241083e+01 	 1.318531e+08 	
1.00369781e+06 	 1.114889e+01 	 1.288346e+08 	
1.00372921e+06 	 1.001926e+01 	 1.259140e+08 	
1.00376060e+06 	 9.008082e+00 	 1.230891e+08 	
1.00379200e+06 	 8.102889e+00 	 1.203580e+08 	
1.00382339e+06 	 7.292505e+00 	 1.177185e+08 	
1.00385479e+06 	 6.566906e+00 	 1.151685e+08 	
1.00388619e+06 	 5.917111e+00 	 1.127060e+08 	
1.00391758e+06 	 5.335076e+00 	 1.103288e+08 	
1.00394898e+06 	 4.813602e+00 	 1.080348e+08 	
1.00398037e+06 	 4.346248e+00 	 1.058217e+08 	
1.00401801e+06 	 3.849208e+00 	 1.032721e+08 	
1.00405565e+06 	 3.412940e+00 	 1.008322e+08 	
1.00409330e+06 	 3.029777e+00 	 9.849819e+07 	
1.00413094e+06 	 2.693024e+00 	 9.626644e+07 	
1.00416858e+06 	 2.396838e+00 	 9.413328e+07 	
1.00420622e+06 	 2.136120e+00 	 9.209511e+07 	
1.00424386e+06 	 1.906424e+00 	 9.014836e+07 	
1.00428150e+06 	 1.703871e+00 	 8.828949e+07 	
1.00431914e+06 	 1.525078e+00 	 8.651505e+07 	
1.00435679e+06 	 1.367094e+00 	 8.482163e+07 	
1.00439443e+06 	 1.227348e+00 	 8.320590e+07 	
1.00443207e+06 	 1.103595e+00 	 8.166459e+07 	
1.00446971e+06 	 9.938769e-01 	 8.019453e+07 	
1.00451332e+06 	 8.820666e-01 	 7.857628e+07 	
1.00455693e+06 	 7.845144e-01 	 7.704484e+07 	
1.00460055e+06 	 6.992562e-01 	 7.559569e+07 	
1.00464416e+06 	 6.246117e-01 	 7.422448e+07 	
1.00468777e+06 	 5.591427e-01 	 7.292702e+07 	
1.00473138e+06 	 5.016166e-01 	 7.169930e+07 	
1.00477500e+06 	 4.509763e-01 	 7.053748e+07 	
1.00483352e+06 	 3.922784e-01 	 6.907572e+07 	
1.00489203e+06 	 3.425182e-01 	 6.771763e+07 	
1.00495055e+06 	 3.001909e-01 	 6.645535e+07 	
1.00500907e+06 	 2.640629e-01 	 6.528155e+07 	
1.00506759e+06 	 2.331210e-01 	 6.418944e+07 	
1.00512610e+06 	 2.065306e-01 	 6.317268e+07 	
1.00520405e+06 	 1.766990e-01 	 6.192534e+07 	
1.00528200e+06 	 1.520679e-01 	 6.078871e+07 	
1.00535995e+06 	 1.316128e-01 	 5.975147e+07 	
1.00543789e+06 	 1.145294e-01 	 5.880344e+07 	
1.00551584e+06 	 1.001833e-01 	 5.793552e+07 	
1.00561933e+06 	 8.451800e-02 	 5.689317e+07 	
1.00572282e+06 	 7.189288e-02 	 5.596117e+07 	
1.00582631e+06 	 6.162924e-02 	 5.512521e+07 	
1.00592980e+06 	 5.321609e-02 	 5.437303e+07 	
1.00606009e+06 	 4.466590e-02 	 5.352908e+07 	
1.00619038e+06 	 3.786397e-02 	 5.278359e+07 	
1.00632066e+06 	 3.239309e-02 	 5.212187e+07 	
1.00648752e+06 	 2.685133e-02 	 5.137753e+07 	
1.00665438e+06 	 2.253718e-02 	 5.072999e+07 	
1.00682123e+06 	 1.913062e-02 	 5.016268e+07 	
1.00703778e+06 	 1.570048e-02 	 4.952471e+07 	
1.00725432e+06 	 1.308232e-02 	 4.897711e+07 	
1.00747086e+06 	 1.104825e-02 	 4.850256e+07 	
1.00775706e+06 	 8.998417e-03 	 4.796510e+07 	
1.00804327e+06 	 7.462326e-03 	 4.750883e+07 	
1.00832947e+06 	 6.286261e-03 	 4.711661e+07 	
1.00871468e+06 	 5.098271e-03 	 4.666779e+07 	
1.00909989e+06 	 4.222630e-03 	 4.628942e+07 	
1.00948510e+06 	 3.560685e-03 	 4.596542e+07 	
1.01004159e+06 	 2.858735e-03 	 4.557048e+07 	
1.01059808e+06 	 2.356703e-03 	 4.524066e+07 	
1.01115457e+06 	 1.986014e-03 	 4.495950e+07 	
1.01178922e+06 	 1.670925e-03 	 4.468379e+07 	
1.01242388e+06 	 1.434319e-03 	 4.444478e+07 	
1.01305854e+06 	 1.252225e-03 	 4.423417e+07 	
1.01402497e+06 	 1.046221e-03 	 4.395499e+07 	
1.01499140e+06 	 8.977905e-04 	 4.371349e+07 	
1.01595784e+06 	 7.872929e-04 	 4.349997e+07 	
1.01733329e+06 	 6.729136e-04 	 4.323171e+07 	
1.01870875e+06 	 5.914072e-04 	 4.299421e+07 	
1.02008421e+06 	 5.312501e-04 	 4.277917e+07 	
1.02218307e+06 	 4.658172e-04 	 4.248224e+07 	
1.02341210e+06 	 4.374409e-04 	 4.232140e+07 	
1.02599329e+06 	 3.931633e-04 	 4.200610e+07 	
1.02808948e+06 	 3.674563e-04 	 4.176662e+07 	
1.03149195e+06 	 3.376284e-04 	 4.139963e+07 	
1.03419381e+06 	 3.205718e-04 	 4.112180e+07 	
1.03876477e+06 	 2.994755e-04 	 4.067027e+07 	
1.04207629e+06 	 2.878951e-04 	 4.035353e+07 	
1.04881107e+06 	 2.694926e-04 	 3.972789e+07 	
1.05157192e+06 	 2.631477e-04 	 3.947699e+07 	
1.06043421e+06 	 2.452966e-04 	 3.868868e+07 	
1.06584205e+06 	 2.355849e-04 	 3.821877e+07 	
1.06999867e+06 	 2.285246e-04 	 3.786276e+07 	
1.07415528e+06 	 2.217500e-04 	 3.751104e+07 	
1.07711046e+06 	 2.170868e-04 	 3.726352e+07 	
1.07900000e+06 	 2.141674e-04 	 3.710634e+07 	
1.08550000e+06 	 2.044610e-04 	 3.657193e+07 	
1.09200000e+06 	 1.952408e-04 	 3.604707e+07 	
1.09850000e+06 	 1.864684e-04 	 3.553146e+07 	
1.10500000e+06 	 1.781129e-04 	 3.502487e+07 	
1.11150000e+06 	 1.701513e-04 	 3.452707e+07 	
1.11800000e+06 	 1.625609e-04 	 3.403783e+07 	
1.12450000e+06 	 1.553231e-04 	 3.355695e+07 	
1.13100000e+06 	 1.484187e-04 	 3.308423e+07 	
1.13750000e+06 	 1.418304e-04 	 3.261947e+07 	
1.14400000e+06 	 1.355429e-04 	 3.216249e+07 	
1.15050000e+06 	 1.295403e-04 	 3.171310e+07 	
1.15700000e+06 	 1.238082e-04 	 3.127112e+07 	
1.16350000e+06 	 1.183333e-04 	 3.083639e+07 	
1.17000000e+06 	 1.131027e-04 	 3.040873e+07 	
1.17650000e+06 	 1.081042e-04 	 2.998800e+07 	
1.18300000e+06 	 1.033261e-04 	 2.957402e+07 	
1.18950000e+06 	 9.875780e-05 	 2.916665e+07 	
1.19600000e+06 	 9.438874e-05 	 2.876575e+07 	
1.20250000e+06 	 9.020919e-05 	 2.837116e+07 	
1.20900000e+06 	 8.620979e-05 	 2.798276e+07 	
1.21550000e+06 	 8.238188e-05 	 2.760040e+07 	
1.22200000e+06 	 7.871717e-05 	 2.722396e+07 	
1.22850000e+06 	 7.520761e-05 	 2.685331e+07 	
1.23500000e+06 	 7.184571e-05 	 2.648833e+07 	
1.24150000e+06 	 6.862425e-05 	 2.612889e+07 	
1.24800000e+06 	 6.553659e-05 	 2.577489e+07 	
1.25450000e+06 	 6.257630e-05 	 2.542621e+07 	
1.26100000e+06 	 5.973716e-05 	 2.508273e+07 	
1.26750000e+06 	 5.701334e-05 	 2.474436e+07 	
1.27400000e+06 	 5.439931e-05 	 2.441099e+07 	
1.28050000e+06 	 5.188981e-05 	 2.408252e+07 	
1.28700000e+06 	 4.947975e-05 	 2.375886e+07 	
1.30000000e+06 	 4.493885e-05 	 2.312556e+07 	
1.30050050e+06 	 4.477111e-05 	 2.310154e+07 	
1.30100100e+06 	 4.460388e-05 	 2.307755e+07 	
1.30150150e+06 	 4.443715e-05 	 2.305359e+07 	
1.30200200e+06 	 4.427092e-05 	 2.302966e+07 	
1.30250250e+06 	 4.410520e-05 	 2.300575e+07 	
1.30300300e+06 	 4.393997e-05 	 2.298187e+07 	
1.30350350e+06 	 4.377524e-05 	 2.295801e+07 	
1.30400400e+06 	 4.361100e-05 	 2.293418e+07 	
1.30450450e+06 	 4.344726e-05 	 2.291038e+07 	
1.30500501e+06 	 4.328401e-05 	 2.288661e+07 	
1.30550551e+06 	 4.312124e-05 	 2.286286e+07 	
1.30600601e+06 	 4.295896e-05 	 2.283913e+07 	
1.30650651e+06 	 4.279717e-05 	 2.281544e+07 	
1.30700701e+06 	 4.263585e-05 	 2.279177e+07 	
1.30750751e+06 	 4.247502e-05 	 2.276812e+07 	
1.30800801e+06 	 4.231467e-05 	 2.274451e+07 	
1.30850851e+06 	 4.215479e-05 	 2.272092e+07 	
1.30900901e+06 	 4.199539e-05 	 2.269735e+07 	
1.30950951e+06 	 4.183646e-05 	 2.267381e+07 	
1.31001001e+06 	 4.167800e-05 	 2.265030e+07 	
1.31051051e+06 	 4.152002e-05 	 2.262681e+07 	
1.31101101e+06 	 4.136250e-05 	 2.260335e+07 	
1.31151151e+06 	 4.120545e-05 	 2.257992e+07 	
1.31201201e+06 	 4.104886e-05 	 2.255651e+07 	
1.31251251e+06 	 4.089274e-05 	 2.253313e+07 	
1.31301301e+06 	 4.073708e-05 	 2.250977e+07 	
1.31351351e+06 	 4.058188e-05 	 2.248644e+07 	
1.31401401e+06 	 4.042713e-05 	 2.246313e+07 	
1.31451451e+06 	 4.027285e-05 	 2.243985e+07 	
1.31501502e+06 	 4.011901e-05 	 2.241660e+07 	
1.31551552e+06 	 3.996563e-05 	 2.239337e+07 	
1.31601602e+06 	 3.981271e-05 	 2.237017e+07 	
1.31651652e+06 	 3.966023e-05 	 2.234699e+07 	
1.31701702e+06 	 3.950819e-05 	 2.232384e+07 	
1.31751752e+06 	 3.935661e-05 	 2.230071e+07 	
1.31801802e+06 	 3.920547e-05 	 2.227761e+07 	
1.31851852e+06 	 3.905477e-05 	 2.225454e+07 	
1.31901902e+06 	 3.890451e-05 	 2.223149e+07 	
1.31951952e+06 	 3.875469e-05 	 2.220846e+07 	
1.32002002e+06 	 3.860531e-05 	 2.218547e+07 	
1.32052052e+06 	 3.845636e-05 	 2.216249e+07 	
1.32102102e+06 	 3.830785e-05 	 2.213955e+07 	
1.32152152e+06 	 3.815977e-05 	 2.211662e+07 	
1.32202202e+06 	 3.801212e-05 	 2.209372e+07 	
1.32252252e+06 	 3.786489e-05 	 2.207085e+07 	
1.32302302e+06 	 3.771810e-05 	 2.204801e+07 	
1.32352352e+06 	 3.757173e-05 	 2.202518e+07 	
1.32402402e+06 	 3.742578e-05 	 2.200239e+07 	
1.32452452e+06 	 3.728026e-05 	 2.197962e+07 	
1.32502503e+06 	 3.713515e-05 	 2.195687e+07 	
1.32552553e+06 	 3.699046e-05 	 2.193415e+07 	
1.32602603e+06 	 3.684619e-05 	 2.191145e+07 	
1.32652653e+06 	 3.670234e-05 	 2.188878e+07 	
1.32702703e+06 	 3.655889e-05 	 2.186613e+07 	
1.32752753e+06 	 3.641586e-05 	 2.184351e+07 	
1.32802803e+06 	 3.627324e-05 	 2.182091e+07 	
1.32852853e+06 	 3.613102e-05 	 2.179834e+07 	
1.32902903e+06 	 3.598922e-05 	 2.177579e+07 	
1.32952953e+06 	 3.584781e-05 	 2.175327e+07 	
1.33003003e+06 	 3.570681e-05 	 2.173077e+07 	
1.33053053e+06 	 3.556621e-05 	 2.170829e+07 	
1.33103103e+06 	 3.542601e-05 	 2.168584e+07 	
1.33153153e+06 	 3.528620e-05 	 2.166342e+07 	
1.33203203e+06 	 3.514679e-05 	 2.164102e+07 	
1.33253253e+06 	 3.500777e-05 	 2.161864e+07 	
1.33303303e+06 	 3.486915e-05 	 2.159629e+07 	
1.33353353e+06 	 3.473092e-05 	 2.157397e+07 	
1.33403403e+06 	 3.459307e-05 	 2.155166e+07 	
1.33453453e+06 	 3.445562e-05 	 2.152939e+07 	
1.33503504e+06 	 3.431855e-05 	 2.150713e+07 	
1.33553554e+06 	 3.418188e-05 	 2.148490e+07 	
1.33603604e+06 	 3.404558e-05 	 2.146270e+07 	
1.33653654e+06 	 3.390967e-05 	 2.144052e+07 	
1.33703704e+06 	 3.377414e-05 	 2.141836e+07 	
1.33753754e+06 	 3.363898e-05 	 2.139623e+07 	
1.33803804e+06 	 3.350421e-05 	 2.137412e+07 	
1.33853854e+06 	 3.336981e-05 	 2.135203e+07 	
1.33903904e+06 	 3.323579e-05 	 2.132997e+07 	
1.33953954e+06 	 3.310214e-05 	 2.130794e+07 	
1.34004004e+06 	 3.296886e-05 	 2.128592e+07 	
1.34054054e+06 	 3.283595e-05 	 2.126393e+07 	
1.34104104e+06 	 3.270341e-05 	 2.124197e+07 	
1.34154154e+06 	 3.257289e-05 	 2.122001e+07 	
1.34204204e+06 	 3.244116e-05 	 2.119809e+07 	
1.34254254e+06 	 3.230980e-05 	 2.117620e+07 	
1.34304304e+06 	 3.217880e-05 	 2.115433e+07 	
1.34354354e+06 	 3.204816e-05 	 2.113248e+07 	
1.34404404e+06 	 3.191789e-05 	 2.111066e+07 	
1.34454454e+06 	 3.178798e-05 	 2.108886e+07 	
1.34504505e+06 	 3.165843e-05 	 2.106708e+07 	
1.34554555e+06 	 3.152924e-05 	 2.104533e+07 	
1.34604605e+06 	 3.140041e-05 	 2.102360e+07 	
1.34654655e+06 	 3.127193e-05 	 2.100190e+07 	
1.34704705e+06 	 3.114380e-05 	 2.098022e+07 	
1.34754755e+06 	 3.101603e-05 	 2.095856e+07 	
1.34804805e+06 	 3.088862e-05 	 2.093692e+07 	
1.34854855e+06 	 3.075997e-05 	 2.091534e+07 	
1.34904905e+06 	 3.063317e-05 	 2.089375e+07 	
1.34954955e+06 	 3.050672e-05 	 2.087219e+07 	
1.35005005e+06 	 3.038062e-05 	 2.085065e+07 	
1.35055055e+06 	 3.025485e-05 	 2.082913e+07 	
1.35105105e+06 	 3.012943e-05 	 2.080764e+07 	
1.35155155e+06 	 3.000435e-05 	 2.078617e+07 	
1.35205205e+06 	 2.987960e-05 	 2.076472e+07 	
1.35255255e+06 	 2.975519e-05 	 2.074330e+07 	
1.35305305e+06 	 2.963111e-05 	 2.072190e+07 	
1.35355355e+06 	 2.950736e-05 	 2.070052e+07 	
1.35405405e+06 	 2.938395e-05 	 2.067917e+07 	
1.35455455e+06 	 2.926087e-05 	 2.065784e+07 	
1.35505506e+06 	 2.913811e-05 	 2.063653e+07 	
1.35555556e+06 	 2.901720e-05 	 2.061522e+07 	
1.35605606e+06 	 2.889517e-05 	 2.059396e+07 	
1.35655656e+06 	 2.877347e-05 	 2.057272e+07 	
1.35705706e+06 	 2.865209e-05 	 2.055151e+07 	
1.35755756e+06 	 2.853104e-05 	 2.053031e+07 	
1.35805806e+06 	 2.841032e-05 	 2.050914e+07 	
1.35855856e+06 	 2.828992e-05 	 2.048799e+07 	
1.35905906e+06 	 2.816984e-05 	 2.046687e+07 	
1.35955956e+06 	 2.805007e-05 	 2.044577e+07 	
1.36006006e+06 	 2.793063e-05 	 2.042469e+07 	
1.36056056e+06 	 2.781151e-05 	 2.040363e+07 	
1.36106106e+06 	 2.769270e-05 	 2.038259e+07 	
1.36156156e+06 	 2.757421e-05 	 2.036158e+07 	
1.36206206e+06 	 2.745466e-05 	 2.034062e+07 	
1.36256256e+06 	 2.733673e-05 	 2.031965e+07 	
1.36306306e+06 	 2.721911e-05 	 2.029871e+07 	
1.36356356e+06 	 2.710180e-05 	 2.027779e+07 	
1.36406406e+06 	 2.698480e-05 	 2.025689e+07 	
1.36456456e+06 	 2.686810e-05 	 2.023601e+07 	
1.36506507e+06 	 2.675171e-05 	 2.021516e+07 	
1.36556557e+06 	 2.663562e-05 	 2.019433e+07 	
1.36606607e+06 	 2.651983e-05 	 2.017352e+07 	
1.36656657e+06 	 2.640434e-05 	 2.015274e+07 	
1.36706707e+06 	 2.628915e-05 	 2.013197e+07 	
1.36756757e+06 	 2.617426e-05 	 2.011123e+07 	
1.36806807e+06 	 2.605966e-05 	 2.009051e+07 	
1.36856857e+06 	 2.594536e-05 	 2.006982e+07 	
1.36906907e+06 	 2.583005e-05 	 2.004917e+07 	
1.36956957e+06 	 2.571628e-05 	 2.002851e+07 	
1.37007007e+06 	 2.560279e-05 	 2.000789e+07 	
1.37057057e+06 	 2.548960e-05 	 1.998728e+07 	
1.37107107e+06 	 2.537669e-05 	 1.996670e+07 	
1.37157157e+06 	 2.526407e-05 	 1.994613e+07 	
1.37207207e+06 	 2.515173e-05 	 1.992559e+07 	
1.37257257e+06 	 2.503967e-05 	 1.990508e+07 	
1.37307307e+06 	 2.492790e-05 	 1.988458e+07 	
1.37357357e+06 	 2.481640e-05 	 1.986411e+07 	
1.37407407e+06 	 2.470519e-05 	 1.984366e+07 	
1.37457457e+06 	 2.459425e-05 	 1.982323e+07 	
1.37507508e+06 	 2.448359e-05 	 1.980282e+07 	
1.37557558e+06 	 2.437321e-05 	 1.978244e+07 	
1.37607608e+06 	 2.426185e-05 	 1.976209e+07 	
1.37657658e+06 	 2.415196e-05 	 1.974175e+07 	
1.37707708e+06 	 2.404233e-05 	 1.972144e+07 	
1.37757758e+06 	 2.393297e-05 	 1.970114e+07 	
1.37807808e+06 	 2.382387e-05 	 1.968087e+07 	
1.37857858e+06 	 2.371504e-05 	 1.966061e+07 	
1.37907908e+06 	 2.360648e-05 	 1.964038e+07 	
1.37957958e+06 	 2.349817e-05 	 1.962018e+07 	
1.38008008e+06 	 2.339013e-05 	 1.959999e+07 	
1.38058058e+06 	 2.328234e-05 	 1.957982e+07 	
1.38108108e+06 	 2.317482e-05 	 1.955968e+07 	
1.38158158e+06 	 2.306754e-05 	 1.953956e+07 	
1.38208208e+06 	 2.296053e-05 	 1.951946e+07 	
1.38258258e+06 	 2.285377e-05 	 1.949938e+07 	
1.38308308e+06 	 2.274843e-05 	 1.947930e+07 	
1.38358358e+06 	 2.264222e-05 	 1.945927e+07 	
1.38408408e+06 	 2.253627e-05 	 1.943926e+07 	
1.38458458e+06 	 2.243056e-05 	 1.941926e+07 	
1.38508509e+06 	 2.232511e-05 	 1.939929e+07 	
1.38558559e+06 	 2.221990e-05 	 1.937935e+07 	
1.38608609e+06 	 2.211494e-05 	 1.935942e+07 	
1.38658659e+06 	 2.201022e-05 	 1.933951e+07 	
1.38708709e+06 	 2.190575e-05 	 1.931963e+07 	
1.38758759e+06 	 2.180151e-05 	 1.929977e+07 	
1.38808809e+06 	 2.169752e-05 	 1.927993e+07 	
1.38858859e+06 	 2.159377e-05 	 1.926011e+07 	
1.38908909e+06 	 2.149026e-05 	 1.924031e+07 	
1.38958959e+06 	 2.138698e-05 	 1.922053e+07 	
1.39009009e+06 	 2.128504e-05 	 1.920076e+07 	
1.39059059e+06 	 2.118229e-05 	 1.918102e+07 	
1.39109109e+06 	 2.107976e-05 	 1.916131e+07 	
1.39159159e+06 	 2.097748e-05 	 1.914162e+07 	
1.39209209e+06 	 2.087542e-05 	 1.912195e+07 	
1.39259259e+06 	 2.077359e-05 	 1.910230e+07 	
1.39309309e+06 	 2.067200e-05 	 1.908267e+07 	
1.39359359e+06 	 2.057063e-05 	 1.906307e+07 	
1.39409409e+06 	 2.046949e-05 	 1.904348e+07 	
1.39459459e+06 	 2.036857e-05 	 1.902392e+07 	
1.39509510e+06 	 2.026788e-05 	 1.900438e+07 	
1.39559560e+06 	 2.016741e-05 	 1.898486e+07 	
1.39609610e+06 	 2.006717e-05 	 1.896536e+07 	
1.39659660e+06 	 1.996714e-05 	 1.894588e+07 	
1.39709710e+06 	 1.986837e-05 	 1.892640e+07 	
1.39759760e+06 	 1.976883e-05 	 1.890697e+07 	
1.39809810e+06 	 1.966950e-05 	 1.888755e+07 	
1.39859860e+06 	 1.957040e-05 	 1.886816e+07 	
1.39909910e+06 	 1.947151e-05 	 1.884878e+07 	
1.39959960e+06 	 1.937283e-05 	 1.882943e+07 	
1.40010010e+06 	 1.927437e-05 	 1.881010e+07 	
1.40060060e+06 	 1.917612e-05 	 1.879079e+07 	
1.40110110e+06 	 1.907808e-05 	 1.877150e+07 	
1.40160160e+06 	 1.898025e-05 	 1.875224e+07 	
1.40210210e+06 	 1.888262e-05 	 1.873299e+07 	
1.40260260e+06 	 1.878521e-05 	 1.871376e+07 	
1.40310310e+06 	 1.868800e-05 	 1.869456e+07 	
1.40360360e+06 	 1.859100e-05 	 1.867538e+07 	
1.40410410e+06 	 1.849516e-05 	 1.865619e+07 	
1.40460460e+06 	 1.839860e-05 	 1.863705e+07 	
1.40510511e+06 	 1.830225e-05 	 1.861793e+07 	
1.40560561e+06 	 1.820610e-05 	 1.859883e+07 	
1.40610611e+06 	 1.811015e-05 	 1.857975e+07 	
1.40660661e+06 	 1.801440e-05 	 1.856070e+07 	
1.40710711e+06 	 1.791884e-05 	 1.854166e+07 	
1.40760761e+06 	 1.782349e-05 	 1.852264e+07 	
1.40810811e+06 	 1.772832e-05 	 1.850365e+07 	
1.40860861e+06 	 1.763336e-05 	 1.848468e+07 	
1.40910911e+06 	 1.753858e-05 	 1.846572e+07 	
1.40960961e+06 	 1.744400e-05 	 1.844679e+07 	
1.41011011e+06 	 1.734961e-05 	 1.842788e+07 	
1.41061061e+06 	 1.725541e-05 	 1.840899e+07 	
1.41111111e+06 	 1.716050e-05 	 1.839014e+07 	
1.41161161e+06 	 1.706663e-05 	 1.837130e+07 	
1.41211211e+06 	 1.697295e-05 	 1.835247e+07 	
1.41261261e+06 	 1.687945e-05 	 1.833367e+07 	
1.41311311e+06 	 1.678613e-05 	 1.831488e+07 	
1.41361361e+06 	 1.669299e-05 	 1.829612e+07 	
1.41411411e+06 	 1.660004e-05 	 1.827738e+07 	
1.41461461e+06 	 1.650726e-05 	 1.825866e+07 	
1.41511512e+06 	 1.641465e-05 	 1.823996e+07 	
1.41561562e+06 	 1.632222e-05 	 1.822128e+07 	
1.41611612e+06 	 1.622997e-05 	 1.820262e+07 	
1.41661662e+06 	 1.613789e-05 	 1.818399e+07 	
1.41711712e+06 	 1.604598e-05 	 1.816537e+07 	
1.41761762e+06 	 1.595424e-05 	 1.814678e+07 	
1.41811812e+06 	 1.586184e-05 	 1.812822e+07 	
1.41861862e+06 	 1.577040e-05 	 1.810967e+07 	
1.41911912e+06 	 1.567913e-05 	 1.809114e+07 	
1.41961962e+06 	 1.558802e-05 	 1.807264e+07 	
1.42012012e+06 	 1.549707e-05 	 1.805415e+07 	
1.42062062e+06 	 1.540628e-05 	 1.803568e+07 	
1.42112112e+06 	 1.531565e-05 	 1.801724e+07 	
1.42162162e+06 	 1.522518e-05 	 1.799881e+07 	
1.42212212e+06 	 1.513487e-05 	 1.798041e+07 	
1.42262262e+06 	 1.504471e-05 	 1.796203e+07 	
1.42312312e+06 	 1.495471e-05 	 1.794367e+07 	
1.42362362e+06 	 1.486486e-05 	 1.792533e+07 	
1.42412412e+06 	 1.477516e-05 	 1.790701e+07 	
1.42462462e+06 	 1.468561e-05 	 1.788872e+07 	
1.42512513e+06 	 1.459697e-05 	 1.787042e+07 	
1.42562563e+06 	 1.450774e-05 	 1.785217e+07 	
1.42612613e+06 	 1.441867e-05 	 1.783393e+07 	
1.42662663e+06 	 1.432974e-05 	 1.781572e+07 	
1.42712713e+06 	 1.424095e-05 	 1.779753e+07 	
1.42762763e+06 	 1.415231e-05 	 1.777937e+07 	
1.42812813e+06 	 1.406381e-05 	 1.776122e+07 	
1.42862863e+06 	 1.397545e-05 	 1.774309e+07 	
1.42912913e+06 	 1.388723e-05 	 1.772499e+07 	
1.42962963e+06 	 1.379915e-05 	 1.770691e+07 	
1.43013013e+06 	 1.371120e-05 	 1.768885e+07 	
1.43063063e+06 	 1.362339e-05 	 1.767081e+07 	
1.43113113e+06 	 1.353571e-05 	 1.765279e+07 	
1.43163163e+06 	 1.344816e-05 	 1.763480e+07 	
1.43213213e+06 	 1.336004e-05 	 1.761684e+07 	
1.43263263e+06 	 1.327272e-05 	 1.759889e+07 	
1.43313313e+06 	 1.318553e-05 	 1.758097e+07 	
1.43363363e+06 	 1.309846e-05 	 1.756306e+07 	
1.43413413e+06 	 1.301152e-05 	 1.754517e+07 	
1.43463463e+06 	 1.292469e-05 	 1.752731e+07 	
1.43513514e+06 	 1.283799e-05 	 1.750947e+07 	
1.43563564e+06 	 1.275141e-05 	 1.749166e+07 	
1.43613614e+06 	 1.266494e-05 	 1.747386e+07 	
1.43663664e+06 	 1.257859e-05 	 1.745609e+07 	
1.43713714e+06 	 1.249235e-05 	 1.743834e+07 	
1.43763764e+06 	 1.240623e-05 	 1.742061e+07 	
1.43813814e+06 	 1.232022e-05 	 1.740290e+07 	
1.43863864e+06 	 1.223432e-05 	 1.738522e+07 	
1.43913914e+06 	 1.214915e-05 	 1.736754e+07 	
1.43963964e+06 	 1.206349e-05 	 1.734990e+07 	
1.44014014e+06 	 1.197794e-05 	 1.733229e+07 	
1.44064064e+06 	 1.189249e-05 	 1.731469e+07 	
1.44114114e+06 	 1.180715e-05 	 1.729712e+07 	
1.44164164e+06 	 1.172191e-05 	 1.727958e+07 	
1.44214214e+06 	 1.163677e-05 	 1.726206e+07 	
1.44264264e+06 	 1.155172e-05 	 1.724456e+07 	
1.44314314e+06 	 1.146678e-05 	 1.722708e+07 	
1.44364364e+06 	 1.138193e-05 	 1.720963e+07 	
1.44414414e+06 	 1.129717e-05 	 1.719220e+07 	
1.44464464e+06 	 1.121251e-05 	 1.717479e+07 	
1.44514515e+06 	 1.112794e-05 	 1.715741e+07 	
1.44564565e+06 	 1.104346e-05 	 1.714005e+07 	
1.44614615e+06 	 1.095964e-05 	 1.712270e+07 	
1.44664665e+06 	 1.087536e-05 	 1.710539e+07 	
1.44714715e+06 	 1.079117e-05 	 1.708810e+07 	
1.44764765e+06 	 1.070706e-05 	 1.707084e+07 	
1.44814815e+06 	 1.062304e-05 	 1.705360e+07 	
1.44864865e+06 	 1.053910e-05 	 1.703639e+07 	
1.44914915e+06 	 1.045524e-05 	 1.701920e+07 	
1.44964965e+06 	 1.037146e-05 	 1.700204e+07 	
1.45015015e+06 	 1.028776e-05 	 1.698490e+07 	
1.45065065e+06 	 1.020414e-05 	 1.696779e+07 	
1.45115115e+06 	 1.012059e-05 	 1.695070e+07 	
1.45165165e+06 	 1.003712e-05 	 1.693364e+07 	
1.45215215e+06 	 9.953721e-06 	 1.691660e+07 	
1.45265265e+06 	 9.870394e-06 	 1.689959e+07 	
1.45315315e+06 	 9.786630e-06 	 1.688263e+07 	
1.45365365e+06 	 9.703421e-06 	 1.686567e+07 	
1.45415415e+06 	 9.620280e-06 	 1.684874e+07 	
1.45465465e+06 	 9.537205e-06 	 1.683184e+07 	
1.45515516e+06 	 9.454195e-06 	 1.681496e+07 	
1.45565566e+06 	 9.371248e-06 	 1.679812e+07 	
1.45615616e+06 	 9.288365e-06 	 1.678129e+07 	
1.45665666e+06 	 9.205542e-06 	 1.676450e+07 	
1.45715716e+06 	 9.122781e-06 	 1.674773e+07 	
1.45765766e+06 	 9.040079e-06 	 1.673099e+07 	
1.45815816e+06 	 8.957435e-06 	 1.671428e+07 	
1.45865866e+06 	 8.874849e-06 	 1.669760e+07 	
1.45915916e+06 	 8.792319e-06 	 1.668095e+07 	
1.45965966e+06 	 8.709846e-06 	 1.666432e+07 	
1.46016016e+06 	 8.627874e-06 	 1.664771e+07 	
1.46066066e+06 	 8.545527e-06 	 1.663114e+07 	
1.46116116e+06 	 8.463235e-06 	 1.661461e+07 	
1.46166166e+06 	 8.380996e-06 	 1.659810e+07 	
1.46216216e+06 	 8.298810e-06 	 1.658162e+07 	
1.46266266e+06 	 8.216677e-06 	 1.656518e+07 	
1.46316316e+06 	 8.134596e-06 	 1.654876e+07 	
1.46366366e+06 	 8.052566e-06 	 1.653238e+07 	
1.46416416e+06 	 7.970588e-06 	 1.651603e+07 	
1.46466466e+06 	 7.888661e-06 	 1.649971e+07 	
1.46516517e+06 	 7.806786e-06 	 1.648343e+07 	
1.46566567e+06 	 7.724961e-06 	 1.646717e+07 	
1.46616617e+06 	 7.643188e-06 	 1.645095e+07 	
1.46666667e+06 	 7.561466e-06 	 1.643476e+07 	
1.46716717e+06 	 7.480184e-06 	 1.641859e+07 	
1.46766767e+06 	 7.398582e-06 	 1.640247e+07 	
1.46816817e+06 	 7.317032e-06 	 1.638639e+07 	
1.46866867e+06 	 7.235537e-06 	 1.637034e+07 	
1.46916917e+06 	 7.154096e-06 	 1.635432e+07 	
1.46966967e+06 	 7.072710e-06 	 1.633835e+07 	
1.47017017e+06 	 6.991381e-06 	 1.632240e+07 	
1.47067067e+06 	 6.910110e-06 	 1.630650e+07 	
1.47117117e+06 	 6.828898e-06 	 1.629063e+07 	
1.47167167e+06 	 6.747747e-06 	 1.627480e+07 	
1.47217217e+06 	 6.666658e-06 	 1.625901e+07 	
1.47267267e+06 	 6.585634e-06 	 1.624326e+07 	
1.47317317e+06 	 6.504675e-06 	 1.622755e+07 	
1.47367367e+06 	 6.423786e-06 	 1.621188e+07 	
1.47417417e+06 	 6.343297e-06 	 1.619623e+07 	
1.47467467e+06 	 6.262564e-06 	 1.618064e+07 	
1.47517518e+06 	 6.181907e-06 	 1.616509e+07 	
1.47567568e+06 	 6.101331e-06 	 1.614959e+07 	
1.47617618e+06 	 6.020837e-06 	 1.613412e+07 	
1.47667668e+06 	 5.940431e-06 	 1.611871e+07 	
1.47717718e+06 	 5.860114e-06 	 1.610333e+07 	
1.47767768e+06 	 5.779892e-06 	 1.608800e+07 	
1.47817818e+06 	 5.699769e-06 	 1.607272e+07 	
1.47867868e+06 	 5.619748e-06 	 1.605748e+07 	
1.47917918e+06 	 5.539836e-06 	 1.604229e+07 	
1.47967968e+06 	 5.460037e-06 	 1.602715e+07 	
1.48018018e+06 	 5.380356e-06 	 1.601206e+07 	
1.48068068e+06 	 5.300800e-06 	 1.599702e+07 	
1.48118118e+06 	 5.221648e-06 	 1.598201e+07 	
1.48168168e+06 	 5.142368e-06 	 1.596706e+07 	
1.48218218e+06 	 5.063232e-06 	 1.595217e+07 	
1.48268268e+06 	 4.984247e-06 	 1.593734e+07 	
1.48318318e+06 	 4.905419e-06 	 1.592255e+07 	
1.48368368e+06 	 4.826757e-06 	 1.590783e+07 	
1.48418418e+06 	 4.748270e-06 	 1.589315e+07 	
1.48468468e+06 	 4.669964e-06 	 1.587854e+07 	
1.48518519e+06 	 4.591850e-06 	 1.586398e+07 	
1.48568569e+06 	 4.513936e-06 	 1.584948e+07 	
1.48618619e+06 	 4.436232e-06 	 1.583504e+07 	
1.48668669e+06 	 4.358748e-06 	 1.582066e+07 	
1.48718719e+06 	 4.281495e-06 	 1.580634e+07 	
1.48768769e+06 	 4.204695e-06 	 1.579206e+07 	
1.48818819e+06 	 4.127942e-06 	 1.577787e+07 	
1.48868869e+06 	 4.051455e-06 	 1.576374e+07 	
1.48918919e+06 	 3.975244e-06 	 1.574968e+07 	
1.48968969e+06 	 3.899322e-06 	 1.573568e+07 	
1.49019019e+06 	 3.823702e-06 	 1.572175e+07 	
1.49069069e+06 	 3.748399e-06 	 1.570789e+07 	
1.49119119e+06 	 3.673424e-06 	 1.569410e+07 	
1.49169169e+06 	 3.598794e-06 	 1.568038e+07 	
1.49219219e+06 	 3.524522e-06 	 1.566674e+07 	
1.49269269e+06 	 3.450623e-06 	 1.565317e+07 	
1.49319319e+06 	 3.377114e-06 	 1.563967e+07 	
1.49369369e+06 	 3.304010e-06 	 1.562625e+07 	
1.49419419e+06 	 3.231327e-06 	 1.561291e+07 	
1.49469469e+06 	 3.158921e-06 	 1.559967e+07 	
1.49519520e+06 	 3.087128e-06 	 1.558648e+07 	
1.49569570e+06 	 3.015807e-06 	 1.557338e+07 	
1.49619620e+06 	 2.944978e-06 	 1.556036e+07 	
1.49669670e+06 	 2.874657e-06 	 1.554743e+07 	
1.49719720e+06 	 2.804864e-06 	 1.553458e+07 	
1.49769770e+06 	 2.735617e-06 	 1.552182e+07 	
1.49819820e+06 	 2.666936e-06 	 1.550915e+07 	
1.49869870e+06 	 2.598840e-06 	 1.549657e+07 	
1.49919920e+06 	 2.531348e-06 	 1.548407e+07 	
1.49969970e+06 	 2.464481e-06 	 1.547167e+07 	
1.50020020e+06 	 2.398258e-06 	 1.545937e+07 	
1.50070070e+06 	 2.332700e-06 	 1.544715e+07 	
1.50120120e+06 	 2.267826e-06 	 1.543504e+07 	
1.50170170e+06 	 2.203542e-06 	 1.542304e+07 	
1.50220220e+06 	 2.140097e-06 	 1.541113e+07 	
1.50270270e+06 	 2.077397e-06 	 1.539931e+07 	
1.50320320e+06 	 2.015463e-06 	 1.538759e+07 	
1.50370370e+06 	 1.954316e-06 	 1.537598e+07 	
1.50420420e+06 	 1.893974e-06 	 1.536447e+07 	
1.50470470e+06 	 1.834459e-06 	 1.535307e+07 	
1.50520521e+06 	 1.775790e-06 	 1.534178e+07 	
1.50570571e+06 	 1.717986e-06 	 1.533059e+07 	
1.50620621e+06 	 1.661065e-06 	 1.531951e+07 	
1.50670671e+06 	 1.605047e-06 	 1.530855e+07 	
1.50720721e+06 	 1.549950e-06 	 1.529770e+07 	
1.50770771e+06 	 1.495791e-06 	 1.528695e+07 	
1.50820821e+06 	 1.442662e-06 	 1.527631e+07 	
1.50870871e+06 	 1.390431e-06 	 1.526579e+07 	
1.50920921e+06 	 1.339186e-06 	 1.525540e+07 	
1.50970971e+06 	 1.288944e-06 	 1.524512e+07 	
1.51021021e+06 	 1.239718e-06 	 1.523496e+07 	
1.51071071e+06 	 1.191522e-06 	 1.522492e+07 	
1.51121121e+06 	 1.144367e-06 	 1.521500e+07 	
1.51171171e+06 	 1.098265e-06 	 1.520520e+07 	
1.51221221e+06 	 1.053227e-06 	 1.519553e+07 	
1.51271271e+06 	 1.009262e-06 	 1.518597e+07 	
1.51321321e+06 	 9.663773e-07 	 1.517654e+07 	
1.51371371e+06 	 9.245807e-07 	 1.516724e+07 	
1.51421421e+06 	 8.838779e-07 	 1.515806e+07 	
1.51471471e+06 	 8.443177e-07 	 1.514898e+07 	
1.51521522e+06 	 8.058153e-07 	 1.514005e+07 	
1.51571572e+06 	 7.684165e-07 	 1.513124e+07 	
1.51621622e+06 	 7.321220e-07 	 1.512256e+07 	
1.51671672e+06 	 6.969311e-07 	 1.511401e+07 	
1.51721722e+06 	 6.628419e-07 	 1.510558e+07 	
1.51771772e+06 	 6.298508e-07 	 1.509728e+07 	
1.51821822e+06 	 5.979532e-07 	 1.508911e+07 	
1.51871872e+06 	 5.671430e-07 	 1.508107e+07 	
1.51921922e+06 	 5.374125e-07 	 1.507315e+07 	
1.51971972e+06 	 5.087530e-07 	 1.506536e+07 	
1.52022022e+06 	 4.811542e-07 	 1.505769e+07 	
1.52072072e+06 	 4.545807e-07 	 1.505018e+07 	
1.52122122e+06 	 4.290674e-07 	 1.504277e+07 	
1.52172172e+06 	 4.045766e-07 	 1.503548e+07 	
1.52222222e+06 	 3.810928e-07 	 1.502832e+07 	
1.52272272e+06 	 3.585997e-07 	 1.502128e+07 	
1.52322322e+06 	 3.370798e-07 	 1.501437e+07 	
1.52372372e+06 	 3.165143e-07 	 1.500758e+07 	
1.52422422e+06 	 2.968838e-07 	 1.500091e+07 	
1.52472472e+06 	 2.781677e-07 	 1.499436e+07 	
1.52522523e+06 	 2.603446e-07 	 1.498793e+07 	
1.52572573e+06 	 2.433799e-07 	 1.498164e+07 	
1.52622623e+06 	 2.272754e-07 	 1.497545e+07 	
1.52672673e+06 	 2.119952e-07 	 1.496937e+07 	
1.52722723e+06 	 1.975151e-07 	 1.496341e+07 	
1.52772773e+06 	 1.838105e-07 	 1.495756e+07 	
1.52822823e+06 	 1.708564e-07 	 1.495183e+07 	
1.52872873e+06 	 1.586274e-07 	 1.494620e+07 	
1.52922923e+06 	 1.470980e-07 	 1.494069e+07 	
1.52972973e+06 	 1.362423e-07 	 1.493528e+07 	
1.53023023e+06 	 1.260408e-07 	 1.492994e+07 	
1.53073073e+06 	 1.164551e-07 	 1.492474e+07 	
1.53123123e+06 	 1.074656e-07 	 1.491964e+07 	
1.53173173e+06 	 9.904679e-08 	 1.491464e+07 	
1.53223223e+06 	 9.117312e-08 	 1.490974e+07 	
1.53273273e+06 	 8.381947e-08 	 1.490493e+07 	
1.53323323e+06 	 7.696102e-08 	 1.490022e+07 	
1.53373373e+06 	 7.057337e-08 	 1.489561e+07 	
1.53423423e+06 	 6.463608e-08 	 1.489103e+07 	
1.53473473e+06 	 5.911878e-08 	 1.488659e+07 	
1.53523524e+06 	 5.400201e-08 	 1.488223e+07 	
1.53573574e+06 	 4.926350e-08 	 1.487795e+07 	
1.53623624e+06 	 4.488161e-08 	 1.487376e+07 	
1.53673674e+06 	 4.083742e-08 	 1.486960e+07 	
1.53723724e+06 	 3.710664e-08 	 1.486555e+07 	
1.53773774e+06 	 3.367166e-08 	 1.486158e+07 	
1.53823824e+06 	 3.051370e-08 	 1.485768e+07 	
1.53873874e+06 	 2.761468e-08 	 1.485385e+07 	
1.53923924e+06 	 2.495874e-08 	 1.485001e+07 	
1.53973974e+06 	 2.252663e-08 	 1.484630e+07 	
1.54024024e+06 	 2.030390e-08 	 1.484264e+07 	
1.54074074e+06 	 1.827458e-08 	 1.483912e+07 	
1.54124124e+06 	 1.642630e-08 	 1.483559e+07 	
1.54174174e+06 	 1.474470e-08 	 1.483212e+07 	
1.54224224e+06 	 1.321625e-08 	 1.482883e+07 	
1.54274274e+06 	 1.183038e-08 	 1.482551e+07 	
1.54324324e+06 	 1.057575e-08 	 1.482213e+07 	
1.54374374e+06 	 9.440627e-09 	 1.481891e+07 	
1.54424424e+06 	 8.416420e-09 	 1.481548e+07 	
1.54474474e+06 	 7.492452e-09 	 1.481225e+07 	
1.54524525e+06 	 6.660709e-09 	 1.480903e+07 	
1.54574575e+06 	 5.912928e-09 	 1.480592e+07 	
1.54624625e+06 	 5.242027e-09 	 1.480265e+07 	
1.54674675e+06 	 4.640310e-09 	 1.479985e+07 	
1.54724725e+06 	 4.102305e-09 	 1.479669e+07 	
1.54774775e+06 	 3.621373e-09 	 1.479389e+07 	
1.54824825e+06 	 3.192557e-09 	 1.479082e+07 	
1.54874875e+06 	 2.810447e-09 	 1.478807e+07 	
1.54924925e+06 	 2.470690e-09 	 1.478520e+07 	
1.54974975e+06 	 2.169010e-09 	 1.478224e+07 	
1.55025025e+06 	 1.901516e-09 	 1.477931e+07 	
1.55075075e+06 	 1.664660e-09 	 1.477652e+07 	
1.55125125e+06 	 1.455315e-09 	 1.477356e+07 	
1.55175175e+06 	 1.270489e-09 	 1.477087e+07 	
1.55225225e+06 	 1.107630e-09 	 1.476794e+07 	
1.55275275e+06 	 9.642803e-10 	 1.476528e+07 	
1.55325325e+06 	 8.383372e-10 	 1.476244e+07 	
1.55375375e+06 	 7.278252e-10 	 1.475974e+07 	
1.55425425e+06 	 6.310157e-10 	 1.475692e+07 	
1.55475475e+06 	 5.463212e-10 	 1.475423e+07 	
1.55525526e+06 	 4.723483e-10 	 1.475142e+07 	
1.55575576e+06 	 4.078240e-10 	 1.474876e+07 	
1.55625626e+06 	 3.516337e-10 	 1.474599e+07 	
1.55675676e+06 	 3.027668e-10 	 1.474332e+07 	
1.55725726e+06 	 2.603355e-10 	 1.474058e+07 	
1.77688422e+06 	 1.000000e-20 	 1.368848e+07 	
2.02748617e+06 	 1.000000e-20 	 1.272695e+07 	
2.31343162e+06 	 1.000000e-20 	 1.184480e+07 	
2.63970525e+06 	 1.000000e-20 	 1.103300e+07 	
3.01199470e+06 	 1.000000e-20 	 1.028408e+07 	
3.43678981e+06 	 1.000000e-20 	 9.591703e+06 	
3.92149567e+06 	 1.000000e-20 	 8.950471e+06 	
4.47456177e+06 	 1.000000e-20 	 8.355718e+06 	
5.10562927e+06 	 1.000000e-20 	 7.803378e+06 	
5.82569903e+06 	 1.000000e-20 	 7.289870e+06 	
6.64732347e+06 	 1.000000e-20 	 6.812023e+06 	
7.58482527e+06 	 1.000000e-20 	 6.367007e+06 	
8.65454716e+06 	 1.000000e-20 	 5.952284e+06 	
9.87513671e+06 	 1.000000e-20 	 5.565563e+06 	
1.12678715e+07 	 1.000000e-20 	 5.204771e+06 	
1.28570299e+07 	 1.000000e-20 	 4.868019e+06 	
1.46703144e+07 	 1.000000e-20 	 4.553586e+06 	
1.67393345e+07 	 1.000000e-20 	 4.259896e+06 	
1.91001579e+07 	 1.000000e-20 	 3.985500e+06 	
2.17939387e+07 	 1.000000e-20 	 3.729067e+06 	
2.48676355e+07 	 1.000000e-20 	 3.489368e+06 	
2.83748296e+07 	 1.000000e-20 	 3.265269e+06 	
3.23766589e+07 	 1.000000e-20 	 3.055719e+06 	
3.69428841e+07 	 1.000000e-20 	 2.859745e+06 	
4.21531046e+07 	 1.000000e-20 	 2.676444e+06 	
4.80981457e+07 	 1.000000e-20 	 2.504979e+06 	
5.48816427e+07 	 1.000000e-20 	 2.344569e+06 	
6.26218466e+07 	 1.000000e-20 	 2.194488e+06 	
7.14536862e+07 	 1.000000e-20 	 2.054062e+06 	
8.15311196e+07 	 1.000000e-20 	 1.922660e+06 	
9.30298186e+07 	 1.000000e-20 	 1.799696e+06 	
1.06150231e+08 	 1.000000e-20 	 1.684622e+06 	
1.21121073e+08 	 1.000000e-20 	 1.576927e+06 	
1.38203321e+08 	 1.000000e-20 	 1.476135e+06 	
1.57694754e+08 	 1.000000e-20 	 1.381799e+06 	
1.79935152e+08 	 1.000000e-20 	 1.293504e+06 	
2.05312212e+08 	 1.000000e-20 	 1.210860e+06 	
2.34268313e+08 	 1.000000e-20 	 1.133504e+06 	
2.67308223e+08 	 1.000000e-20 	 1.061097e+06 	
3.05007899e+08 	 1.000000e-20 	 9.933199e+05 	
3.48024530e+08 	 1.000000e-20 	 9.298767e+05 	
3.97107988e+08 	 1.000000e-20 	 8.704892e+05 	
4.53113907e+08 	 1.000000e-20 	 8.148974e+05 	
5.17018591e+08 	 1.000000e-20 	 7.628583e+05 	
5.89936039e+08 	 1.000000e-20 	 7.141444e+05 	
6.73137361e+08 	 1.000000e-20 	 6.685428e+05 	
7.68072938e+08 	 1.000000e-20 	 6.258544e+05 	
8.76397706e+08 	 1.000000e-20 	 5.858928e+05 	
1.00000000e+09 	 1.000000e-20 	 5.484838e+05 	
