r (cm)        	 rho (g/cm3) 	 T (K)       		 Linf = 2.748517e+38
1.00005216e+06 	 1.334088e+05 	 1.295342e+09 	
1.00008260e+06 	 1.277757e+05 	 1.281297e+09 	
1.00017312e+06 	 1.121775e+05 	 1.239848e+09 	
1.00026364e+06 	 9.819875e+04 	 1.198898e+09 	
1.00035416e+06 	 8.570550e+04 	 1.158463e+09 	
1.00044468e+06 	 7.457139e+04 	 1.118558e+09 	
1.00053520e+06 	 6.467763e+04 	 1.079201e+09 	
1.00062439e+06 	 5.603394e+04 	 1.040977e+09 	
1.00071358e+06 	 4.838634e+04 	 1.003319e+09 	
1.00080277e+06 	 4.164152e+04 	 9.662460e+08 	
1.00087636e+06 	 3.669437e+04 	 9.361117e+08 	
1.00094995e+06 	 3.225671e+04 	 9.063987e+08 	
1.00102354e+06 	 2.828556e+04 	 8.771180e+08 	
1.00109713e+06 	 2.474057e+04 	 8.482806e+08 	
1.00117072e+06 	 2.158399e+04 	 8.198977e+08 	
1.00124396e+06 	 1.879282e+04 	 7.921092e+08 	
1.00131721e+06 	 1.631908e+04 	 7.647936e+08 	
1.00139046e+06 	 1.413260e+04 	 7.379623e+08 	
1.00145073e+06 	 1.252914e+04 	 7.162562e+08 	
1.00151099e+06 	 1.108664e+04 	 6.948922e+08 	
1.00157126e+06 	 9.791493e+03 	 6.738767e+08 	
1.00163153e+06 	 8.630970e+03 	 6.532160e+08 	
1.00169180e+06 	 7.593194e+03 	 6.329164e+08 	
1.00175207e+06 	 6.667102e+03 	 6.129843e+08 	
1.00181276e+06 	 5.836929e+03 	 5.932891e+08 	
1.00187346e+06 	 5.099863e+03 	 5.739791e+08 	
1.00193415e+06 	 4.446897e+03 	 5.550604e+08 	
1.00198444e+06 	 3.963659e+03 	 5.396865e+08 	
1.00203472e+06 	 3.528053e+03 	 5.245886e+08 	
1.00208501e+06 	 3.135995e+03 	 5.097697e+08 	
1.00213529e+06 	 2.783687e+03 	 4.952329e+08 	
1.00218558e+06 	 2.467595e+03 	 4.809810e+08 	
1.00223587e+06 	 2.184448e+03 	 4.670169e+08 	
1.00228615e+06 	 1.931213e+03 	 4.533430e+08 	
1.00233827e+06 	 1.697316e+03 	 4.394789e+08 	
1.00239039e+06 	 1.489679e+03 	 4.259318e+08 	
1.00243329e+06 	 1.336624e+03 	 4.150217e+08 	
1.00247619e+06 	 1.198215e+03 	 4.043289e+08 	
1.00251908e+06 	 1.073191e+03 	 3.938544e+08 	
1.00256198e+06 	 9.603879e+02 	 3.835989e+08 	
1.00260488e+06 	 8.587254e+02 	 3.735633e+08 	
1.00264777e+06 	 7.672055e+02 	 3.637481e+08 	
1.00269067e+06 	 6.849074e+02 	 3.541536e+08 	
1.00273357e+06 	 6.109822e+02 	 3.447802e+08 	
1.00277646e+06 	 5.446491e+02 	 3.356279e+08 	
1.00281936e+06 	 4.851910e+02 	 3.266966e+08 	
1.00286477e+06 	 4.290102e+02 	 3.174826e+08 	
1.00290245e+06 	 3.871679e+02 	 3.100241e+08 	
1.00294013e+06 	 3.492581e+02 	 3.027352e+08 	
1.00297781e+06 	 3.149364e+02 	 2.956153e+08 	
1.00301549e+06 	 2.838850e+02 	 2.886638e+08 	
1.00305317e+06 	 2.558117e+02 	 2.818799e+08 	
1.00309086e+06 	 2.304475e+02 	 2.752628e+08 	
1.00312854e+06 	 2.075456e+02 	 2.688114e+08 	
1.00316622e+06 	 1.868793e+02 	 2.625246e+08 	
1.00320390e+06 	 1.682412e+02 	 2.564012e+08 	
1.00324158e+06 	 1.514413e+02 	 2.504399e+08 	
1.00327926e+06 	 1.363061e+02 	 2.446392e+08 	
1.00331694e+06 	 1.226771e+02 	 2.389975e+08 	
1.00335463e+06 	 1.104099e+02 	 2.335132e+08 	
1.00339231e+06 	 9.937282e+01 	 2.281845e+08 	
1.00342999e+06 	 8.944617e+01 	 2.230095e+08 	
1.00346767e+06 	 8.052114e+01 	 2.179861e+08 	
1.00350535e+06 	 7.249899e+01 	 2.131124e+08 	
1.00354303e+06 	 6.529014e+01 	 2.083860e+08 	
1.00358183e+06 	 5.863177e+01 	 2.036711e+08 	
1.00362063e+06 	 5.266964e+01 	 1.991075e+08 	
1.00365943e+06 	 4.733160e+01 	 1.946924e+08 	
1.00369823e+06 	 4.255269e+01 	 1.904231e+08 	
1.00373703e+06 	 3.827444e+01 	 1.862968e+08 	
1.00377583e+06 	 3.444432e+01 	 1.823106e+08 	
1.00381463e+06 	 3.101514e+01 	 1.784613e+08 	
1.00385343e+06 	 2.794457e+01 	 1.747461e+08 	
1.00389222e+06 	 2.519462e+01 	 1.711618e+08 	
1.00393102e+06 	 2.273129e+01 	 1.677052e+08 	
1.00396982e+06 	 2.052411e+01 	 1.643731e+08 	
1.00400862e+06 	 1.854584e+01 	 1.611624e+08 	
1.00404742e+06 	 1.677208e+01 	 1.580697e+08 	
1.00408622e+06 	 1.518106e+01 	 1.550919e+08 	
1.00412502e+06 	 1.375329e+01 	 1.522256e+08 	
1.00416382e+06 	 1.247141e+01 	 1.494676e+08 	
1.00420262e+06 	 1.131988e+01 	 1.468146e+08 	
1.00424142e+06 	 1.028485e+01 	 1.442634e+08 	
1.00428022e+06 	 9.353968e+00 	 1.418107e+08 	
1.00432955e+06 	 8.303537e+00 	 1.388295e+08 	
1.00437888e+06 	 7.383812e+00 	 1.359958e+08 	
1.00442821e+06 	 6.577568e+00 	 1.333033e+08 	
1.00447754e+06 	 5.869915e+00 	 1.307457e+08 	
1.00452687e+06 	 5.247978e+00 	 1.283168e+08 	
1.00457620e+06 	 4.700624e+00 	 1.260106e+08 	
1.00462553e+06 	 4.218224e+00 	 1.238212e+08 	
1.00467487e+06 	 3.792447e+00 	 1.217430e+08 	
1.00472420e+06 	 3.416080e+00 	 1.197704e+08 	
1.00477353e+06 	 3.082876e+00 	 1.178982e+08 	
1.00482286e+06 	 2.787422e+00 	 1.161212e+08 	
1.00487219e+06 	 2.525022e+00 	 1.144344e+08 	
1.00492152e+06 	 2.291603e+00 	 1.128332e+08 	
1.00497085e+06 	 2.083624e+00 	 1.113130e+08 	
1.00502018e+06 	 1.898008e+00 	 1.098695e+08 	
1.00506952e+06 	 1.732076e+00 	 1.084985e+08 	
1.00513416e+06 	 1.540574e+00 	 1.068052e+08 	
1.00519881e+06 	 1.374406e+00 	 1.052213e+08 	
1.00526345e+06 	 1.229811e+00 	 1.037390e+08 	
1.00532810e+06 	 1.103633e+00 	 1.023510e+08 	
1.00539274e+06 	 9.932163e-01 	 1.010504e+08 	
1.00545739e+06 	 8.963250e-01 	 9.983105e+07 	
1.00552203e+06 	 8.110689e-01 	 9.868696e+07 	
1.00558668e+06 	 7.358483e-01 	 9.761269e+07 	
1.00566759e+06 	 6.537874e-01 	 9.635884e+07 	
1.00574850e+06 	 5.831132e-01 	 9.519747e+07 	
1.00582942e+06 	 5.220036e-01 	 9.412035e+07 	
1.00591033e+06 	 4.689598e-01 	 9.312006e+07 	
1.00599124e+06 	 4.227439e-01 	 9.218986e+07 	
1.00607215e+06 	 3.823301e-01 	 9.132367e+07 	
1.00617426e+06 	 3.383003e-01 	 9.031344e+07 	
1.00627637e+06 	 3.007602e-01 	 8.938654e+07 	
1.00637848e+06 	 2.685867e-01 	 8.853426e+07 	
1.00648059e+06 	 2.408752e-01 	 8.774893e+07 	
1.00658270e+06 	 2.168929e-01 	 8.702376e+07 	
1.00668481e+06 	 1.960435e-01 	 8.635276e+07 	
1.00682890e+06 	 1.710263e-01 	 8.548794e+07 	
1.00697298e+06 	 1.501990e-01 	 8.470762e+07 	
1.00711707e+06 	 1.327263e-01 	 8.400088e+07 	
1.00726115e+06 	 1.179621e-01 	 8.335847e+07 	
1.00743273e+06 	 1.032215e-01 	 8.266652e+07 	
1.00760431e+06 	 9.095429e-02 	 8.204345e+07 	
1.00777589e+06 	 8.066075e-02 	 8.147990e+07 	
1.00794747e+06 	 7.195675e-02 	 8.096804e+07 	
1.00819393e+06 	 6.165214e-02 	 8.031025e+07 	
1.00844040e+06 	 5.336078e-02 	 7.972973e+07 	
1.00868687e+06 	 4.660725e-02 	 7.921376e+07 	
1.00901746e+06 	 3.937120e-02 	 7.860558e+07 	
1.00934805e+06 	 3.369413e-02 	 7.807626e+07 	
1.00967864e+06 	 2.916892e-02 	 7.761112e+07 	
1.01015301e+06 	 2.413624e-02 	 7.703367e+07 	
1.01062738e+06 	 2.033321e-02 	 7.654029e+07 	
1.01110174e+06 	 1.739566e-02 	 7.611286e+07 	
1.01164666e+06 	 1.478178e-02 	 7.568612e+07 	
1.01219158e+06 	 1.275268e-02 	 7.531394e+07 	
1.01273650e+06 	 1.114765e-02 	 7.498533e+07 	
1.01357153e+06 	 9.270946e-03 	 7.454807e+07 	
1.01440656e+06 	 7.883689e-03 	 7.417278e+07 	
1.01537810e+06 	 6.681895e-03 	 7.379484e+07 	
1.01634963e+06 	 5.782019e-03 	 7.346496e+07 	
1.01732116e+06 	 5.090715e-03 	 7.317205e+07 	
1.01883092e+06 	 4.296216e-03 	 7.277228e+07 	
1.01976622e+06 	 3.923248e-03 	 7.255078e+07 	
1.02164073e+06 	 3.358208e-03 	 7.215174e+07 	
1.02319660e+06 	 3.016787e-03 	 7.185530e+07 	
1.02564991e+06 	 2.627888e-03 	 7.143395e+07 	
1.02763246e+06 	 2.401930e-03 	 7.112387e+07 	
1.03097341e+06 	 2.131871e-03 	 7.064458e+07 	
1.03283609e+06 	 2.021645e-03 	 7.039486e+07 	
1.03700371e+06 	 1.840472e-03 	 6.986820e+07 	
1.04031042e+06 	 1.739058e-03 	 6.947352e+07 	
1.04595739e+06 	 1.616437e-03 	 6.883183e+07 	
1.04993842e+06 	 1.553546e-03 	 6.839709e+07 	
1.05768019e+06 	 1.462032e-03 	 6.758079e+07 	
1.06272659e+06 	 1.415277e-03 	 6.706444e+07 	
1.07357881e+06 	 1.332458e-03 	 6.598611e+07 	
1.07500000e+06 	 1.322695e-03 	 6.584766e+07 	
1.08500000e+06 	 1.259198e-03 	 6.489023e+07 	
1.10000000e+06 	 1.174143e-03 	 6.350312e+07 	
1.11500000e+06 	 1.097490e-03 	 6.217003e+07 	
1.12500000e+06 	 1.050034e-03 	 6.130939e+07 	
1.14000000e+06 	 9.837510e-04 	 6.005844e+07 	
1.15000000e+06 	 9.424880e-04 	 5.924996e+07 	
1.16500000e+06 	 8.845756e-04 	 5.807362e+07 	
1.17500000e+06 	 8.484519e-04 	 5.731269e+07 	
1.19000000e+06 	 7.976803e-04 	 5.620463e+07 	
1.20500000e+06 	 7.506913e-04 	 5.513478e+07 	
1.21500000e+06 	 7.212584e-04 	 5.444179e+07 	
1.23000000e+06 	 6.798079e-04 	 5.343143e+07 	
1.24000000e+06 	 6.538266e-04 	 5.277651e+07 	
1.25500000e+06 	 6.171491e-04 	 5.182090e+07 	
1.27000000e+06 	 5.830360e-04 	 5.089612e+07 	
1.28000000e+06 	 5.615982e-04 	 5.029598e+07 	
1.29500000e+06 	 5.312425e-04 	 4.941934e+07 	
1.31000000e+06 	 5.029273e-04 	 4.856987e+07 	
1.32500000e+06 	 4.764829e-04 	 4.774635e+07 	
1.33500000e+06 	 4.598268e-04 	 4.721119e+07 	
1.35000000e+06 	 4.361817e-04 	 4.642841e+07 	
1.36500000e+06 	 4.140240e-04 	 4.566864e+07 	
1.38000000e+06 	 3.932649e-04 	 4.493093e+07 	
1.39500000e+06 	 3.737961e-04 	 4.421436e+07 	
1.41000000e+06 	 3.555261e-04 	 4.351806e+07 	
1.42500000e+06 	 3.383510e-04 	 4.284117e+07 	
1.44000000e+06 	 3.222031e-04 	 4.218293e+07 	
1.45500000e+06 	 3.070088e-04 	 4.154259e+07 	
1.47000000e+06 	 2.927034e-04 	 4.091945e+07 	
1.48500000e+06 	 2.792195e-04 	 4.031285e+07 	
1.50000000e+06 	 2.665020e-04 	 3.972213e+07 	
1.51500000e+06 	 2.544977e-04 	 3.914671e+07 	
1.53000000e+06 	 2.431616e-04 	 3.858601e+07 	
1.54500000e+06 	 2.324490e-04 	 3.803948e+07 	
1.56000000e+06 	 2.223194e-04 	 3.750662e+07 	
1.57500000e+06 	 2.127360e-04 	 3.698692e+07 	
1.59000000e+06 	 2.036598e-04 	 3.647992e+07 	
1.60500000e+06 	 1.950615e-04 	 3.598516e+07 	
1.62000000e+06 	 1.869119e-04 	 3.550222e+07 	
1.63500000e+06 	 1.791811e-04 	 3.503069e+07 	
1.65000000e+06 	 1.718440e-04 	 3.457018e+07 	
1.66500000e+06 	 1.648770e-04 	 3.412031e+07 	
1.68000000e+06 	 1.582571e-04 	 3.368074e+07 	
1.69500000e+06 	 1.519646e-04 	 3.325111e+07 	
1.71000000e+06 	 1.459803e-04 	 3.283112e+07 	
1.72500000e+06 	 1.402853e-04 	 3.242043e+07 	
1.74000000e+06 	 1.348639e-04 	 3.201876e+07 	
1.75500000e+06 	 1.296995e-04 	 3.162581e+07 	
1.77000000e+06 	 1.247784e-04 	 3.124132e+07 	
1.78500000e+06 	 1.200861e-04 	 3.086502e+07 	
1.80000000e+06 	 1.156109e-04 	 3.049666e+07 	
1.81500000e+06 	 1.113400e-04 	 3.013599e+07 	
1.83000000e+06 	 1.072624e-04 	 2.978279e+07 	
1.84500000e+06 	 1.033679e-04 	 2.943682e+07 	
1.86000000e+06 	 9.964672e-05 	 2.909788e+07 	
1.87500000e+06 	 9.608933e-05 	 2.876576e+07 	
1.89000000e+06 	 9.268748e-05 	 2.844026e+07 	
1.90500000e+06 	 8.943297e-05 	 2.812118e+07 	
1.92000000e+06 	 8.631807e-05 	 2.780835e+07 	
1.93500000e+06 	 8.333578e-05 	 2.750159e+07 	
1.95000000e+06 	 8.047920e-05 	 2.720073e+07 	
1.96500000e+06 	 7.774219e-05 	 2.690560e+07 	
1.98000000e+06 	 7.511857e-05 	 2.661605e+07 	
1.99500000e+06 	 7.260296e-05 	 2.633192e+07 	
2.01000000e+06 	 7.018983e-05 	 2.605307e+07 	
2.02500000e+06 	 6.787436e-05 	 2.577935e+07 	
2.04000000e+06 	 6.565181e-05 	 2.551062e+07 	
2.05500000e+06 	 6.351773e-05 	 2.524677e+07 	
2.07000000e+06 	 6.146773e-05 	 2.498765e+07 	
2.08500000e+06 	 5.949816e-05 	 2.473315e+07 	
2.10000000e+06 	 5.760499e-05 	 2.448314e+07 	
2.11500000e+06 	 5.578486e-05 	 2.423751e+07 	
2.13000000e+06 	 5.403436e-05 	 2.399615e+07 	
2.14500000e+06 	 5.235004e-05 	 2.375896e+07 	
2.16000000e+06 	 5.072926e-05 	 2.352582e+07 	
2.17500000e+06 	 4.916907e-05 	 2.329664e+07 	
2.19000000e+06 	 4.766686e-05 	 2.307133e+07 	
2.20500000e+06 	 4.621975e-05 	 2.284978e+07 	
2.22000000e+06 	 4.482556e-05 	 2.263190e+07 	
2.23500000e+06 	 4.348205e-05 	 2.241762e+07 	
2.25000000e+06 	 4.218679e-05 	 2.220683e+07 	
2.26500000e+06 	 4.093775e-05 	 2.199947e+07 	
2.28000000e+06 	 3.973309e-05 	 2.179544e+07 	
2.29500000e+06 	 3.857085e-05 	 2.159467e+07 	
2.31000000e+06 	 3.744909e-05 	 2.139709e+07 	
2.32500000e+06 	 3.636636e-05 	 2.120262e+07 	
2.34000000e+06 	 3.532095e-05 	 2.101120e+07 	
2.35500000e+06 	 3.431133e-05 	 2.082275e+07 	
2.37000000e+06 	 3.333598e-05 	 2.063720e+07 	
2.38500000e+06 	 3.239355e-05 	 2.045449e+07 	
2.40000000e+06 	 3.148273e-05 	 2.027456e+07 	
2.41500000e+06 	 3.060222e-05 	 2.009735e+07 	
2.43000000e+06 	 2.975074e-05 	 1.992280e+07 	
2.44500000e+06 	 2.892729e-05 	 1.975085e+07 	
2.46000000e+06 	 2.813063e-05 	 1.958144e+07 	
2.47500000e+06 	 2.735973e-05 	 1.941452e+07 	
2.49000000e+06 	 2.661371e-05 	 1.925004e+07 	
2.50500000e+06 	 2.589151e-05 	 1.908794e+07 	
2.52000000e+06 	 2.519212e-05 	 1.892818e+07 	
2.53500000e+06 	 2.451485e-05 	 1.877070e+07 	
2.55000000e+06 	 2.385879e-05 	 1.861547e+07 	
2.56500000e+06 	 2.322319e-05 	 1.846243e+07 	
2.58000000e+06 	 2.260724e-05 	 1.831153e+07 	
2.59500000e+06 	 2.201017e-05 	 1.816275e+07 	
2.61000000e+06 	 2.143128e-05 	 1.801602e+07 	
2.62500000e+06 	 2.086993e-05 	 1.787131e+07 	
2.64000000e+06 	 2.032554e-05 	 1.772859e+07 	
2.65500000e+06 	 1.979745e-05 	 1.758781e+07 	
2.67000000e+06 	 1.928497e-05 	 1.744893e+07 	
2.68500000e+06 	 1.878769e-05 	 1.731192e+07 	
2.70000000e+06 	 1.830501e-05 	 1.717674e+07 	
2.71500000e+06 	 1.783644e-05 	 1.704335e+07 	
2.73000000e+06 	 1.738141e-05 	 1.691173e+07 	
2.74500000e+06 	 1.693954e-05 	 1.678183e+07 	
2.76000000e+06 	 1.651031e-05 	 1.665363e+07 	
2.77500000e+06 	 1.609322e-05 	 1.652709e+07 	
2.79000000e+06 	 1.568797e-05 	 1.640218e+07 	
2.80500000e+06 	 1.529411e-05 	 1.627887e+07 	
2.82000000e+06 	 1.491127e-05 	 1.615713e+07 	
2.83500000e+06 	 1.453905e-05 	 1.603694e+07 	
2.85000000e+06 	 1.417705e-05 	 1.591825e+07 	
2.86500000e+06 	 1.382501e-05 	 1.580106e+07 	
2.88000000e+06 	 1.348255e-05 	 1.568533e+07 	
2.89500000e+06 	 1.314937e-05 	 1.557103e+07 	
2.91000000e+06 	 1.282516e-05 	 1.545814e+07 	
2.92500000e+06 	 1.250960e-05 	 1.534663e+07 	
2.94000000e+06 	 1.220246e-05 	 1.523648e+07 	
2.95500000e+06 	 1.190339e-05 	 1.512767e+07 	
2.97000000e+06 	 1.161220e-05 	 1.502017e+07 	
3.00000000e+06 	 1.105238e-05 	 1.480901e+07 	
3.00050050e+06 	 1.104329e-05 	 1.480553e+07 	
3.00100100e+06 	 1.103420e-05 	 1.480205e+07 	
3.00150150e+06 	 1.102512e-05 	 1.479858e+07 	
3.00200200e+06 	 1.101605e-05 	 1.479510e+07 	
3.00250250e+06 	 1.100699e-05 	 1.479163e+07 	
3.00300300e+06 	 1.099794e-05 	 1.478815e+07 	
3.00350350e+06 	 1.098889e-05 	 1.478468e+07 	
3.00400400e+06 	 1.097986e-05 	 1.478121e+07 	
3.00450450e+06 	 1.097083e-05 	 1.477774e+07 	
3.00500501e+06 	 1.096180e-05 	 1.477428e+07 	
3.00550551e+06 	 1.095279e-05 	 1.477081e+07 	
3.00600601e+06 	 1.094378e-05 	 1.476734e+07 	
3.00650651e+06 	 1.093479e-05 	 1.476388e+07 	
3.00700701e+06 	 1.092579e-05 	 1.476042e+07 	
3.00750751e+06 	 1.091681e-05 	 1.475696e+07 	
3.00800801e+06 	 1.090784e-05 	 1.475350e+07 	
3.00850851e+06 	 1.089887e-05 	 1.475004e+07 	
3.00900901e+06 	 1.088991e-05 	 1.474658e+07 	
3.00950951e+06 	 1.088096e-05 	 1.474313e+07 	
3.01001001e+06 	 1.087201e-05 	 1.473967e+07 	
3.01051051e+06 	 1.086308e-05 	 1.473622e+07 	
3.01101101e+06 	 1.085415e-05 	 1.473277e+07 	
3.01151151e+06 	 1.084523e-05 	 1.472932e+07 	
3.01201201e+06 	 1.083632e-05 	 1.472587e+07 	
3.01251251e+06 	 1.082741e-05 	 1.472243e+07 	
3.01301301e+06 	 1.081851e-05 	 1.471898e+07 	
3.01351351e+06 	 1.080962e-05 	 1.471554e+07 	
3.01401401e+06 	 1.080074e-05 	 1.471209e+07 	
3.01451451e+06 	 1.079187e-05 	 1.470865e+07 	
3.01501502e+06 	 1.078300e-05 	 1.470521e+07 	
3.01551552e+06 	 1.077414e-05 	 1.470177e+07 	
3.01601602e+06 	 1.076529e-05 	 1.469833e+07 	
3.01651652e+06 	 1.075644e-05 	 1.469490e+07 	
3.01701702e+06 	 1.074761e-05 	 1.469146e+07 	
3.01751752e+06 	 1.073878e-05 	 1.468803e+07 	
3.01801802e+06 	 1.072996e-05 	 1.468460e+07 	
3.01851852e+06 	 1.072115e-05 	 1.468117e+07 	
3.01901902e+06 	 1.071234e-05 	 1.467774e+07 	
3.01951952e+06 	 1.070354e-05 	 1.467431e+07 	
3.02002002e+06 	 1.069475e-05 	 1.467088e+07 	
3.02052052e+06 	 1.068597e-05 	 1.466746e+07 	
3.02102102e+06 	 1.067719e-05 	 1.466403e+07 	
3.02152152e+06 	 1.066843e-05 	 1.466061e+07 	
3.02202202e+06 	 1.065967e-05 	 1.465719e+07 	
3.02252252e+06 	 1.065091e-05 	 1.465377e+07 	
3.02302302e+06 	 1.064217e-05 	 1.465035e+07 	
3.02352352e+06 	 1.063343e-05 	 1.464694e+07 	
3.02402402e+06 	 1.062470e-05 	 1.464352e+07 	
3.02452452e+06 	 1.061598e-05 	 1.464011e+07 	
3.02502503e+06 	 1.060726e-05 	 1.463669e+07 	
3.02552553e+06 	 1.059856e-05 	 1.463328e+07 	
3.02602603e+06 	 1.058986e-05 	 1.462987e+07 	
3.02652653e+06 	 1.058116e-05 	 1.462646e+07 	
3.02702703e+06 	 1.057248e-05 	 1.462305e+07 	
3.02752753e+06 	 1.056380e-05 	 1.461965e+07 	
3.02802803e+06 	 1.055513e-05 	 1.461624e+07 	
3.02852853e+06 	 1.054647e-05 	 1.461284e+07 	
3.02902903e+06 	 1.053781e-05 	 1.460944e+07 	
3.02952953e+06 	 1.052917e-05 	 1.460603e+07 	
3.03003003e+06 	 1.052053e-05 	 1.460264e+07 	
3.03053053e+06 	 1.051189e-05 	 1.459924e+07 	
3.03103103e+06 	 1.050327e-05 	 1.459584e+07 	
3.03153153e+06 	 1.049465e-05 	 1.459244e+07 	
3.03203203e+06 	 1.048604e-05 	 1.458905e+07 	
3.03253253e+06 	 1.047744e-05 	 1.458566e+07 	
3.03303303e+06 	 1.046884e-05 	 1.458227e+07 	
3.03353353e+06 	 1.046025e-05 	 1.457888e+07 	
3.03403403e+06 	 1.045167e-05 	 1.457549e+07 	
3.03453453e+06 	 1.044310e-05 	 1.457210e+07 	
3.03503504e+06 	 1.043453e-05 	 1.456871e+07 	
3.03553554e+06 	 1.042598e-05 	 1.456533e+07 	
3.03603604e+06 	 1.041742e-05 	 1.456194e+07 	
3.03653654e+06 	 1.040888e-05 	 1.455856e+07 	
3.03703704e+06 	 1.040034e-05 	 1.455518e+07 	
3.03753754e+06 	 1.039181e-05 	 1.455180e+07 	
3.03803804e+06 	 1.038329e-05 	 1.454842e+07 	
3.03853854e+06 	 1.037478e-05 	 1.454505e+07 	
3.03903904e+06 	 1.036627e-05 	 1.454167e+07 	
3.03953954e+06 	 1.035777e-05 	 1.453830e+07 	
3.04004004e+06 	 1.034928e-05 	 1.453492e+07 	
3.04054054e+06 	 1.034079e-05 	 1.453155e+07 	
3.04104104e+06 	 1.033231e-05 	 1.452818e+07 	
3.04154154e+06 	 1.032384e-05 	 1.452481e+07 	
3.04204204e+06 	 1.031538e-05 	 1.452144e+07 	
3.04254254e+06 	 1.030692e-05 	 1.451808e+07 	
3.04304304e+06 	 1.029847e-05 	 1.451471e+07 	
3.04354354e+06 	 1.029003e-05 	 1.451135e+07 	
3.04404404e+06 	 1.028159e-05 	 1.450799e+07 	
3.04454454e+06 	 1.027317e-05 	 1.450462e+07 	
3.04504505e+06 	 1.026475e-05 	 1.450127e+07 	
3.04554555e+06 	 1.025633e-05 	 1.449791e+07 	
3.04604605e+06 	 1.024793e-05 	 1.449455e+07 	
3.04654655e+06 	 1.023953e-05 	 1.449119e+07 	
3.04704705e+06 	 1.023114e-05 	 1.448784e+07 	
3.04754755e+06 	 1.022275e-05 	 1.448449e+07 	
3.04804805e+06 	 1.021438e-05 	 1.448113e+07 	
3.04854855e+06 	 1.020601e-05 	 1.447778e+07 	
3.04904905e+06 	 1.019764e-05 	 1.447443e+07 	
3.04954955e+06 	 1.018929e-05 	 1.447109e+07 	
3.05005005e+06 	 1.018094e-05 	 1.446774e+07 	
3.05055055e+06 	 1.017260e-05 	 1.446439e+07 	
3.05105105e+06 	 1.016426e-05 	 1.446105e+07 	
3.05155155e+06 	 1.015594e-05 	 1.445771e+07 	
3.05205205e+06 	 1.014762e-05 	 1.445437e+07 	
3.05255255e+06 	 1.013930e-05 	 1.445103e+07 	
3.05305305e+06 	 1.013100e-05 	 1.444769e+07 	
3.05355355e+06 	 1.012270e-05 	 1.444435e+07 	
3.05405405e+06 	 1.011441e-05 	 1.444101e+07 	
3.05455455e+06 	 1.010612e-05 	 1.443768e+07 	
3.05505506e+06 	 1.009784e-05 	 1.443435e+07 	
3.05555556e+06 	 1.008957e-05 	 1.443101e+07 	
3.05605606e+06 	 1.008131e-05 	 1.442768e+07 	
3.05655656e+06 	 1.007305e-05 	 1.442435e+07 	
3.05705706e+06 	 1.006480e-05 	 1.442102e+07 	
3.05755756e+06 	 1.005656e-05 	 1.441770e+07 	
3.05805806e+06 	 1.004832e-05 	 1.441437e+07 	
3.05855856e+06 	 1.004009e-05 	 1.441105e+07 	
3.05905906e+06 	 1.003187e-05 	 1.440772e+07 	
3.05955956e+06 	 1.002366e-05 	 1.440440e+07 	
3.06006006e+06 	 1.001545e-05 	 1.440108e+07 	
3.06056056e+06 	 1.000725e-05 	 1.439776e+07 	
3.06106106e+06 	 9.999053e-06 	 1.439444e+07 	
3.06156156e+06 	 9.990866e-06 	 1.439113e+07 	
3.06206206e+06 	 9.982686e-06 	 1.438781e+07 	
3.06256256e+06 	 9.974512e-06 	 1.438450e+07 	
3.06306306e+06 	 9.966346e-06 	 1.438118e+07 	
3.06356356e+06 	 9.958187e-06 	 1.437787e+07 	
3.06406406e+06 	 9.950034e-06 	 1.437456e+07 	
3.06456456e+06 	 9.941888e-06 	 1.437125e+07 	
3.06506507e+06 	 9.933750e-06 	 1.436795e+07 	
3.06556557e+06 	 9.925618e-06 	 1.436464e+07 	
3.06606607e+06 	 9.917493e-06 	 1.436133e+07 	
3.06656657e+06 	 9.909375e-06 	 1.435803e+07 	
3.06706707e+06 	 9.901263e-06 	 1.435473e+07 	
3.06756757e+06 	 9.893159e-06 	 1.435143e+07 	
3.06806807e+06 	 9.885062e-06 	 1.434813e+07 	
3.06856857e+06 	 9.876971e-06 	 1.434483e+07 	
3.06906907e+06 	 9.868887e-06 	 1.434153e+07 	
3.06956957e+06 	 9.860810e-06 	 1.433823e+07 	
3.07007007e+06 	 9.852740e-06 	 1.433494e+07 	
3.07057057e+06 	 9.844677e-06 	 1.433165e+07 	
3.07107107e+06 	 9.836620e-06 	 1.432835e+07 	
3.07157157e+06 	 9.828570e-06 	 1.432506e+07 	
3.07207207e+06 	 9.820527e-06 	 1.432177e+07 	
3.07257257e+06 	 9.812491e-06 	 1.431848e+07 	
3.07307307e+06 	 9.804462e-06 	 1.431520e+07 	
3.07357357e+06 	 9.796439e-06 	 1.431191e+07 	
3.07407407e+06 	 9.788424e-06 	 1.430863e+07 	
3.07457457e+06 	 9.780415e-06 	 1.430534e+07 	
3.07507508e+06 	 9.772412e-06 	 1.430206e+07 	
3.07557558e+06 	 9.764417e-06 	 1.429878e+07 	
3.07607608e+06 	 9.756428e-06 	 1.429550e+07 	
3.07657658e+06 	 9.748446e-06 	 1.429222e+07 	
3.07707708e+06 	 9.740471e-06 	 1.428895e+07 	
3.07757758e+06 	 9.732502e-06 	 1.428567e+07 	
3.07807808e+06 	 9.724541e-06 	 1.428240e+07 	
3.07857858e+06 	 9.716586e-06 	 1.427912e+07 	
3.07907908e+06 	 9.708637e-06 	 1.427585e+07 	
3.07957958e+06 	 9.700695e-06 	 1.427258e+07 	
3.08008008e+06 	 9.692760e-06 	 1.426931e+07 	
3.08058058e+06 	 9.684832e-06 	 1.426604e+07 	
3.08108108e+06 	 9.676911e-06 	 1.426278e+07 	
3.08158158e+06 	 9.668996e-06 	 1.425951e+07 	
3.08208208e+06 	 9.661087e-06 	 1.425625e+07 	
3.08258258e+06 	 9.653186e-06 	 1.425298e+07 	
3.08308308e+06 	 9.645291e-06 	 1.424972e+07 	
3.08358358e+06 	 9.637402e-06 	 1.424646e+07 	
3.08408408e+06 	 9.629521e-06 	 1.424320e+07 	
3.08458458e+06 	 9.621646e-06 	 1.423994e+07 	
3.08508509e+06 	 9.613777e-06 	 1.423669e+07 	
3.08558559e+06 	 9.605916e-06 	 1.423343e+07 	
3.08608609e+06 	 9.598060e-06 	 1.423018e+07 	
3.08658659e+06 	 9.590212e-06 	 1.422692e+07 	
3.08708709e+06 	 9.582370e-06 	 1.422367e+07 	
3.08758759e+06 	 9.574535e-06 	 1.422042e+07 	
3.08808809e+06 	 9.566706e-06 	 1.421717e+07 	
3.08858859e+06 	 9.558884e-06 	 1.421392e+07 	
3.08908909e+06 	 9.551068e-06 	 1.421068e+07 	
3.08958959e+06 	 9.543259e-06 	 1.420743e+07 	
3.09009009e+06 	 9.535456e-06 	 1.420419e+07 	
3.09059059e+06 	 9.527660e-06 	 1.420095e+07 	
3.09109109e+06 	 9.519871e-06 	 1.419770e+07 	
3.09159159e+06 	 9.512088e-06 	 1.419446e+07 	
3.09209209e+06 	 9.504312e-06 	 1.419122e+07 	
3.09259259e+06 	 9.496542e-06 	 1.418799e+07 	
3.09309309e+06 	 9.488779e-06 	 1.418475e+07 	
3.09359359e+06 	 9.481022e-06 	 1.418151e+07 	
3.09409409e+06 	 9.473272e-06 	 1.417828e+07 	
3.09459459e+06 	 9.465528e-06 	 1.417505e+07 	
3.09509510e+06 	 9.457791e-06 	 1.417182e+07 	
3.09559560e+06 	 9.450060e-06 	 1.416858e+07 	
3.09609610e+06 	 9.442336e-06 	 1.416536e+07 	
3.09659660e+06 	 9.434618e-06 	 1.416213e+07 	
3.09709710e+06 	 9.426907e-06 	 1.415890e+07 	
3.09759760e+06 	 9.419202e-06 	 1.415568e+07 	
3.09809810e+06 	 9.411503e-06 	 1.415245e+07 	
3.09859860e+06 	 9.403811e-06 	 1.414923e+07 	
3.09909910e+06 	 9.396126e-06 	 1.414601e+07 	
3.09959960e+06 	 9.388447e-06 	 1.414279e+07 	
3.10010010e+06 	 9.380774e-06 	 1.413957e+07 	
3.10060060e+06 	 9.373108e-06 	 1.413635e+07 	
3.10110110e+06 	 9.365448e-06 	 1.413313e+07 	
3.10160160e+06 	 9.357795e-06 	 1.412992e+07 	
3.10210210e+06 	 9.350148e-06 	 1.412670e+07 	
3.10260260e+06 	 9.342507e-06 	 1.412349e+07 	
3.10310310e+06 	 9.334873e-06 	 1.412028e+07 	
3.10360360e+06 	 9.327245e-06 	 1.411707e+07 	
3.10410410e+06 	 9.319623e-06 	 1.411386e+07 	
3.10460460e+06 	 9.312008e-06 	 1.411065e+07 	
3.10510511e+06 	 9.304399e-06 	 1.410744e+07 	
3.10560561e+06 	 9.296797e-06 	 1.410424e+07 	
3.10610611e+06 	 9.289201e-06 	 1.410103e+07 	
3.10660661e+06 	 9.281611e-06 	 1.409783e+07 	
3.10710711e+06 	 9.274028e-06 	 1.409463e+07 	
3.10760761e+06 	 9.266451e-06 	 1.409143e+07 	
3.10810811e+06 	 9.258880e-06 	 1.408823e+07 	
3.10860861e+06 	 9.251316e-06 	 1.408503e+07 	
3.10910911e+06 	 9.243757e-06 	 1.408183e+07 	
3.10960961e+06 	 9.236206e-06 	 1.407864e+07 	
3.11011011e+06 	 9.228660e-06 	 1.407544e+07 	
3.11061061e+06 	 9.221121e-06 	 1.407225e+07 	
3.11111111e+06 	 9.213588e-06 	 1.406906e+07 	
3.11161161e+06 	 9.206061e-06 	 1.406586e+07 	
3.11211211e+06 	 9.198541e-06 	 1.406268e+07 	
3.11261261e+06 	 9.191027e-06 	 1.405949e+07 	
3.11311311e+06 	 9.183519e-06 	 1.405630e+07 	
3.11361361e+06 	 9.176017e-06 	 1.405311e+07 	
3.11411411e+06 	 9.168522e-06 	 1.404993e+07 	
3.11461461e+06 	 9.161032e-06 	 1.404674e+07 	
3.11511512e+06 	 9.153549e-06 	 1.404356e+07 	
3.11561562e+06 	 9.146073e-06 	 1.404038e+07 	
3.11611612e+06 	 9.138602e-06 	 1.403720e+07 	
3.11661662e+06 	 9.131138e-06 	 1.403402e+07 	
3.11711712e+06 	 9.123680e-06 	 1.403085e+07 	
3.11761762e+06 	 9.116228e-06 	 1.402767e+07 	
3.11811812e+06 	 9.108782e-06 	 1.402449e+07 	
3.11861862e+06 	 9.101342e-06 	 1.402132e+07 	
3.11911912e+06 	 9.093909e-06 	 1.401815e+07 	
3.11961962e+06 	 9.086482e-06 	 1.401498e+07 	
3.12012012e+06 	 9.079061e-06 	 1.401181e+07 	
3.12062062e+06 	 9.071646e-06 	 1.400864e+07 	
3.12112112e+06 	 9.064237e-06 	 1.400547e+07 	
3.12162162e+06 	 9.056834e-06 	 1.400230e+07 	
3.12212212e+06 	 9.049438e-06 	 1.399914e+07 	
3.12262262e+06 	 9.042047e-06 	 1.399597e+07 	
3.12312312e+06 	 9.034663e-06 	 1.399281e+07 	
3.12362362e+06 	 9.027285e-06 	 1.398965e+07 	
3.12412412e+06 	 9.019913e-06 	 1.398649e+07 	
3.12462462e+06 	 9.012547e-06 	 1.398333e+07 	
3.12512513e+06 	 9.005187e-06 	 1.398017e+07 	
3.12562563e+06 	 8.997833e-06 	 1.397701e+07 	
3.12612613e+06 	 8.990486e-06 	 1.397386e+07 	
3.12662663e+06 	 8.983144e-06 	 1.397070e+07 	
3.12712713e+06 	 8.975808e-06 	 1.396755e+07 	
3.12762763e+06 	 8.968479e-06 	 1.396440e+07 	
3.12812813e+06 	 8.961156e-06 	 1.396125e+07 	
3.12862863e+06 	 8.953838e-06 	 1.395810e+07 	
3.12912913e+06 	 8.946527e-06 	 1.395495e+07 	
3.12962963e+06 	 8.939221e-06 	 1.395180e+07 	
3.13013013e+06 	 8.931922e-06 	 1.394866e+07 	
3.13063063e+06 	 8.924629e-06 	 1.394551e+07 	
3.13113113e+06 	 8.917342e-06 	 1.394237e+07 	
3.13163163e+06 	 8.910060e-06 	 1.393922e+07 	
3.13213213e+06 	 8.902785e-06 	 1.393608e+07 	
3.13263263e+06 	 8.895516e-06 	 1.393294e+07 	
3.13313313e+06 	 8.888252e-06 	 1.392980e+07 	
3.13363363e+06 	 8.880995e-06 	 1.392667e+07 	
3.13413413e+06 	 8.873744e-06 	 1.392353e+07 	
3.13463463e+06 	 8.866498e-06 	 1.392039e+07 	
3.13513514e+06 	 8.859259e-06 	 1.391726e+07 	
3.13563564e+06 	 8.852026e-06 	 1.391413e+07 	
3.13613614e+06 	 8.844798e-06 	 1.391100e+07 	
3.13663664e+06 	 8.837576e-06 	 1.390786e+07 	
3.13713714e+06 	 8.830361e-06 	 1.390474e+07 	
3.13763764e+06 	 8.823151e-06 	 1.390161e+07 	
3.13813814e+06 	 8.815947e-06 	 1.389848e+07 	
3.13863864e+06 	 8.808749e-06 	 1.389535e+07 	
3.13913914e+06 	 8.801557e-06 	 1.389223e+07 	
3.13963964e+06 	 8.794371e-06 	 1.388911e+07 	
3.14014014e+06 	 8.787191e-06 	 1.388598e+07 	
3.14064064e+06 	 8.780017e-06 	 1.388286e+07 	
3.14114114e+06 	 8.772848e-06 	 1.387974e+07 	
3.14164164e+06 	 8.765686e-06 	 1.387662e+07 	
3.14214214e+06 	 8.758529e-06 	 1.387351e+07 	
3.14264264e+06 	 8.751378e-06 	 1.387039e+07 	
3.14314314e+06 	 8.744233e-06 	 1.386728e+07 	
3.14364364e+06 	 8.737094e-06 	 1.386416e+07 	
3.14414414e+06 	 8.729961e-06 	 1.386105e+07 	
3.14464464e+06 	 8.722833e-06 	 1.385794e+07 	
3.14514515e+06 	 8.715712e-06 	 1.385483e+07 	
3.14564565e+06 	 8.708596e-06 	 1.385172e+07 	
3.14614615e+06 	 8.701486e-06 	 1.384861e+07 	
3.14664665e+06 	 8.694382e-06 	 1.384550e+07 	
3.14714715e+06 	 8.687284e-06 	 1.384240e+07 	
3.14764765e+06 	 8.680191e-06 	 1.383929e+07 	
3.14814815e+06 	 8.673105e-06 	 1.383619e+07 	
3.14864865e+06 	 8.666024e-06 	 1.383309e+07 	
3.14914915e+06 	 8.658949e-06 	 1.382999e+07 	
3.14964965e+06 	 8.651880e-06 	 1.382689e+07 	
3.15015015e+06 	 8.644816e-06 	 1.382379e+07 	
3.15065065e+06 	 8.637759e-06 	 1.382069e+07 	
3.15115115e+06 	 8.630707e-06 	 1.381759e+07 	
3.15165165e+06 	 8.623661e-06 	 1.381450e+07 	
3.15215215e+06 	 8.616620e-06 	 1.381140e+07 	
3.15265265e+06 	 8.609585e-06 	 1.380831e+07 	
3.15315315e+06 	 8.602556e-06 	 1.380522e+07 	
3.15365365e+06 	 8.595533e-06 	 1.380213e+07 	
3.15415415e+06 	 8.588516e-06 	 1.379904e+07 	
3.15465465e+06 	 8.581504e-06 	 1.379595e+07 	
3.15515516e+06 	 8.574498e-06 	 1.379287e+07 	
3.15565566e+06 	 8.567497e-06 	 1.378978e+07 	
3.15615616e+06 	 8.560502e-06 	 1.378669e+07 	
3.15665666e+06 	 8.553513e-06 	 1.378361e+07 	
3.15715716e+06 	 8.546530e-06 	 1.378053e+07 	
3.15765766e+06 	 8.539552e-06 	 1.377745e+07 	
3.15815816e+06 	 8.532580e-06 	 1.377437e+07 	
3.15865866e+06 	 8.525614e-06 	 1.377129e+07 	
3.15915916e+06 	 8.518653e-06 	 1.376821e+07 	
3.15965966e+06 	 8.511698e-06 	 1.376513e+07 	
3.16016016e+06 	 8.504749e-06 	 1.376206e+07 	
3.16066066e+06 	 8.497805e-06 	 1.375899e+07 	
3.16116116e+06 	 8.490867e-06 	 1.375591e+07 	
3.16166166e+06 	 8.483935e-06 	 1.375284e+07 	
3.16216216e+06 	 8.477008e-06 	 1.374977e+07 	
3.16266266e+06 	 8.470087e-06 	 1.374670e+07 	
3.16316316e+06 	 8.463171e-06 	 1.374363e+07 	
3.16366366e+06 	 8.456261e-06 	 1.374056e+07 	
3.16416416e+06 	 8.449357e-06 	 1.373750e+07 	
3.16466466e+06 	 8.442458e-06 	 1.373443e+07 	
3.16516517e+06 	 8.435565e-06 	 1.373137e+07 	
3.16566567e+06 	 8.428677e-06 	 1.372831e+07 	
3.16616617e+06 	 8.421795e-06 	 1.372525e+07 	
3.16666667e+06 	 8.414919e-06 	 1.372219e+07 	
3.16716717e+06 	 8.408048e-06 	 1.371913e+07 	
3.16766767e+06 	 8.401183e-06 	 1.371607e+07 	
3.16816817e+06 	 8.394323e-06 	 1.371301e+07 	
3.16866867e+06 	 8.387469e-06 	 1.370996e+07 	
3.16916917e+06 	 8.380621e-06 	 1.370690e+07 	
3.16966967e+06 	 8.373778e-06 	 1.370385e+07 	
3.17017017e+06 	 8.366940e-06 	 1.370080e+07 	
3.17067067e+06 	 8.360108e-06 	 1.369774e+07 	
3.17117117e+06 	 8.353282e-06 	 1.369469e+07 	
3.17167167e+06 	 8.346461e-06 	 1.369165e+07 	
3.17217217e+06 	 8.339646e-06 	 1.368860e+07 	
3.17267267e+06 	 8.332836e-06 	 1.368555e+07 	
3.17317317e+06 	 8.326032e-06 	 1.368251e+07 	
3.17367367e+06 	 8.319233e-06 	 1.367946e+07 	
3.17417417e+06 	 8.312440e-06 	 1.367642e+07 	
3.17467467e+06 	 8.305652e-06 	 1.367338e+07 	
3.17517518e+06 	 8.298869e-06 	 1.367034e+07 	
3.17567568e+06 	 8.292093e-06 	 1.366730e+07 	
3.17617618e+06 	 8.285321e-06 	 1.366426e+07 	
3.17667668e+06 	 8.278556e-06 	 1.366122e+07 	
3.17717718e+06 	 8.271795e-06 	 1.365818e+07 	
3.17767768e+06 	 8.265040e-06 	 1.365515e+07 	
3.17817818e+06 	 8.258291e-06 	 1.365211e+07 	
3.17867868e+06 	 8.251547e-06 	 1.364908e+07 	
3.17917918e+06 	 8.244808e-06 	 1.364605e+07 	
3.17967968e+06 	 8.238075e-06 	 1.364302e+07 	
3.18018018e+06 	 8.231347e-06 	 1.363999e+07 	
3.18068068e+06 	 8.224625e-06 	 1.363696e+07 	
3.18118118e+06 	 8.217908e-06 	 1.363393e+07 	
3.18168168e+06 	 8.211197e-06 	 1.363091e+07 	
3.18218218e+06 	 8.204491e-06 	 1.362788e+07 	
3.18268268e+06 	 8.197791e-06 	 1.362486e+07 	
3.18318318e+06 	 8.191095e-06 	 1.362184e+07 	
3.18368368e+06 	 8.184406e-06 	 1.361882e+07 	
3.18418418e+06 	 8.177721e-06 	 1.361580e+07 	
3.18468468e+06 	 8.171042e-06 	 1.361278e+07 	
3.18518519e+06 	 8.164369e-06 	 1.360976e+07 	
3.18568569e+06 	 8.157701e-06 	 1.360674e+07 	
3.18618619e+06 	 8.151038e-06 	 1.360373e+07 	
3.18668669e+06 	 8.144380e-06 	 1.360071e+07 	
3.18718719e+06 	 8.137728e-06 	 1.359770e+07 	
3.18768769e+06 	 8.131081e-06 	 1.359468e+07 	
3.18818819e+06 	 8.124440e-06 	 1.359167e+07 	
3.18868869e+06 	 8.117804e-06 	 1.358866e+07 	
3.18918919e+06 	 8.111173e-06 	 1.358565e+07 	
3.18968969e+06 	 8.104548e-06 	 1.358265e+07 	
3.19019019e+06 	 8.097928e-06 	 1.357964e+07 	
3.19069069e+06 	 8.091313e-06 	 1.357663e+07 	
3.19119119e+06 	 8.084704e-06 	 1.357363e+07 	
3.19169169e+06 	 8.078100e-06 	 1.357063e+07 	
3.19219219e+06 	 8.071501e-06 	 1.356762e+07 	
3.19269269e+06 	 8.064908e-06 	 1.356462e+07 	
3.19319319e+06 	 8.058319e-06 	 1.356162e+07 	
3.19369369e+06 	 8.051737e-06 	 1.355862e+07 	
3.19419419e+06 	 8.045159e-06 	 1.355562e+07 	
3.19469469e+06 	 8.038587e-06 	 1.355263e+07 	
3.19519520e+06 	 8.032020e-06 	 1.354963e+07 	
3.19569570e+06 	 8.025458e-06 	 1.354664e+07 	
3.19619620e+06 	 8.018901e-06 	 1.354364e+07 	
3.19669670e+06 	 8.012350e-06 	 1.354065e+07 	
3.19719720e+06 	 8.005804e-06 	 1.353766e+07 	
3.19769770e+06 	 7.999264e-06 	 1.353467e+07 	
3.19819820e+06 	 7.992728e-06 	 1.353168e+07 	
3.19869870e+06 	 7.986198e-06 	 1.352869e+07 	
3.19919920e+06 	 7.979673e-06 	 1.352571e+07 	
3.19969970e+06 	 7.973153e-06 	 1.352272e+07 	
3.20020020e+06 	 7.966639e-06 	 1.351974e+07 	
3.20070070e+06 	 7.960129e-06 	 1.351675e+07 	
3.20120120e+06 	 7.953625e-06 	 1.351377e+07 	
3.20170170e+06 	 7.947126e-06 	 1.351079e+07 	
3.20220220e+06 	 7.940633e-06 	 1.350781e+07 	
3.20270270e+06 	 7.934144e-06 	 1.350483e+07 	
3.20320320e+06 	 7.927661e-06 	 1.350185e+07 	
3.20370370e+06 	 7.921183e-06 	 1.349888e+07 	
3.20420420e+06 	 7.914710e-06 	 1.349590e+07 	
3.20470470e+06 	 7.908242e-06 	 1.349293e+07 	
3.20520521e+06 	 7.901779e-06 	 1.348995e+07 	
3.20570571e+06 	 7.895322e-06 	 1.348698e+07 	
3.20620621e+06 	 7.888870e-06 	 1.348401e+07 	
3.20670671e+06 	 7.882422e-06 	 1.348104e+07 	
3.20720721e+06 	 7.875981e-06 	 1.347807e+07 	
3.20770771e+06 	 7.869544e-06 	 1.347510e+07 	
3.20820821e+06 	 7.863112e-06 	 1.347214e+07 	
3.20870871e+06 	 7.856685e-06 	 1.346917e+07 	
3.20920921e+06 	 7.850264e-06 	 1.346621e+07 	
3.20970971e+06 	 7.843848e-06 	 1.346324e+07 	
3.21021021e+06 	 7.837437e-06 	 1.346028e+07 	
3.21071071e+06 	 7.831030e-06 	 1.345732e+07 	
3.21121121e+06 	 7.824629e-06 	 1.345436e+07 	
3.21171171e+06 	 7.818234e-06 	 1.345140e+07 	
3.21221221e+06 	 7.811843e-06 	 1.344844e+07 	
3.21271271e+06 	 7.805457e-06 	 1.344549e+07 	
3.21321321e+06 	 7.799077e-06 	 1.344253e+07 	
3.21371371e+06 	 7.792701e-06 	 1.343958e+07 	
3.21421421e+06 	 7.786331e-06 	 1.343662e+07 	
3.21471471e+06 	 7.779965e-06 	 1.343367e+07 	
3.21521522e+06 	 7.773605e-06 	 1.343072e+07 	
3.21571572e+06 	 7.767250e-06 	 1.342777e+07 	
3.21621622e+06 	 7.760899e-06 	 1.342482e+07 	
3.21671672e+06 	 7.754554e-06 	 1.342187e+07 	
3.21721722e+06 	 7.748214e-06 	 1.341892e+07 	
3.21771772e+06 	 7.741879e-06 	 1.341598e+07 	
3.21821822e+06 	 7.735549e-06 	 1.341303e+07 	
3.21871872e+06 	 7.729224e-06 	 1.341009e+07 	
3.21921922e+06 	 7.722904e-06 	 1.340715e+07 	
3.21971972e+06 	 7.716589e-06 	 1.340421e+07 	
3.22022022e+06 	 7.710279e-06 	 1.340126e+07 	
3.22072072e+06 	 7.703974e-06 	 1.339833e+07 	
3.22122122e+06 	 7.697674e-06 	 1.339539e+07 	
3.22172172e+06 	 7.691379e-06 	 1.339245e+07 	
3.22222222e+06 	 7.685089e-06 	 1.338951e+07 	
3.22272272e+06 	 7.678804e-06 	 1.338658e+07 	
3.22322322e+06 	 7.672524e-06 	 1.338364e+07 	
3.22372372e+06 	 7.666249e-06 	 1.338071e+07 	
3.22422422e+06 	 7.659979e-06 	 1.337778e+07 	
3.22472472e+06 	 7.653714e-06 	 1.337485e+07 	
3.22522523e+06 	 7.647453e-06 	 1.337192e+07 	
3.22572573e+06 	 7.641583e-06 	 1.336898e+07 	
3.22622623e+06 	 7.635336e-06 	 1.336605e+07 	
3.22672673e+06 	 7.629094e-06 	 1.336312e+07 	
3.22722723e+06 	 7.622856e-06 	 1.336020e+07 	
3.22772773e+06 	 7.616624e-06 	 1.335727e+07 	
3.22822823e+06 	 7.610397e-06 	 1.335435e+07 	
3.22872873e+06 	 7.604175e-06 	 1.335143e+07 	
3.22922923e+06 	 7.597957e-06 	 1.334850e+07 	
3.22972973e+06 	 7.591745e-06 	 1.334558e+07 	
3.23023023e+06 	 7.585537e-06 	 1.334267e+07 	
3.23073073e+06 	 7.579335e-06 	 1.333975e+07 	
3.23123123e+06 	 7.573137e-06 	 1.333683e+07 	
3.23173173e+06 	 7.566944e-06 	 1.333392e+07 	
3.23223223e+06 	 7.560757e-06 	 1.333100e+07 	
3.23273273e+06 	 7.554574e-06 	 1.332809e+07 	
3.23323323e+06 	 7.548396e-06 	 1.332517e+07 	
3.23373373e+06 	 7.542223e-06 	 1.332226e+07 	
3.23423423e+06 	 7.536054e-06 	 1.331935e+07 	
3.23473473e+06 	 7.529891e-06 	 1.331644e+07 	
3.23523524e+06 	 7.523733e-06 	 1.331354e+07 	
3.23573574e+06 	 7.517579e-06 	 1.331063e+07 	
3.23623624e+06 	 7.511430e-06 	 1.330772e+07 	
3.23673674e+06 	 7.505287e-06 	 1.330482e+07 	
3.23723724e+06 	 7.499148e-06 	 1.330191e+07 	
3.23773774e+06 	 7.493013e-06 	 1.329901e+07 	
3.23823824e+06 	 7.486884e-06 	 1.329611e+07 	
3.23873874e+06 	 7.480760e-06 	 1.329321e+07 	
3.23923924e+06 	 7.474640e-06 	 1.329031e+07 	
3.23973974e+06 	 7.468526e-06 	 1.328741e+07 	
3.24024024e+06 	 7.462416e-06 	 1.328451e+07 	
3.24074074e+06 	 7.456311e-06 	 1.328162e+07 	
3.24124124e+06 	 7.450211e-06 	 1.327872e+07 	
3.24174174e+06 	 7.444115e-06 	 1.327583e+07 	
3.24224224e+06 	 7.438025e-06 	 1.327293e+07 	
3.24274274e+06 	 7.431939e-06 	 1.327004e+07 	
3.24324324e+06 	 7.425858e-06 	 1.326715e+07 	
3.24374374e+06 	 7.419782e-06 	 1.326426e+07 	
3.24424424e+06 	 7.413711e-06 	 1.326137e+07 	
3.24474474e+06 	 7.407644e-06 	 1.325848e+07 	
3.24524525e+06 	 7.401583e-06 	 1.325560e+07 	
3.24574575e+06 	 7.395526e-06 	 1.325271e+07 	
3.24624625e+06 	 7.389474e-06 	 1.324982e+07 	
3.24674675e+06 	 7.383426e-06 	 1.324694e+07 	
3.24724725e+06 	 7.377384e-06 	 1.324406e+07 	
3.24774775e+06 	 7.371346e-06 	 1.324118e+07 	
3.24824825e+06 	 7.365313e-06 	 1.323830e+07 	
3.24874875e+06 	 7.359285e-06 	 1.323542e+07 	
3.24924925e+06 	 7.353261e-06 	 1.323254e+07 	
3.24974975e+06 	 7.347242e-06 	 1.322966e+07 	
3.25025025e+06 	 7.341228e-06 	 1.322678e+07 	
3.25075075e+06 	 7.335219e-06 	 1.322391e+07 	
3.25125125e+06 	 7.329215e-06 	 1.322103e+07 	
3.25175175e+06 	 7.323215e-06 	 1.321816e+07 	
3.25225225e+06 	 7.317220e-06 	 1.321529e+07 	
3.25275275e+06 	 7.311229e-06 	 1.321242e+07 	
3.25325325e+06 	 7.305244e-06 	 1.320955e+07 	
3.25375375e+06 	 7.299263e-06 	 1.320668e+07 	
3.25425425e+06 	 7.293287e-06 	 1.320381e+07 	
3.25475475e+06 	 7.287315e-06 	 1.320094e+07 	
3.25525526e+06 	 7.281348e-06 	 1.319808e+07 	
3.25575576e+06 	 7.275386e-06 	 1.319521e+07 	
3.25625626e+06 	 7.269429e-06 	 1.319235e+07 	
3.25675676e+06 	 7.263476e-06 	 1.318949e+07 	
3.25725726e+06 	 7.257528e-06 	 1.318663e+07 	
3.25775776e+06 	 7.251585e-06 	 1.318376e+07 	
3.25825826e+06 	 7.245646e-06 	 1.318091e+07 	
3.25875876e+06 	 7.239712e-06 	 1.317805e+07 	
3.25925926e+06 	 7.233783e-06 	 1.317519e+07 	
3.25975976e+06 	 7.227858e-06 	 1.317233e+07 	
3.26026026e+06 	 7.221938e-06 	 1.316948e+07 	
3.26076076e+06 	 7.216023e-06 	 1.316662e+07 	
3.26126126e+06 	 7.210112e-06 	 1.316377e+07 	
3.26176176e+06 	 7.204206e-06 	 1.316092e+07 	
3.26226226e+06 	 7.197943e-06 	 1.315808e+07 	
3.26276276e+06 	 7.192043e-06 	 1.315523e+07 	
3.26326326e+06 	 7.186147e-06 	 1.315238e+07 	
3.26376376e+06 	 7.180256e-06 	 1.314954e+07 	
3.26426426e+06 	 7.174370e-06 	 1.314669e+07 	
3.26476476e+06 	 7.168489e-06 	 1.314384e+07 	
3.26526527e+06 	 7.162612e-06 	 1.314100e+07 	
3.26576577e+06 	 7.156739e-06 	 1.313815e+07 	
3.26626627e+06 	 7.150871e-06 	 1.313531e+07 	
3.26676677e+06 	 7.145008e-06 	 1.313247e+07 	
3.26726727e+06 	 7.139149e-06 	 1.312963e+07 	
3.26776777e+06 	 7.133295e-06 	 1.312679e+07 	
3.26826827e+06 	 7.127446e-06 	 1.312395e+07 	
3.26876877e+06 	 7.121601e-06 	 1.312111e+07 	
3.26926927e+06 	 7.115760e-06 	 1.311828e+07 	
3.26976977e+06 	 7.109924e-06 	 1.311544e+07 	
3.27027027e+06 	 7.104093e-06 	 1.311261e+07 	
3.27077077e+06 	 7.098266e-06 	 1.310977e+07 	
3.27127127e+06 	 7.092444e-06 	 1.310694e+07 	
3.27177177e+06 	 7.086626e-06 	 1.310411e+07 	
3.27227227e+06 	 7.080813e-06 	 1.310128e+07 	
3.27277277e+06 	 7.075004e-06 	 1.309845e+07 	
3.27327327e+06 	 7.069200e-06 	 1.309562e+07 	
3.27377377e+06 	 7.063400e-06 	 1.309279e+07 	
3.27427427e+06 	 7.057605e-06 	 1.308997e+07 	
3.27477477e+06 	 7.051814e-06 	 1.308714e+07 	
3.27527528e+06 	 7.046028e-06 	 1.308432e+07 	
3.27577578e+06 	 7.040246e-06 	 1.308150e+07 	
3.27627628e+06 	 7.034469e-06 	 1.307867e+07 	
3.27677678e+06 	 7.028696e-06 	 1.307585e+07 	
3.27727728e+06 	 7.022928e-06 	 1.307303e+07 	
3.27777778e+06 	 7.017164e-06 	 1.307021e+07 	
3.27827828e+06 	 7.011405e-06 	 1.306739e+07 	
3.27877878e+06 	 7.005650e-06 	 1.306458e+07 	
3.27927928e+06 	 6.999900e-06 	 1.306176e+07 	
3.27977978e+06 	 6.994154e-06 	 1.305895e+07 	
3.28028028e+06 	 6.988412e-06 	 1.305613e+07 	
3.28078078e+06 	 6.982675e-06 	 1.305332e+07 	
3.28128128e+06 	 6.976943e-06 	 1.305051e+07 	
3.28178178e+06 	 6.971215e-06 	 1.304770e+07 	
3.28228228e+06 	 6.965491e-06 	 1.304489e+07 	
3.28278278e+06 	 6.959772e-06 	 1.304208e+07 	
3.28328328e+06 	 6.954057e-06 	 1.303927e+07 	
3.28378378e+06 	 6.948347e-06 	 1.303646e+07 	
3.28428428e+06 	 6.942641e-06 	 1.303366e+07 	
3.28478478e+06 	 6.936939e-06 	 1.303085e+07 	
3.28528529e+06 	 6.931242e-06 	 1.302805e+07 	
3.28578579e+06 	 6.925549e-06 	 1.302525e+07 	
3.28628629e+06 	 6.919861e-06 	 1.302245e+07 	
3.28678679e+06 	 6.914177e-06 	 1.301964e+07 	
3.28728729e+06 	 6.908497e-06 	 1.301684e+07 	
3.28778779e+06 	 6.902822e-06 	 1.301405e+07 	
3.28828829e+06 	 6.897151e-06 	 1.301125e+07 	
3.28878879e+06 	 6.891485e-06 	 1.300845e+07 	
3.28928929e+06 	 6.885823e-06 	 1.300566e+07 	
3.28978979e+06 	 6.880165e-06 	 1.300286e+07 	
3.29029029e+06 	 6.874512e-06 	 1.300007e+07 	
3.29079079e+06 	 6.868863e-06 	 1.299728e+07 	
3.29129129e+06 	 6.863219e-06 	 1.299448e+07 	
3.29179179e+06 	 6.857579e-06 	 1.299169e+07 	
3.29229229e+06 	 6.851943e-06 	 1.298890e+07 	
3.29279279e+06 	 6.846311e-06 	 1.298611e+07 	
3.29329329e+06 	 6.840684e-06 	 1.298333e+07 	
3.29379379e+06 	 6.835061e-06 	 1.298054e+07 	
3.29429429e+06 	 6.829443e-06 	 1.297776e+07 	
3.29479479e+06 	 6.823829e-06 	 1.297497e+07 	
3.29529530e+06 	 6.818219e-06 	 1.297219e+07 	
3.29579580e+06 	 6.812613e-06 	 1.296940e+07 	
3.29629630e+06 	 6.807012e-06 	 1.296662e+07 	
3.29679680e+06 	 6.801415e-06 	 1.296384e+07 	
3.29729730e+06 	 6.795823e-06 	 1.296106e+07 	
3.29779780e+06 	 6.790235e-06 	 1.295828e+07 	
3.29829830e+06 	 6.784651e-06 	 1.295551e+07 	
3.29879880e+06 	 6.779071e-06 	 1.295273e+07 	
3.29929930e+06 	 6.773155e-06 	 1.294997e+07 	
3.29979980e+06 	 6.767581e-06 	 1.294720e+07 	
3.30030030e+06 	 6.762011e-06 	 1.294442e+07 	
3.30080080e+06 	 6.756446e-06 	 1.294165e+07 	
3.30130130e+06 	 6.750885e-06 	 1.293888e+07 	
3.30180180e+06 	 6.745328e-06 	 1.293611e+07 	
3.30230230e+06 	 6.739776e-06 	 1.293334e+07 	
3.30280280e+06 	 6.734227e-06 	 1.293057e+07 	
3.30330330e+06 	 6.728683e-06 	 1.292780e+07 	
3.30380380e+06 	 6.723143e-06 	 1.292504e+07 	
3.30430430e+06 	 6.717608e-06 	 1.292227e+07 	
3.30480480e+06 	 6.712076e-06 	 1.291951e+07 	
3.30530531e+06 	 6.706549e-06 	 1.291675e+07 	
3.30580581e+06 	 6.701026e-06 	 1.291398e+07 	
3.30630631e+06 	 6.695507e-06 	 1.291122e+07 	
3.30680681e+06 	 6.689993e-06 	 1.290846e+07 	
3.30730731e+06 	 6.684482e-06 	 1.290570e+07 	
3.30780781e+06 	 6.678976e-06 	 1.290294e+07 	
3.30830831e+06 	 6.673474e-06 	 1.290019e+07 	
3.30880881e+06 	 6.667976e-06 	 1.289743e+07 	
3.30930931e+06 	 6.662482e-06 	 1.289467e+07 	
3.30980981e+06 	 6.656993e-06 	 1.289192e+07 	
3.31031031e+06 	 6.651508e-06 	 1.288917e+07 	
3.31081081e+06 	 6.646027e-06 	 1.288641e+07 	
3.31131131e+06 	 6.640550e-06 	 1.288366e+07 	
3.31181181e+06 	 6.635077e-06 	 1.288091e+07 	
3.31231231e+06 	 6.629608e-06 	 1.287816e+07 	
3.31281281e+06 	 6.624144e-06 	 1.287541e+07 	
3.31331331e+06 	 6.618683e-06 	 1.287267e+07 	
3.31381381e+06 	 6.613227e-06 	 1.286992e+07 	
3.31431431e+06 	 6.607775e-06 	 1.286718e+07 	
3.31481481e+06 	 6.602327e-06 	 1.286443e+07 	
3.31531532e+06 	 6.596884e-06 	 1.286169e+07 	
3.31581582e+06 	 6.591444e-06 	 1.285894e+07 	
3.31631632e+06 	 6.586008e-06 	 1.285620e+07 	
3.31681682e+06 	 6.580577e-06 	 1.285346e+07 	
3.31731732e+06 	 6.575150e-06 	 1.285072e+07 	
3.31781782e+06 	 6.569726e-06 	 1.284798e+07 	
3.31831832e+06 	 6.564307e-06 	 1.284525e+07 	
3.31881882e+06 	 6.558892e-06 	 1.284251e+07 	
3.31931932e+06 	 6.553482e-06 	 1.283977e+07 	
3.31981982e+06 	 6.548075e-06 	 1.283704e+07 	
3.32032032e+06 	 6.542672e-06 	 1.283431e+07 	
3.32082082e+06 	 6.537274e-06 	 1.283157e+07 	
3.32132132e+06 	 6.531879e-06 	 1.282884e+07 	
3.32182182e+06 	 6.526489e-06 	 1.282611e+07 	
3.32232232e+06 	 6.521102e-06 	 1.282338e+07 	
3.32282282e+06 	 6.515720e-06 	 1.282065e+07 	
3.32332332e+06 	 6.510342e-06 	 1.281793e+07 	
3.32382382e+06 	 6.504967e-06 	 1.281520e+07 	
3.32432432e+06 	 6.499597e-06 	 1.281247e+07 	
3.32482482e+06 	 6.494231e-06 	 1.280975e+07 	
3.32532533e+06 	 6.488869e-06 	 1.280702e+07 	
3.32582583e+06 	 6.483511e-06 	 1.280430e+07 	
3.32632633e+06 	 6.478157e-06 	 1.280158e+07 	
3.32682683e+06 	 6.472808e-06 	 1.279886e+07 	
3.32732733e+06 	 6.467462e-06 	 1.279614e+07 	
3.32782783e+06 	 6.462120e-06 	 1.279342e+07 	
3.32832833e+06 	 6.456782e-06 	 1.279070e+07 	
3.32882883e+06 	 6.451448e-06 	 1.278798e+07 	
3.32932933e+06 	 6.446118e-06 	 1.278527e+07 	
3.32982983e+06 	 6.440793e-06 	 1.278255e+07 	
3.33033033e+06 	 6.435471e-06 	 1.277984e+07 	
3.33083083e+06 	 6.430153e-06 	 1.277713e+07 	
3.33133133e+06 	 6.424839e-06 	 1.277441e+07 	
3.33183183e+06 	 6.419530e-06 	 1.277170e+07 	
3.33233233e+06 	 6.414224e-06 	 1.276899e+07 	
3.33283283e+06 	 6.408922e-06 	 1.276628e+07 	
3.33333333e+06 	 6.403624e-06 	 1.276358e+07 	
3.33383383e+06 	 6.398330e-06 	 1.276087e+07 	
3.33433433e+06 	 6.393041e-06 	 1.275816e+07 	
3.33483483e+06 	 6.387755e-06 	 1.275546e+07 	
3.33533534e+06 	 6.382473e-06 	 1.275275e+07 	
3.33583584e+06 	 6.377195e-06 	 1.275005e+07 	
3.33633634e+06 	 6.371921e-06 	 1.274735e+07 	
3.33683684e+06 	 6.366651e-06 	 1.274464e+07 	
3.33733734e+06 	 6.361385e-06 	 1.274194e+07 	
3.33783784e+06 	 6.356443e-06 	 1.273923e+07 	
3.33833834e+06 	 6.351187e-06 	 1.273653e+07 	
3.33883884e+06 	 6.345935e-06 	 1.273383e+07 	
3.33933934e+06 	 6.340688e-06 	 1.273114e+07 	
3.33983984e+06 	 6.335444e-06 	 1.272844e+07 	
3.34034034e+06 	 6.330204e-06 	 1.272574e+07 	
3.34084084e+06 	 6.324968e-06 	 1.272305e+07 	
3.34134134e+06 	 6.319737e-06 	 1.272036e+07 	
3.34184184e+06 	 6.314509e-06 	 1.271767e+07 	
3.34234234e+06 	 6.309285e-06 	 1.271497e+07 	
3.34284284e+06 	 6.304065e-06 	 1.271228e+07 	
3.34334334e+06 	 6.298848e-06 	 1.270960e+07 	
3.34384384e+06 	 6.293636e-06 	 1.270691e+07 	
3.34434434e+06 	 6.288428e-06 	 1.270422e+07 	
3.34484484e+06 	 6.283223e-06 	 1.270153e+07 	
3.34534535e+06 	 6.278023e-06 	 1.269885e+07 	
3.34584585e+06 	 6.272826e-06 	 1.269616e+07 	
3.34634635e+06 	 6.267634e-06 	 1.269348e+07 	
3.34684685e+06 	 6.262445e-06 	 1.269080e+07 	
3.34734735e+06 	 6.257260e-06 	 1.268812e+07 	
3.34784785e+06 	 6.252079e-06 	 1.268544e+07 	
3.34834835e+06 	 6.246902e-06 	 1.268276e+07 	
3.34884885e+06 	 6.241728e-06 	 1.268008e+07 	
3.34934935e+06 	 6.236559e-06 	 1.267740e+07 	
3.34984985e+06 	 6.231393e-06 	 1.267472e+07 	
3.35035035e+06 	 6.226232e-06 	 1.267205e+07 	
3.35085085e+06 	 6.221074e-06 	 1.266937e+07 	
3.35135135e+06 	 6.215920e-06 	 1.266670e+07 	
3.35185185e+06 	 6.210770e-06 	 1.266403e+07 	
3.35235235e+06 	 6.205624e-06 	 1.266136e+07 	
3.35285285e+06 	 6.200481e-06 	 1.265868e+07 	
3.35335335e+06 	 6.195343e-06 	 1.265601e+07 	
3.35385385e+06 	 6.190208e-06 	 1.265335e+07 	
3.35435435e+06 	 6.185077e-06 	 1.265068e+07 	
3.35485485e+06 	 6.179950e-06 	 1.264801e+07 	
3.35535536e+06 	 6.174827e-06 	 1.264534e+07 	
3.35585586e+06 	 6.169708e-06 	 1.264268e+07 	
3.35635636e+06 	 6.164592e-06 	 1.264001e+07 	
3.35685686e+06 	 6.159481e-06 	 1.263735e+07 	
3.35735736e+06 	 6.154373e-06 	 1.263469e+07 	
3.35785786e+06 	 6.149269e-06 	 1.263203e+07 	
3.35835836e+06 	 6.144169e-06 	 1.262937e+07 	
3.35885886e+06 	 6.139072e-06 	 1.262671e+07 	
3.35935936e+06 	 6.133980e-06 	 1.262405e+07 	
3.35985986e+06 	 6.128891e-06 	 1.262139e+07 	
3.36036036e+06 	 6.123806e-06 	 1.261873e+07 	
3.36086086e+06 	 6.118724e-06 	 1.261608e+07 	
3.36136136e+06 	 6.113647e-06 	 1.261342e+07 	
3.36186186e+06 	 6.108573e-06 	 1.261077e+07 	
3.36236236e+06 	 6.103503e-06 	 1.260812e+07 	
3.36286286e+06 	 6.098437e-06 	 1.260546e+07 	
3.36336336e+06 	 6.093375e-06 	 1.260281e+07 	
3.36386386e+06 	 6.088316e-06 	 1.260016e+07 	
3.36436436e+06 	 6.083261e-06 	 1.259751e+07 	
3.36486486e+06 	 6.078210e-06 	 1.259487e+07 	
3.36536537e+06 	 6.073163e-06 	 1.259222e+07 	
3.36586587e+06 	 6.068119e-06 	 1.258957e+07 	
3.36636637e+06 	 6.063080e-06 	 1.258693e+07 	
3.36686687e+06 	 6.058043e-06 	 1.258428e+07 	
3.36736737e+06 	 6.053011e-06 	 1.258164e+07 	
3.36786787e+06 	 6.047983e-06 	 1.257900e+07 	
3.36836837e+06 	 6.042958e-06 	 1.257635e+07 	
3.36886887e+06 	 6.037937e-06 	 1.257371e+07 	
3.36936937e+06 	 6.032919e-06 	 1.257107e+07 	
3.36986987e+06 	 6.027905e-06 	 1.256843e+07 	
3.37037037e+06 	 6.022895e-06 	 1.256580e+07 	
3.37087087e+06 	 6.017889e-06 	 1.256316e+07 	
3.37137137e+06 	 6.012887e-06 	 1.256052e+07 	
3.37187187e+06 	 6.007888e-06 	 1.255789e+07 	
3.37237237e+06 	 6.002893e-06 	 1.255525e+07 	
3.37287287e+06 	 5.997901e-06 	 1.255262e+07 	
3.37337337e+06 	 5.992914e-06 	 1.254999e+07 	
3.37387387e+06 	 5.987930e-06 	 1.254736e+07 	
3.37437437e+06 	 5.982949e-06 	 1.254473e+07 	
3.37487487e+06 	 5.977973e-06 	 1.254210e+07 	
3.37537538e+06 	 5.973000e-06 	 1.253947e+07 	
3.37587588e+06 	 5.968030e-06 	 1.253684e+07 	
3.37637638e+06 	 5.963365e-06 	 1.253420e+07 	
3.37687688e+06 	 5.958405e-06 	 1.253157e+07 	
3.37737738e+06 	 5.953450e-06 	 1.252895e+07 	
3.37787788e+06 	 5.948497e-06 	 1.252632e+07 	
3.37837838e+06 	 5.943549e-06 	 1.252370e+07 	
3.37887888e+06 	 5.938604e-06 	 1.252108e+07 	
3.37937938e+06 	 5.933663e-06 	 1.251845e+07 	
3.37987988e+06 	 5.928726e-06 	 1.251583e+07 	
3.38038038e+06 	 5.923792e-06 	 1.251321e+07 	
3.38088088e+06 	 5.918862e-06 	 1.251060e+07 	
3.38138138e+06 	 5.913935e-06 	 1.250798e+07 	
3.38188188e+06 	 5.909013e-06 	 1.250536e+07 	
3.38238238e+06 	 5.904094e-06 	 1.250275e+07 	
3.38288288e+06 	 5.899178e-06 	 1.250013e+07 	
3.38338338e+06 	 5.894266e-06 	 1.249752e+07 	
3.38388388e+06 	 5.889358e-06 	 1.249490e+07 	
3.38438438e+06 	 5.884454e-06 	 1.249229e+07 	
3.38488488e+06 	 5.879553e-06 	 1.248968e+07 	
3.38538539e+06 	 5.874655e-06 	 1.248707e+07 	
3.38588589e+06 	 5.869762e-06 	 1.248446e+07 	
3.38638639e+06 	 5.864872e-06 	 1.248185e+07 	
3.38688689e+06 	 5.859985e-06 	 1.247924e+07 	
3.38738739e+06 	 5.855103e-06 	 1.247664e+07 	
3.38788789e+06 	 5.850223e-06 	 1.247403e+07 	
3.38838839e+06 	 5.845348e-06 	 1.247143e+07 	
3.38888889e+06 	 5.840476e-06 	 1.246882e+07 	
3.38938939e+06 	 5.835608e-06 	 1.246622e+07 	
3.38988989e+06 	 5.830743e-06 	 1.246362e+07 	
3.39039039e+06 	 5.825882e-06 	 1.246102e+07 	
3.39089089e+06 	 5.821024e-06 	 1.245842e+07 	
3.39139139e+06 	 5.816170e-06 	 1.245582e+07 	
3.39189189e+06 	 5.811320e-06 	 1.245322e+07 	
3.39239239e+06 	 5.806473e-06 	 1.245062e+07 	
3.39289289e+06 	 5.801630e-06 	 1.244803e+07 	
3.39339339e+06 	 5.796790e-06 	 1.244543e+07 	
3.39389389e+06 	 5.791954e-06 	 1.244283e+07 	
3.39439439e+06 	 5.787122e-06 	 1.244024e+07 	
3.39489489e+06 	 5.782293e-06 	 1.243765e+07 	
3.39539540e+06 	 5.777468e-06 	 1.243506e+07 	
3.39589590e+06 	 5.772646e-06 	 1.243246e+07 	
3.39639640e+06 	 5.767828e-06 	 1.242987e+07 	
3.39689690e+06 	 5.763013e-06 	 1.242729e+07 	
3.39739740e+06 	 5.758202e-06 	 1.242470e+07 	
3.39789790e+06 	 5.753394e-06 	 1.242211e+07 	
3.39839840e+06 	 5.748590e-06 	 1.241952e+07 	
3.39889890e+06 	 5.743790e-06 	 1.241694e+07 	
3.39939940e+06 	 5.738993e-06 	 1.241435e+07 	
3.39989990e+06 	 5.734200e-06 	 1.241177e+07 	
3.40040040e+06 	 5.729410e-06 	 1.240919e+07 	
3.40090090e+06 	 5.724624e-06 	 1.240660e+07 	
3.40140140e+06 	 5.719841e-06 	 1.240402e+07 	
3.40190190e+06 	 5.715062e-06 	 1.240144e+07 	
3.40240240e+06 	 5.710286e-06 	 1.239886e+07 	
3.40290290e+06 	 5.705514e-06 	 1.239628e+07 	
3.40340340e+06 	 5.700745e-06 	 1.239371e+07 	
3.40390390e+06 	 5.695980e-06 	 1.239113e+07 	
3.40440440e+06 	 5.691218e-06 	 1.238855e+07 	
3.40490490e+06 	 5.686460e-06 	 1.238598e+07 	
3.40540541e+06 	 5.681705e-06 	 1.238341e+07 	
3.40590591e+06 	 5.676954e-06 	 1.238083e+07 	
3.40640641e+06 	 5.672206e-06 	 1.237826e+07 	
3.40690691e+06 	 5.667462e-06 	 1.237569e+07 	
3.40740741e+06 	 5.662721e-06 	 1.237312e+07 	
3.40790791e+06 	 5.657984e-06 	 1.237055e+07 	
3.40840841e+06 	 5.653250e-06 	 1.236798e+07 	
3.40890891e+06 	 5.648520e-06 	 1.236541e+07 	
3.40940941e+06 	 5.643793e-06 	 1.236285e+07 	
3.40990991e+06 	 5.639070e-06 	 1.236028e+07 	
3.41041041e+06 	 5.634350e-06 	 1.235772e+07 	
3.41091091e+06 	 5.629634e-06 	 1.235515e+07 	
3.41141141e+06 	 5.624921e-06 	 1.235259e+07 	
3.41191191e+06 	 5.620211e-06 	 1.235003e+07 	
3.41241241e+06 	 5.615505e-06 	 1.234746e+07 	
3.41291291e+06 	 5.610803e-06 	 1.234490e+07 	
3.41341341e+06 	 5.606103e-06 	 1.234234e+07 	
3.41391391e+06 	 5.601408e-06 	 1.233979e+07 	
3.41441441e+06 	 5.596716e-06 	 1.233723e+07 	
3.41491491e+06 	 5.592027e-06 	 1.233467e+07 	
3.41541542e+06 	 5.587060e-06 	 1.233213e+07 	
3.41591592e+06 	 5.582376e-06 	 1.232958e+07 	
3.41641642e+06 	 5.577695e-06 	 1.232702e+07 	
3.41691692e+06 	 5.573018e-06 	 1.232447e+07 	
3.41741742e+06 	 5.568344e-06 	 1.232192e+07 	
3.41791792e+06 	 5.563673e-06 	 1.231937e+07 	
3.41841842e+06 	 5.559006e-06 	 1.231681e+07 	
3.41891892e+06 	 5.554342e-06 	 1.231426e+07 	
3.41941942e+06 	 5.549682e-06 	 1.231172e+07 	
3.41991992e+06 	 5.545025e-06 	 1.230917e+07 	
3.42042042e+06 	 5.540371e-06 	 1.230662e+07 	
3.42092092e+06 	 5.535721e-06 	 1.230408e+07 	
3.42142142e+06 	 5.531074e-06 	 1.230153e+07 	
3.42192192e+06 	 5.526431e-06 	 1.229899e+07 	
3.42242242e+06 	 5.521791e-06 	 1.229644e+07 	
3.42292292e+06 	 5.517154e-06 	 1.229390e+07 	
3.42342342e+06 	 5.512521e-06 	 1.229136e+07 	
3.42392392e+06 	 5.507891e-06 	 1.228882e+07 	
3.42442442e+06 	 5.503264e-06 	 1.228628e+07 	
3.42492492e+06 	 5.498641e-06 	 1.228374e+07 	
3.42542543e+06 	 5.494021e-06 	 1.228120e+07 	
3.42592593e+06 	 5.489405e-06 	 1.227866e+07 	
3.42642643e+06 	 5.484792e-06 	 1.227613e+07 	
3.42692693e+06 	 5.480182e-06 	 1.227359e+07 	
3.42742743e+06 	 5.475575e-06 	 1.227106e+07 	
3.42792793e+06 	 5.470972e-06 	 1.226852e+07 	
3.42842843e+06 	 5.466372e-06 	 1.226599e+07 	
3.42892893e+06 	 5.461776e-06 	 1.226346e+07 	
3.42942943e+06 	 5.457183e-06 	 1.226093e+07 	
3.42992993e+06 	 5.452593e-06 	 1.225840e+07 	
3.43043043e+06 	 5.448006e-06 	 1.225587e+07 	
3.43093093e+06 	 5.443423e-06 	 1.225334e+07 	
3.43143143e+06 	 5.438843e-06 	 1.225081e+07 	
3.43193193e+06 	 5.434267e-06 	 1.224829e+07 	
3.43243243e+06 	 5.429694e-06 	 1.224576e+07 	
3.43293293e+06 	 5.425124e-06 	 1.224323e+07 	
3.43343343e+06 	 5.420557e-06 	 1.224071e+07 	
3.43393393e+06 	 5.415994e-06 	 1.223819e+07 	
3.43443443e+06 	 5.411434e-06 	 1.223567e+07 	
3.43493493e+06 	 5.406877e-06 	 1.223314e+07 	
3.43543544e+06 	 5.402324e-06 	 1.223062e+07 	
3.43593594e+06 	 5.397773e-06 	 1.222810e+07 	
3.43643644e+06 	 5.393227e-06 	 1.222559e+07 	
3.43693694e+06 	 5.388683e-06 	 1.222307e+07 	
3.43743744e+06 	 5.384143e-06 	 1.222055e+07 	
3.43793794e+06 	 5.379606e-06 	 1.221803e+07 	
3.43843844e+06 	 5.375072e-06 	 1.221552e+07 	
3.43893894e+06 	 5.370541e-06 	 1.221300e+07 	
3.43943944e+06 	 5.366014e-06 	 1.221049e+07 	
3.43993994e+06 	 5.361490e-06 	 1.220798e+07 	
3.44044044e+06 	 5.356970e-06 	 1.220547e+07 	
3.44094094e+06 	 5.352452e-06 	 1.220296e+07 	
3.44144144e+06 	 5.347938e-06 	 1.220045e+07 	
3.44194194e+06 	 5.343427e-06 	 1.219794e+07 	
3.44244244e+06 	 5.338920e-06 	 1.219543e+07 	
3.44294294e+06 	 5.334415e-06 	 1.219292e+07 	
3.44344344e+06 	 5.329914e-06 	 1.219041e+07 	
3.44394394e+06 	 5.325416e-06 	 1.218791e+07 	
3.44444444e+06 	 5.320921e-06 	 1.218540e+07 	
3.44494494e+06 	 5.316430e-06 	 1.218290e+07 	
3.44544545e+06 	 5.311942e-06 	 1.218040e+07 	
3.44594595e+06 	 5.307457e-06 	 1.217790e+07 	
3.44644645e+06 	 5.302975e-06 	 1.217539e+07 	
3.44694695e+06 	 5.298496e-06 	 1.217289e+07 	
3.44744745e+06 	 5.294021e-06 	 1.217039e+07 	
3.44794795e+06 	 5.289549e-06 	 1.216789e+07 	
3.44844845e+06 	 5.285080e-06 	 1.216540e+07 	
3.44894895e+06 	 5.280614e-06 	 1.216290e+07 	
3.44944945e+06 	 5.276152e-06 	 1.216040e+07 	
3.44994995e+06 	 5.271693e-06 	 1.215791e+07 	
3.45045045e+06 	 5.267237e-06 	 1.215541e+07 	
3.45095095e+06 	 5.262784e-06 	 1.215292e+07 	
3.45145145e+06 	 5.258334e-06 	 1.215043e+07 	
3.45195195e+06 	 5.253888e-06 	 1.214794e+07 	
3.45245245e+06 	 5.249444e-06 	 1.214545e+07 	
3.45295295e+06 	 5.245004e-06 	 1.214296e+07 	
3.45345345e+06 	 5.240567e-06 	 1.214047e+07 	
3.45395395e+06 	 5.236134e-06 	 1.213798e+07 	
3.45445445e+06 	 5.231703e-06 	 1.213549e+07 	
3.45495495e+06 	 5.227012e-06 	 1.213302e+07 	
3.45545546e+06 	 5.222586e-06 	 1.213053e+07 	
3.45595596e+06 	 5.218163e-06 	 1.212805e+07 	
3.45645646e+06 	 5.213743e-06 	 1.212556e+07 	
3.45695696e+06 	 5.209326e-06 	 1.212308e+07 	
3.45745746e+06 	 5.204912e-06 	 1.212060e+07 	
3.45795796e+06 	 5.200502e-06 	 1.211812e+07 	
3.45845846e+06 	 5.196094e-06 	 1.211564e+07 	
3.45895896e+06 	 5.191690e-06 	 1.211316e+07 	
3.45945946e+06 	 5.187289e-06 	 1.211068e+07 	
3.45995996e+06 	 5.182891e-06 	 1.210820e+07 	
3.46046046e+06 	 5.178496e-06 	 1.210572e+07 	
3.46096096e+06 	 5.174104e-06 	 1.210325e+07 	
3.46146146e+06 	 5.169715e-06 	 1.210077e+07 	
3.46196196e+06 	 5.165330e-06 	 1.209830e+07 	
3.46246246e+06 	 5.160947e-06 	 1.209582e+07 	
3.46296296e+06 	 5.156568e-06 	 1.209335e+07 	
3.46346346e+06 	 5.152192e-06 	 1.209088e+07 	
3.46396396e+06 	 5.147819e-06 	 1.208841e+07 	
3.46446446e+06 	 5.143449e-06 	 1.208594e+07 	
3.46496496e+06 	 5.139082e-06 	 1.208347e+07 	
3.46546547e+06 	 5.134718e-06 	 1.208100e+07 	
3.46596597e+06 	 5.130357e-06 	 1.207853e+07 	
3.46646647e+06 	 5.126000e-06 	 1.207607e+07 	
3.46696697e+06 	 5.121645e-06 	 1.207360e+07 	
3.46746747e+06 	 5.117294e-06 	 1.207113e+07 	
3.46796797e+06 	 5.112945e-06 	 1.206867e+07 	
3.46846847e+06 	 5.108600e-06 	 1.206621e+07 	
3.46896897e+06 	 5.104258e-06 	 1.206374e+07 	
3.46946947e+06 	 5.099919e-06 	 1.206128e+07 	
3.46996997e+06 	 5.095583e-06 	 1.205882e+07 	
3.47047047e+06 	 5.091250e-06 	 1.205636e+07 	
3.47097097e+06 	 5.086920e-06 	 1.205390e+07 	
3.47147147e+06 	 5.082593e-06 	 1.205144e+07 	
3.47197197e+06 	 5.078269e-06 	 1.204899e+07 	
3.47247247e+06 	 5.073948e-06 	 1.204653e+07 	
3.47297297e+06 	 5.069630e-06 	 1.204407e+07 	
3.47347347e+06 	 5.065316e-06 	 1.204162e+07 	
3.47397397e+06 	 5.061004e-06 	 1.203917e+07 	
3.47447447e+06 	 5.056695e-06 	 1.203671e+07 	
3.47497497e+06 	 5.052390e-06 	 1.203426e+07 	
3.47547548e+06 	 5.048087e-06 	 1.203181e+07 	
3.47597598e+06 	 5.043788e-06 	 1.202936e+07 	
3.47647648e+06 	 5.039491e-06 	 1.202691e+07 	
3.47697698e+06 	 5.035198e-06 	 1.202446e+07 	
3.47747748e+06 	 5.030907e-06 	 1.202201e+07 	
3.47797798e+06 	 5.026620e-06 	 1.201956e+07 	
3.47847848e+06 	 5.022335e-06 	 1.201712e+07 	
3.47897898e+06 	 5.018054e-06 	 1.201467e+07 	
3.47947948e+06 	 5.013776e-06 	 1.201223e+07 	
3.47997998e+06 	 5.009500e-06 	 1.200978e+07 	
3.48048048e+06 	 5.005228e-06 	 1.200734e+07 	
3.48098098e+06 	 5.000959e-06 	 1.200490e+07 	
3.48148148e+06 	 4.996692e-06 	 1.200245e+07 	
3.48198198e+06 	 4.992429e-06 	 1.200001e+07 	
3.48248248e+06 	 4.988169e-06 	 1.199757e+07 	
3.48298298e+06 	 4.983911e-06 	 1.199514e+07 	
3.48348348e+06 	 4.979657e-06 	 1.199270e+07 	
3.48398398e+06 	 4.975406e-06 	 1.199026e+07 	
3.48448448e+06 	 4.971157e-06 	 1.198782e+07 	
3.48498498e+06 	 4.966912e-06 	 1.198539e+07 	
3.48548549e+06 	 4.962669e-06 	 1.198295e+07 	
3.48598599e+06 	 4.958430e-06 	 1.198052e+07 	
3.48648649e+06 	 4.954193e-06 	 1.197809e+07 	
3.48698699e+06 	 4.949960e-06 	 1.197565e+07 	
3.48748749e+06 	 4.945729e-06 	 1.197322e+07 	
3.48798799e+06 	 4.941502e-06 	 1.197079e+07 	
3.48848849e+06 	 4.937277e-06 	 1.196836e+07 	
3.48898899e+06 	 4.933055e-06 	 1.196593e+07 	
3.48948949e+06 	 4.928837e-06 	 1.196350e+07 	
3.48998999e+06 	 4.924621e-06 	 1.196108e+07 	
3.49049049e+06 	 4.920408e-06 	 1.195865e+07 	
3.49099099e+06 	 4.916198e-06 	 1.195623e+07 	
3.49149149e+06 	 4.911991e-06 	 1.195380e+07 	
3.49199199e+06 	 4.907787e-06 	 1.195138e+07 	
3.49249249e+06 	 4.903586e-06 	 1.194895e+07 	
3.49299299e+06 	 4.899388e-06 	 1.194653e+07 	
3.49349349e+06 	 4.895193e-06 	 1.194411e+07 	
3.49399399e+06 	 4.891001e-06 	 1.194169e+07 	
3.49449449e+06 	 4.886811e-06 	 1.193927e+07 	
3.49499499e+06 	 4.882871e-06 	 1.193684e+07 	
3.49549550e+06 	 4.878689e-06 	 1.193442e+07 	
3.49599600e+06 	 4.874510e-06 	 1.193200e+07 	
3.49649650e+06 	 4.870335e-06 	 1.192958e+07 	
3.49699700e+06 	 4.866162e-06 	 1.192717e+07 	
3.49749750e+06 	 4.861992e-06 	 1.192475e+07 	
3.49799800e+06 	 4.857825e-06 	 1.192234e+07 	
3.49849850e+06 	 4.853661e-06 	 1.191993e+07 	
3.49899900e+06 	 4.849500e-06 	 1.191751e+07 	
3.49949950e+06 	 4.845342e-06 	 1.191510e+07 	
3.50000000e+06 	 4.841186e-06 	 1.191269e+07 	
3.51986847e+06 	 4.678552e-06 	 1.181765e+07 	
3.53984972e+06 	 4.519205e-06 	 1.172337e+07 	
3.55994440e+06 	 4.363454e-06 	 1.162982e+07 	
3.58015316e+06 	 4.210804e-06 	 1.153703e+07 	
3.60047663e+06 	 4.061530e-06 	 1.144496e+07 	
3.62091547e+06 	 3.915576e-06 	 1.135361e+07 	
3.64147034e+06 	 3.772508e-06 	 1.126300e+07 	
3.66214189e+06 	 3.632202e-06 	 1.117313e+07 	
3.68293079e+06 	 3.494877e-06 	 1.108398e+07 	
3.70383770e+06 	 3.360471e-06 	 1.099553e+07 	
3.72486329e+06 	 3.228612e-06 	 1.090782e+07 	
3.74600824e+06 	 3.099335e-06 	 1.082082e+07 	
3.76727322e+06 	 2.972755e-06 	 1.073453e+07 	
3.78865892e+06 	 2.848441e-06 	 1.064897e+07 	
3.81016602e+06 	 2.726643e-06 	 1.056412e+07 	
3.83179521e+06 	 2.606970e-06 	 1.048001e+07 	
3.85354718e+06 	 2.489640e-06 	 1.039660e+07 	
3.87542263e+06 	 2.374297e-06 	 1.031394e+07 	
3.89742226e+06 	 2.260844e-06 	 1.023204e+07 	
3.91954677e+06 	 2.149450e-06 	 1.015087e+07 	
3.94179688e+06 	 2.039802e-06 	 1.007048e+07 	
3.96417330e+06 	 1.932047e-06 	 9.990853e+06 	
3.98667674e+06 	 1.826132e-06 	 9.912002e+06 	
4.00930793e+06 	 1.721802e-06 	 9.833978e+06 	
4.03206758e+06 	 1.618990e-06 	 9.756811e+06 	
4.05495644e+06 	 1.517820e-06 	 9.680503e+06 	
4.07797523e+06 	 1.418272e-06 	 9.605087e+06 	
4.10112469e+06 	 1.320187e-06 	 9.530637e+06 	
4.12440557e+06 	 1.223570e-06 	 9.457208e+06 	
4.14781860e+06 	 1.128586e-06 	 9.384835e+06 	
4.17136454e+06 	 1.035199e-06 	 9.313621e+06 	
4.19504415e+06 	 9.436382e-07 	 9.243623e+06 	
4.21885817e+06 	 8.540901e-07 	 9.174934e+06 	
4.24280739e+06 	 7.667142e-07 	 9.107695e+06 	
4.26689255e+06 	 6.818320e-07 	 9.042037e+06 	
4.29111444e+06 	 5.999202e-07 	 8.978073e+06 	
4.31547383e+06 	 5.213991e-07 	 8.915989e+06 	
4.33997150e+06 	 4.468868e-07 	 8.855920e+06 	
4.36460824e+06 	 3.769993e-07 	 8.798030e+06 	
4.38938483e+06 	 3.123339e-07 	 8.742523e+06 	
4.41430207e+06 	 2.535222e-07 	 8.689559e+06 	
4.43936076e+06 	 2.011208e-07 	 8.639264e+06 	
4.46456170e+06 	 1.555144e-07 	 8.591759e+06 	
4.48990570e+06 	 1.168888e-07 	 8.547100e+06 	
4.51539357e+06 	 8.515937e-08 	 8.505321e+06 	
4.54102612e+06 	 5.997403e-08 	 8.466375e+06 	
4.56680419e+06 	 4.072495e-08 	 8.430118e+06 	
4.59272859e+06 	 2.659848e-08 	 8.396424e+06 	
4.61880015e+06 	 1.667641e-08 	 8.364965e+06 	
4.64501972e+06 	 1.001927e-08 	 8.335484e+06 	
4.67138812e+06 	 5.761366e-09 	 8.307508e+06 	
4.69790621e+06 	 3.167652e-09 	 8.281037e+06 	
4.72457484e+06 	 1.664597e-09 	 8.255659e+06 	
5.27017113e+06 	 1.000000e-20 	 7.799914e+06 	
5.87877316e+06 	 1.000000e-20 	 7.372565e+06 	
6.55765686e+06 	 1.000000e-20 	 6.969928e+06 	
7.31493839e+06 	 1.000000e-20 	 6.590367e+06 	
8.15967118e+06 	 1.000000e-20 	 6.232387e+06 	
9.10195414e+06 	 1.000000e-20 	 5.894618e+06 	
1.01530524e+07 	 1.000000e-20 	 5.575799e+06 	
1.13255320e+07 	 1.000000e-20 	 5.274764e+06 	
1.26334102e+07 	 1.000000e-20 	 4.990439e+06 	
1.40923228e+07 	 1.000000e-20 	 4.721824e+06 	
1.57197114e+07 	 1.000000e-20 	 4.467992e+06 	
1.75350316e+07 	 1.000000e-20 	 4.228080e+06 	
1.95599859e+07 	 1.000000e-20 	 4.001280e+06 	
2.18187830e+07 	 1.000000e-20 	 3.786843e+06 	
2.43384271e+07 	 1.000000e-20 	 3.584062e+06 	
2.71490410e+07 	 1.000000e-20 	 3.392281e+06 	
3.02842260e+07 	 1.000000e-20 	 3.210879e+06 	
3.37814637e+07 	 1.000000e-20 	 3.039278e+06 	
3.76825643e+07 	 1.000000e-20 	 2.876933e+06 	
4.20341659e+07 	 1.000000e-20 	 2.723332e+06 	
4.68882926e+07 	 1.000000e-20 	 2.577992e+06 	
5.23029764e+07 	 1.000000e-20 	 2.440460e+06 	
5.83429506e+07 	 1.000000e-20 	 2.310309e+06 	
6.50804240e+07 	 1.000000e-20 	 2.187136e+06 	
7.25959443e+07 	 1.000000e-20 	 2.070562e+06 	
8.09793607e+07 	 1.000000e-20 	 1.960227e+06 	
9.03308983e+07 	 1.000000e-20 	 1.855794e+06 	
1.00762356e+08 	 1.000000e-20 	 1.756945e+06 	
1.12398444e+08 	 1.000000e-20 	 1.663376e+06 	
1.25378273e+08 	 1.000000e-20 	 1.574805e+06 	
1.39857020e+08 	 1.000000e-20 	 1.490962e+06 	
1.56007779e+08 	 1.000000e-20 	 1.411592e+06 	
1.74023636e+08 	 1.000000e-20 	 1.336456e+06 	
1.94119974e+08 	 1.000000e-20 	 1.265326e+06 	
2.16537047e+08 	 1.000000e-20 	 1.197988e+06 	
2.41542854e+08 	 1.000000e-20 	 1.134239e+06 	
2.69436346e+08 	 1.000000e-20 	 1.073886e+06 	
3.00550991e+08 	 1.000000e-20 	 1.016749e+06 	
3.35258772e+08 	 1.000000e-20 	 9.626545e+05 	
3.73974624e+08 	 1.000000e-20 	 9.114409e+05 	
4.17161403e+08 	 1.000000e-20 	 8.629541e+05 	
4.65335413e+08 	 1.000000e-20 	 8.170486e+05 	
5.19072582e+08 	 1.000000e-20 	 7.735867e+05 	
5.79015347e+08 	 1.000000e-20 	 7.324381e+05 	
6.45880332e+08 	 1.000000e-20 	 6.934794e+05 	
7.20466920e+08 	 1.000000e-20 	 6.565940e+05 	
8.03666804e+08 	 1.000000e-20 	 6.216713e+05 	
8.96474653e+08 	 1.000000e-20 	 5.886068e+05 	
1.00000000e+09 	 1.000000e-20 	 5.573014e+05 	
