r (cm)        	 rho (g/cm3) 	 T (K)       		 Linf = 2.773266e+38
1.00000353e+06 	 1.324631e+05 	 1.297901e+09 	
1.00004935e+06 	 1.241645e+05 	 1.276885e+09 	
1.00014215e+06 	 1.086794e+05 	 1.234706e+09 	
1.00023495e+06 	 9.484040e+04 	 1.193055e+09 	
1.00032776e+06 	 8.250770e+04 	 1.151949e+09 	
1.00042056e+06 	 7.154965e+04 	 1.111407e+09 	
1.00051197e+06 	 6.197972e+04 	 1.072041e+09 	
1.00060338e+06 	 5.351313e+04 	 1.033258e+09 	
1.00069479e+06 	 4.604654e+04 	 9.950756e+08 	
1.00077018e+06 	 4.057279e+04 	 9.640527e+08 	
1.00084556e+06 	 3.566291e+04 	 9.334627e+08 	
1.00092095e+06 	 3.126936e+04 	 9.033170e+08 	
1.00099633e+06 	 2.734750e+04 	 8.736270e+08 	
1.00107172e+06 	 2.385556e+04 	 8.444044e+08 	
1.00114674e+06 	 2.076883e+04 	 8.158009e+08 	
1.00122175e+06 	 1.803328e+04 	 7.876838e+08 	
1.00129677e+06 	 1.561554e+04 	 7.600650e+08 	
1.00135847e+06 	 1.384329e+04 	 7.377311e+08 	
1.00142017e+06 	 1.224899e+04 	 7.157490e+08 	
1.00148186e+06 	 1.081757e+04 	 6.941254e+08 	
1.00154356e+06 	 9.534987e+03 	 6.728670e+08 	
1.00160526e+06 	 8.388101e+03 	 6.519805e+08 	
1.00166696e+06 	 7.364686e+03 	 6.314723e+08 	
1.00172908e+06 	 6.447471e+03 	 6.112119e+08 	
1.00179121e+06 	 5.633151e+03 	 5.913481e+08 	
1.00185333e+06 	 4.911776e+03 	 5.718875e+08 	
1.00190479e+06 	 4.378025e+03 	 5.560768e+08 	
1.00195625e+06 	 3.896896e+03 	 5.405503e+08 	
1.00200771e+06 	 3.463877e+03 	 5.253114e+08 	
1.00205917e+06 	 3.074768e+03 	 5.103633e+08 	
1.00211063e+06 	 2.725668e+03 	 4.957089e+08 	
1.00216209e+06 	 2.412960e+03 	 4.813511e+08 	
1.00221355e+06 	 2.133296e+03 	 4.672927e+08 	
1.00226688e+06 	 1.875007e+03 	 4.530405e+08 	
1.00232022e+06 	 1.645721e+03 	 4.391151e+08 	
1.00236457e+06 	 1.475041e+03 	 4.277859e+08 	
1.00240892e+06 	 1.320858e+03 	 4.166856e+08 	
1.00245328e+06 	 1.181740e+03 	 4.058153e+08 	
1.00249763e+06 	 1.056359e+03 	 3.951758e+08 	
1.00254198e+06 	 9.434901e+02 	 3.847680e+08 	
1.00258633e+06 	 8.419988e+02 	 3.745925e+08 	
1.00263069e+06 	 7.508410e+02 	 3.646497e+08 	
1.00267504e+06 	 6.690547e+02 	 3.549399e+08 	
1.00271939e+06 	 5.957562e+02 	 3.454631e+08 	
1.00276633e+06 	 5.265307e+02 	 3.356878e+08 	
1.00280520e+06 	 4.750841e+02 	 3.277902e+08 	
1.00284407e+06 	 4.284724e+02 	 3.200709e+08 	
1.00288293e+06 	 3.862729e+02 	 3.125295e+08 	
1.00292180e+06 	 3.480962e+02 	 3.051655e+08 	
1.00296067e+06 	 3.135831e+02 	 2.979781e+08 	
1.00299954e+06 	 2.824036e+02 	 2.909665e+08 	
1.00303841e+06 	 2.542542e+02 	 2.841298e+08 	
1.00307728e+06 	 2.288563e+02 	 2.774669e+08 	
1.00311615e+06 	 2.059549e+02 	 2.709767e+08 	
1.00315501e+06 	 1.853163e+02 	 2.646577e+08 	
1.00319388e+06 	 1.667269e+02 	 2.585087e+08 	
1.00323275e+06 	 1.499916e+02 	 2.525279e+08 	
1.00327162e+06 	 1.349325e+02 	 2.467137e+08 	
1.00331049e+06 	 1.213875e+02 	 2.410644e+08 	
1.00334936e+06 	 1.092092e+02 	 2.355779e+08 	
1.00338822e+06 	 9.826349e+01 	 2.302523e+08 	
1.00342709e+06 	 8.842866e+01 	 2.250853e+08 	
1.00346648e+06 	 7.948237e+01 	 2.200088e+08 	
1.00350587e+06 	 7.145958e+01 	 2.150905e+08 	
1.00354526e+06 	 6.426629e+01 	 2.103278e+08 	
1.00358465e+06 	 5.781762e+01 	 2.057180e+08 	
1.00362404e+06 	 5.203702e+01 	 2.012585e+08 	
1.00366343e+06 	 4.685551e+01 	 1.969463e+08 	
1.00370282e+06 	 4.221099e+01 	 1.927786e+08 	
1.00374220e+06 	 3.804759e+01 	 1.887524e+08 	
1.00378159e+06 	 3.431510e+01 	 1.848646e+08 	
1.00382098e+06 	 3.096842e+01 	 1.811120e+08 	
1.00386037e+06 	 2.796709e+01 	 1.774916e+08 	
1.00389976e+06 	 2.527482e+01 	 1.740001e+08 	
1.00393915e+06 	 2.285908e+01 	 1.706342e+08 	
1.00397854e+06 	 2.069075e+01 	 1.673907e+08 	
1.00401793e+06 	 1.874375e+01 	 1.642662e+08 	
1.00405731e+06 	 1.699474e+01 	 1.612576e+08 	
1.00409670e+06 	 1.542285e+01 	 1.583613e+08 	
1.00413609e+06 	 1.400942e+01 	 1.555742e+08 	
1.00417548e+06 	 1.273778e+01 	 1.528928e+08 	
1.00422010e+06 	 1.144989e+01 	 1.499792e+08 	
1.00426472e+06 	 1.030565e+01 	 1.471923e+08 	
1.00430933e+06 	 9.288175e+00 	 1.445275e+08 	
1.00435395e+06 	 8.382592e+00 	 1.419800e+08 	
1.00439857e+06 	 7.575828e+00 	 1.395454e+08 	
1.00444319e+06 	 6.856381e+00 	 1.372191e+08 	
1.00448780e+06 	 6.214135e+00 	 1.349968e+08 	
1.00453242e+06 	 5.640189e+00 	 1.328740e+08 	
1.00458666e+06 	 5.023193e+00 	 1.304213e+08 	
1.00464091e+06 	 4.483388e+00 	 1.281022e+08 	
1.00469515e+06 	 4.010294e+00 	 1.259096e+08 	
1.00474939e+06 	 3.594928e+00 	 1.238367e+08 	
1.00480363e+06 	 3.229583e+00 	 1.218768e+08 	
1.00485787e+06 	 2.907641e+00 	 1.200236e+08 	
1.00491212e+06 	 2.623414e+00 	 1.182711e+08 	
1.00496636e+06 	 2.372012e+00 	 1.166136e+08 	
1.00502060e+06 	 2.149219e+00 	 1.150455e+08 	
1.00507484e+06 	 1.951403e+00 	 1.135617e+08 	
1.00512908e+06 	 1.775429e+00 	 1.121572e+08 	
1.00518332e+06 	 1.618586e+00 	 1.108273e+08 	
1.00523757e+06 	 1.478527e+00 	 1.095677e+08 	
1.00530733e+06 	 1.319832e+00 	 1.080443e+08 	
1.00537709e+06 	 1.181875e+00 	 1.066218e+08 	
1.00544685e+06 	 1.061578e+00 	 1.052926e+08 	
1.00551660e+06 	 9.563618e-01 	 1.040495e+08 	
1.00558636e+06 	 8.640610e-01 	 1.028860e+08 	
1.00565612e+06 	 7.828531e-01 	 1.017961e+08 	
1.00572588e+06 	 7.111996e-01 	 1.007741e+08 	
1.00581438e+06 	 6.320332e-01 	 9.956757e+07 	
1.00590287e+06 	 5.639512e-01 	 9.845269e+07 	
1.00599136e+06 	 5.051511e-01 	 9.742093e+07 	
1.00607985e+06 	 4.541570e-01 	 9.646460e+07 	
1.00616834e+06 	 4.097555e-01 	 9.557680e+07 	
1.00625683e+06 	 3.709449e-01 	 9.475134e+07 	
1.00636928e+06 	 3.284034e-01 	 9.378368e+07 	
1.00648172e+06 	 2.921718e-01 	 9.289761e+07 	
1.00659417e+06 	 2.611441e-01 	 9.208425e+07 	
1.00670661e+06 	 2.344334e-01 	 9.133586e+07 	
1.00681906e+06 	 2.113241e-01 	 9.064565e+07 	
1.00693150e+06 	 1.912356e-01 	 9.000763e+07 	
1.00709185e+06 	 1.668972e-01 	 8.917789e+07 	
1.00725219e+06 	 1.466647e-01 	 8.843062e+07 	
1.00741253e+06 	 1.297092e-01 	 8.775484e+07 	
1.00757288e+06 	 1.153927e-01 	 8.714129e+07 	
1.00776437e+06 	 1.010682e-01 	 8.647925e+07 	
1.00795587e+06 	 8.915638e-02 	 8.588371e+07 	
1.00814737e+06 	 7.916551e-02 	 8.534544e+07 	
1.00833886e+06 	 7.071910e-02 	 8.485675e+07 	
1.00861645e+06 	 6.063763e-02 	 8.422349e+07 	
1.00889404e+06 	 5.253812e-02 	 8.366512e+07 	
1.00917163e+06 	 4.594780e-02 	 8.316908e+07 	
1.00954664e+06 	 3.884723e-02 	 8.258051e+07 	
1.00992166e+06 	 3.328780e-02 	 8.206848e+07 	
1.01029668e+06 	 2.886274e-02 	 8.161850e+07 	
1.01084095e+06 	 2.389841e-02 	 8.105355e+07 	
1.01138522e+06 	 2.016075e-02 	 8.057090e+07 	
1.01192949e+06 	 1.728146e-02 	 8.015243e+07 	
1.01255488e+06 	 1.472413e-02 	 7.973388e+07 	
1.01318026e+06 	 1.274212e-02 	 7.936801e+07 	
1.01380565e+06 	 1.117602e-02 	 7.904408e+07 	
1.01478009e+06 	 9.320106e-03 	 7.860460e+07 	
1.01575454e+06 	 7.955097e-03 	 7.822617e+07 	
1.01689132e+06 	 6.774626e-03 	 7.784240e+07 	
1.01802810e+06 	 5.894248e-03 	 7.750568e+07 	
1.01916487e+06 	 5.220015e-03 	 7.720494e+07 	
1.02095205e+06 	 4.439933e-03 	 7.678677e+07 	
1.02204727e+06 	 4.079282e-03 	 7.655591e+07 	
1.02428192e+06 	 3.525866e-03 	 7.612916e+07 	
1.02612605e+06 	 3.195603e-03 	 7.581097e+07 	
1.02907243e+06 	 2.817232e-03 	 7.534804e+07 	
1.03142824e+06 	 2.601265e-03 	 7.500734e+07 	
1.03549584e+06 	 2.338986e-03 	 7.446189e+07 	
1.03752564e+06 	 2.242957e-03 	 7.420471e+07 	
1.04260133e+06 	 2.065516e-03 	 7.359243e+07 	
1.04626123e+06 	 1.974068e-03 	 7.317121e+07 	
1.05313076e+06 	 1.849525e-03 	 7.241216e+07 	
1.05774055e+06 	 1.786799e-03 	 7.191990e+07 	
1.06750133e+06 	 1.683164e-03 	 7.091040e+07 	
1.07311347e+06 	 1.633964e-03 	 7.034619e+07 	
1.08758188e+06 	 1.524736e-03 	 6.893606e+07 	
1.09645309e+06 	 1.465286e-03 	 6.809958e+07 	
1.09964534e+06 	 1.444865e-03 	 6.780343e+07 	
1.09996457e+06 	 1.442848e-03 	 6.777395e+07 	
1.09999649e+06 	 1.442647e-03 	 6.777100e+07 	
1.09999968e+06 	 1.442626e-03 	 6.777071e+07 	
1.10000000e+06 	 1.442624e-03 	 6.777068e+07 	
1.12000000e+06 	 1.324101e-03 	 6.597201e+07 	
1.13333333e+06 	 1.252362e-03 	 6.482277e+07 	
1.14666667e+06 	 1.185688e-03 	 6.371108e+07 	
1.16666667e+06 	 1.093967e-03 	 6.210988e+07 	
1.18000000e+06 	 1.037845e-03 	 6.108426e+07 	
1.19333333e+06 	 9.853823e-04 	 6.009036e+07 	
1.21333333e+06 	 9.129253e-04 	 5.865589e+07 	
1.22666667e+06 	 8.684288e-04 	 5.773526e+07 	
1.24666667e+06 	 8.067324e-04 	 5.640468e+07 	
1.26000000e+06 	 7.686905e-04 	 5.554955e+07 	
1.28000000e+06 	 7.158780e-04 	 5.431218e+07 	
1.29333333e+06 	 6.832613e-04 	 5.351602e+07 	
1.30666667e+06 	 6.525293e-04 	 5.274176e+07 	
1.32666667e+06 	 6.096565e-04 	 5.161951e+07 	
1.34666667e+06 	 5.703346e-04 	 5.054182e+07 	
1.36000000e+06 	 5.459431e-04 	 4.984688e+07 	
1.38000000e+06 	 5.117930e-04 	 4.883791e+07 	
1.39333333e+06 	 4.905532e-04 	 4.818661e+07 	
1.41333333e+06 	 4.607567e-04 	 4.724009e+07 	
1.42666667e+06 	 4.421614e-04 	 4.662849e+07 	
1.44666667e+06 	 4.160665e-04 	 4.573890e+07 	
1.46666667e+06 	 3.919224e-04 	 4.488110e+07 	
1.48000000e+06 	 3.768119e-04 	 4.432605e+07 	
1.50000000e+06 	 3.555402e-04 	 4.351763e+07 	
1.52000000e+06 	 3.357892e-04 	 4.273685e+07 	
1.54000000e+06 	 3.174276e-04 	 4.198234e+07 	
1.56000000e+06 	 3.003387e-04 	 4.125284e+07 	
1.58000000e+06 	 2.844196e-04 	 4.054714e+07 	
1.60000000e+06 	 2.695677e-04 	 3.986411e+07 	
1.62000000e+06 	 2.556990e-04 	 3.920271e+07 	
1.64000000e+06 	 2.427337e-04 	 3.856193e+07 	
1.66000000e+06 	 2.306054e-04 	 3.794087e+07 	
1.68000000e+06 	 2.192448e-04 	 3.733862e+07 	
1.70000000e+06 	 2.085964e-04 	 3.675438e+07 	
1.72000000e+06 	 1.986039e-04 	 3.618736e+07 	
1.74000000e+06 	 1.892198e-04 	 3.563683e+07 	
1.76000000e+06 	 1.803991e-04 	 3.510209e+07 	
1.78000000e+06 	 1.721013e-04 	 3.458249e+07 	
1.80000000e+06 	 1.642892e-04 	 3.407741e+07 	
1.82000000e+06 	 1.569274e-04 	 3.358625e+07 	
1.84000000e+06 	 1.499851e-04 	 3.310847e+07 	
1.86000000e+06 	 1.434332e-04 	 3.264353e+07 	
1.88000000e+06 	 1.372458e-04 	 3.219093e+07 	
1.90000000e+06 	 1.313983e-04 	 3.175021e+07 	
1.92000000e+06 	 1.258672e-04 	 3.132090e+07 	
1.94000000e+06 	 1.206329e-04 	 3.090258e+07 	
1.96000000e+06 	 1.156752e-04 	 3.049485e+07 	
1.98000000e+06 	 1.109771e-04 	 3.009731e+07 	
2.00000000e+06 	 1.065217e-04 	 2.970959e+07 	
2.02000000e+06 	 1.022942e-04 	 2.933134e+07 	
2.04000000e+06 	 9.828009e-05 	 2.896223e+07 	
2.06000000e+06 	 9.446677e-05 	 2.860194e+07 	
2.08000000e+06 	 9.084157e-05 	 2.825016e+07 	
2.10000000e+06 	 8.739365e-05 	 2.790660e+07 	
2.12000000e+06 	 8.411240e-05 	 2.757097e+07 	
2.14000000e+06 	 8.098787e-05 	 2.724303e+07 	
2.16000000e+06 	 7.801103e-05 	 2.692249e+07 	
2.18000000e+06 	 7.517373e-05 	 2.660914e+07 	
2.20000000e+06 	 7.246815e-05 	 2.630273e+07 	
2.22000000e+06 	 6.988609e-05 	 2.600304e+07 	
2.24000000e+06 	 6.742158e-05 	 2.570986e+07 	
2.26000000e+06 	 6.506752e-05 	 2.542298e+07 	
2.28000000e+06 	 6.281801e-05 	 2.514219e+07 	
2.30000000e+06 	 6.066762e-05 	 2.486733e+07 	
2.32000000e+06 	 5.861050e-05 	 2.459820e+07 	
2.34000000e+06 	 5.664238e-05 	 2.433462e+07 	
2.36000000e+06 	 5.475857e-05 	 2.407645e+07 	
2.38000000e+06 	 5.295420e-05 	 2.382350e+07 	
2.40000000e+06 	 5.122561e-05 	 2.357564e+07 	
2.42000000e+06 	 4.956883e-05 	 2.333271e+07 	
2.44000000e+06 	 4.798011e-05 	 2.309456e+07 	
2.46000000e+06 	 4.645620e-05 	 2.286107e+07 	
2.48000000e+06 	 4.499372e-05 	 2.263209e+07 	
2.50000000e+06 	 4.358984e-05 	 2.240751e+07 	
2.52000000e+06 	 4.224157e-05 	 2.218720e+07 	
2.54000000e+06 	 4.094636e-05 	 2.197104e+07 	
2.56000000e+06 	 3.970134e-05 	 2.175892e+07 	
2.58000000e+06 	 3.850450e-05 	 2.155072e+07 	
2.60000000e+06 	 3.735357e-05 	 2.134635e+07 	
2.62000000e+06 	 3.624624e-05 	 2.114570e+07 	
2.64000000e+06 	 3.518046e-05 	 2.094867e+07 	
2.66000000e+06 	 3.415441e-05 	 2.075517e+07 	
2.68000000e+06 	 3.316635e-05 	 2.056510e+07 	
2.70000000e+06 	 3.221439e-05 	 2.037838e+07 	
2.72000000e+06 	 3.129711e-05 	 2.019492e+07 	
2.74000000e+06 	 3.041291e-05 	 2.001464e+07 	
2.76000000e+06 	 2.956034e-05 	 1.983746e+07 	
2.78000000e+06 	 2.873796e-05 	 1.966330e+07 	
2.80000000e+06 	 2.794446e-05 	 1.949208e+07 	
2.82000000e+06 	 2.717864e-05 	 1.932374e+07 	
2.84000000e+06 	 2.643937e-05 	 1.915820e+07 	
2.86000000e+06 	 2.572543e-05 	 1.899539e+07 	
2.88000000e+06 	 2.503587e-05 	 1.883526e+07 	
2.90000000e+06 	 2.436953e-05 	 1.867772e+07 	
2.92000000e+06 	 2.372558e-05 	 1.852274e+07 	
2.94000000e+06 	 2.310309e-05 	 1.837024e+07 	
2.96000000e+06 	 2.250113e-05 	 1.822016e+07 	
2.98000000e+06 	 2.191888e-05 	 1.807246e+07 	
3.00000000e+06 	 2.135555e-05 	 1.792706e+07 	
3.02000000e+06 	 2.081043e-05 	 1.778394e+07 	
3.04000000e+06 	 2.028274e-05 	 1.764302e+07 	
3.06000000e+06 	 1.977184e-05 	 1.750427e+07 	
3.08000000e+06 	 1.927709e-05 	 1.736763e+07 	
3.10000000e+06 	 1.879781e-05 	 1.723305e+07 	
3.12000000e+06 	 1.833347e-05 	 1.710050e+07 	
3.14000000e+06 	 1.788344e-05 	 1.696993e+07 	
3.16000000e+06 	 1.744721e-05 	 1.684129e+07 	
3.18000000e+06 	 1.702427e-05 	 1.671454e+07 	
3.20000000e+06 	 1.661409e-05 	 1.658964e+07 	
3.22000000e+06 	 1.621623e-05 	 1.646656e+07 	
3.24000000e+06 	 1.583024e-05 	 1.634525e+07 	
3.26000000e+06 	 1.545566e-05 	 1.622567e+07 	
3.28000000e+06 	 1.509210e-05 	 1.610780e+07 	
3.30000000e+06 	 1.473913e-05 	 1.599159e+07 	
3.32000000e+06 	 1.439640e-05 	 1.587702e+07 	
3.34000000e+06 	 1.406355e-05 	 1.576404e+07 	
3.36000000e+06 	 1.374021e-05 	 1.565263e+07 	
3.38000000e+06 	 1.342604e-05 	 1.554275e+07 	
3.40000000e+06 	 1.312074e-05 	 1.543438e+07 	
3.42000000e+06 	 1.282401e-05 	 1.532748e+07 	
3.44000000e+06 	 1.253552e-05 	 1.522202e+07 	
3.46000000e+06 	 1.225501e-05 	 1.511798e+07 	
3.48000000e+06 	 1.198222e-05 	 1.501532e+07 	
3.50000000e+06 	 1.171688e-05 	 1.491403e+07 	
3.52000000e+06 	 1.145872e-05 	 1.481407e+07 	
3.54000000e+06 	 1.120753e-05 	 1.471542e+07 	
3.56000000e+06 	 1.096306e-05 	 1.461806e+07 	
3.58000000e+06 	 1.072509e-05 	 1.452196e+07 	
3.60000000e+06 	 1.049341e-05 	 1.442709e+07 	
3.62000000e+06 	 1.026782e-05 	 1.433343e+07 	
3.64000000e+06 	 1.004813e-05 	 1.424097e+07 	
3.66000000e+06 	 9.834123e-06 	 1.414967e+07 	
3.68000000e+06 	 9.625638e-06 	 1.405952e+07 	
3.70000000e+06 	 9.422498e-06 	 1.397050e+07 	
3.72000000e+06 	 9.224526e-06 	 1.388258e+07 	
3.74000000e+06 	 9.031568e-06 	 1.379575e+07 	
3.76000000e+06 	 8.843465e-06 	 1.370998e+07 	
3.78000000e+06 	 8.660064e-06 	 1.362526e+07 	
3.80000000e+06 	 8.481222e-06 	 1.354157e+07 	
3.82000000e+06 	 8.306797e-06 	 1.345889e+07 	
3.84000000e+06 	 8.136658e-06 	 1.337720e+07 	
3.86000000e+06 	 7.970668e-06 	 1.329649e+07 	
3.88000000e+06 	 7.808707e-06 	 1.321673e+07 	
3.90000000e+06 	 7.650658e-06 	 1.313792e+07 	
3.92000000e+06 	 7.496398e-06 	 1.306003e+07 	
3.94000000e+06 	 7.345814e-06 	 1.298305e+07 	
3.96000000e+06 	 7.198800e-06 	 1.290697e+07 	
4.00000000e+06 	 6.915068e-06 	 1.275742e+07 	
4.00050050e+06 	 6.911602e-06 	 1.275557e+07 	
4.00100100e+06 	 6.908138e-06 	 1.275372e+07 	
4.00150150e+06 	 6.904677e-06 	 1.275188e+07 	
4.00200200e+06 	 6.901217e-06 	 1.275003e+07 	
4.00250250e+06 	 6.897759e-06 	 1.274818e+07 	
4.00300300e+06 	 6.894304e-06 	 1.274633e+07 	
4.00350350e+06 	 6.890850e-06 	 1.274449e+07 	
4.00400400e+06 	 6.887399e-06 	 1.274264e+07 	
4.00450450e+06 	 6.883949e-06 	 1.274080e+07 	
4.00500501e+06 	 6.880501e-06 	 1.273895e+07 	
4.00550551e+06 	 6.877056e-06 	 1.273711e+07 	
4.00600601e+06 	 6.873613e-06 	 1.273526e+07 	
4.00650651e+06 	 6.870171e-06 	 1.273342e+07 	
4.00700701e+06 	 6.866732e-06 	 1.273158e+07 	
4.00750751e+06 	 6.863294e-06 	 1.272974e+07 	
4.00800801e+06 	 6.859859e-06 	 1.272790e+07 	
4.00850851e+06 	 6.856426e-06 	 1.272605e+07 	
4.00900901e+06 	 6.852995e-06 	 1.272421e+07 	
4.00950951e+06 	 6.849565e-06 	 1.272237e+07 	
4.01001001e+06 	 6.846138e-06 	 1.272053e+07 	
4.01051051e+06 	 6.842713e-06 	 1.271870e+07 	
4.01101101e+06 	 6.839289e-06 	 1.271686e+07 	
4.01151151e+06 	 6.835868e-06 	 1.271502e+07 	
4.01201201e+06 	 6.832449e-06 	 1.271318e+07 	
4.01251251e+06 	 6.829032e-06 	 1.271135e+07 	
4.01301301e+06 	 6.825617e-06 	 1.270951e+07 	
4.01351351e+06 	 6.822203e-06 	 1.270767e+07 	
4.01401401e+06 	 6.818792e-06 	 1.270584e+07 	
4.01451451e+06 	 6.815383e-06 	 1.270400e+07 	
4.01501502e+06 	 6.811976e-06 	 1.270217e+07 	
4.01551552e+06 	 6.808571e-06 	 1.270034e+07 	
4.01601602e+06 	 6.805168e-06 	 1.269850e+07 	
4.01651652e+06 	 6.801766e-06 	 1.269667e+07 	
4.01701702e+06 	 6.798367e-06 	 1.269484e+07 	
4.01751752e+06 	 6.794970e-06 	 1.269301e+07 	
4.01801802e+06 	 6.791575e-06 	 1.269118e+07 	
4.01851852e+06 	 6.788182e-06 	 1.268935e+07 	
4.01901902e+06 	 6.784790e-06 	 1.268752e+07 	
4.01951952e+06 	 6.781401e-06 	 1.268569e+07 	
4.02002002e+06 	 6.778014e-06 	 1.268386e+07 	
4.02052052e+06 	 6.774629e-06 	 1.268203e+07 	
4.02102102e+06 	 6.771245e-06 	 1.268020e+07 	
4.02152152e+06 	 6.767864e-06 	 1.267837e+07 	
4.02202202e+06 	 6.764485e-06 	 1.267655e+07 	
4.02252252e+06 	 6.761107e-06 	 1.267472e+07 	
4.02302302e+06 	 6.757732e-06 	 1.267290e+07 	
4.02352352e+06 	 6.754359e-06 	 1.267107e+07 	
4.02402402e+06 	 6.750987e-06 	 1.266925e+07 	
4.02452452e+06 	 6.747618e-06 	 1.266742e+07 	
4.02502503e+06 	 6.744250e-06 	 1.266560e+07 	
4.02552553e+06 	 6.740885e-06 	 1.266378e+07 	
4.02602603e+06 	 6.737521e-06 	 1.266195e+07 	
4.02652653e+06 	 6.734160e-06 	 1.266013e+07 	
4.02702703e+06 	 6.730800e-06 	 1.265831e+07 	
4.02752753e+06 	 6.727443e-06 	 1.265649e+07 	
4.02802803e+06 	 6.724087e-06 	 1.265467e+07 	
4.02852853e+06 	 6.720733e-06 	 1.265285e+07 	
4.02902903e+06 	 6.717382e-06 	 1.265103e+07 	
4.02952953e+06 	 6.714032e-06 	 1.264921e+07 	
4.03003003e+06 	 6.710684e-06 	 1.264739e+07 	
4.03053053e+06 	 6.707338e-06 	 1.264557e+07 	
4.03103103e+06 	 6.703994e-06 	 1.264376e+07 	
4.03153153e+06 	 6.700653e-06 	 1.264194e+07 	
4.03203203e+06 	 6.697313e-06 	 1.264012e+07 	
4.03253253e+06 	 6.693975e-06 	 1.263831e+07 	
4.03303303e+06 	 6.690638e-06 	 1.263649e+07 	
4.03353353e+06 	 6.687304e-06 	 1.263468e+07 	
4.03403403e+06 	 6.683972e-06 	 1.263286e+07 	
4.03453453e+06 	 6.680642e-06 	 1.263105e+07 	
4.03503504e+06 	 6.677314e-06 	 1.262924e+07 	
4.03553554e+06 	 6.673987e-06 	 1.262742e+07 	
4.03603604e+06 	 6.670663e-06 	 1.262561e+07 	
4.03653654e+06 	 6.667341e-06 	 1.262380e+07 	
4.03703704e+06 	 6.664020e-06 	 1.262199e+07 	
4.03753754e+06 	 6.660701e-06 	 1.262018e+07 	
4.03803804e+06 	 6.657385e-06 	 1.261837e+07 	
4.03853854e+06 	 6.654070e-06 	 1.261656e+07 	
4.03903904e+06 	 6.650757e-06 	 1.261475e+07 	
4.03953954e+06 	 6.647446e-06 	 1.261294e+07 	
4.04004004e+06 	 6.644138e-06 	 1.261113e+07 	
4.04054054e+06 	 6.640831e-06 	 1.260932e+07 	
4.04104104e+06 	 6.637526e-06 	 1.260752e+07 	
4.04154154e+06 	 6.634222e-06 	 1.260571e+07 	
4.04204204e+06 	 6.630921e-06 	 1.260390e+07 	
4.04254254e+06 	 6.627622e-06 	 1.260210e+07 	
4.04304304e+06 	 6.624325e-06 	 1.260029e+07 	
4.04354354e+06 	 6.621029e-06 	 1.259849e+07 	
4.04404404e+06 	 6.617736e-06 	 1.259669e+07 	
4.04454454e+06 	 6.614444e-06 	 1.259488e+07 	
4.04504505e+06 	 6.611154e-06 	 1.259308e+07 	
4.04554555e+06 	 6.607867e-06 	 1.259128e+07 	
4.04604605e+06 	 6.604581e-06 	 1.258947e+07 	
4.04654655e+06 	 6.601297e-06 	 1.258767e+07 	
4.04704705e+06 	 6.598015e-06 	 1.258587e+07 	
4.04754755e+06 	 6.594735e-06 	 1.258407e+07 	
4.04804805e+06 	 6.591456e-06 	 1.258227e+07 	
4.04854855e+06 	 6.588180e-06 	 1.258047e+07 	
4.04904905e+06 	 6.584906e-06 	 1.257867e+07 	
4.04954955e+06 	 6.581633e-06 	 1.257688e+07 	
4.05005005e+06 	 6.578363e-06 	 1.257508e+07 	
4.05055055e+06 	 6.575094e-06 	 1.257328e+07 	
4.05105105e+06 	 6.571827e-06 	 1.257148e+07 	
4.05155155e+06 	 6.568562e-06 	 1.256969e+07 	
4.05205205e+06 	 6.565299e-06 	 1.256789e+07 	
4.05255255e+06 	 6.562038e-06 	 1.256610e+07 	
4.05305305e+06 	 6.558779e-06 	 1.256430e+07 	
4.05355355e+06 	 6.555522e-06 	 1.256251e+07 	
4.05405405e+06 	 6.552267e-06 	 1.256071e+07 	
4.05455455e+06 	 6.549013e-06 	 1.255892e+07 	
4.05505506e+06 	 6.545762e-06 	 1.255713e+07 	
4.05555556e+06 	 6.542512e-06 	 1.255534e+07 	
4.05605606e+06 	 6.539264e-06 	 1.255354e+07 	
4.05655656e+06 	 6.536018e-06 	 1.255175e+07 	
4.05705706e+06 	 6.532774e-06 	 1.254996e+07 	
4.05755756e+06 	 6.529532e-06 	 1.254817e+07 	
4.05805806e+06 	 6.526292e-06 	 1.254638e+07 	
4.05855856e+06 	 6.523053e-06 	 1.254459e+07 	
4.05905906e+06 	 6.519817e-06 	 1.254280e+07 	
4.05955956e+06 	 6.516582e-06 	 1.254102e+07 	
4.06006006e+06 	 6.513349e-06 	 1.253923e+07 	
4.06056056e+06 	 6.510118e-06 	 1.253744e+07 	
4.06106106e+06 	 6.506889e-06 	 1.253565e+07 	
4.06156156e+06 	 6.503662e-06 	 1.253387e+07 	
4.06206206e+06 	 6.500437e-06 	 1.253208e+07 	
4.06256256e+06 	 6.497213e-06 	 1.253030e+07 	
4.06306306e+06 	 6.493992e-06 	 1.252851e+07 	
4.06356356e+06 	 6.490772e-06 	 1.252673e+07 	
4.06406406e+06 	 6.487554e-06 	 1.252495e+07 	
4.06456456e+06 	 6.484338e-06 	 1.252316e+07 	
4.06506507e+06 	 6.481124e-06 	 1.252138e+07 	
4.06556557e+06 	 6.477911e-06 	 1.251960e+07 	
4.06606607e+06 	 6.474701e-06 	 1.251782e+07 	
4.06656657e+06 	 6.471492e-06 	 1.251603e+07 	
4.06706707e+06 	 6.468286e-06 	 1.251425e+07 	
4.06756757e+06 	 6.465081e-06 	 1.251247e+07 	
4.06806807e+06 	 6.461878e-06 	 1.251069e+07 	
4.06856857e+06 	 6.458677e-06 	 1.250892e+07 	
4.06906907e+06 	 6.455477e-06 	 1.250714e+07 	
4.06956957e+06 	 6.452280e-06 	 1.250536e+07 	
4.07007007e+06 	 6.449084e-06 	 1.250358e+07 	
4.07057057e+06 	 6.445890e-06 	 1.250180e+07 	
4.07107107e+06 	 6.442698e-06 	 1.250003e+07 	
4.07157157e+06 	 6.439508e-06 	 1.249825e+07 	
4.07207207e+06 	 6.436320e-06 	 1.249648e+07 	
4.07257257e+06 	 6.433134e-06 	 1.249470e+07 	
4.07307307e+06 	 6.429949e-06 	 1.249293e+07 	
4.07357357e+06 	 6.426766e-06 	 1.249115e+07 	
4.07407407e+06 	 6.423585e-06 	 1.248938e+07 	
4.07457457e+06 	 6.420406e-06 	 1.248761e+07 	
4.07507508e+06 	 6.417229e-06 	 1.248583e+07 	
4.07557558e+06 	 6.414054e-06 	 1.248406e+07 	
4.07607608e+06 	 6.410880e-06 	 1.248229e+07 	
4.07657658e+06 	 6.407708e-06 	 1.248052e+07 	
4.07707708e+06 	 6.404538e-06 	 1.247875e+07 	
4.07757758e+06 	 6.401370e-06 	 1.247698e+07 	
4.07807808e+06 	 6.398204e-06 	 1.247521e+07 	
4.07857858e+06 	 6.395040e-06 	 1.247344e+07 	
4.07907908e+06 	 6.391877e-06 	 1.247167e+07 	
4.07957958e+06 	 6.388716e-06 	 1.246990e+07 	
4.08008008e+06 	 6.385557e-06 	 1.246814e+07 	
4.08058058e+06 	 6.382400e-06 	 1.246637e+07 	
4.08108108e+06 	 6.379245e-06 	 1.246460e+07 	
4.08158158e+06 	 6.376091e-06 	 1.246284e+07 	
4.08208208e+06 	 6.372940e-06 	 1.246107e+07 	
4.08258258e+06 	 6.369790e-06 	 1.245930e+07 	
4.08308308e+06 	 6.366642e-06 	 1.245754e+07 	
4.08358358e+06 	 6.363495e-06 	 1.245578e+07 	
4.08408408e+06 	 6.360351e-06 	 1.245401e+07 	
4.08458458e+06 	 6.357208e-06 	 1.245225e+07 	
4.08508509e+06 	 6.354067e-06 	 1.245049e+07 	
4.08558559e+06 	 6.350928e-06 	 1.244872e+07 	
4.08608609e+06 	 6.347791e-06 	 1.244696e+07 	
4.08658659e+06 	 6.344656e-06 	 1.244520e+07 	
4.08708709e+06 	 6.341522e-06 	 1.244344e+07 	
4.08758759e+06 	 6.338390e-06 	 1.244168e+07 	
4.08808809e+06 	 6.335260e-06 	 1.243992e+07 	
4.08858859e+06 	 6.332132e-06 	 1.243816e+07 	
4.08908909e+06 	 6.329006e-06 	 1.243640e+07 	
4.08958959e+06 	 6.325881e-06 	 1.243465e+07 	
4.09009009e+06 	 6.322758e-06 	 1.243289e+07 	
4.09059059e+06 	 6.319637e-06 	 1.243113e+07 	
4.09109109e+06 	 6.316518e-06 	 1.242937e+07 	
4.09159159e+06 	 6.313401e-06 	 1.242762e+07 	
4.09209209e+06 	 6.310285e-06 	 1.242586e+07 	
4.09259259e+06 	 6.307171e-06 	 1.242411e+07 	
4.09309309e+06 	 6.304059e-06 	 1.242235e+07 	
4.09359359e+06 	 6.300949e-06 	 1.242060e+07 	
4.09409409e+06 	 6.297841e-06 	 1.241884e+07 	
4.09459459e+06 	 6.294734e-06 	 1.241709e+07 	
4.09509510e+06 	 6.291629e-06 	 1.241534e+07 	
4.09559560e+06 	 6.288526e-06 	 1.241359e+07 	
4.09609610e+06 	 6.285424e-06 	 1.241183e+07 	
4.09659660e+06 	 6.282325e-06 	 1.241008e+07 	
4.09709710e+06 	 6.279227e-06 	 1.240833e+07 	
4.09759760e+06 	 6.276131e-06 	 1.240658e+07 	
4.09809810e+06 	 6.273037e-06 	 1.240483e+07 	
4.09859860e+06 	 6.269944e-06 	 1.240308e+07 	
4.09909910e+06 	 6.266854e-06 	 1.240133e+07 	
4.09959960e+06 	 6.263765e-06 	 1.239959e+07 	
4.10010010e+06 	 6.260678e-06 	 1.239784e+07 	
4.10060060e+06 	 6.257592e-06 	 1.239609e+07 	
4.10110110e+06 	 6.254509e-06 	 1.239434e+07 	
4.10160160e+06 	 6.251427e-06 	 1.239260e+07 	
4.10210210e+06 	 6.248347e-06 	 1.239085e+07 	
4.10260260e+06 	 6.245269e-06 	 1.238911e+07 	
4.10310310e+06 	 6.242192e-06 	 1.238736e+07 	
4.10360360e+06 	 6.239117e-06 	 1.238562e+07 	
4.10410410e+06 	 6.236044e-06 	 1.238387e+07 	
4.10460460e+06 	 6.232973e-06 	 1.238213e+07 	
4.10510511e+06 	 6.229904e-06 	 1.238039e+07 	
4.10560561e+06 	 6.226836e-06 	 1.237864e+07 	
4.10610611e+06 	 6.223770e-06 	 1.237690e+07 	
4.10660661e+06 	 6.220706e-06 	 1.237516e+07 	
4.10710711e+06 	 6.217643e-06 	 1.237342e+07 	
4.10760761e+06 	 6.214582e-06 	 1.237168e+07 	
4.10810811e+06 	 6.211523e-06 	 1.236994e+07 	
4.10860861e+06 	 6.208466e-06 	 1.236820e+07 	
4.10910911e+06 	 6.205411e-06 	 1.236646e+07 	
4.10960961e+06 	 6.202357e-06 	 1.236472e+07 	
4.11011011e+06 	 6.199305e-06 	 1.236298e+07 	
4.11061061e+06 	 6.196255e-06 	 1.236125e+07 	
4.11111111e+06 	 6.193206e-06 	 1.235951e+07 	
4.11161161e+06 	 6.190160e-06 	 1.235777e+07 	
4.11211211e+06 	 6.187115e-06 	 1.235604e+07 	
4.11261261e+06 	 6.184071e-06 	 1.235430e+07 	
4.11311311e+06 	 6.181030e-06 	 1.235257e+07 	
4.11361361e+06 	 6.177990e-06 	 1.235083e+07 	
4.11411411e+06 	 6.174952e-06 	 1.234910e+07 	
4.11461461e+06 	 6.171916e-06 	 1.234736e+07 	
4.11511512e+06 	 6.168881e-06 	 1.234563e+07 	
4.11561562e+06 	 6.165848e-06 	 1.234390e+07 	
4.11611612e+06 	 6.162817e-06 	 1.234217e+07 	
4.11661662e+06 	 6.159788e-06 	 1.234043e+07 	
4.11711712e+06 	 6.156760e-06 	 1.233870e+07 	
4.11761762e+06 	 6.153734e-06 	 1.233697e+07 	
4.11811812e+06 	 6.150710e-06 	 1.233524e+07 	
4.11861862e+06 	 6.147688e-06 	 1.233351e+07 	
4.11911912e+06 	 6.144667e-06 	 1.233178e+07 	
4.11961962e+06 	 6.141648e-06 	 1.233005e+07 	
4.12012012e+06 	 6.138631e-06 	 1.232833e+07 	
4.12062062e+06 	 6.135615e-06 	 1.232660e+07 	
4.12112112e+06 	 6.132601e-06 	 1.232487e+07 	
4.12162162e+06 	 6.129589e-06 	 1.232314e+07 	
4.12212212e+06 	 6.126579e-06 	 1.232142e+07 	
4.12262262e+06 	 6.123570e-06 	 1.231969e+07 	
4.12312312e+06 	 6.120563e-06 	 1.231797e+07 	
4.12362362e+06 	 6.117558e-06 	 1.231624e+07 	
4.12412412e+06 	 6.114554e-06 	 1.231452e+07 	
4.12462462e+06 	 6.111552e-06 	 1.231279e+07 	
4.12512513e+06 	 6.108552e-06 	 1.231107e+07 	
4.12562563e+06 	 6.105554e-06 	 1.230935e+07 	
4.12612613e+06 	 6.102557e-06 	 1.230762e+07 	
4.12662663e+06 	 6.099562e-06 	 1.230590e+07 	
4.12712713e+06 	 6.096569e-06 	 1.230418e+07 	
4.12762763e+06 	 6.093577e-06 	 1.230246e+07 	
4.12812813e+06 	 6.090587e-06 	 1.230074e+07 	
4.12862863e+06 	 6.087599e-06 	 1.229902e+07 	
4.12912913e+06 	 6.084612e-06 	 1.229730e+07 	
4.12962963e+06 	 6.081628e-06 	 1.229558e+07 	
4.13013013e+06 	 6.078645e-06 	 1.229386e+07 	
4.13063063e+06 	 6.075663e-06 	 1.229214e+07 	
4.13113113e+06 	 6.072683e-06 	 1.229042e+07 	
4.13163163e+06 	 6.069705e-06 	 1.228871e+07 	
4.13213213e+06 	 6.066729e-06 	 1.228699e+07 	
4.13263263e+06 	 6.063754e-06 	 1.228527e+07 	
4.13313313e+06 	 6.060781e-06 	 1.228356e+07 	
4.13363363e+06 	 6.057810e-06 	 1.228184e+07 	
4.13413413e+06 	 6.054840e-06 	 1.228013e+07 	
4.13463463e+06 	 6.051873e-06 	 1.227841e+07 	
4.13513514e+06 	 6.048906e-06 	 1.227670e+07 	
4.13563564e+06 	 6.045942e-06 	 1.227498e+07 	
4.13613614e+06 	 6.042979e-06 	 1.227327e+07 	
4.13663664e+06 	 6.040018e-06 	 1.227156e+07 	
4.13713714e+06 	 6.037058e-06 	 1.226985e+07 	
4.13763764e+06 	 6.034100e-06 	 1.226814e+07 	
4.13813814e+06 	 6.031144e-06 	 1.226642e+07 	
4.13863864e+06 	 6.028190e-06 	 1.226471e+07 	
4.13913914e+06 	 6.025237e-06 	 1.226300e+07 	
4.13963964e+06 	 6.022286e-06 	 1.226129e+07 	
4.14014014e+06 	 6.019336e-06 	 1.225958e+07 	
4.14064064e+06 	 6.016389e-06 	 1.225788e+07 	
4.14114114e+06 	 6.013443e-06 	 1.225617e+07 	
4.14164164e+06 	 6.010498e-06 	 1.225446e+07 	
4.14214214e+06 	 6.007555e-06 	 1.225275e+07 	
4.14264264e+06 	 6.004614e-06 	 1.225105e+07 	
4.14314314e+06 	 6.001675e-06 	 1.224934e+07 	
4.14364364e+06 	 5.998737e-06 	 1.224763e+07 	
4.14414414e+06 	 5.995801e-06 	 1.224593e+07 	
4.14464464e+06 	 5.992866e-06 	 1.224422e+07 	
4.14514515e+06 	 5.989934e-06 	 1.224252e+07 	
4.14564565e+06 	 5.987003e-06 	 1.224081e+07 	
4.14614615e+06 	 5.984073e-06 	 1.223911e+07 	
4.14664665e+06 	 5.981145e-06 	 1.223741e+07 	
4.14714715e+06 	 5.978219e-06 	 1.223570e+07 	
4.14764765e+06 	 5.975294e-06 	 1.223400e+07 	
4.14814815e+06 	 5.972372e-06 	 1.223230e+07 	
4.14864865e+06 	 5.969450e-06 	 1.223060e+07 	
4.14914915e+06 	 5.966531e-06 	 1.222890e+07 	
4.14964965e+06 	 5.963613e-06 	 1.222720e+07 	
4.15015015e+06 	 5.960697e-06 	 1.222550e+07 	
4.15065065e+06 	 5.957782e-06 	 1.222380e+07 	
4.15115115e+06 	 5.954869e-06 	 1.222210e+07 	
4.15165165e+06 	 5.951958e-06 	 1.222040e+07 	
4.15215215e+06 	 5.949048e-06 	 1.221870e+07 	
4.15265265e+06 	 5.946140e-06 	 1.221701e+07 	
4.15315315e+06 	 5.943234e-06 	 1.221531e+07 	
4.15365365e+06 	 5.940329e-06 	 1.221361e+07 	
4.15415415e+06 	 5.937426e-06 	 1.221192e+07 	
4.15465465e+06 	 5.934524e-06 	 1.221022e+07 	
4.15515516e+06 	 5.931625e-06 	 1.220853e+07 	
4.15565566e+06 	 5.928726e-06 	 1.220683e+07 	
4.15615616e+06 	 5.925830e-06 	 1.220514e+07 	
4.15665666e+06 	 5.922935e-06 	 1.220344e+07 	
4.15715716e+06 	 5.920042e-06 	 1.220175e+07 	
4.15765766e+06 	 5.917150e-06 	 1.220006e+07 	
4.15815816e+06 	 5.914260e-06 	 1.219837e+07 	
4.15865866e+06 	 5.911372e-06 	 1.219667e+07 	
4.15915916e+06 	 5.908485e-06 	 1.219498e+07 	
4.15965966e+06 	 5.905600e-06 	 1.219329e+07 	
4.16016016e+06 	 5.902716e-06 	 1.219160e+07 	
4.16066066e+06 	 5.899834e-06 	 1.218991e+07 	
4.16116116e+06 	 5.896954e-06 	 1.218822e+07 	
4.16166166e+06 	 5.894075e-06 	 1.218653e+07 	
4.16216216e+06 	 5.891198e-06 	 1.218484e+07 	
4.16266266e+06 	 5.888323e-06 	 1.218316e+07 	
4.16316316e+06 	 5.885449e-06 	 1.218147e+07 	
4.16366366e+06 	 5.882577e-06 	 1.217978e+07 	
4.16416416e+06 	 5.879706e-06 	 1.217809e+07 	
4.16466466e+06 	 5.876837e-06 	 1.217641e+07 	
4.16516517e+06 	 5.873970e-06 	 1.217472e+07 	
4.16566567e+06 	 5.871104e-06 	 1.217304e+07 	
4.16616617e+06 	 5.868240e-06 	 1.217135e+07 	
4.16666667e+06 	 5.865377e-06 	 1.216967e+07 	
4.16716717e+06 	 5.862516e-06 	 1.216798e+07 	
4.16766767e+06 	 5.859657e-06 	 1.216630e+07 	
4.16816817e+06 	 5.856799e-06 	 1.216462e+07 	
4.16866867e+06 	 5.853943e-06 	 1.216294e+07 	
4.16916917e+06 	 5.851089e-06 	 1.216125e+07 	
4.16966967e+06 	 5.848236e-06 	 1.215957e+07 	
4.17017017e+06 	 5.845385e-06 	 1.215789e+07 	
4.17067067e+06 	 5.842535e-06 	 1.215621e+07 	
4.17117117e+06 	 5.839687e-06 	 1.215453e+07 	
4.17167167e+06 	 5.836840e-06 	 1.215285e+07 	
4.17217217e+06 	 5.833995e-06 	 1.215117e+07 	
4.17267267e+06 	 5.831152e-06 	 1.214949e+07 	
4.17317317e+06 	 5.828310e-06 	 1.214781e+07 	
4.17367367e+06 	 5.825470e-06 	 1.214614e+07 	
4.17417417e+06 	 5.822632e-06 	 1.214446e+07 	
4.17467467e+06 	 5.819795e-06 	 1.214278e+07 	
4.17517518e+06 	 5.816959e-06 	 1.214110e+07 	
4.17567568e+06 	 5.814126e-06 	 1.213943e+07 	
4.17617618e+06 	 5.811293e-06 	 1.213775e+07 	
4.17667668e+06 	 5.808463e-06 	 1.213608e+07 	
4.17717718e+06 	 5.805634e-06 	 1.213440e+07 	
4.17767768e+06 	 5.802806e-06 	 1.213273e+07 	
4.17817818e+06 	 5.799981e-06 	 1.213106e+07 	
4.17867868e+06 	 5.797156e-06 	 1.212938e+07 	
4.17917918e+06 	 5.794334e-06 	 1.212771e+07 	
4.17967968e+06 	 5.791513e-06 	 1.212604e+07 	
4.18018018e+06 	 5.788693e-06 	 1.212436e+07 	
4.18068068e+06 	 5.785875e-06 	 1.212269e+07 	
4.18118118e+06 	 5.783059e-06 	 1.212102e+07 	
4.18168168e+06 	 5.780244e-06 	 1.211935e+07 	
4.18218218e+06 	 5.777431e-06 	 1.211768e+07 	
4.18268268e+06 	 5.774619e-06 	 1.211601e+07 	
4.18318318e+06 	 5.771809e-06 	 1.211434e+07 	
4.18368368e+06 	 5.769001e-06 	 1.211267e+07 	
4.18418418e+06 	 5.766194e-06 	 1.211101e+07 	
4.18468468e+06 	 5.763389e-06 	 1.210934e+07 	
4.18518519e+06 	 5.760585e-06 	 1.210767e+07 	
4.18568569e+06 	 5.757783e-06 	 1.210600e+07 	
4.18618619e+06 	 5.754982e-06 	 1.210434e+07 	
4.18668669e+06 	 5.752183e-06 	 1.210267e+07 	
4.18718719e+06 	 5.749386e-06 	 1.210101e+07 	
4.18768769e+06 	 5.746590e-06 	 1.209934e+07 	
4.18818819e+06 	 5.743795e-06 	 1.209768e+07 	
4.18868869e+06 	 5.741002e-06 	 1.209601e+07 	
4.18918919e+06 	 5.738211e-06 	 1.209435e+07 	
4.18968969e+06 	 5.735422e-06 	 1.209269e+07 	
4.19019019e+06 	 5.732633e-06 	 1.209102e+07 	
4.19069069e+06 	 5.729847e-06 	 1.208936e+07 	
4.19119119e+06 	 5.727062e-06 	 1.208770e+07 	
4.19169169e+06 	 5.724278e-06 	 1.208604e+07 	
4.19219219e+06 	 5.721497e-06 	 1.208438e+07 	
4.19269269e+06 	 5.718716e-06 	 1.208272e+07 	
4.19319319e+06 	 5.715937e-06 	 1.208106e+07 	
4.19369369e+06 	 5.713160e-06 	 1.207940e+07 	
4.19419419e+06 	 5.710385e-06 	 1.207774e+07 	
4.19469469e+06 	 5.707610e-06 	 1.207608e+07 	
4.19519520e+06 	 5.704838e-06 	 1.207442e+07 	
4.19569570e+06 	 5.702067e-06 	 1.207276e+07 	
4.19619620e+06 	 5.699297e-06 	 1.207111e+07 	
4.19669670e+06 	 5.696529e-06 	 1.206945e+07 	
4.19719720e+06 	 5.693763e-06 	 1.206779e+07 	
4.19769770e+06 	 5.690998e-06 	 1.206614e+07 	
4.19819820e+06 	 5.688235e-06 	 1.206448e+07 	
4.19869870e+06 	 5.685473e-06 	 1.206283e+07 	
4.19919920e+06 	 5.682713e-06 	 1.206117e+07 	
4.19969970e+06 	 5.679954e-06 	 1.205952e+07 	
4.20020020e+06 	 5.677197e-06 	 1.205786e+07 	
4.20070070e+06 	 5.674441e-06 	 1.205621e+07 	
4.20120120e+06 	 5.671687e-06 	 1.205456e+07 	
4.20170170e+06 	 5.668935e-06 	 1.205290e+07 	
4.20220220e+06 	 5.666184e-06 	 1.205125e+07 	
4.20270270e+06 	 5.663434e-06 	 1.204960e+07 	
4.20320320e+06 	 5.660686e-06 	 1.204795e+07 	
4.20370370e+06 	 5.657940e-06 	 1.204630e+07 	
4.20420420e+06 	 5.655195e-06 	 1.204465e+07 	
4.20470470e+06 	 5.652452e-06 	 1.204300e+07 	
4.20520521e+06 	 5.649710e-06 	 1.204135e+07 	
4.20570571e+06 	 5.646970e-06 	 1.203970e+07 	
4.20620621e+06 	 5.644231e-06 	 1.203805e+07 	
4.20670671e+06 	 5.641494e-06 	 1.203641e+07 	
4.20720721e+06 	 5.638758e-06 	 1.203476e+07 	
4.20770771e+06 	 5.636024e-06 	 1.203311e+07 	
4.20820821e+06 	 5.633291e-06 	 1.203147e+07 	
4.20870871e+06 	 5.630560e-06 	 1.202982e+07 	
4.20920921e+06 	 5.627830e-06 	 1.202817e+07 	
4.20970971e+06 	 5.625102e-06 	 1.202653e+07 	
4.21021021e+06 	 5.622375e-06 	 1.202488e+07 	
4.21071071e+06 	 5.619650e-06 	 1.202324e+07 	
4.21121121e+06 	 5.616927e-06 	 1.202160e+07 	
4.21171171e+06 	 5.614205e-06 	 1.201995e+07 	
4.21221221e+06 	 5.611484e-06 	 1.201831e+07 	
4.21271271e+06 	 5.608765e-06 	 1.201667e+07 	
4.21321321e+06 	 5.606048e-06 	 1.201502e+07 	
4.21371371e+06 	 5.603332e-06 	 1.201338e+07 	
4.21421421e+06 	 5.600617e-06 	 1.201174e+07 	
4.21471471e+06 	 5.597904e-06 	 1.201010e+07 	
4.21521522e+06 	 5.595193e-06 	 1.200846e+07 	
4.21571572e+06 	 5.592483e-06 	 1.200682e+07 	
4.21621622e+06 	 5.589774e-06 	 1.200518e+07 	
4.21671672e+06 	 5.587067e-06 	 1.200354e+07 	
4.21721722e+06 	 5.584362e-06 	 1.200190e+07 	
4.21771772e+06 	 5.581658e-06 	 1.200027e+07 	
4.21821822e+06 	 5.578955e-06 	 1.199863e+07 	
4.21871872e+06 	 5.576254e-06 	 1.199699e+07 	
4.21921922e+06 	 5.573555e-06 	 1.199536e+07 	
4.21971972e+06 	 5.570857e-06 	 1.199372e+07 	
4.22022022e+06 	 5.568160e-06 	 1.199208e+07 	
4.22072072e+06 	 5.565465e-06 	 1.199045e+07 	
4.22122122e+06 	 5.562772e-06 	 1.198881e+07 	
4.22172172e+06 	 5.560080e-06 	 1.198718e+07 	
4.22222222e+06 	 5.557389e-06 	 1.198555e+07 	
4.22272272e+06 	 5.554700e-06 	 1.198391e+07 	
4.22322322e+06 	 5.552013e-06 	 1.198228e+07 	
4.22372372e+06 	 5.549327e-06 	 1.198065e+07 	
4.22422422e+06 	 5.546642e-06 	 1.197901e+07 	
4.22472472e+06 	 5.543959e-06 	 1.197738e+07 	
4.22522523e+06 	 5.541278e-06 	 1.197575e+07 	
4.22572573e+06 	 5.538597e-06 	 1.197412e+07 	
4.22622623e+06 	 5.535919e-06 	 1.197249e+07 	
4.22672673e+06 	 5.533242e-06 	 1.197086e+07 	
4.22722723e+06 	 5.530566e-06 	 1.196923e+07 	
4.22772773e+06 	 5.527892e-06 	 1.196760e+07 	
4.22822823e+06 	 5.525219e-06 	 1.196597e+07 	
4.22872873e+06 	 5.522548e-06 	 1.196434e+07 	
4.22922923e+06 	 5.519878e-06 	 1.196272e+07 	
4.22972973e+06 	 5.517210e-06 	 1.196109e+07 	
4.23023023e+06 	 5.514543e-06 	 1.195946e+07 	
4.23073073e+06 	 5.511878e-06 	 1.195784e+07 	
4.23123123e+06 	 5.509214e-06 	 1.195621e+07 	
4.23173173e+06 	 5.506552e-06 	 1.195458e+07 	
4.23223223e+06 	 5.503891e-06 	 1.195296e+07 	
4.23273273e+06 	 5.501231e-06 	 1.195133e+07 	
4.23323323e+06 	 5.498573e-06 	 1.194971e+07 	
4.23373373e+06 	 5.495917e-06 	 1.194809e+07 	
4.23423423e+06 	 5.493262e-06 	 1.194646e+07 	
4.23473473e+06 	 5.490608e-06 	 1.194484e+07 	
4.23523524e+06 	 5.487956e-06 	 1.194322e+07 	
4.23573574e+06 	 5.485306e-06 	 1.194160e+07 	
4.23623624e+06 	 5.482656e-06 	 1.193997e+07 	
4.23673674e+06 	 5.480009e-06 	 1.193835e+07 	
4.23723724e+06 	 5.477362e-06 	 1.193673e+07 	
4.23773774e+06 	 5.474718e-06 	 1.193511e+07 	
4.23823824e+06 	 5.472074e-06 	 1.193349e+07 	
4.23873874e+06 	 5.469432e-06 	 1.193187e+07 	
4.23923924e+06 	 5.466792e-06 	 1.193025e+07 	
4.23973974e+06 	 5.464153e-06 	 1.192863e+07 	
4.24024024e+06 	 5.461516e-06 	 1.192702e+07 	
4.24074074e+06 	 5.458879e-06 	 1.192540e+07 	
4.24124124e+06 	 5.456245e-06 	 1.192378e+07 	
4.24174174e+06 	 5.453612e-06 	 1.192216e+07 	
4.24224224e+06 	 5.450980e-06 	 1.192055e+07 	
4.24274274e+06 	 5.448350e-06 	 1.191893e+07 	
4.24324324e+06 	 5.445721e-06 	 1.191732e+07 	
4.24374374e+06 	 5.443094e-06 	 1.191570e+07 	
4.24424424e+06 	 5.440468e-06 	 1.191409e+07 	
4.24474474e+06 	 5.437843e-06 	 1.191247e+07 	
4.24524525e+06 	 5.435220e-06 	 1.191086e+07 	
4.24574575e+06 	 5.432599e-06 	 1.190925e+07 	
4.24624625e+06 	 5.429978e-06 	 1.190763e+07 	
4.24674675e+06 	 5.427360e-06 	 1.190602e+07 	
4.24724725e+06 	 5.424742e-06 	 1.190441e+07 	
4.24774775e+06 	 5.422127e-06 	 1.190280e+07 	
4.24824825e+06 	 5.419512e-06 	 1.190119e+07 	
4.24874875e+06 	 5.416899e-06 	 1.189958e+07 	
4.24924925e+06 	 5.414288e-06 	 1.189797e+07 	
4.24974975e+06 	 5.411678e-06 	 1.189636e+07 	
4.25025025e+06 	 5.409069e-06 	 1.189475e+07 	
4.25075075e+06 	 5.406462e-06 	 1.189314e+07 	
4.25125125e+06 	 5.403856e-06 	 1.189153e+07 	
4.25175175e+06 	 5.401252e-06 	 1.188992e+07 	
4.25225225e+06 	 5.398649e-06 	 1.188831e+07 	
4.25275275e+06 	 5.396047e-06 	 1.188671e+07 	
4.25325325e+06 	 5.393447e-06 	 1.188510e+07 	
4.25375375e+06 	 5.390849e-06 	 1.188349e+07 	
4.25425425e+06 	 5.388251e-06 	 1.188189e+07 	
4.25475475e+06 	 5.385656e-06 	 1.188028e+07 	
4.25525526e+06 	 5.383061e-06 	 1.187868e+07 	
4.25575576e+06 	 5.380468e-06 	 1.187707e+07 	
4.25625626e+06 	 5.377877e-06 	 1.187547e+07 	
4.25675676e+06 	 5.375287e-06 	 1.187386e+07 	
4.25725726e+06 	 5.372698e-06 	 1.187226e+07 	
4.25775776e+06 	 5.370111e-06 	 1.187066e+07 	
4.25825826e+06 	 5.367525e-06 	 1.186905e+07 	
4.25875876e+06 	 5.364941e-06 	 1.186745e+07 	
4.25925926e+06 	 5.362358e-06 	 1.186585e+07 	
4.25975976e+06 	 5.359776e-06 	 1.186425e+07 	
4.26026026e+06 	 5.357196e-06 	 1.186265e+07 	
4.26076076e+06 	 5.354617e-06 	 1.186105e+07 	
4.26126126e+06 	 5.352040e-06 	 1.185945e+07 	
4.26176176e+06 	 5.349464e-06 	 1.185785e+07 	
4.26226226e+06 	 5.346889e-06 	 1.185625e+07 	
4.26276276e+06 	 5.344316e-06 	 1.185465e+07 	
4.26326326e+06 	 5.341744e-06 	 1.185305e+07 	
4.26376376e+06 	 5.339174e-06 	 1.185146e+07 	
4.26426426e+06 	 5.336605e-06 	 1.184986e+07 	
4.26476476e+06 	 5.334038e-06 	 1.184826e+07 	
4.26526527e+06 	 5.331471e-06 	 1.184667e+07 	
4.26576577e+06 	 5.328907e-06 	 1.184507e+07 	
4.26626627e+06 	 5.326343e-06 	 1.184347e+07 	
4.26676677e+06 	 5.323782e-06 	 1.184188e+07 	
4.26726727e+06 	 5.321221e-06 	 1.184028e+07 	
4.26776777e+06 	 5.318662e-06 	 1.183869e+07 	
4.26826827e+06 	 5.316104e-06 	 1.183710e+07 	
4.26876877e+06 	 5.313548e-06 	 1.183550e+07 	
4.26926927e+06 	 5.310993e-06 	 1.183391e+07 	
4.26976977e+06 	 5.308439e-06 	 1.183232e+07 	
4.27027027e+06 	 5.305887e-06 	 1.183073e+07 	
4.27077077e+06 	 5.303337e-06 	 1.182913e+07 	
4.27127127e+06 	 5.300787e-06 	 1.182754e+07 	
4.27177177e+06 	 5.298239e-06 	 1.182595e+07 	
4.27227227e+06 	 5.295693e-06 	 1.182436e+07 	
4.27277277e+06 	 5.293147e-06 	 1.182277e+07 	
4.27327327e+06 	 5.290604e-06 	 1.182118e+07 	
4.27377377e+06 	 5.288061e-06 	 1.181959e+07 	
4.27427427e+06 	 5.285520e-06 	 1.181800e+07 	
4.27477477e+06 	 5.282981e-06 	 1.181642e+07 	
4.27527528e+06 	 5.280442e-06 	 1.181483e+07 	
4.27577578e+06 	 5.277906e-06 	 1.181324e+07 	
4.27627628e+06 	 5.275370e-06 	 1.181165e+07 	
4.27677678e+06 	 5.272836e-06 	 1.181007e+07 	
4.27727728e+06 	 5.270303e-06 	 1.180848e+07 	
4.27777778e+06 	 5.267772e-06 	 1.180689e+07 	
4.27827828e+06 	 5.265242e-06 	 1.180531e+07 	
4.27877878e+06 	 5.262713e-06 	 1.180372e+07 	
4.27927928e+06 	 5.260186e-06 	 1.180214e+07 	
4.27977978e+06 	 5.257660e-06 	 1.180056e+07 	
4.28028028e+06 	 5.255136e-06 	 1.179897e+07 	
4.28078078e+06 	 5.252613e-06 	 1.179739e+07 	
4.28128128e+06 	 5.250091e-06 	 1.179581e+07 	
4.28178178e+06 	 5.247571e-06 	 1.179422e+07 	
4.28228228e+06 	 5.245052e-06 	 1.179264e+07 	
4.28278278e+06 	 5.242534e-06 	 1.179106e+07 	
4.28328328e+06 	 5.240018e-06 	 1.178948e+07 	
4.28378378e+06 	 5.237503e-06 	 1.178790e+07 	
4.28428428e+06 	 5.234990e-06 	 1.178632e+07 	
4.28478478e+06 	 5.232478e-06 	 1.178474e+07 	
4.28528529e+06 	 5.229967e-06 	 1.178316e+07 	
4.28578579e+06 	 5.227458e-06 	 1.178158e+07 	
4.28628629e+06 	 5.224950e-06 	 1.178000e+07 	
4.28678679e+06 	 5.222443e-06 	 1.177842e+07 	
4.28728729e+06 	 5.219938e-06 	 1.177685e+07 	
4.28778779e+06 	 5.217434e-06 	 1.177527e+07 	
4.28828829e+06 	 5.214931e-06 	 1.177369e+07 	
4.28878879e+06 	 5.212430e-06 	 1.177211e+07 	
4.28928929e+06 	 5.209930e-06 	 1.177054e+07 	
4.28978979e+06 	 5.207432e-06 	 1.176896e+07 	
4.29029029e+06 	 5.204935e-06 	 1.176739e+07 	
4.29079079e+06 	 5.202439e-06 	 1.176581e+07 	
4.29129129e+06 	 5.199945e-06 	 1.176424e+07 	
4.29179179e+06 	 5.197452e-06 	 1.176266e+07 	
4.29229229e+06 	 5.194960e-06 	 1.176109e+07 	
4.29279279e+06 	 5.192470e-06 	 1.175952e+07 	
4.29329329e+06 	 5.189981e-06 	 1.175795e+07 	
4.29379379e+06 	 5.187493e-06 	 1.175637e+07 	
4.29429429e+06 	 5.185007e-06 	 1.175480e+07 	
4.29479479e+06 	 5.182522e-06 	 1.175323e+07 	
4.29529530e+06 	 5.180038e-06 	 1.175166e+07 	
4.29579580e+06 	 5.177556e-06 	 1.175009e+07 	
4.29629630e+06 	 5.175075e-06 	 1.174852e+07 	
4.29679680e+06 	 5.172596e-06 	 1.174695e+07 	
4.29729730e+06 	 5.170117e-06 	 1.174538e+07 	
4.29779780e+06 	 5.167641e-06 	 1.174381e+07 	
4.29829830e+06 	 5.165165e-06 	 1.174224e+07 	
4.29879880e+06 	 5.162691e-06 	 1.174067e+07 	
4.29929930e+06 	 5.160218e-06 	 1.173911e+07 	
4.29979980e+06 	 5.157747e-06 	 1.173754e+07 	
4.30030030e+06 	 5.155276e-06 	 1.173597e+07 	
4.30080080e+06 	 5.152808e-06 	 1.173441e+07 	
4.30130130e+06 	 5.150340e-06 	 1.173284e+07 	
4.30180180e+06 	 5.147874e-06 	 1.173127e+07 	
4.30230230e+06 	 5.145409e-06 	 1.172971e+07 	
4.30280280e+06 	 5.142946e-06 	 1.172814e+07 	
4.30330330e+06 	 5.140484e-06 	 1.172658e+07 	
4.30380380e+06 	 5.138023e-06 	 1.172502e+07 	
4.30430430e+06 	 5.135564e-06 	 1.172345e+07 	
4.30480480e+06 	 5.133105e-06 	 1.172189e+07 	
4.30530531e+06 	 5.130649e-06 	 1.172033e+07 	
4.30580581e+06 	 5.128193e-06 	 1.171877e+07 	
4.30630631e+06 	 5.125739e-06 	 1.171720e+07 	
4.30680681e+06 	 5.123286e-06 	 1.171564e+07 	
4.30730731e+06 	 5.120835e-06 	 1.171408e+07 	
4.30780781e+06 	 5.118385e-06 	 1.171252e+07 	
4.30830831e+06 	 5.115936e-06 	 1.171096e+07 	
4.30880881e+06 	 5.113488e-06 	 1.170940e+07 	
4.30930931e+06 	 5.111042e-06 	 1.170784e+07 	
4.30980981e+06 	 5.108597e-06 	 1.170628e+07 	
4.31031031e+06 	 5.106154e-06 	 1.170472e+07 	
4.31081081e+06 	 5.103712e-06 	 1.170317e+07 	
4.31131131e+06 	 5.101271e-06 	 1.170161e+07 	
4.31181181e+06 	 5.098831e-06 	 1.170005e+07 	
4.31231231e+06 	 5.096393e-06 	 1.169849e+07 	
4.31281281e+06 	 5.093956e-06 	 1.169694e+07 	
4.31331331e+06 	 5.091521e-06 	 1.169538e+07 	
4.31381381e+06 	 5.089086e-06 	 1.169383e+07 	
4.31431431e+06 	 5.086653e-06 	 1.169227e+07 	
4.31481481e+06 	 5.084222e-06 	 1.169072e+07 	
4.31531532e+06 	 5.081791e-06 	 1.168916e+07 	
4.31581582e+06 	 5.079362e-06 	 1.168761e+07 	
4.31631632e+06 	 5.076934e-06 	 1.168605e+07 	
4.31681682e+06 	 5.074508e-06 	 1.168450e+07 	
4.31731732e+06 	 5.072083e-06 	 1.168295e+07 	
4.31781782e+06 	 5.069659e-06 	 1.168140e+07 	
4.31831832e+06 	 5.067237e-06 	 1.167985e+07 	
4.31881882e+06 	 5.064816e-06 	 1.167829e+07 	
4.31931932e+06 	 5.062396e-06 	 1.167674e+07 	
4.31981982e+06 	 5.059977e-06 	 1.167519e+07 	
4.32032032e+06 	 5.057560e-06 	 1.167364e+07 	
4.32082082e+06 	 5.055144e-06 	 1.167209e+07 	
4.32132132e+06 	 5.052729e-06 	 1.167054e+07 	
4.32182182e+06 	 5.050316e-06 	 1.166899e+07 	
4.32232232e+06 	 5.047904e-06 	 1.166745e+07 	
4.32282282e+06 	 5.045493e-06 	 1.166590e+07 	
4.32332332e+06 	 5.043084e-06 	 1.166435e+07 	
4.32382382e+06 	 5.040675e-06 	 1.166280e+07 	
4.32432432e+06 	 5.038269e-06 	 1.166125e+07 	
4.32482482e+06 	 5.035863e-06 	 1.165971e+07 	
4.32532533e+06 	 5.033459e-06 	 1.165816e+07 	
4.32582583e+06 	 5.031056e-06 	 1.165662e+07 	
4.32632633e+06 	 5.028654e-06 	 1.165507e+07 	
4.32682683e+06 	 5.026254e-06 	 1.165353e+07 	
4.32732733e+06 	 5.023855e-06 	 1.165198e+07 	
4.32782783e+06 	 5.021457e-06 	 1.165044e+07 	
4.32832833e+06 	 5.019060e-06 	 1.164889e+07 	
4.32882883e+06 	 5.016665e-06 	 1.164735e+07 	
4.32932933e+06 	 5.014271e-06 	 1.164581e+07 	
4.32982983e+06 	 5.011878e-06 	 1.164427e+07 	
4.33033033e+06 	 5.009487e-06 	 1.164272e+07 	
4.33083083e+06 	 5.007097e-06 	 1.164118e+07 	
4.33133133e+06 	 5.004708e-06 	 1.163964e+07 	
4.33183183e+06 	 5.002321e-06 	 1.163810e+07 	
4.33233233e+06 	 4.999934e-06 	 1.163656e+07 	
4.33283283e+06 	 4.997550e-06 	 1.163502e+07 	
4.33333333e+06 	 4.995166e-06 	 1.163348e+07 	
4.33383383e+06 	 4.992784e-06 	 1.163194e+07 	
4.33433433e+06 	 4.990402e-06 	 1.163040e+07 	
4.33483483e+06 	 4.988023e-06 	 1.162886e+07 	
4.33533534e+06 	 4.985644e-06 	 1.162733e+07 	
4.33583584e+06 	 4.983267e-06 	 1.162579e+07 	
4.33633634e+06 	 4.980891e-06 	 1.162425e+07 	
4.33683684e+06 	 4.978516e-06 	 1.162271e+07 	
4.33733734e+06 	 4.976143e-06 	 1.162118e+07 	
4.33783784e+06 	 4.973770e-06 	 1.161964e+07 	
4.33833834e+06 	 4.971399e-06 	 1.161811e+07 	
4.33883884e+06 	 4.969030e-06 	 1.161657e+07 	
4.33933934e+06 	 4.966661e-06 	 1.161504e+07 	
4.33983984e+06 	 4.964294e-06 	 1.161350e+07 	
4.34034034e+06 	 4.961929e-06 	 1.161197e+07 	
4.34084084e+06 	 4.959564e-06 	 1.161044e+07 	
4.34134134e+06 	 4.957201e-06 	 1.160890e+07 	
4.34184184e+06 	 4.954839e-06 	 1.160737e+07 	
4.34234234e+06 	 4.952478e-06 	 1.160584e+07 	
4.34284284e+06 	 4.950118e-06 	 1.160431e+07 	
4.34334334e+06 	 4.947760e-06 	 1.160277e+07 	
4.34384384e+06 	 4.945403e-06 	 1.160124e+07 	
4.34434434e+06 	 4.943047e-06 	 1.159971e+07 	
4.34484484e+06 	 4.940693e-06 	 1.159818e+07 	
4.34534535e+06 	 4.938340e-06 	 1.159665e+07 	
4.34584585e+06 	 4.935988e-06 	 1.159512e+07 	
4.34634635e+06 	 4.933637e-06 	 1.159359e+07 	
4.34684685e+06 	 4.931288e-06 	 1.159207e+07 	
4.34734735e+06 	 4.928940e-06 	 1.159054e+07 	
4.34784785e+06 	 4.926593e-06 	 1.158901e+07 	
4.34834835e+06 	 4.924247e-06 	 1.158748e+07 	
4.34884885e+06 	 4.921903e-06 	 1.158595e+07 	
4.34934935e+06 	 4.919560e-06 	 1.158443e+07 	
4.34984985e+06 	 4.917218e-06 	 1.158290e+07 	
4.35035035e+06 	 4.914877e-06 	 1.158138e+07 	
4.35085085e+06 	 4.912538e-06 	 1.157985e+07 	
4.35135135e+06 	 4.910199e-06 	 1.157833e+07 	
4.35185185e+06 	 4.907863e-06 	 1.157680e+07 	
4.35235235e+06 	 4.905527e-06 	 1.157528e+07 	
4.35285285e+06 	 4.903193e-06 	 1.157375e+07 	
4.35335335e+06 	 4.900859e-06 	 1.157223e+07 	
4.35385385e+06 	 4.898528e-06 	 1.157071e+07 	
4.35435435e+06 	 4.896197e-06 	 1.156918e+07 	
4.35485485e+06 	 4.893867e-06 	 1.156766e+07 	
4.35535536e+06 	 4.891539e-06 	 1.156614e+07 	
4.35585586e+06 	 4.889212e-06 	 1.156462e+07 	
4.35635636e+06 	 4.886887e-06 	 1.156310e+07 	
4.35685686e+06 	 4.884562e-06 	 1.156158e+07 	
4.35735736e+06 	 4.882239e-06 	 1.156006e+07 	
4.35785786e+06 	 4.879917e-06 	 1.155854e+07 	
4.35835836e+06 	 4.877596e-06 	 1.155702e+07 	
4.35885886e+06 	 4.875277e-06 	 1.155550e+07 	
4.35935936e+06 	 4.872959e-06 	 1.155398e+07 	
4.35985986e+06 	 4.870642e-06 	 1.155246e+07 	
4.36036036e+06 	 4.868326e-06 	 1.155094e+07 	
4.36086086e+06 	 4.866011e-06 	 1.154943e+07 	
4.36136136e+06 	 4.863698e-06 	 1.154791e+07 	
4.36186186e+06 	 4.861386e-06 	 1.154639e+07 	
4.36236236e+06 	 4.859075e-06 	 1.154488e+07 	
4.36286286e+06 	 4.856765e-06 	 1.154336e+07 	
4.36336336e+06 	 4.854457e-06 	 1.154185e+07 	
4.36386386e+06 	 4.852150e-06 	 1.154033e+07 	
4.36436436e+06 	 4.849844e-06 	 1.153882e+07 	
4.36486486e+06 	 4.847539e-06 	 1.153730e+07 	
4.36536537e+06 	 4.845236e-06 	 1.153579e+07 	
4.36586587e+06 	 4.842933e-06 	 1.153427e+07 	
4.36636637e+06 	 4.840632e-06 	 1.153276e+07 	
4.36686687e+06 	 4.838333e-06 	 1.153125e+07 	
4.36736737e+06 	 4.836034e-06 	 1.152974e+07 	
4.36786787e+06 	 4.833737e-06 	 1.152822e+07 	
4.36836837e+06 	 4.831440e-06 	 1.152671e+07 	
4.36886887e+06 	 4.829145e-06 	 1.152520e+07 	
4.36936937e+06 	 4.826852e-06 	 1.152369e+07 	
4.36986987e+06 	 4.824559e-06 	 1.152218e+07 	
4.37037037e+06 	 4.822268e-06 	 1.152067e+07 	
4.37087087e+06 	 4.819978e-06 	 1.151916e+07 	
4.37137137e+06 	 4.817689e-06 	 1.151765e+07 	
4.37187187e+06 	 4.815401e-06 	 1.151614e+07 	
4.37237237e+06 	 4.813115e-06 	 1.151464e+07 	
4.37287287e+06 	 4.810830e-06 	 1.151313e+07 	
4.37337337e+06 	 4.808546e-06 	 1.151162e+07 	
4.37387387e+06 	 4.806263e-06 	 1.151011e+07 	
4.37437437e+06 	 4.803981e-06 	 1.150861e+07 	
4.37487487e+06 	 4.801701e-06 	 1.150710e+07 	
4.37537538e+06 	 4.799422e-06 	 1.150559e+07 	
4.37587588e+06 	 4.797144e-06 	 1.150409e+07 	
4.37637638e+06 	 4.794867e-06 	 1.150258e+07 	
4.37687688e+06 	 4.792592e-06 	 1.150108e+07 	
4.37737738e+06 	 4.790317e-06 	 1.149958e+07 	
4.37787788e+06 	 4.788044e-06 	 1.149807e+07 	
4.37837838e+06 	 4.785772e-06 	 1.149657e+07 	
4.37887888e+06 	 4.783502e-06 	 1.149506e+07 	
4.37937938e+06 	 4.781232e-06 	 1.149356e+07 	
4.37987988e+06 	 4.778964e-06 	 1.149206e+07 	
4.38038038e+06 	 4.776697e-06 	 1.149056e+07 	
4.38088088e+06 	 4.774431e-06 	 1.148906e+07 	
4.38138138e+06 	 4.772166e-06 	 1.148755e+07 	
4.38188188e+06 	 4.769903e-06 	 1.148605e+07 	
4.38238238e+06 	 4.767640e-06 	 1.148455e+07 	
4.38288288e+06 	 4.765379e-06 	 1.148305e+07 	
4.38338338e+06 	 4.763119e-06 	 1.148155e+07 	
4.38388388e+06 	 4.760861e-06 	 1.148005e+07 	
4.38438438e+06 	 4.758603e-06 	 1.147856e+07 	
4.38488488e+06 	 4.756347e-06 	 1.147706e+07 	
4.38538539e+06 	 4.754092e-06 	 1.147556e+07 	
4.38588589e+06 	 4.751838e-06 	 1.147406e+07 	
4.38638639e+06 	 4.749585e-06 	 1.147256e+07 	
4.38688689e+06 	 4.747333e-06 	 1.147107e+07 	
4.38738739e+06 	 4.745083e-06 	 1.146957e+07 	
4.38788789e+06 	 4.742834e-06 	 1.146807e+07 	
4.38838839e+06 	 4.740586e-06 	 1.146658e+07 	
4.38888889e+06 	 4.738339e-06 	 1.146508e+07 	
4.38938939e+06 	 4.736094e-06 	 1.146359e+07 	
4.38988989e+06 	 4.734086e-06 	 1.146208e+07 	
4.39039039e+06 	 4.731844e-06 	 1.146058e+07 	
4.39089089e+06 	 4.729603e-06 	 1.145909e+07 	
4.39139139e+06 	 4.727364e-06 	 1.145760e+07 	
4.39189189e+06 	 4.725125e-06 	 1.145610e+07 	
4.39239239e+06 	 4.722888e-06 	 1.145461e+07 	
4.39289289e+06 	 4.720652e-06 	 1.145312e+07 	
4.39339339e+06 	 4.718417e-06 	 1.145163e+07 	
4.39389389e+06 	 4.716183e-06 	 1.145014e+07 	
4.39439439e+06 	 4.713951e-06 	 1.144865e+07 	
4.39489489e+06 	 4.711720e-06 	 1.144715e+07 	
4.39539540e+06 	 4.709490e-06 	 1.144566e+07 	
4.39589590e+06 	 4.707261e-06 	 1.144417e+07 	
4.39639640e+06 	 4.705033e-06 	 1.144268e+07 	
4.39689690e+06 	 4.702806e-06 	 1.144120e+07 	
4.39739740e+06 	 4.700581e-06 	 1.143971e+07 	
4.39789790e+06 	 4.698357e-06 	 1.143822e+07 	
4.39839840e+06 	 4.696134e-06 	 1.143673e+07 	
4.39889890e+06 	 4.693912e-06 	 1.143524e+07 	
4.39939940e+06 	 4.691691e-06 	 1.143376e+07 	
4.39989990e+06 	 4.689471e-06 	 1.143227e+07 	
4.40040040e+06 	 4.687253e-06 	 1.143078e+07 	
4.40090090e+06 	 4.685036e-06 	 1.142930e+07 	
4.40140140e+06 	 4.682820e-06 	 1.142781e+07 	
4.40190190e+06 	 4.680605e-06 	 1.142632e+07 	
4.40240240e+06 	 4.678392e-06 	 1.142484e+07 	
4.40290290e+06 	 4.676179e-06 	 1.142336e+07 	
4.40340340e+06 	 4.673968e-06 	 1.142187e+07 	
4.40390390e+06 	 4.671758e-06 	 1.142039e+07 	
4.40440440e+06 	 4.669549e-06 	 1.141890e+07 	
4.40490490e+06 	 4.667341e-06 	 1.141742e+07 	
4.40540541e+06 	 4.665134e-06 	 1.141594e+07 	
4.40590591e+06 	 4.662929e-06 	 1.141446e+07 	
4.40640641e+06 	 4.660725e-06 	 1.141297e+07 	
4.40690691e+06 	 4.658521e-06 	 1.141149e+07 	
4.40740741e+06 	 4.656320e-06 	 1.141001e+07 	
4.40790791e+06 	 4.654119e-06 	 1.140853e+07 	
4.40840841e+06 	 4.651919e-06 	 1.140705e+07 	
4.40890891e+06 	 4.649721e-06 	 1.140557e+07 	
4.40940941e+06 	 4.647523e-06 	 1.140409e+07 	
4.40990991e+06 	 4.645327e-06 	 1.140261e+07 	
4.41041041e+06 	 4.643132e-06 	 1.140113e+07 	
4.41091091e+06 	 4.640939e-06 	 1.139966e+07 	
4.41141141e+06 	 4.638746e-06 	 1.139818e+07 	
4.41191191e+06 	 4.636554e-06 	 1.139670e+07 	
4.41241241e+06 	 4.634364e-06 	 1.139522e+07 	
4.41291291e+06 	 4.632175e-06 	 1.139375e+07 	
4.41341341e+06 	 4.629987e-06 	 1.139227e+07 	
4.41391391e+06 	 4.627800e-06 	 1.139079e+07 	
4.41441441e+06 	 4.625614e-06 	 1.138932e+07 	
4.41491491e+06 	 4.623430e-06 	 1.138784e+07 	
4.41541542e+06 	 4.621247e-06 	 1.138637e+07 	
4.41591592e+06 	 4.619064e-06 	 1.138489e+07 	
4.41641642e+06 	 4.616883e-06 	 1.138342e+07 	
4.41691692e+06 	 4.614703e-06 	 1.138194e+07 	
4.41741742e+06 	 4.612525e-06 	 1.138047e+07 	
4.41791792e+06 	 4.610347e-06 	 1.137900e+07 	
4.41841842e+06 	 4.608171e-06 	 1.137753e+07 	
4.41891892e+06 	 4.605995e-06 	 1.137605e+07 	
4.41941942e+06 	 4.603821e-06 	 1.137458e+07 	
4.41991992e+06 	 4.601648e-06 	 1.137311e+07 	
4.42042042e+06 	 4.599476e-06 	 1.137164e+07 	
4.42092092e+06 	 4.597305e-06 	 1.137017e+07 	
4.42142142e+06 	 4.595136e-06 	 1.136870e+07 	
4.42192192e+06 	 4.592967e-06 	 1.136723e+07 	
4.42242242e+06 	 4.590800e-06 	 1.136576e+07 	
4.42292292e+06 	 4.588634e-06 	 1.136429e+07 	
4.42342342e+06 	 4.586469e-06 	 1.136282e+07 	
4.42392392e+06 	 4.584305e-06 	 1.136135e+07 	
4.42442442e+06 	 4.582142e-06 	 1.135988e+07 	
4.42492492e+06 	 4.579981e-06 	 1.135842e+07 	
4.42542543e+06 	 4.577820e-06 	 1.135695e+07 	
4.42592593e+06 	 4.575661e-06 	 1.135548e+07 	
4.42642643e+06 	 4.573503e-06 	 1.135401e+07 	
4.42692693e+06 	 4.571346e-06 	 1.135255e+07 	
4.42742743e+06 	 4.569190e-06 	 1.135108e+07 	
4.42792793e+06 	 4.567035e-06 	 1.134962e+07 	
4.42842843e+06 	 4.564882e-06 	 1.134815e+07 	
4.42892893e+06 	 4.562729e-06 	 1.134669e+07 	
4.42942943e+06 	 4.560578e-06 	 1.134522e+07 	
4.42992993e+06 	 4.558428e-06 	 1.134376e+07 	
4.43043043e+06 	 4.556279e-06 	 1.134230e+07 	
4.43093093e+06 	 4.554131e-06 	 1.134083e+07 	
4.43143143e+06 	 4.551984e-06 	 1.133937e+07 	
4.43193193e+06 	 4.549838e-06 	 1.133791e+07 	
4.43243243e+06 	 4.547694e-06 	 1.133645e+07 	
4.43293293e+06 	 4.545550e-06 	 1.133498e+07 	
4.43343343e+06 	 4.543408e-06 	 1.133352e+07 	
4.43393393e+06 	 4.541267e-06 	 1.133206e+07 	
4.43443443e+06 	 4.539127e-06 	 1.133060e+07 	
4.43493493e+06 	 4.536988e-06 	 1.132914e+07 	
4.43543544e+06 	 4.534850e-06 	 1.132768e+07 	
4.43593594e+06 	 4.532713e-06 	 1.132622e+07 	
4.43643644e+06 	 4.530578e-06 	 1.132476e+07 	
4.43693694e+06 	 4.528443e-06 	 1.132330e+07 	
4.43743744e+06 	 4.526310e-06 	 1.132185e+07 	
4.43793794e+06 	 4.524178e-06 	 1.132039e+07 	
4.43843844e+06 	 4.522047e-06 	 1.131893e+07 	
4.43893894e+06 	 4.519917e-06 	 1.131747e+07 	
4.43943944e+06 	 4.517788e-06 	 1.131602e+07 	
4.43993994e+06 	 4.515661e-06 	 1.131456e+07 	
4.44044044e+06 	 4.513534e-06 	 1.131310e+07 	
4.44094094e+06 	 4.511409e-06 	 1.131165e+07 	
4.44144144e+06 	 4.509284e-06 	 1.131019e+07 	
4.44194194e+06 	 4.507161e-06 	 1.130874e+07 	
4.44244244e+06 	 4.505039e-06 	 1.130728e+07 	
4.44294294e+06 	 4.502918e-06 	 1.130583e+07 	
4.44344344e+06 	 4.500798e-06 	 1.130438e+07 	
4.44394394e+06 	 4.498679e-06 	 1.130292e+07 	
4.44444444e+06 	 4.496562e-06 	 1.130147e+07 	
4.44494494e+06 	 4.494445e-06 	 1.130002e+07 	
4.44544545e+06 	 4.492330e-06 	 1.129856e+07 	
4.44594595e+06 	 4.490215e-06 	 1.129711e+07 	
4.44644645e+06 	 4.488102e-06 	 1.129566e+07 	
4.44694695e+06 	 4.485990e-06 	 1.129421e+07 	
4.44744745e+06 	 4.483879e-06 	 1.129276e+07 	
4.44794795e+06 	 4.481769e-06 	 1.129131e+07 	
4.44844845e+06 	 4.479661e-06 	 1.128986e+07 	
4.44894895e+06 	 4.477553e-06 	 1.128841e+07 	
4.44944945e+06 	 4.475446e-06 	 1.128696e+07 	
4.44994995e+06 	 4.473341e-06 	 1.128551e+07 	
4.45045045e+06 	 4.471237e-06 	 1.128406e+07 	
4.45095095e+06 	 4.469133e-06 	 1.128261e+07 	
4.45145145e+06 	 4.467031e-06 	 1.128117e+07 	
4.45195195e+06 	 4.464930e-06 	 1.127972e+07 	
4.45245245e+06 	 4.462830e-06 	 1.127827e+07 	
4.45295295e+06 	 4.460732e-06 	 1.127682e+07 	
4.45345345e+06 	 4.458634e-06 	 1.127538e+07 	
4.45395395e+06 	 4.456537e-06 	 1.127393e+07 	
4.45445445e+06 	 4.454442e-06 	 1.127249e+07 	
4.45495495e+06 	 4.452124e-06 	 1.127106e+07 	
4.45545546e+06 	 4.450030e-06 	 1.126961e+07 	
4.45595596e+06 	 4.447936e-06 	 1.126817e+07 	
4.45645646e+06 	 4.445844e-06 	 1.126672e+07 	
4.45695696e+06 	 4.443753e-06 	 1.126528e+07 	
4.45745746e+06 	 4.441663e-06 	 1.126384e+07 	
4.45795796e+06 	 4.439574e-06 	 1.126239e+07 	
4.45845846e+06 	 4.437486e-06 	 1.126095e+07 	
4.45895896e+06 	 4.435400e-06 	 1.125951e+07 	
4.45945946e+06 	 4.433314e-06 	 1.125807e+07 	
4.45995996e+06 	 4.431229e-06 	 1.125663e+07 	
4.46046046e+06 	 4.429146e-06 	 1.125518e+07 	
4.46096096e+06 	 4.427063e-06 	 1.125374e+07 	
4.46146146e+06 	 4.424982e-06 	 1.125230e+07 	
4.46196196e+06 	 4.422902e-06 	 1.125086e+07 	
4.46246246e+06 	 4.420823e-06 	 1.124942e+07 	
4.46296296e+06 	 4.418745e-06 	 1.124798e+07 	
4.46346346e+06 	 4.416668e-06 	 1.124655e+07 	
4.46396396e+06 	 4.414592e-06 	 1.124511e+07 	
4.46446446e+06 	 4.412517e-06 	 1.124367e+07 	
4.46496496e+06 	 4.410443e-06 	 1.124223e+07 	
4.46546547e+06 	 4.408371e-06 	 1.124079e+07 	
4.46596597e+06 	 4.406299e-06 	 1.123936e+07 	
4.46646647e+06 	 4.404228e-06 	 1.123792e+07 	
4.46696697e+06 	 4.402159e-06 	 1.123648e+07 	
4.46746747e+06 	 4.400091e-06 	 1.123505e+07 	
4.46796797e+06 	 4.398023e-06 	 1.123361e+07 	
4.46846847e+06 	 4.395957e-06 	 1.123218e+07 	
4.46896897e+06 	 4.393892e-06 	 1.123074e+07 	
4.46946947e+06 	 4.391828e-06 	 1.122931e+07 	
4.46996997e+06 	 4.389765e-06 	 1.122787e+07 	
4.47047047e+06 	 4.387703e-06 	 1.122644e+07 	
4.47097097e+06 	 4.385642e-06 	 1.122501e+07 	
4.47147147e+06 	 4.383583e-06 	 1.122357e+07 	
4.47197197e+06 	 4.381524e-06 	 1.122214e+07 	
4.47247247e+06 	 4.379466e-06 	 1.122071e+07 	
4.47297297e+06 	 4.377410e-06 	 1.121928e+07 	
4.47347347e+06 	 4.375354e-06 	 1.121785e+07 	
4.47397397e+06 	 4.373300e-06 	 1.121641e+07 	
4.47447447e+06 	 4.371246e-06 	 1.121498e+07 	
4.47497497e+06 	 4.369194e-06 	 1.121355e+07 	
4.47547548e+06 	 4.367143e-06 	 1.121212e+07 	
4.47597598e+06 	 4.365093e-06 	 1.121069e+07 	
4.47647648e+06 	 4.363044e-06 	 1.120926e+07 	
4.47697698e+06 	 4.360996e-06 	 1.120784e+07 	
4.47747748e+06 	 4.358949e-06 	 1.120641e+07 	
4.47797798e+06 	 4.356903e-06 	 1.120498e+07 	
4.47847848e+06 	 4.354858e-06 	 1.120355e+07 	
4.47897898e+06 	 4.352814e-06 	 1.120212e+07 	
4.47947948e+06 	 4.350772e-06 	 1.120070e+07 	
4.47997998e+06 	 4.348730e-06 	 1.119927e+07 	
4.48048048e+06 	 4.346689e-06 	 1.119784e+07 	
4.48098098e+06 	 4.344650e-06 	 1.119642e+07 	
4.48148148e+06 	 4.342611e-06 	 1.119499e+07 	
4.48198198e+06 	 4.340574e-06 	 1.119357e+07 	
4.48248248e+06 	 4.338538e-06 	 1.119214e+07 	
4.48298298e+06 	 4.336502e-06 	 1.119072e+07 	
4.48348348e+06 	 4.334468e-06 	 1.118929e+07 	
4.48398398e+06 	 4.332435e-06 	 1.118787e+07 	
4.48448448e+06 	 4.330403e-06 	 1.118644e+07 	
4.48498498e+06 	 4.328372e-06 	 1.118502e+07 	
4.48548549e+06 	 4.326342e-06 	 1.118360e+07 	
4.48598599e+06 	 4.324313e-06 	 1.118218e+07 	
4.48648649e+06 	 4.322285e-06 	 1.118075e+07 	
4.48698699e+06 	 4.320258e-06 	 1.117933e+07 	
4.48748749e+06 	 4.318232e-06 	 1.117791e+07 	
4.48798799e+06 	 4.316207e-06 	 1.117649e+07 	
4.48848849e+06 	 4.314183e-06 	 1.117507e+07 	
4.48898899e+06 	 4.312161e-06 	 1.117365e+07 	
4.48948949e+06 	 4.310139e-06 	 1.117223e+07 	
4.48998999e+06 	 4.308119e-06 	 1.117081e+07 	
4.49049049e+06 	 4.306099e-06 	 1.116939e+07 	
4.49099099e+06 	 4.304081e-06 	 1.116797e+07 	
4.49149149e+06 	 4.302063e-06 	 1.116655e+07 	
4.49199199e+06 	 4.300047e-06 	 1.116514e+07 	
4.49249249e+06 	 4.298031e-06 	 1.116372e+07 	
4.49299299e+06 	 4.296017e-06 	 1.116230e+07 	
4.49349349e+06 	 4.294004e-06 	 1.116088e+07 	
4.49399399e+06 	 4.291992e-06 	 1.115947e+07 	
4.49449449e+06 	 4.289980e-06 	 1.115805e+07 	
4.49499499e+06 	 4.287970e-06 	 1.115663e+07 	
4.49549550e+06 	 4.285961e-06 	 1.115522e+07 	
4.49599600e+06 	 4.283953e-06 	 1.115380e+07 	
4.49649650e+06 	 4.281946e-06 	 1.115239e+07 	
4.49699700e+06 	 4.279940e-06 	 1.115097e+07 	
4.49749750e+06 	 4.277935e-06 	 1.114956e+07 	
4.49799800e+06 	 4.275931e-06 	 1.114815e+07 	
4.49849850e+06 	 4.273928e-06 	 1.114673e+07 	
4.49899900e+06 	 4.271926e-06 	 1.114532e+07 	
4.49949950e+06 	 4.269926e-06 	 1.114391e+07 	
4.50000000e+06 	 4.267926e-06 	 1.114250e+07 	
4.52440684e+06 	 4.171432e-06 	 1.107407e+07 	
4.54894606e+06 	 4.076982e-06 	 1.100611e+07 	
4.57361837e+06 	 3.984366e-06 	 1.093862e+07 	
4.59842450e+06 	 3.893333e-06 	 1.087161e+07 	
4.62336517e+06 	 3.804225e-06 	 1.080505e+07 	
4.64844111e+06 	 3.716833e-06 	 1.073895e+07 	
4.67365306e+06 	 3.630910e-06 	 1.067333e+07 	
4.69900175e+06 	 3.546794e-06 	 1.060815e+07 	
4.72448793e+06 	 3.464279e-06 	 1.054342e+07 	
4.75011233e+06 	 3.383539e-06 	 1.047912e+07 	
4.77587572e+06 	 3.304171e-06 	 1.041528e+07 	
4.80177884e+06 	 3.226474e-06 	 1.035187e+07 	
4.82782245e+06 	 3.150127e-06 	 1.028891e+07 	
4.85400732e+06 	 3.075232e-06 	 1.022638e+07 	
4.88033420e+06 	 3.001598e-06 	 1.016430e+07 	
4.90680388e+06 	 2.929476e-06 	 1.010264e+07 	
4.93341712e+06 	 2.858707e-06 	 1.004141e+07 	
4.96017470e+06 	 2.789417e-06 	 9.980585e+06 	
4.98707741e+06 	 2.721303e-06 	 9.920194e+06 	
5.01412604e+06 	 2.654459e-06 	 9.860223e+06 	
5.04132136e+06 	 2.589009e-06 	 9.800652e+06 	
5.06866419e+06 	 2.524659e-06 	 9.741506e+06 	
5.09615532e+06 	 2.461503e-06 	 9.682771e+06 	
5.12379556e+06 	 2.399659e-06 	 9.624428e+06 	
5.15158570e+06 	 2.338848e-06 	 9.566502e+06 	
5.17952658e+06 	 2.279159e-06 	 9.508979e+06 	
5.20761900e+06 	 2.220705e-06 	 9.451840e+06 	
5.23586378e+06 	 2.163221e-06 	 9.395111e+06 	
5.26426176e+06 	 2.106900e-06 	 9.338763e+06 	
5.29281376e+06 	 2.051533e-06 	 9.282817e+06 	
5.32152062e+06 	 1.997184e-06 	 9.227260e+06 	
5.35038317e+06 	 1.943733e-06 	 9.172103e+06 	
5.37940228e+06 	 1.891338e-06 	 9.117320e+06 	
5.40857877e+06 	 1.839895e-06 	 9.062920e+06 	
5.43791351e+06 	 1.789294e-06 	 9.008915e+06 	
5.46740735e+06 	 1.739679e-06 	 8.955277e+06 	
5.49706116e+06 	 1.690957e-06 	 8.902017e+06 	
5.52687580e+06 	 1.643020e-06 	 8.849146e+06 	
5.55685215e+06 	 1.596004e-06 	 8.796639e+06 	
5.58699109e+06 	 1.549820e-06 	 8.744504e+06 	
5.61729349e+06 	 1.504530e-06 	 8.692727e+06 	
5.64776024e+06 	 1.459972e-06 	 8.641330e+06 	
5.67839224e+06 	 1.416193e-06 	 8.590301e+06 	
5.70919038e+06 	 1.373253e-06 	 8.539626e+06 	
5.74015556e+06 	 1.331000e-06 	 8.489327e+06 	
5.77128868e+06 	 1.289480e-06 	 8.439392e+06 	
5.80259067e+06 	 1.248608e-06 	 8.389834e+06 	
5.83406242e+06 	 1.208492e-06 	 8.340629e+06 	
5.86570488e+06 	 1.169060e-06 	 8.291786e+06 	
5.89751895e+06 	 1.130234e-06 	 8.243320e+06 	
5.92950557e+06 	 1.092112e-06 	 8.195206e+06 	
5.96166568e+06 	 1.054629e-06 	 8.147456e+06 	
5.99400022e+06 	 1.017712e-06 	 8.100084e+06 	
6.02651014e+06 	 9.814506e-07 	 8.053066e+06 	
6.05919638e+06 	 9.457840e-07 	 8.006416e+06 	
6.09205990e+06 	 9.107504e-07 	 7.960121e+06 	
6.12510166e+06 	 8.762459e-07 	 7.914207e+06 	
6.15832264e+06 	 8.423012e-07 	 7.868666e+06 	
6.19172379e+06 	 8.089508e-07 	 7.823487e+06 	
6.22530611e+06 	 7.761030e-07 	 7.778698e+06 	
6.25907056e+06 	 7.437866e-07 	 7.734292e+06 	
6.29301815e+06 	 7.119531e-07 	 7.690287e+06 	
6.32714986e+06 	 6.806683e-07 	 7.646664e+06 	
6.36146669e+06 	 6.498930e-07 	 7.603441e+06 	
6.39596965e+06 	 6.196585e-07 	 7.560609e+06 	
6.43065974e+06 	 5.898985e-07 	 7.518202e+06 	
6.46553798e+06 	 5.606418e-07 	 7.476217e+06 	
6.50060540e+06 	 5.318593e-07 	 7.434677e+06 	
6.53586301e+06 	 5.036105e-07 	 7.393568e+06 	
6.57131185e+06 	 4.758762e-07 	 7.352914e+06 	
6.60695295e+06 	 4.486390e-07 	 7.312741e+06 	
6.64278736e+06 	 4.219595e-07 	 7.273038e+06 	
6.67881613e+06 	 3.958312e-07 	 7.233833e+06 	
6.71504031e+06 	 3.702509e-07 	 7.195157e+06 	
6.75146096e+06 	 3.452829e-07 	 7.157002e+06 	
6.78807914e+06 	 3.209190e-07 	 7.119412e+06 	
6.82489594e+06 	 2.972196e-07 	 7.082386e+06 	
6.86191241e+06 	 2.742063e-07 	 7.045956e+06 	
6.89912966e+06 	 2.519310e-07 	 7.010130e+06 	
6.93654876e+06 	 2.304117e-07 	 6.974958e+06 	
6.97417082e+06 	 2.097045e-07 	 6.940452e+06 	
7.01199692e+06 	 1.898676e-07 	 6.906619e+06 	
7.05002819e+06 	 1.709288e-07 	 6.873513e+06 	
7.08826573e+06 	 1.529371e-07 	 6.841160e+06 	
7.12671065e+06 	 1.359525e-07 	 6.809555e+06 	
7.16536410e+06 	 1.200105e-07 	 6.778733e+06 	
7.20422719e+06 	 1.051539e-07 	 6.748691e+06 	
7.24330106e+06 	 9.140001e-08 	 6.719479e+06 	
7.28258686e+06 	 7.877855e-08 	 6.691072e+06 	
7.32208574e+06 	 6.728932e-08 	 6.663513e+06 	
7.36179884e+06 	 5.693772e-08 	 6.636750e+06 	
7.40172734e+06 	 4.769630e-08 	 6.610840e+06 	
7.44187241e+06 	 3.953800e-08 	 6.585750e+06 	
7.48223521e+06 	 3.242110e-08 	 6.561408e+06 	
7.52281692e+06 	 2.628249e-08 	 6.537866e+06 	
7.56361875e+06 	 2.105545e-08 	 6.515081e+06 	
7.60464187e+06 	 1.666381e-08 	 6.492987e+06 	
7.64588749e+06 	 1.302409e-08 	 6.471536e+06 	
7.68735681e+06 	 1.004990e-08 	 6.450647e+06 	
7.72905105e+06 	 7.653338e-09 	 6.430466e+06 	
7.77097144e+06 	 5.751813e-09 	 6.410694e+06 	
7.81311919e+06 	 4.265056e-09 	 6.391399e+06 	
7.85549553e+06 	 3.120207e-09 	 6.372453e+06 	
7.89810172e+06 	 2.251872e-09 	 6.353905e+06 	
7.94093899e+06 	 1.603435e-09 	 6.335318e+06 	
7.98400859e+06 	 1.126216e-09 	 6.317570e+06 	
8.02731180e+06 	 7.805404e-10 	 6.299605e+06 	
8.85796597e+06 	 1.000000e-20 	 5.990191e+06 	
9.77457497e+06 	 1.000000e-20 	 5.697307e+06 	
1.07860333e+07 	 1.000000e-20 	 5.419213e+06 	
1.19021558e+07 	 1.000000e-20 	 5.155096e+06 	
1.31337730e+07 	 1.000000e-20 	 4.904196e+06 	
1.44928361e+07 	 1.000000e-20 	 4.665804e+06 	
1.59925330e+07 	 1.000000e-20 	 4.439255e+06 	
1.76474163e+07 	 1.000000e-20 	 4.223923e+06 	
1.94735444e+07 	 1.000000e-20 	 4.019224e+06 	
2.14886376e+07 	 1.000000e-20 	 3.824606e+06 	
2.37122495e+07 	 1.000000e-20 	 3.639550e+06 	
2.61659574e+07 	 1.000000e-20 	 3.463568e+06 	
2.88735714e+07 	 1.000000e-20 	 3.296197e+06 	
3.18613652e+07 	 1.000000e-20 	 3.137001e+06 	
3.51583314e+07 	 1.000000e-20 	 2.985571e+06 	
3.87964627e+07 	 1.000000e-20 	 2.841515e+06 	
4.28110623e+07 	 1.000000e-20 	 2.704467e+06 	
4.72410867e+07 	 1.000000e-20 	 2.574076e+06 	
5.21295234e+07 	 1.000000e-20 	 2.450014e+06 	
5.75238082e+07 	 1.000000e-20 	 2.331968e+06 	
6.34762854e+07 	 1.000000e-20 	 2.219639e+06 	
7.00447161e+07 	 1.000000e-20 	 2.112749e+06 	
7.72928380e+07 	 1.000000e-20 	 2.011028e+06 	
8.52909848e+07 	 1.000000e-20 	 1.914225e+06 	
9.41167677e+07 	 1.000000e-20 	 1.822099e+06 	
1.03855829e+08 	 1.000000e-20 	 1.734421e+06 	
1.14602675e+08 	 1.000000e-20 	 1.650975e+06 	
1.26461587e+08 	 1.000000e-20 	 1.571555e+06 	
1.39547642e+08 	 1.000000e-20 	 1.495964e+06 	
1.53987823e+08 	 1.000000e-20 	 1.424018e+06 	
1.69922251e+08 	 1.000000e-20 	 1.355538e+06 	
1.87505550e+08 	 1.000000e-20 	 1.290358e+06 	
2.06908343e+08 	 1.000000e-20 	 1.228317e+06 	
2.28318907e+08 	 1.000000e-20 	 1.169264e+06 	
2.51945005e+08 	 1.000000e-20 	 1.113053e+06 	
2.78015895e+08 	 1.000000e-20 	 1.059548e+06 	
3.06784562e+08 	 1.000000e-20 	 1.008618e+06 	
3.38530168e+08 	 1.000000e-20 	 9.601390e+05 	
3.73560761e+08 	 1.000000e-20 	 9.139919e+05 	
4.12216267e+08 	 1.000000e-20 	 8.700646e+05 	
4.54871787e+08 	 1.000000e-20 	 8.282501e+05 	
5.01941236e+08 	 1.000000e-20 	 7.884465e+05 	
5.53881361e+08 	 1.000000e-20 	 7.505570e+05 	
6.11196172e+08 	 1.000000e-20 	 7.144893e+05 	
6.74441834e+08 	 1.000000e-20 	 6.801557e+05 	
7.44232061e+08 	 1.000000e-20 	 6.474727e+05 	
8.21244077e+08 	 1.000000e-20 	 6.163609e+05 	
9.06225180e+08 	 1.000000e-20 	 5.867445e+05 	
1.00000000e+09 	 1.000000e-20 	 5.585518e+05 	
