r (cm)        	 rho (g/cm3) 	 T (K)       		 Linf = 3.080854e+38
1.20000146e+06 	 1.322502e+05 	 1.234219e+09 	
1.20007533e+06 	 1.191173e+05 	 1.201527e+09 	
1.20018548e+06 	 1.015323e+05 	 1.153276e+09 	
1.20027674e+06 	 8.863142e+04 	 1.113770e+09 	
1.20036799e+06 	 7.711022e+04 	 1.074704e+09 	
1.20045925e+06 	 6.685265e+04 	 1.036094e+09 	
1.20055050e+06 	 5.774929e+04 	 9.979554e+08 	
1.20063987e+06 	 4.985406e+04 	 9.610802e+08 	
1.20072923e+06 	 4.287626e+04 	 9.246896e+08 	
1.20081860e+06 	 3.673080e+04 	 8.888006e+08 	
1.20089157e+06 	 3.227450e+04 	 8.598796e+08 	
1.20096454e+06 	 2.827938e+04 	 8.313146e+08 	
1.20103751e+06 	 2.470712e+04 	 8.031157e+08 	
1.20111048e+06 	 2.152165e+04 	 7.752933e+08 	
1.20118345e+06 	 1.868910e+04 	 7.478581e+08 	
1.20125555e+06 	 1.620599e+04 	 7.211418e+08 	
1.20132765e+06 	 1.400779e+04 	 6.948251e+08 	
1.20139975e+06 	 1.206779e+04 	 6.689190e+08 	
1.20145946e+06 	 1.063879e+04 	 6.477831e+08 	
1.20151917e+06 	 9.356548e+03 	 6.269430e+08 	
1.20157888e+06 	 8.208673e+03 	 6.064054e+08 	
1.20163859e+06 	 7.183533e+03 	 5.861768e+08 	
1.20169830e+06 	 6.270250e+03 	 5.662641e+08 	
1.20175784e+06 	 5.460763e+03 	 5.467269e+08 	
1.20181739e+06 	 4.743050e+03 	 5.275174e+08 	
1.20187694e+06 	 4.108394e+03 	 5.086421e+08 	
1.20192604e+06 	 3.641752e+03 	 4.933323e+08 	
1.20197515e+06 	 3.221870e+03 	 4.782582e+08 	
1.20202426e+06 	 2.844795e+03 	 4.634236e+08 	
1.20207336e+06 	 2.506835e+03 	 4.488322e+08 	
1.20212247e+06 	 2.204546e+03 	 4.344877e+08 	
1.20217158e+06 	 1.934722e+03 	 4.203936e+08 	
1.20222205e+06 	 1.688088e+03 	 4.061721e+08 	
1.20227253e+06 	 1.469609e+03 	 3.922228e+08 	
1.20231419e+06 	 1.308513e+03 	 3.809165e+08 	
1.20235585e+06 	 1.163267e+03 	 3.698001e+08 	
1.20239751e+06 	 1.032524e+03 	 3.588756e+08 	
1.20243918e+06 	 9.150303e+02 	 3.481449e+08 	
1.20248084e+06 	 8.096189e+02 	 3.376098e+08 	
1.20252250e+06 	 7.152072e+02 	 3.272719e+08 	
1.20256416e+06 	 6.307919e+02 	 3.171331e+08 	
1.20260727e+06 	 5.529871e+02 	 3.068540e+08 	
1.20265037e+06 	 4.839424e+02 	 2.967911e+08 	
1.20268582e+06 	 4.331075e+02 	 2.886783e+08 	
1.20272127e+06 	 3.871599e+02 	 2.807133e+08 	
1.20275672e+06 	 3.456832e+02 	 2.728970e+08 	
1.20279217e+06 	 3.082912e+02 	 2.652298e+08 	
1.20282762e+06 	 2.746254e+02 	 2.577123e+08 	
1.20286307e+06 	 2.443543e+02 	 2.503449e+08 	
1.20289853e+06 	 2.171713e+02 	 2.431281e+08 	
1.20293398e+06 	 1.927933e+02 	 2.360620e+08 	
1.20296943e+06 	 1.709597e+02 	 2.291469e+08 	
1.20300689e+06 	 1.503885e+02 	 2.220041e+08 	
1.20303805e+06 	 1.350495e+02 	 2.161909e+08 	
1.20306921e+06 	 1.211740e+02 	 2.104943e+08 	
1.20310037e+06 	 1.086350e+02 	 2.049143e+08 	
1.20313153e+06 	 9.731496e+01 	 1.994505e+08 	
1.20316269e+06 	 8.710560e+01 	 1.941029e+08 	
1.20319385e+06 	 7.790700e+01 	 1.888710e+08 	
1.20322501e+06 	 6.962717e+01 	 1.837546e+08 	
1.20325617e+06 	 6.218154e+01 	 1.787531e+08 	
1.20328733e+06 	 5.549245e+01 	 1.738662e+08 	
1.20331849e+06 	 4.948868e+01 	 1.690931e+08 	
1.20334965e+06 	 4.410501e+01 	 1.644333e+08 	
1.20337818e+06 	 3.966869e+01 	 1.602657e+08 	
1.20340671e+06 	 3.566015e+01 	 1.561919e+08 	
1.20343524e+06 	 3.204081e+01 	 1.522112e+08 	
1.20346377e+06 	 2.877523e+01 	 1.483231e+08 	
1.20349230e+06 	 2.583090e+01 	 1.445268e+08 	
1.20352083e+06 	 2.317805e+01 	 1.408215e+08 	
1.20354936e+06 	 2.078940e+01 	 1.372064e+08 	
1.20357789e+06 	 1.864004e+01 	 1.336807e+08 	
1.20360642e+06 	 1.670722e+01 	 1.302435e+08 	
1.20363494e+06 	 1.497015e+01 	 1.268939e+08 	
1.20366347e+06 	 1.340993e+01 	 1.236309e+08 	
1.20369200e+06 	 1.200934e+01 	 1.204534e+08 	
1.20372053e+06 	 1.075270e+01 	 1.173605e+08 	
1.20374906e+06 	 9.625796e+00 	 1.143510e+08 	
1.20377759e+06 	 8.615713e+00 	 1.114238e+08 	
1.20380612e+06 	 7.710748e+00 	 1.085779e+08 	
1.20383563e+06 	 6.873975e+00 	 1.057181e+08 	
1.20386515e+06 	 6.127749e+00 	 1.029425e+08 	
1.20389466e+06 	 5.462525e+00 	 1.002499e+08 	
1.20392417e+06 	 4.869715e+00 	 9.763864e+07 	
1.20395368e+06 	 4.341600e+00 	 9.510743e+07 	
1.20398319e+06 	 3.871248e+00 	 9.265475e+07 	
1.20401270e+06 	 3.452437e+00 	 9.027914e+07 	
1.20404221e+06 	 3.079593e+00 	 8.797907e+07 	
1.20407173e+06 	 2.747720e+00 	 8.575301e+07 	
1.20410124e+06 	 2.452351e+00 	 8.359942e+07 	
1.20413075e+06 	 2.189489e+00 	 8.151673e+07 	
1.20416026e+06 	 1.955563e+00 	 7.950337e+07 	
1.20418977e+06 	 1.747386e+00 	 7.755776e+07 	
1.20422372e+06 	 1.536078e+00 	 7.540135e+07 	
1.20425767e+06 	 1.351262e+00 	 7.333005e+07 	
1.20429162e+06 	 1.189585e+00 	 7.134142e+07 	
1.20432557e+06 	 1.048113e+00 	 6.943304e+07 	
1.20435951e+06 	 9.242811e-01 	 6.760246e+07 	
1.20439346e+06 	 8.158477e-01 	 6.584728e+07 	
1.20442741e+06 	 7.208554e-01 	 6.416507e+07 	
1.20446136e+06 	 6.375954e-01 	 6.255346e+07 	
1.20449531e+06 	 5.645768e-01 	 6.101007e+07 	
1.20453586e+06 	 4.889773e-01 	 5.925266e+07 	
1.20457641e+06 	 4.242350e-01 	 5.758530e+07 	
1.20461696e+06 	 3.687306e-01 	 5.600411e+07 	
1.20465751e+06 	 3.210899e-01 	 5.450530e+07 	
1.20469806e+06 	 2.801469e-01 	 5.308512e+07 	
1.20473861e+06 	 2.449127e-01 	 5.173996e+07 	
1.20478634e+06 	 2.096271e-01 	 5.024808e+07 	
1.20483406e+06 	 1.799465e-01 	 4.884958e+07 	
1.20488179e+06 	 1.549257e-01 	 4.753904e+07 	
1.20492951e+06 	 1.337849e-01 	 4.631125e+07 	
1.20498492e+06 	 1.132649e-01 	 4.498315e+07 	
1.20504032e+06 	 9.628820e-02 	 4.375235e+07 	
1.20509572e+06 	 8.219501e-02 	 4.261178e+07 	
1.20515744e+06 	 6.924592e-02 	 4.143932e+07 	
1.20521915e+06 	 5.863447e-02 	 4.036191e+07 	
1.20528781e+06 	 4.901766e-02 	 3.926519e+07 	
1.20535647e+06 	 4.122996e-02 	 3.826592e+07 	
1.20543897e+06 	 3.375764e-02 	 3.718104e+07 	
1.20552146e+06 	 2.787258e-02 	 3.620868e+07 	
1.20560396e+06 	 2.320066e-02 	 3.533578e+07 	
1.20569585e+06 	 1.908608e-02 	 3.446639e+07 	
1.20578775e+06 	 1.584635e-02 	 3.369200e+07 	
1.20588973e+06 	 1.302287e-02 	 3.292908e+07 	
1.20599172e+06 	 1.081135e-02 	 3.225383e+07 	
1.20610507e+06 	 8.889257e-03 	 3.159136e+07 	
1.20621843e+06 	 7.389053e-03 	 3.100808e+07 	
1.20634524e+06 	 6.081173e-03 	 3.043504e+07 	
1.20647204e+06 	 5.063418e-03 	 2.993280e+07 	
1.20661515e+06 	 4.170966e-03 	 2.943714e+07 	
1.20675825e+06 	 3.478653e-03 	 2.900452e+07 	
1.20692178e+06 	 2.866192e-03 	 2.857401e+07 	
1.20708530e+06 	 2.393045e-03 	 2.819980e+07 	
1.20727164e+06 	 1.976774e-03 	 2.782959e+07 	
1.20745797e+06 	 1.655625e-03 	 2.750841e+07 	
1.20769298e+06 	 1.347193e-03 	 2.715971e+07 	
1.20792800e+06 	 1.115197e-03 	 2.686150e+07 	
1.20816302e+06 	 9.371673e-04 	 2.660360e+07 	
1.20849650e+06 	 7.488441e-04 	 2.629212e+07 	
1.20882998e+06 	 6.120934e-04 	 2.603038e+07 	
1.20898301e+06 	 5.617235e-04 	 2.592364e+07 	
1.20899832e+06 	 5.570391e-04 	 2.591337e+07 	
1.20899985e+06 	 5.565740e-04 	 2.591234e+07 	
1.20900000e+06 	 5.565275e-04 	 2.591224e+07 	
1.20910005e+06 	 5.273743e-04 	 2.584687e+07 	
1.20920010e+06 	 5.005236e-04 	 2.578431e+07 	
1.20930015e+06 	 4.757350e-04 	 2.572436e+07 	
1.20940020e+06 	 4.528103e-04 	 2.566686e+07 	
1.20950025e+06 	 4.315823e-04 	 2.561164e+07 	
1.20960030e+06 	 4.118878e-04 	 2.555856e+07 	
1.20970035e+06 	 3.935770e-04 	 2.550748e+07 	
1.20980040e+06 	 3.765307e-04 	 2.545828e+07 	
1.20990045e+06 	 3.606428e-04 	 2.541085e+07 	
1.21000050e+06 	 3.458115e-04 	 2.536507e+07 	
1.21010055e+06 	 3.319393e-04 	 2.532086e+07 	
1.21020060e+06 	 3.189498e-04 	 2.527811e+07 	
1.21030065e+06 	 3.067760e-04 	 2.523676e+07 	
1.21040070e+06 	 2.953505e-04 	 2.519672e+07 	
1.21050075e+06 	 2.846130e-04 	 2.515792e+07 	
1.21060080e+06 	 2.745063e-04 	 2.512029e+07 	
1.21070085e+06 	 2.649870e-04 	 2.508377e+07 	
1.21080090e+06 	 2.560121e-04 	 2.504831e+07 	
1.21090095e+06 	 2.475418e-04 	 2.501386e+07 	
1.21100100e+06 	 2.395346e-04 	 2.498034e+07 	
1.21110105e+06 	 2.319576e-04 	 2.494773e+07 	
1.21120110e+06 	 2.247843e-04 	 2.491598e+07 	
1.21130115e+06 	 2.179881e-04 	 2.488505e+07 	
1.21140120e+06 	 2.115425e-04 	 2.485490e+07 	
1.21150125e+06 	 2.054236e-04 	 2.482549e+07 	
1.21160130e+06 	 1.996069e-04 	 2.479679e+07 	
1.21170135e+06 	 1.940736e-04 	 2.476876e+07 	
1.21180140e+06 	 1.888078e-04 	 2.474138e+07 	
1.21190145e+06 	 1.837934e-04 	 2.471462e+07 	
1.21200150e+06 	 1.790142e-04 	 2.468845e+07 	
1.21210155e+06 	 1.744553e-04 	 2.466285e+07 	
1.21220160e+06 	 1.701022e-04 	 2.463778e+07 	
1.21230165e+06 	 1.659428e-04 	 2.461324e+07 	
1.21240170e+06 	 1.619668e-04 	 2.458919e+07 	
1.21250175e+06 	 1.581643e-04 	 2.456563e+07 	
1.21260180e+06 	 1.545251e-04 	 2.454252e+07 	
1.21270185e+06 	 1.510404e-04 	 2.451985e+07 	
1.21280190e+06 	 1.477005e-04 	 2.449761e+07 	
1.21290195e+06 	 1.444960e-04 	 2.447577e+07 	
1.21300200e+06 	 1.414209e-04 	 2.445432e+07 	
1.21310205e+06 	 1.384690e-04 	 2.443325e+07 	
1.21320210e+06 	 1.356343e-04 	 2.441254e+07 	
1.21330215e+06 	 1.329106e-04 	 2.439219e+07 	
1.21340220e+06 	 1.302920e-04 	 2.437217e+07 	
1.21350225e+06 	 1.277728e-04 	 2.435247e+07 	
1.21360230e+06 	 1.253481e-04 	 2.433309e+07 	
1.21370235e+06 	 1.230119e-04 	 2.431401e+07 	
1.21380240e+06 	 1.207607e-04 	 2.429522e+07 	
1.21390245e+06 	 1.185908e-04 	 2.427672e+07 	
1.21400250e+06 	 1.164987e-04 	 2.425848e+07 	
1.21410255e+06 	 1.144808e-04 	 2.424051e+07 	
1.21420260e+06 	 1.125334e-04 	 2.422280e+07 	
1.21430265e+06 	 1.106530e-04 	 2.420533e+07 	
1.21440270e+06 	 1.088374e-04 	 2.418810e+07 	
1.21450275e+06 	 1.070820e-04 	 2.417109e+07 	
1.21460280e+06 	 1.053842e-04 	 2.415431e+07 	
1.21470285e+06 	 1.037419e-04 	 2.413775e+07 	
1.21480290e+06 	 1.021530e-04 	 2.412139e+07 	
1.21490295e+06 	 1.006153e-04 	 2.410524e+07 	
1.21500300e+06 	 9.912687e-05 	 2.408929e+07 	
1.21510305e+06 	 9.768555e-05 	 2.407353e+07 	
1.21520310e+06 	 9.628929e-05 	 2.405795e+07 	
1.21530315e+06 	 9.493598e-05 	 2.404255e+07 	
1.21540320e+06 	 9.362403e-05 	 2.402733e+07 	
1.21550325e+06 	 9.235164e-05 	 2.401227e+07 	
1.21560330e+06 	 9.111657e-05 	 2.399738e+07 	
1.21570335e+06 	 8.991762e-05 	 2.398265e+07 	
1.21580340e+06 	 8.875360e-05 	 2.396807e+07 	
1.21590345e+06 	 8.762329e-05 	 2.395364e+07 	
1.21600350e+06 	 8.652549e-05 	 2.393936e+07 	
1.21610355e+06 	 8.545900e-05 	 2.392522e+07 	
1.21620360e+06 	 8.442261e-05 	 2.391122e+07 	
1.21630365e+06 	 8.341512e-05 	 2.389736e+07 	
1.21640370e+06 	 8.243533e-05 	 2.388363e+07 	
1.21650375e+06 	 8.148248e-05 	 2.387002e+07 	
1.21660380e+06 	 8.055547e-05 	 2.385654e+07 	
1.21670385e+06 	 7.965272e-05 	 2.384318e+07 	
1.21680390e+06 	 7.877354e-05 	 2.382994e+07 	
1.21690395e+06 	 7.791726e-05 	 2.381681e+07 	
1.21700400e+06 	 7.708318e-05 	 2.380379e+07 	
1.21710405e+06 	 7.627063e-05 	 2.379088e+07 	
1.21720410e+06 	 7.547891e-05 	 2.377808e+07 	
1.21730415e+06 	 7.470735e-05 	 2.376538e+07 	
1.21740420e+06 	 7.395527e-05 	 2.375278e+07 	
1.21750425e+06 	 7.322196e-05 	 2.374028e+07 	
1.21760430e+06 	 7.251016e-05 	 2.372785e+07 	
1.21770435e+06 	 7.181222e-05 	 2.371554e+07 	
1.21780440e+06 	 7.113114e-05 	 2.370332e+07 	
1.21790445e+06 	 7.046637e-05 	 2.369119e+07 	
1.21800450e+06 	 6.981738e-05 	 2.367915e+07 	
1.21810455e+06 	 6.918366e-05 	 2.366719e+07 	
1.21820460e+06 	 6.856473e-05 	 2.365532e+07 	
1.21830465e+06 	 6.796011e-05 	 2.364352e+07 	
1.21840470e+06 	 6.736935e-05 	 2.363181e+07 	
1.21850475e+06 	 6.679203e-05 	 2.362017e+07 	
1.21860480e+06 	 6.622771e-05 	 2.360861e+07 	
1.21870485e+06 	 6.567602e-05 	 2.359712e+07 	
1.21880490e+06 	 6.513655e-05 	 2.358571e+07 	
1.21890495e+06 	 6.460893e-05 	 2.357436e+07 	
1.21900500e+06 	 6.409282e-05 	 2.356308e+07 	
1.21910505e+06 	 6.358786e-05 	 2.355188e+07 	
1.21920510e+06 	 6.309373e-05 	 2.354073e+07 	
1.21930515e+06 	 6.261010e-05 	 2.352966e+07 	
1.21940520e+06 	 6.213668e-05 	 2.351864e+07 	
1.21950525e+06 	 6.167315e-05 	 2.350769e+07 	
1.21960530e+06 	 6.121924e-05 	 2.349679e+07 	
1.21970535e+06 	 6.077467e-05 	 2.348596e+07 	
1.21980540e+06 	 6.033917e-05 	 2.347518e+07 	
1.21990545e+06 	 5.991249e-05 	 2.346447e+07 	
1.22000550e+06 	 5.949438e-05 	 2.345380e+07 	
1.22010555e+06 	 5.908461e-05 	 2.344319e+07 	
1.22020560e+06 	 5.868293e-05 	 2.343264e+07 	
1.22030565e+06 	 5.828912e-05 	 2.342213e+07 	
1.22040570e+06 	 5.790298e-05 	 2.341168e+07 	
1.22050575e+06 	 5.752429e-05 	 2.340127e+07 	
1.22060580e+06 	 5.715565e-05 	 2.339089e+07 	
1.22070585e+06 	 5.679131e-05 	 2.338058e+07 	
1.22080590e+06 	 5.643384e-05 	 2.337032e+07 	
1.22090595e+06 	 5.608305e-05 	 2.336011e+07 	
1.22100600e+06 	 5.573877e-05 	 2.334994e+07 	
1.22110605e+06 	 5.540083e-05 	 2.333981e+07 	
1.22120610e+06 	 5.506906e-05 	 2.332973e+07 	
1.22130615e+06 	 5.474331e-05 	 2.331969e+07 	
1.22140620e+06 	 5.442341e-05 	 2.330970e+07 	
1.22150625e+06 	 5.410922e-05 	 2.329974e+07 	
1.22160630e+06 	 5.380059e-05 	 2.328982e+07 	
1.22170635e+06 	 5.349738e-05 	 2.327995e+07 	
1.22180640e+06 	 5.319946e-05 	 2.327011e+07 	
1.22190645e+06 	 5.290669e-05 	 2.326031e+07 	
1.22200650e+06 	 5.261894e-05 	 2.325054e+07 	
1.22210655e+06 	 5.233609e-05 	 2.324082e+07 	
1.22220660e+06 	 5.205802e-05 	 2.323112e+07 	
1.22230665e+06 	 5.178462e-05 	 2.322147e+07 	
1.22240670e+06 	 5.151576e-05 	 2.321185e+07 	
1.22250675e+06 	 5.125133e-05 	 2.320226e+07 	
1.22260680e+06 	 5.099124e-05 	 2.319270e+07 	
1.22270685e+06 	 5.073537e-05 	 2.318318e+07 	
1.22280690e+06 	 5.048363e-05 	 2.317369e+07 	
1.22290695e+06 	 5.023591e-05 	 2.316423e+07 	
1.22300700e+06 	 4.999213e-05 	 2.315480e+07 	
1.22310705e+06 	 4.975469e-05 	 2.314538e+07 	
1.22320710e+06 	 4.951853e-05 	 2.313601e+07 	
1.22330715e+06 	 4.928602e-05 	 2.312667e+07 	
1.22340720e+06 	 4.905710e-05 	 2.311736e+07 	
1.22350725e+06 	 4.883167e-05 	 2.310808e+07 	
1.22360730e+06 	 4.860965e-05 	 2.309883e+07 	
1.22370735e+06 	 4.839097e-05 	 2.308960e+07 	
1.22380740e+06 	 4.817555e-05 	 2.308040e+07 	
1.22390745e+06 	 4.796332e-05 	 2.307122e+07 	
1.22400750e+06 	 4.775420e-05 	 2.306207e+07 	
1.22410755e+06 	 4.754812e-05 	 2.305295e+07 	
1.22420760e+06 	 4.734503e-05 	 2.304385e+07 	
1.22430765e+06 	 4.714484e-05 	 2.303478e+07 	
1.22440770e+06 	 4.694750e-05 	 2.302573e+07 	
1.22450775e+06 	 4.675294e-05 	 2.301670e+07 	
1.22460780e+06 	 4.656111e-05 	 2.300770e+07 	
1.22470785e+06 	 4.637193e-05 	 2.299872e+07 	
1.22480790e+06 	 4.618536e-05 	 2.298976e+07 	
1.22490795e+06 	 4.600134e-05 	 2.298083e+07 	
1.22500800e+06 	 4.581981e-05 	 2.297191e+07 	
1.22510805e+06 	 4.564072e-05 	 2.296302e+07 	
1.22520810e+06 	 4.546402e-05 	 2.295415e+07 	
1.22530815e+06 	 4.528965e-05 	 2.294530e+07 	
1.22540820e+06 	 4.511757e-05 	 2.293647e+07 	
1.22550825e+06 	 4.494773e-05 	 2.292766e+07 	
1.22560830e+06 	 4.478008e-05 	 2.291887e+07 	
1.22570835e+06 	 4.461457e-05 	 2.291010e+07 	
1.22580840e+06 	 4.445116e-05 	 2.290135e+07 	
1.22590845e+06 	 4.428981e-05 	 2.289261e+07 	
1.22600850e+06 	 4.413047e-05 	 2.288390e+07 	
1.22610855e+06 	 4.397310e-05 	 2.287520e+07 	
1.22620860e+06 	 4.381766e-05 	 2.286653e+07 	
1.22630865e+06 	 4.366412e-05 	 2.285787e+07 	
1.22640870e+06 	 4.351242e-05 	 2.284922e+07 	
1.22650875e+06 	 4.336255e-05 	 2.284060e+07 	
1.22660880e+06 	 4.321444e-05 	 2.283199e+07 	
1.22670885e+06 	 4.306808e-05 	 2.282340e+07 	
1.22680890e+06 	 4.292343e-05 	 2.281482e+07 	
1.22690895e+06 	 4.278045e-05 	 2.280626e+07 	
1.22700900e+06 	 4.263911e-05 	 2.279772e+07 	
1.22710905e+06 	 4.249722e-05 	 2.278921e+07 	
1.22720910e+06 	 4.235902e-05 	 2.278070e+07 	
1.22730915e+06 	 4.222237e-05 	 2.277220e+07 	
1.22740920e+06 	 4.208723e-05 	 2.276372e+07 	
1.22750925e+06 	 4.195357e-05 	 2.275525e+07 	
1.22760930e+06 	 4.182136e-05 	 2.274680e+07 	
1.22770935e+06 	 4.169058e-05 	 2.273836e+07 	
1.22780940e+06 	 4.156119e-05 	 2.272994e+07 	
1.22790945e+06 	 4.143318e-05 	 2.272153e+07 	
1.22800950e+06 	 4.130650e-05 	 2.271313e+07 	
1.22810955e+06 	 4.118114e-05 	 2.270475e+07 	
1.22820960e+06 	 4.105708e-05 	 2.269638e+07 	
1.22830965e+06 	 4.093428e-05 	 2.268802e+07 	
1.22840970e+06 	 4.081272e-05 	 2.267967e+07 	
1.22850975e+06 	 4.069238e-05 	 2.267134e+07 	
1.22860980e+06 	 4.057323e-05 	 2.266302e+07 	
1.22870985e+06 	 4.045526e-05 	 2.265472e+07 	
1.22880990e+06 	 4.033843e-05 	 2.264642e+07 	
1.22890995e+06 	 4.022274e-05 	 2.263814e+07 	
1.22901001e+06 	 4.010815e-05 	 2.262987e+07 	
1.22911006e+06 	 3.999465e-05 	 2.262161e+07 	
1.22921011e+06 	 3.988221e-05 	 2.261336e+07 	
1.22931016e+06 	 3.977082e-05 	 2.260513e+07 	
1.22941021e+06 	 3.966046e-05 	 2.259690e+07 	
1.22951026e+06 	 3.955110e-05 	 2.258869e+07 	
1.22961031e+06 	 3.944273e-05 	 2.258049e+07 	
1.22971036e+06 	 3.933534e-05 	 2.257229e+07 	
1.22981041e+06 	 3.922889e-05 	 2.256411e+07 	
1.22991046e+06 	 3.912338e-05 	 2.255594e+07 	
1.23001051e+06 	 3.901879e-05 	 2.254778e+07 	
1.23011056e+06 	 3.891510e-05 	 2.253963e+07 	
1.23021061e+06 	 3.881229e-05 	 2.253149e+07 	
1.23031066e+06 	 3.871036e-05 	 2.252336e+07 	
1.23041071e+06 	 3.860927e-05 	 2.251524e+07 	
1.23051076e+06 	 3.850903e-05 	 2.250713e+07 	
1.23061081e+06 	 3.840960e-05 	 2.249903e+07 	
1.23071086e+06 	 3.831098e-05 	 2.249094e+07 	
1.23081091e+06 	 3.821316e-05 	 2.248285e+07 	
1.23091096e+06 	 3.811612e-05 	 2.247478e+07 	
1.23101101e+06 	 3.802177e-05 	 2.246669e+07 	
1.23111106e+06 	 3.792627e-05 	 2.245864e+07 	
1.23121111e+06 	 3.783151e-05 	 2.245059e+07 	
1.23131116e+06 	 3.773747e-05 	 2.244255e+07 	
1.23141121e+06 	 3.764415e-05 	 2.243452e+07 	
1.23151126e+06 	 3.755152e-05 	 2.242650e+07 	
1.23161131e+06 	 3.745959e-05 	 2.241849e+07 	
1.23171136e+06 	 3.736833e-05 	 2.241049e+07 	
1.23181141e+06 	 3.727773e-05 	 2.240249e+07 	
1.23191146e+06 	 3.718779e-05 	 2.239450e+07 	
1.23201151e+06 	 3.709849e-05 	 2.238652e+07 	
1.23211156e+06 	 3.700981e-05 	 2.237855e+07 	
1.23221161e+06 	 3.692176e-05 	 2.237059e+07 	
1.23231166e+06 	 3.683431e-05 	 2.236263e+07 	
1.23241171e+06 	 3.674746e-05 	 2.235469e+07 	
1.23251176e+06 	 3.666120e-05 	 2.234674e+07 	
1.23261181e+06 	 3.657552e-05 	 2.233881e+07 	
1.23271186e+06 	 3.649040e-05 	 2.233089e+07 	
1.23281191e+06 	 3.640584e-05 	 2.232297e+07 	
1.23291196e+06 	 3.632183e-05 	 2.231506e+07 	
1.23301201e+06 	 3.623836e-05 	 2.230715e+07 	
1.23311206e+06 	 3.615542e-05 	 2.229925e+07 	
1.23321211e+06 	 3.607299e-05 	 2.229136e+07 	
1.23331216e+06 	 3.599108e-05 	 2.228348e+07 	
1.23341221e+06 	 3.590968e-05 	 2.227561e+07 	
1.23351226e+06 	 3.582877e-05 	 2.226774e+07 	
1.23361231e+06 	 3.574834e-05 	 2.225987e+07 	
1.23371236e+06 	 3.566840e-05 	 2.225202e+07 	
1.23381241e+06 	 3.558892e-05 	 2.224417e+07 	
1.23391246e+06 	 3.550991e-05 	 2.223632e+07 	
1.23401251e+06 	 3.543135e-05 	 2.222849e+07 	
1.23411256e+06 	 3.535324e-05 	 2.222066e+07 	
1.23421261e+06 	 3.527557e-05 	 2.221283e+07 	
1.23431266e+06 	 3.519834e-05 	 2.220501e+07 	
1.23441271e+06 	 3.512152e-05 	 2.219720e+07 	
1.23451276e+06 	 3.504513e-05 	 2.218940e+07 	
1.23461281e+06 	 3.496915e-05 	 2.218160e+07 	
1.23471286e+06 	 3.489358e-05 	 2.217380e+07 	
1.23481291e+06 	 3.481840e-05 	 2.216602e+07 	
1.23491296e+06 	 3.474186e-05 	 2.215826e+07 	
1.23501301e+06 	 3.466743e-05 	 2.215048e+07 	
1.23511306e+06 	 3.459338e-05 	 2.214271e+07 	
1.23521311e+06 	 3.451971e-05 	 2.213495e+07 	
1.23531316e+06 	 3.444640e-05 	 2.212719e+07 	
1.23541321e+06 	 3.437346e-05 	 2.211943e+07 	
1.23551326e+06 	 3.430087e-05 	 2.211169e+07 	
1.23561331e+06 	 3.422863e-05 	 2.210394e+07 	
1.23571336e+06 	 3.415673e-05 	 2.209621e+07 	
1.23581341e+06 	 3.408517e-05 	 2.208848e+07 	
1.23591346e+06 	 3.401395e-05 	 2.208075e+07 	
1.23601351e+06 	 3.394305e-05 	 2.207303e+07 	
1.23611356e+06 	 3.387247e-05 	 2.206531e+07 	
1.23621361e+06 	 3.380222e-05 	 2.205760e+07 	
1.23631366e+06 	 3.373227e-05 	 2.204990e+07 	
1.23641371e+06 	 3.366263e-05 	 2.204220e+07 	
1.23651376e+06 	 3.359330e-05 	 2.203450e+07 	
1.23661381e+06 	 3.352426e-05 	 2.202681e+07 	
1.23671386e+06 	 3.345552e-05 	 2.201912e+07 	
1.23681391e+06 	 3.338707e-05 	 2.201144e+07 	
1.23691396e+06 	 3.331890e-05 	 2.200377e+07 	
1.23701401e+06 	 3.325101e-05 	 2.199609e+07 	
1.23711406e+06 	 3.318340e-05 	 2.198843e+07 	
1.23721411e+06 	 3.311605e-05 	 2.198077e+07 	
1.23731416e+06 	 3.304898e-05 	 2.197311e+07 	
1.23741421e+06 	 3.298217e-05 	 2.196546e+07 	
1.23751426e+06 	 3.291561e-05 	 2.195781e+07 	
1.23761431e+06 	 3.284932e-05 	 2.195017e+07 	
1.23771436e+06 	 3.278327e-05 	 2.194253e+07 	
1.23781441e+06 	 3.271747e-05 	 2.193489e+07 	
1.23791446e+06 	 3.265192e-05 	 2.192726e+07 	
1.23801451e+06 	 3.258660e-05 	 2.191964e+07 	
1.23811456e+06 	 3.252152e-05 	 2.191202e+07 	
1.23821461e+06 	 3.245668e-05 	 2.190440e+07 	
1.23831466e+06 	 3.239206e-05 	 2.189679e+07 	
1.23841471e+06 	 3.232767e-05 	 2.188918e+07 	
1.23851476e+06 	 3.226350e-05 	 2.188157e+07 	
1.23861481e+06 	 3.219955e-05 	 2.187397e+07 	
1.23871486e+06 	 3.213582e-05 	 2.186638e+07 	
1.23881491e+06 	 3.207070e-05 	 2.185881e+07 	
1.23891496e+06 	 3.200736e-05 	 2.185122e+07 	
1.23901501e+06 	 3.194423e-05 	 2.184364e+07 	
1.23911506e+06 	 3.188131e-05 	 2.183606e+07 	
1.23921511e+06 	 3.181858e-05 	 2.182849e+07 	
1.23931516e+06 	 3.175605e-05 	 2.182092e+07 	
1.23941521e+06 	 3.169372e-05 	 2.181335e+07 	
1.23951526e+06 	 3.163158e-05 	 2.180579e+07 	
1.23961531e+06 	 3.156963e-05 	 2.179823e+07 	
1.23971536e+06 	 3.150786e-05 	 2.179067e+07 	
1.23981541e+06 	 3.144627e-05 	 2.178312e+07 	
1.23991546e+06 	 3.138487e-05 	 2.177557e+07 	
1.24001551e+06 	 3.132365e-05 	 2.176803e+07 	
1.24011556e+06 	 3.126260e-05 	 2.176049e+07 	
1.24021561e+06 	 3.120172e-05 	 2.175295e+07 	
1.24031566e+06 	 3.114101e-05 	 2.174542e+07 	
1.24041571e+06 	 3.108048e-05 	 2.173789e+07 	
1.24051576e+06 	 3.102010e-05 	 2.173037e+07 	
1.24061581e+06 	 3.095990e-05 	 2.172285e+07 	
1.24071586e+06 	 3.089985e-05 	 2.171533e+07 	
1.24081591e+06 	 3.083996e-05 	 2.170782e+07 	
1.24091596e+06 	 3.078023e-05 	 2.170031e+07 	
1.24101601e+06 	 3.072065e-05 	 2.169280e+07 	
1.24111606e+06 	 3.066123e-05 	 2.168530e+07 	
1.24121611e+06 	 3.060195e-05 	 2.167780e+07 	
1.24131616e+06 	 3.054282e-05 	 2.167030e+07 	
1.24141621e+06 	 3.048384e-05 	 2.166281e+07 	
1.24151626e+06 	 3.042501e-05 	 2.165532e+07 	
1.24161631e+06 	 3.036631e-05 	 2.164783e+07 	
1.24171636e+06 	 3.030776e-05 	 2.164035e+07 	
1.24181641e+06 	 3.024934e-05 	 2.163287e+07 	
1.24191646e+06 	 3.019106e-05 	 2.162540e+07 	
1.24201651e+06 	 3.013291e-05 	 2.161792e+07 	
1.24211656e+06 	 3.007490e-05 	 2.161045e+07 	
1.24221661e+06 	 3.001702e-05 	 2.160299e+07 	
1.24231666e+06 	 2.995927e-05 	 2.159553e+07 	
1.24241671e+06 	 2.990164e-05 	 2.158807e+07 	
1.24251676e+06 	 2.984414e-05 	 2.158061e+07 	
1.24261681e+06 	 2.978677e-05 	 2.157316e+07 	
1.24271686e+06 	 2.972951e-05 	 2.156571e+07 	
1.24281691e+06 	 2.967090e-05 	 2.155829e+07 	
1.24291696e+06 	 2.961386e-05 	 2.155085e+07 	
1.24301701e+06 	 2.955694e-05 	 2.154341e+07 	
1.24311706e+06 	 2.950014e-05 	 2.153597e+07 	
1.24321711e+06 	 2.944345e-05 	 2.152854e+07 	
1.24331716e+06 	 2.938687e-05 	 2.152111e+07 	
1.24341721e+06 	 2.933041e-05 	 2.151368e+07 	
1.24351726e+06 	 2.927405e-05 	 2.150626e+07 	
1.24361731e+06 	 2.921781e-05 	 2.149884e+07 	
1.24371736e+06 	 2.916167e-05 	 2.149142e+07 	
1.24381741e+06 	 2.910563e-05 	 2.148401e+07 	
1.24391746e+06 	 2.904970e-05 	 2.147660e+07 	
1.24401751e+06 	 2.899387e-05 	 2.146919e+07 	
1.24411756e+06 	 2.893815e-05 	 2.146179e+07 	
1.24421761e+06 	 2.888252e-05 	 2.145438e+07 	
1.24431766e+06 	 2.882700e-05 	 2.144699e+07 	
1.24441771e+06 	 2.877157e-05 	 2.143959e+07 	
1.24451776e+06 	 2.871624e-05 	 2.143220e+07 	
1.24461781e+06 	 2.866100e-05 	 2.142481e+07 	
1.24471786e+06 	 2.860586e-05 	 2.141742e+07 	
1.24481791e+06 	 2.855081e-05 	 2.141004e+07 	
1.24491796e+06 	 2.849586e-05 	 2.140266e+07 	
1.24501801e+06 	 2.844099e-05 	 2.139528e+07 	
1.24511806e+06 	 2.838622e-05 	 2.138790e+07 	
1.24521811e+06 	 2.833153e-05 	 2.138053e+07 	
1.24531816e+06 	 2.827693e-05 	 2.137316e+07 	
1.24541821e+06 	 2.822241e-05 	 2.136580e+07 	
1.24551826e+06 	 2.816799e-05 	 2.135844e+07 	
1.24561831e+06 	 2.811364e-05 	 2.135107e+07 	
1.24571836e+06 	 2.805938e-05 	 2.134372e+07 	
1.24581841e+06 	 2.800520e-05 	 2.133636e+07 	
1.24591846e+06 	 2.795111e-05 	 2.132901e+07 	
1.24601851e+06 	 2.789709e-05 	 2.132166e+07 	
1.24611856e+06 	 2.784315e-05 	 2.131432e+07 	
1.24621861e+06 	 2.778930e-05 	 2.130697e+07 	
1.24631866e+06 	 2.773551e-05 	 2.129963e+07 	
1.24641871e+06 	 2.768181e-05 	 2.129230e+07 	
1.24651876e+06 	 2.762818e-05 	 2.128496e+07 	
1.24661881e+06 	 2.757463e-05 	 2.127763e+07 	
1.24671886e+06 	 2.752115e-05 	 2.127030e+07 	
1.24681891e+06 	 2.746637e-05 	 2.126300e+07 	
1.24691896e+06 	 2.741301e-05 	 2.125567e+07 	
1.24701901e+06 	 2.735973e-05 	 2.124835e+07 	
1.24711906e+06 	 2.730652e-05 	 2.124103e+07 	
1.24721911e+06 	 2.725337e-05 	 2.123372e+07 	
1.24731916e+06 	 2.720030e-05 	 2.122641e+07 	
1.24741921e+06 	 2.714729e-05 	 2.121910e+07 	
1.24751926e+06 	 2.709435e-05 	 2.121179e+07 	
1.24761931e+06 	 2.704148e-05 	 2.120449e+07 	
1.24771936e+06 	 2.698867e-05 	 2.119719e+07 	
1.24781941e+06 	 2.693593e-05 	 2.118989e+07 	
1.24791946e+06 	 2.688325e-05 	 2.118259e+07 	
1.24801951e+06 	 2.683064e-05 	 2.117530e+07 	
1.24811956e+06 	 2.677809e-05 	 2.116801e+07 	
1.24821961e+06 	 2.672560e-05 	 2.116072e+07 	
1.24831966e+06 	 2.667317e-05 	 2.115343e+07 	
1.24841971e+06 	 2.662080e-05 	 2.114615e+07 	
1.24851976e+06 	 2.656850e-05 	 2.113887e+07 	
1.24861981e+06 	 2.651625e-05 	 2.113159e+07 	
1.24871986e+06 	 2.646406e-05 	 2.112432e+07 	
1.24881991e+06 	 2.641193e-05 	 2.111705e+07 	
1.24891996e+06 	 2.635986e-05 	 2.110978e+07 	
1.24902001e+06 	 2.630785e-05 	 2.110251e+07 	
1.24912006e+06 	 2.625589e-05 	 2.109525e+07 	
1.24922011e+06 	 2.620398e-05 	 2.108799e+07 	
1.24932016e+06 	 2.615214e-05 	 2.108073e+07 	
1.24942021e+06 	 2.610034e-05 	 2.107347e+07 	
1.24952026e+06 	 2.604860e-05 	 2.106622e+07 	
1.24962031e+06 	 2.599692e-05 	 2.105897e+07 	
1.24972036e+06 	 2.594529e-05 	 2.105172e+07 	
1.24982041e+06 	 2.589371e-05 	 2.104447e+07 	
1.24992046e+06 	 2.584218e-05 	 2.103723e+07 	
1.25002051e+06 	 2.579070e-05 	 2.102999e+07 	
1.25012056e+06 	 2.573928e-05 	 2.102275e+07 	
1.25022061e+06 	 2.568790e-05 	 2.101552e+07 	
1.25032066e+06 	 2.563657e-05 	 2.100828e+07 	
1.25042071e+06 	 2.558530e-05 	 2.100105e+07 	
1.25052076e+06 	 2.553407e-05 	 2.099383e+07 	
1.25062081e+06 	 2.548289e-05 	 2.098660e+07 	
1.25072086e+06 	 2.543176e-05 	 2.097938e+07 	
1.25082091e+06 	 2.538068e-05 	 2.097216e+07 	
1.25092096e+06 	 2.532835e-05 	 2.096496e+07 	
1.25102101e+06 	 2.527734e-05 	 2.095775e+07 	
1.25112106e+06 	 2.522638e-05 	 2.095054e+07 	
1.25122111e+06 	 2.517546e-05 	 2.094333e+07 	
1.25132116e+06 	 2.512459e-05 	 2.093612e+07 	
1.25142121e+06 	 2.507376e-05 	 2.092892e+07 	
1.25152126e+06 	 2.502297e-05 	 2.092171e+07 	
1.25162131e+06 	 2.497223e-05 	 2.091451e+07 	
1.25172136e+06 	 2.492153e-05 	 2.090732e+07 	
1.25182141e+06 	 2.487087e-05 	 2.090012e+07 	
1.25192146e+06 	 2.482025e-05 	 2.089293e+07 	
1.25202151e+06 	 2.476968e-05 	 2.088574e+07 	
1.25212156e+06 	 2.471915e-05 	 2.087856e+07 	
1.25222161e+06 	 2.466866e-05 	 2.087137e+07 	
1.25232166e+06 	 2.461821e-05 	 2.086419e+07 	
1.25242171e+06 	 2.456780e-05 	 2.085701e+07 	
1.25252176e+06 	 2.451743e-05 	 2.084983e+07 	
1.25262181e+06 	 2.446710e-05 	 2.084266e+07 	
1.25272186e+06 	 2.441681e-05 	 2.083549e+07 	
1.25282191e+06 	 2.436656e-05 	 2.082832e+07 	
1.25292196e+06 	 2.431634e-05 	 2.082115e+07 	
1.25302201e+06 	 2.426617e-05 	 2.081399e+07 	
1.25312206e+06 	 2.421603e-05 	 2.080683e+07 	
1.25322211e+06 	 2.416593e-05 	 2.079967e+07 	
1.25332216e+06 	 2.411586e-05 	 2.079251e+07 	
1.25342221e+06 	 2.406583e-05 	 2.078536e+07 	
1.25352226e+06 	 2.401584e-05 	 2.077821e+07 	
1.25362231e+06 	 2.396589e-05 	 2.077106e+07 	
1.25372236e+06 	 2.391597e-05 	 2.076391e+07 	
1.25382241e+06 	 2.386608e-05 	 2.075677e+07 	
1.25392246e+06 	 2.381623e-05 	 2.074963e+07 	
1.25402251e+06 	 2.376642e-05 	 2.074249e+07 	
1.25412256e+06 	 2.371664e-05 	 2.073535e+07 	
1.25422261e+06 	 2.366689e-05 	 2.072822e+07 	
1.25432266e+06 	 2.361718e-05 	 2.072108e+07 	
1.25442271e+06 	 2.356750e-05 	 2.071396e+07 	
1.25452276e+06 	 2.351785e-05 	 2.070683e+07 	
1.25462281e+06 	 2.346824e-05 	 2.069970e+07 	
1.25472286e+06 	 2.341866e-05 	 2.069258e+07 	
1.25482291e+06 	 2.336911e-05 	 2.068546e+07 	
1.25492296e+06 	 2.331841e-05 	 2.067837e+07 	
1.25502301e+06 	 2.326891e-05 	 2.067126e+07 	
1.25512306e+06 	 2.321944e-05 	 2.066414e+07 	
1.25522311e+06 	 2.317000e-05 	 2.065704e+07 	
1.25532316e+06 	 2.312059e-05 	 2.064993e+07 	
1.25542321e+06 	 2.307121e-05 	 2.064283e+07 	
1.25552326e+06 	 2.302186e-05 	 2.063572e+07 	
1.25562331e+06 	 2.297254e-05 	 2.062862e+07 	
1.25572336e+06 	 2.292325e-05 	 2.062153e+07 	
1.25582341e+06 	 2.287398e-05 	 2.061443e+07 	
1.25592346e+06 	 2.282475e-05 	 2.060734e+07 	
1.25602351e+06 	 2.277555e-05 	 2.060025e+07 	
1.25612356e+06 	 2.272637e-05 	 2.059317e+07 	
1.25622361e+06 	 2.267722e-05 	 2.058608e+07 	
1.25632366e+06 	 2.262810e-05 	 2.057900e+07 	
1.25642371e+06 	 2.257901e-05 	 2.057192e+07 	
1.25652376e+06 	 2.252995e-05 	 2.056485e+07 	
1.25662381e+06 	 2.248091e-05 	 2.055777e+07 	
1.25672386e+06 	 2.243190e-05 	 2.055070e+07 	
1.25682391e+06 	 2.238291e-05 	 2.054363e+07 	
1.25692396e+06 	 2.233396e-05 	 2.053657e+07 	
1.25702401e+06 	 2.228503e-05 	 2.052950e+07 	
1.25712406e+06 	 2.223612e-05 	 2.052244e+07 	
1.25722411e+06 	 2.218724e-05 	 2.051538e+07 	
1.25732416e+06 	 2.213839e-05 	 2.050832e+07 	
1.25742421e+06 	 2.208956e-05 	 2.050127e+07 	
1.25752426e+06 	 2.204075e-05 	 2.049422e+07 	
1.25762431e+06 	 2.199197e-05 	 2.048717e+07 	
1.25772436e+06 	 2.194322e-05 	 2.048012e+07 	
1.25782441e+06 	 2.189449e-05 	 2.047308e+07 	
1.25792446e+06 	 2.184578e-05 	 2.046604e+07 	
1.25802451e+06 	 2.179710e-05 	 2.045900e+07 	
1.25812456e+06 	 2.174844e-05 	 2.045196e+07 	
1.25822461e+06 	 2.169981e-05 	 2.044493e+07 	
1.25832466e+06 	 2.165120e-05 	 2.043790e+07 	
1.25842471e+06 	 2.160261e-05 	 2.043087e+07 	
1.25852476e+06 	 2.155404e-05 	 2.042384e+07 	
1.25862481e+06 	 2.150550e-05 	 2.041682e+07 	
1.25872486e+06 	 2.145698e-05 	 2.040980e+07 	
1.25882491e+06 	 2.140848e-05 	 2.040278e+07 	
1.25892496e+06 	 2.136108e-05 	 2.039574e+07 	
1.25902501e+06 	 2.131264e-05 	 2.038872e+07 	
1.25912506e+06 	 2.126423e-05 	 2.038171e+07 	
1.25922511e+06 	 2.121583e-05 	 2.037470e+07 	
1.25932516e+06 	 2.116746e-05 	 2.036770e+07 	
1.25942521e+06 	 2.111911e-05 	 2.036069e+07 	
1.25952526e+06 	 2.107077e-05 	 2.035369e+07 	
1.25962531e+06 	 2.102246e-05 	 2.034669e+07 	
1.25972536e+06 	 2.097418e-05 	 2.033969e+07 	
1.25982541e+06 	 2.092591e-05 	 2.033270e+07 	
1.25992546e+06 	 2.087766e-05 	 2.032571e+07 	
1.26002551e+06 	 2.082943e-05 	 2.031872e+07 	
1.26012556e+06 	 2.078122e-05 	 2.031173e+07 	
1.26022561e+06 	 2.073303e-05 	 2.030475e+07 	
1.26032566e+06 	 2.068486e-05 	 2.029777e+07 	
1.26042571e+06 	 2.063671e-05 	 2.029079e+07 	
1.26052576e+06 	 2.058858e-05 	 2.028381e+07 	
1.26062581e+06 	 2.054047e-05 	 2.027684e+07 	
1.26072586e+06 	 2.049238e-05 	 2.026987e+07 	
1.26082591e+06 	 2.044431e-05 	 2.026290e+07 	
1.26092596e+06 	 2.039625e-05 	 2.025593e+07 	
1.26102601e+06 	 2.034821e-05 	 2.024897e+07 	
1.26112606e+06 	 2.030019e-05 	 2.024201e+07 	
1.26122611e+06 	 2.025219e-05 	 2.023505e+07 	
1.26132616e+06 	 2.020421e-05 	 2.022809e+07 	
1.26142621e+06 	 2.015625e-05 	 2.022114e+07 	
1.26152626e+06 	 2.010830e-05 	 2.021419e+07 	
1.26162631e+06 	 2.006037e-05 	 2.020724e+07 	
1.26172636e+06 	 2.001245e-05 	 2.020030e+07 	
1.26182641e+06 	 1.996456e-05 	 2.019335e+07 	
1.26192646e+06 	 1.991668e-05 	 2.018641e+07 	
1.26202651e+06 	 1.986881e-05 	 2.017948e+07 	
1.26212656e+06 	 1.982097e-05 	 2.017254e+07 	
1.26222661e+06 	 1.977314e-05 	 2.016561e+07 	
1.26232666e+06 	 1.972532e-05 	 2.015868e+07 	
1.26242671e+06 	 1.967753e-05 	 2.015175e+07 	
1.26252676e+06 	 1.962974e-05 	 2.014483e+07 	
1.26262681e+06 	 1.958198e-05 	 2.013791e+07 	
1.26272686e+06 	 1.953422e-05 	 2.013099e+07 	
1.26282691e+06 	 1.948649e-05 	 2.012407e+07 	
1.26292696e+06 	 1.943975e-05 	 2.011713e+07 	
1.26302701e+06 	 1.939206e-05 	 2.011022e+07 	
1.26312706e+06 	 1.934438e-05 	 2.010331e+07 	
1.26322711e+06 	 1.929672e-05 	 2.009641e+07 	
1.26332716e+06 	 1.924907e-05 	 2.008950e+07 	
1.26342721e+06 	 1.920144e-05 	 2.008260e+07 	
1.26352726e+06 	 1.915382e-05 	 2.007570e+07 	
1.26362731e+06 	 1.910622e-05 	 2.006881e+07 	
1.26372736e+06 	 1.905863e-05 	 2.006191e+07 	
1.26382741e+06 	 1.901106e-05 	 2.005502e+07 	
1.26392746e+06 	 1.896350e-05 	 2.004813e+07 	
1.26402751e+06 	 1.891595e-05 	 2.004125e+07 	
1.26412756e+06 	 1.886842e-05 	 2.003437e+07 	
1.26422761e+06 	 1.882089e-05 	 2.002749e+07 	
1.26432766e+06 	 1.877339e-05 	 2.002061e+07 	
1.26442771e+06 	 1.872589e-05 	 2.001373e+07 	
1.26452776e+06 	 1.867841e-05 	 2.000686e+07 	
1.26462781e+06 	 1.863094e-05 	 1.999999e+07 	
1.26472786e+06 	 1.858349e-05 	 1.999313e+07 	
1.26482791e+06 	 1.853604e-05 	 1.998626e+07 	
1.26492796e+06 	 1.848861e-05 	 1.997940e+07 	
1.26502801e+06 	 1.844119e-05 	 1.997254e+07 	
1.26512806e+06 	 1.839379e-05 	 1.996569e+07 	
1.26522811e+06 	 1.834639e-05 	 1.995884e+07 	
1.26532816e+06 	 1.829901e-05 	 1.995199e+07 	
1.26542821e+06 	 1.825164e-05 	 1.994514e+07 	
1.26552826e+06 	 1.820428e-05 	 1.993829e+07 	
1.26562831e+06 	 1.815693e-05 	 1.993145e+07 	
1.26572836e+06 	 1.810959e-05 	 1.992461e+07 	
1.26582841e+06 	 1.806227e-05 	 1.991778e+07 	
1.26592846e+06 	 1.801495e-05 	 1.991094e+07 	
1.26602851e+06 	 1.796765e-05 	 1.990411e+07 	
1.26612856e+06 	 1.792035e-05 	 1.989728e+07 	
1.26622861e+06 	 1.787307e-05 	 1.989046e+07 	
1.26632866e+06 	 1.782580e-05 	 1.988364e+07 	
1.26642871e+06 	 1.777853e-05 	 1.987682e+07 	
1.26652876e+06 	 1.773128e-05 	 1.987000e+07 	
1.26662881e+06 	 1.768404e-05 	 1.986319e+07 	
1.26672886e+06 	 1.763681e-05 	 1.985638e+07 	
1.26682891e+06 	 1.758958e-05 	 1.984957e+07 	
1.26692896e+06 	 1.754325e-05 	 1.984274e+07 	
1.26702901e+06 	 1.749606e-05 	 1.983594e+07 	
1.26712906e+06 	 1.744888e-05 	 1.982914e+07 	
1.26722911e+06 	 1.740171e-05 	 1.982234e+07 	
1.26732916e+06 	 1.735455e-05 	 1.981555e+07 	
1.26742921e+06 	 1.730739e-05 	 1.980875e+07 	
1.26752926e+06 	 1.726025e-05 	 1.980197e+07 	
1.26762931e+06 	 1.721311e-05 	 1.979518e+07 	
1.26772936e+06 	 1.716598e-05 	 1.978840e+07 	
1.26782941e+06 	 1.711886e-05 	 1.978162e+07 	
1.26792946e+06 	 1.707175e-05 	 1.977484e+07 	
1.26802951e+06 	 1.702465e-05 	 1.976807e+07 	
1.26812956e+06 	 1.697756e-05 	 1.976130e+07 	
1.26822961e+06 	 1.693047e-05 	 1.975453e+07 	
1.26832966e+06 	 1.688339e-05 	 1.974776e+07 	
1.26842971e+06 	 1.683632e-05 	 1.974100e+07 	
1.26852976e+06 	 1.678926e-05 	 1.973424e+07 	
1.26862981e+06 	 1.674220e-05 	 1.972748e+07 	
1.26872986e+06 	 1.669516e-05 	 1.972073e+07 	
1.26882991e+06 	 1.664812e-05 	 1.971398e+07 	
1.26892996e+06 	 1.660108e-05 	 1.970723e+07 	
1.26903002e+06 	 1.655406e-05 	 1.970049e+07 	
1.26913007e+06 	 1.650704e-05 	 1.969375e+07 	
1.26923012e+06 	 1.646002e-05 	 1.968701e+07 	
1.26933017e+06 	 1.641302e-05 	 1.968027e+07 	
1.26943022e+06 	 1.636602e-05 	 1.967354e+07 	
1.26953027e+06 	 1.631902e-05 	 1.966681e+07 	
1.26963032e+06 	 1.627204e-05 	 1.966008e+07 	
1.26973037e+06 	 1.622506e-05 	 1.965336e+07 	
1.26983042e+06 	 1.617808e-05 	 1.964664e+07 	
1.26993047e+06 	 1.613111e-05 	 1.963992e+07 	
1.27003052e+06 	 1.608415e-05 	 1.963321e+07 	
1.27013057e+06 	 1.603720e-05 	 1.962650e+07 	
1.27023062e+06 	 1.599024e-05 	 1.961979e+07 	
1.27033067e+06 	 1.594330e-05 	 1.961309e+07 	
1.27043072e+06 	 1.589636e-05 	 1.960639e+07 	
1.27053077e+06 	 1.584942e-05 	 1.959969e+07 	
1.27063082e+06 	 1.580249e-05 	 1.959299e+07 	
1.27073087e+06 	 1.575557e-05 	 1.958630e+07 	
1.27083092e+06 	 1.570865e-05 	 1.957961e+07 	
1.27093097e+06 	 1.566253e-05 	 1.957290e+07 	
1.27103102e+06 	 1.561563e-05 	 1.956622e+07 	
1.27113107e+06 	 1.556873e-05 	 1.955954e+07 	
1.27123112e+06 	 1.552184e-05 	 1.955286e+07 	
1.27133117e+06 	 1.547496e-05 	 1.954619e+07 	
1.27143122e+06 	 1.542808e-05 	 1.953952e+07 	
1.27153127e+06 	 1.538120e-05 	 1.953285e+07 	
1.27163132e+06 	 1.533433e-05 	 1.952619e+07 	
1.27173137e+06 	 1.528746e-05 	 1.951953e+07 	
1.27183142e+06 	 1.524060e-05 	 1.951287e+07 	
1.27193147e+06 	 1.519374e-05 	 1.950622e+07 	
1.27203152e+06 	 1.514688e-05 	 1.949957e+07 	
1.27213157e+06 	 1.510003e-05 	 1.949292e+07 	
1.27223162e+06 	 1.505318e-05 	 1.948628e+07 	
1.27233167e+06 	 1.500633e-05 	 1.947964e+07 	
1.27243172e+06 	 1.495949e-05 	 1.947300e+07 	
1.27253177e+06 	 1.491265e-05 	 1.946637e+07 	
1.27263182e+06 	 1.486582e-05 	 1.945974e+07 	
1.27273187e+06 	 1.481898e-05 	 1.945311e+07 	
1.27283192e+06 	 1.477216e-05 	 1.944649e+07 	
1.27293197e+06 	 1.472533e-05 	 1.943987e+07 	
1.27303202e+06 	 1.467851e-05 	 1.943325e+07 	
1.27313207e+06 	 1.463169e-05 	 1.942664e+07 	
1.27323212e+06 	 1.458487e-05 	 1.942003e+07 	
1.27333217e+06 	 1.453805e-05 	 1.941342e+07 	
1.27343222e+06 	 1.449124e-05 	 1.940682e+07 	
1.27353227e+06 	 1.444443e-05 	 1.940022e+07 	
1.27363232e+06 	 1.439762e-05 	 1.939362e+07 	
1.27373237e+06 	 1.435081e-05 	 1.938703e+07 	
1.27383242e+06 	 1.430401e-05 	 1.938044e+07 	
1.27393247e+06 	 1.425721e-05 	 1.937386e+07 	
1.27403252e+06 	 1.421041e-05 	 1.936727e+07 	
1.27413257e+06 	 1.416361e-05 	 1.936070e+07 	
1.27423262e+06 	 1.411682e-05 	 1.935412e+07 	
1.27433267e+06 	 1.407002e-05 	 1.934755e+07 	
1.27443272e+06 	 1.402323e-05 	 1.934098e+07 	
1.27453277e+06 	 1.397644e-05 	 1.933442e+07 	
1.27463282e+06 	 1.392965e-05 	 1.932786e+07 	
1.27473287e+06 	 1.388286e-05 	 1.932130e+07 	
1.27483292e+06 	 1.383677e-05 	 1.931473e+07 	
1.27493297e+06 	 1.378999e-05 	 1.930818e+07 	
1.27503302e+06 	 1.374322e-05 	 1.930163e+07 	
1.27513307e+06 	 1.369645e-05 	 1.929509e+07 	
1.27523312e+06 	 1.364968e-05 	 1.928855e+07 	
1.27533317e+06 	 1.360291e-05 	 1.928202e+07 	
1.27543322e+06 	 1.355614e-05 	 1.927549e+07 	
1.27553327e+06 	 1.350937e-05 	 1.926896e+07 	
1.27563332e+06 	 1.346261e-05 	 1.926244e+07 	
1.27573337e+06 	 1.341584e-05 	 1.925592e+07 	
1.27583342e+06 	 1.336908e-05 	 1.924940e+07 	
1.27593347e+06 	 1.332232e-05 	 1.924289e+07 	
1.27603352e+06 	 1.327555e-05 	 1.923638e+07 	
1.27613357e+06 	 1.322879e-05 	 1.922988e+07 	
1.27623362e+06 	 1.318203e-05 	 1.922338e+07 	
1.27633367e+06 	 1.313527e-05 	 1.921689e+07 	
1.27643372e+06 	 1.308851e-05 	 1.921039e+07 	
1.27653377e+06 	 1.304176e-05 	 1.920391e+07 	
1.27663382e+06 	 1.299500e-05 	 1.919742e+07 	
1.27673387e+06 	 1.294824e-05 	 1.919094e+07 	
1.27683392e+06 	 1.290149e-05 	 1.918447e+07 	
1.27693397e+06 	 1.285473e-05 	 1.917799e+07 	
1.27703402e+06 	 1.280797e-05 	 1.917153e+07 	
1.27713407e+06 	 1.276122e-05 	 1.916506e+07 	
1.27723412e+06 	 1.271447e-05 	 1.915860e+07 	
1.27733417e+06 	 1.266771e-05 	 1.915215e+07 	
1.27743422e+06 	 1.262096e-05 	 1.914570e+07 	
1.27753427e+06 	 1.257421e-05 	 1.913925e+07 	
1.27763432e+06 	 1.252746e-05 	 1.913281e+07 	
1.27773437e+06 	 1.248071e-05 	 1.912637e+07 	
1.27783442e+06 	 1.243395e-05 	 1.911993e+07 	
1.27793447e+06 	 1.238720e-05 	 1.911350e+07 	
1.27803452e+06 	 1.234046e-05 	 1.910708e+07 	
1.27813457e+06 	 1.229371e-05 	 1.910066e+07 	
1.27823462e+06 	 1.224696e-05 	 1.909424e+07 	
1.27833467e+06 	 1.220021e-05 	 1.908783e+07 	
1.27843472e+06 	 1.215346e-05 	 1.908142e+07 	
1.27853477e+06 	 1.210671e-05 	 1.907501e+07 	
1.27863482e+06 	 1.205997e-05 	 1.906861e+07 	
1.27873487e+06 	 1.201322e-05 	 1.906222e+07 	
1.27883492e+06 	 1.196587e-05 	 1.905585e+07 	
1.27893497e+06 	 1.191912e-05 	 1.904946e+07 	
1.27903502e+06 	 1.187237e-05 	 1.904308e+07 	
1.27913507e+06 	 1.182562e-05 	 1.903671e+07 	
1.27923512e+06 	 1.177887e-05 	 1.903033e+07 	
1.27933517e+06 	 1.173212e-05 	 1.902397e+07 	
1.27943522e+06 	 1.168537e-05 	 1.901760e+07 	
1.27953527e+06 	 1.163862e-05 	 1.901124e+07 	
1.27963532e+06 	 1.159187e-05 	 1.900489e+07 	
1.27973537e+06 	 1.154512e-05 	 1.899854e+07 	
1.27983542e+06 	 1.149838e-05 	 1.899220e+07 	
1.27993547e+06 	 1.145163e-05 	 1.898586e+07 	
1.28003552e+06 	 1.140489e-05 	 1.897952e+07 	
1.28013557e+06 	 1.135815e-05 	 1.897319e+07 	
1.28023562e+06 	 1.131141e-05 	 1.896687e+07 	
1.28033567e+06 	 1.126467e-05 	 1.896055e+07 	
1.28043572e+06 	 1.121793e-05 	 1.895423e+07 	
1.28053577e+06 	 1.117119e-05 	 1.894792e+07 	
1.28063582e+06 	 1.112446e-05 	 1.894162e+07 	
1.28073587e+06 	 1.107773e-05 	 1.893531e+07 	
1.28083592e+06 	 1.103100e-05 	 1.892902e+07 	
1.28093597e+06 	 1.098427e-05 	 1.892273e+07 	
1.28103602e+06 	 1.093754e-05 	 1.891644e+07 	
1.28113607e+06 	 1.089082e-05 	 1.891016e+07 	
1.28123612e+06 	 1.084409e-05 	 1.890389e+07 	
1.28133617e+06 	 1.079737e-05 	 1.889762e+07 	
1.28143622e+06 	 1.075066e-05 	 1.889135e+07 	
1.28153627e+06 	 1.070394e-05 	 1.888509e+07 	
1.28163632e+06 	 1.065723e-05 	 1.887884e+07 	
1.28173637e+06 	 1.061052e-05 	 1.887259e+07 	
1.28183642e+06 	 1.056382e-05 	 1.886634e+07 	
1.28193647e+06 	 1.051712e-05 	 1.886011e+07 	
1.28203652e+06 	 1.047042e-05 	 1.885387e+07 	
1.28213657e+06 	 1.042372e-05 	 1.884764e+07 	
1.28223662e+06 	 1.037703e-05 	 1.884142e+07 	
1.28233667e+06 	 1.033035e-05 	 1.883520e+07 	
1.28243672e+06 	 1.028367e-05 	 1.882899e+07 	
1.28253677e+06 	 1.023699e-05 	 1.882279e+07 	
1.28263682e+06 	 1.019032e-05 	 1.881659e+07 	
1.28273687e+06 	 1.014314e-05 	 1.881041e+07 	
1.28283692e+06 	 1.009647e-05 	 1.880422e+07 	
1.28293697e+06 	 1.004981e-05 	 1.879804e+07 	
1.28303702e+06 	 1.000315e-05 	 1.879186e+07 	
1.28313707e+06 	 9.956494e-06 	 1.878569e+07 	
1.28323712e+06 	 9.909848e-06 	 1.877953e+07 	
1.28333717e+06 	 9.863207e-06 	 1.877337e+07 	
1.28343722e+06 	 9.816574e-06 	 1.876721e+07 	
1.28353727e+06 	 9.769946e-06 	 1.876106e+07 	
1.28363732e+06 	 9.723326e-06 	 1.875492e+07 	
1.28373737e+06 	 9.676714e-06 	 1.874879e+07 	
1.28383742e+06 	 9.630109e-06 	 1.874266e+07 	
1.28393747e+06 	 9.583511e-06 	 1.873653e+07 	
1.28403752e+06 	 9.536922e-06 	 1.873041e+07 	
1.28413757e+06 	 9.490342e-06 	 1.872430e+07 	
1.28423762e+06 	 9.443770e-06 	 1.871819e+07 	
1.28433767e+06 	 9.397207e-06 	 1.871210e+07 	
1.28443772e+06 	 9.350654e-06 	 1.870600e+07 	
1.28453777e+06 	 9.304111e-06 	 1.869991e+07 	
1.28463782e+06 	 9.257578e-06 	 1.869383e+07 	
1.28473787e+06 	 9.211055e-06 	 1.868776e+07 	
1.28483792e+06 	 9.164543e-06 	 1.868169e+07 	
1.28493797e+06 	 9.118043e-06 	 1.867563e+07 	
1.28503802e+06 	 9.071554e-06 	 1.866957e+07 	
1.28513807e+06 	 9.025077e-06 	 1.866353e+07 	
1.28523812e+06 	 8.978613e-06 	 1.865748e+07 	
1.28533817e+06 	 8.932161e-06 	 1.865145e+07 	
1.28543822e+06 	 8.885723e-06 	 1.864542e+07 	
1.28553827e+06 	 8.839298e-06 	 1.863940e+07 	
1.28563832e+06 	 8.792887e-06 	 1.863338e+07 	
1.28573837e+06 	 8.746491e-06 	 1.862737e+07 	
1.28583842e+06 	 8.700110e-06 	 1.862137e+07 	
1.28593847e+06 	 8.653745e-06 	 1.861538e+07 	
1.28603852e+06 	 8.607395e-06 	 1.860939e+07 	
1.28613857e+06 	 8.561062e-06 	 1.860341e+07 	
1.28623862e+06 	 8.514745e-06 	 1.859744e+07 	
1.28633867e+06 	 8.468446e-06 	 1.859147e+07 	
1.28643872e+06 	 8.422165e-06 	 1.858551e+07 	
1.28653877e+06 	 8.375902e-06 	 1.857956e+07 	
1.28663882e+06 	 8.330076e-06 	 1.857359e+07 	
1.28673887e+06 	 8.283857e-06 	 1.856765e+07 	
1.28683892e+06 	 8.237658e-06 	 1.856172e+07 	
1.28693897e+06 	 8.191480e-06 	 1.855580e+07 	
1.28703902e+06 	 8.145323e-06 	 1.854988e+07 	
1.28713907e+06 	 8.099187e-06 	 1.854397e+07 	
1.28723912e+06 	 8.053074e-06 	 1.853807e+07 	
1.28733917e+06 	 8.006984e-06 	 1.853218e+07 	
1.28743922e+06 	 7.960918e-06 	 1.852629e+07 	
1.28753927e+06 	 7.914876e-06 	 1.852041e+07 	
1.28763932e+06 	 7.868859e-06 	 1.851454e+07 	
1.28773937e+06 	 7.822867e-06 	 1.850868e+07 	
1.28783942e+06 	 7.776902e-06 	 1.850283e+07 	
1.28793947e+06 	 7.730963e-06 	 1.849698e+07 	
1.28803952e+06 	 7.685052e-06 	 1.849114e+07 	
1.28813957e+06 	 7.639169e-06 	 1.848531e+07 	
1.28823962e+06 	 7.593316e-06 	 1.847949e+07 	
1.28833967e+06 	 7.547492e-06 	 1.847367e+07 	
1.28843972e+06 	 7.501698e-06 	 1.846787e+07 	
1.28853977e+06 	 7.455936e-06 	 1.846207e+07 	
1.28863982e+06 	 7.410205e-06 	 1.845628e+07 	
1.28873987e+06 	 7.364507e-06 	 1.845050e+07 	
1.28883992e+06 	 7.318843e-06 	 1.844472e+07 	
1.28893997e+06 	 7.273212e-06 	 1.843896e+07 	
1.28904002e+06 	 7.227617e-06 	 1.843320e+07 	
1.28914007e+06 	 7.182058e-06 	 1.842745e+07 	
1.28924012e+06 	 7.136536e-06 	 1.842171e+07 	
1.28934017e+06 	 7.091051e-06 	 1.841598e+07 	
1.28944022e+06 	 7.045604e-06 	 1.841026e+07 	
1.28954027e+06 	 7.000197e-06 	 1.840455e+07 	
1.28964032e+06 	 6.954830e-06 	 1.839884e+07 	
1.28974037e+06 	 6.909504e-06 	 1.839315e+07 	
1.28984042e+06 	 6.864220e-06 	 1.838746e+07 	
1.28994047e+06 	 6.818979e-06 	 1.838179e+07 	
1.29004052e+06 	 6.773781e-06 	 1.837612e+07 	
1.29014057e+06 	 6.728629e-06 	 1.837046e+07 	
1.29024062e+06 	 6.683522e-06 	 1.836481e+07 	
1.29034067e+06 	 6.638462e-06 	 1.835917e+07 	
1.29044072e+06 	 6.593449e-06 	 1.835354e+07 	
1.29054077e+06 	 6.548156e-06 	 1.834794e+07 	
1.29064082e+06 	 6.503239e-06 	 1.834233e+07 	
1.29074087e+06 	 6.458372e-06 	 1.833672e+07 	
1.29084092e+06 	 6.413557e-06 	 1.833113e+07 	
1.29094097e+06 	 6.368794e-06 	 1.832555e+07 	
1.29104102e+06 	 6.324086e-06 	 1.831998e+07 	
1.29114107e+06 	 6.279433e-06 	 1.831441e+07 	
1.29124112e+06 	 6.234835e-06 	 1.830886e+07 	
1.29134117e+06 	 6.190295e-06 	 1.830332e+07 	
1.29144122e+06 	 6.145814e-06 	 1.829779e+07 	
1.29154127e+06 	 6.101391e-06 	 1.829226e+07 	
1.29164132e+06 	 6.057030e-06 	 1.828675e+07 	
1.29174137e+06 	 6.012730e-06 	 1.828125e+07 	
1.29184142e+06 	 5.968493e-06 	 1.827575e+07 	
1.29194147e+06 	 5.924320e-06 	 1.827027e+07 	
1.29204152e+06 	 5.880213e-06 	 1.826480e+07 	
1.29214157e+06 	 5.836172e-06 	 1.825934e+07 	
1.29224162e+06 	 5.792199e-06 	 1.825389e+07 	
1.29234167e+06 	 5.748295e-06 	 1.824845e+07 	
1.29244172e+06 	 5.704462e-06 	 1.824302e+07 	
1.29254177e+06 	 5.660700e-06 	 1.823761e+07 	
1.29264182e+06 	 5.617011e-06 	 1.823220e+07 	
1.29274187e+06 	 5.573397e-06 	 1.822680e+07 	
1.29284192e+06 	 5.529857e-06 	 1.822142e+07 	
1.29294197e+06 	 5.486395e-06 	 1.821604e+07 	
1.29304202e+06 	 5.443011e-06 	 1.821068e+07 	
1.29314207e+06 	 5.399707e-06 	 1.820533e+07 	
1.29324212e+06 	 5.356483e-06 	 1.819999e+07 	
1.29334217e+06 	 5.313342e-06 	 1.819466e+07 	
1.29344222e+06 	 5.270285e-06 	 1.818934e+07 	
1.29354227e+06 	 5.227313e-06 	 1.818404e+07 	
1.29364232e+06 	 5.184428e-06 	 1.817874e+07 	
1.29374237e+06 	 5.141630e-06 	 1.817346e+07 	
1.29384242e+06 	 5.098922e-06 	 1.816819e+07 	
1.29394247e+06 	 5.056305e-06 	 1.816293e+07 	
1.29404252e+06 	 5.013780e-06 	 1.815769e+07 	
1.29414257e+06 	 4.971350e-06 	 1.815245e+07 	
1.29424262e+06 	 4.929014e-06 	 1.814723e+07 	
1.29434267e+06 	 4.886776e-06 	 1.814202e+07 	
1.29444272e+06 	 4.844391e-06 	 1.813685e+07 	
1.29454277e+06 	 4.802348e-06 	 1.813166e+07 	
1.29464282e+06 	 4.760408e-06 	 1.812649e+07 	
1.29474287e+06 	 4.718570e-06 	 1.812133e+07 	
1.29484292e+06 	 4.676837e-06 	 1.811618e+07 	
1.29494297e+06 	 4.635210e-06 	 1.811105e+07 	
1.29504302e+06 	 4.593691e-06 	 1.810592e+07 	
1.29514307e+06 	 4.552282e-06 	 1.810081e+07 	
1.29524312e+06 	 4.510984e-06 	 1.809572e+07 	
1.29534317e+06 	 4.469798e-06 	 1.809063e+07 	
1.29544322e+06 	 4.428726e-06 	 1.808556e+07 	
1.29554327e+06 	 4.387771e-06 	 1.808051e+07 	
1.29564332e+06 	 4.346933e-06 	 1.807546e+07 	
1.29574337e+06 	 4.306214e-06 	 1.807043e+07 	
1.29584342e+06 	 4.265617e-06 	 1.806542e+07 	
1.29594347e+06 	 4.225141e-06 	 1.806041e+07 	
1.29604352e+06 	 4.184790e-06 	 1.805542e+07 	
1.29614357e+06 	 4.144566e-06 	 1.805045e+07 	
1.29624362e+06 	 4.104468e-06 	 1.804548e+07 	
1.29634367e+06 	 4.064500e-06 	 1.804053e+07 	
1.29644372e+06 	 4.024664e-06 	 1.803560e+07 	
1.29654377e+06 	 3.984959e-06 	 1.803068e+07 	
1.29664382e+06 	 3.945390e-06 	 1.802577e+07 	
1.29674387e+06 	 3.905957e-06 	 1.802088e+07 	
1.29684392e+06 	 3.866661e-06 	 1.801600e+07 	
1.29694397e+06 	 3.827506e-06 	 1.801114e+07 	
1.29704402e+06 	 3.788492e-06 	 1.800629e+07 	
1.29714407e+06 	 3.749621e-06 	 1.800145e+07 	
1.29724412e+06 	 3.710895e-06 	 1.799663e+07 	
1.29734417e+06 	 3.672316e-06 	 1.799182e+07 	
1.29744422e+06 	 3.633885e-06 	 1.798703e+07 	
1.29754427e+06 	 3.595605e-06 	 1.798226e+07 	
1.29764432e+06 	 3.557476e-06 	 1.797749e+07 	
1.29774437e+06 	 3.519501e-06 	 1.797275e+07 	
1.29784442e+06 	 3.481682e-06 	 1.796802e+07 	
1.29794447e+06 	 3.444020e-06 	 1.796330e+07 	
1.29804452e+06 	 3.406517e-06 	 1.795860e+07 	
1.29814457e+06 	 3.369175e-06 	 1.795391e+07 	
1.29824462e+06 	 3.331827e-06 	 1.794926e+07 	
1.29834467e+06 	 3.294811e-06 	 1.794461e+07 	
1.29844472e+06 	 3.257961e-06 	 1.793997e+07 	
1.29854477e+06 	 3.221278e-06 	 1.793535e+07 	
1.29864482e+06 	 3.184766e-06 	 1.793074e+07 	
1.29874487e+06 	 3.148424e-06 	 1.792615e+07 	
1.29884492e+06 	 3.112256e-06 	 1.792157e+07 	
1.29894497e+06 	 3.076262e-06 	 1.791701e+07 	
1.29904502e+06 	 3.040445e-06 	 1.791247e+07 	
1.29914507e+06 	 3.004806e-06 	 1.790794e+07 	
1.29924512e+06 	 2.969348e-06 	 1.790343e+07 	
1.29934517e+06 	 2.934071e-06 	 1.789893e+07 	
1.29944522e+06 	 2.898977e-06 	 1.789445e+07 	
1.29954527e+06 	 2.864069e-06 	 1.788999e+07 	
1.29964532e+06 	 2.829347e-06 	 1.788554e+07 	
1.29974537e+06 	 2.794813e-06 	 1.788111e+07 	
1.29984542e+06 	 2.760470e-06 	 1.787670e+07 	
1.29994547e+06 	 2.726319e-06 	 1.787230e+07 	
1.30004552e+06 	 2.692361e-06 	 1.786792e+07 	
1.30014557e+06 	 2.658598e-06 	 1.786356e+07 	
1.30024562e+06 	 2.625032e-06 	 1.785921e+07 	
1.30034567e+06 	 2.591664e-06 	 1.785488e+07 	
1.30044572e+06 	 2.558496e-06 	 1.785057e+07 	
1.30054577e+06 	 2.525529e-06 	 1.784628e+07 	
1.30064582e+06 	 2.492765e-06 	 1.784200e+07 	
1.30074587e+06 	 2.460206e-06 	 1.783774e+07 	
1.30084592e+06 	 2.427852e-06 	 1.783350e+07 	
1.30094597e+06 	 2.395707e-06 	 1.782927e+07 	
1.30104602e+06 	 2.363770e-06 	 1.782507e+07 	
1.30114607e+06 	 2.332044e-06 	 1.782088e+07 	
1.30124612e+06 	 2.300529e-06 	 1.781670e+07 	
1.30134617e+06 	 2.269228e-06 	 1.781255e+07 	
1.30144622e+06 	 2.238142e-06 	 1.780841e+07 	
1.30154627e+06 	 2.207272e-06 	 1.780429e+07 	
1.30164632e+06 	 2.176619e-06 	 1.780019e+07 	
1.30174637e+06 	 2.146185e-06 	 1.779611e+07 	
1.30184642e+06 	 2.115972e-06 	 1.779205e+07 	
1.30194647e+06 	 2.085979e-06 	 1.778800e+07 	
1.30204652e+06 	 2.056105e-06 	 1.778399e+07 	
1.30214657e+06 	 2.026559e-06 	 1.777998e+07 	
1.30224662e+06 	 1.997238e-06 	 1.777599e+07 	
1.30234667e+06 	 1.968143e-06 	 1.777202e+07 	
1.30244672e+06 	 1.939275e-06 	 1.776806e+07 	
1.30254677e+06 	 1.910637e-06 	 1.776413e+07 	
1.30264682e+06 	 1.882227e-06 	 1.776021e+07 	
1.30274687e+06 	 1.854049e-06 	 1.775631e+07 	
1.30284692e+06 	 1.826102e-06 	 1.775243e+07 	
1.30294697e+06 	 1.798388e-06 	 1.774857e+07 	
1.30304702e+06 	 1.770908e-06 	 1.774473e+07 	
1.30314707e+06 	 1.743662e-06 	 1.774090e+07 	
1.30324712e+06 	 1.716652e-06 	 1.773710e+07 	
1.30334717e+06 	 1.689879e-06 	 1.773331e+07 	
1.30344722e+06 	 1.663342e-06 	 1.772954e+07 	
1.30354727e+06 	 1.637044e-06 	 1.772579e+07 	
1.30364732e+06 	 1.610984e-06 	 1.772207e+07 	
1.30374737e+06 	 1.585164e-06 	 1.771836e+07 	
1.30384742e+06 	 1.559584e-06 	 1.771466e+07 	
1.30394747e+06 	 1.534245e-06 	 1.771099e+07 	
1.30404752e+06 	 1.509148e-06 	 1.770734e+07 	
1.30414757e+06 	 1.484292e-06 	 1.770371e+07 	
1.30424762e+06 	 1.459680e-06 	 1.770009e+07 	
1.30434767e+06 	 1.435310e-06 	 1.769650e+07 	
1.30444772e+06 	 1.411184e-06 	 1.769292e+07 	
1.30454777e+06 	 1.387302e-06 	 1.768937e+07 	
1.30464782e+06 	 1.363664e-06 	 1.768583e+07 	
1.30474787e+06 	 1.340271e-06 	 1.768231e+07 	
1.30484792e+06 	 1.317122e-06 	 1.767882e+07 	
1.30494797e+06 	 1.294219e-06 	 1.767534e+07 	
1.30504802e+06 	 1.271562e-06 	 1.767188e+07 	
1.30514807e+06 	 1.249150e-06 	 1.766844e+07 	
1.30524812e+06 	 1.226984e-06 	 1.766502e+07 	
1.30534817e+06 	 1.205064e-06 	 1.766162e+07 	
1.30544822e+06 	 1.183390e-06 	 1.765824e+07 	
1.30554827e+06 	 1.161961e-06 	 1.765488e+07 	
1.30564832e+06 	 1.140721e-06 	 1.765156e+07 	
1.30574837e+06 	 1.119784e-06 	 1.764824e+07 	
1.30584842e+06 	 1.099093e-06 	 1.764494e+07 	
1.30594847e+06 	 1.078647e-06 	 1.764166e+07 	
1.30604852e+06 	 1.058447e-06 	 1.763840e+07 	
1.30614857e+06 	 1.038491e-06 	 1.763516e+07 	
1.30624862e+06 	 1.018780e-06 	 1.763194e+07 	
1.30634867e+06 	 9.993139e-07 	 1.762874e+07 	
1.30644872e+06 	 9.800914e-07 	 1.762556e+07 	
1.30654877e+06 	 9.611124e-07 	 1.762239e+07 	
1.30664882e+06 	 9.423764e-07 	 1.761925e+07 	
1.30674887e+06 	 9.238830e-07 	 1.761613e+07 	
1.30684892e+06 	 9.056314e-07 	 1.761303e+07 	
1.30694897e+06 	 8.876212e-07 	 1.760994e+07 	
1.30704902e+06 	 8.698517e-07 	 1.760688e+07 	
1.30714907e+06 	 8.523221e-07 	 1.760384e+07 	
1.30724912e+06 	 8.350318e-07 	 1.760081e+07 	
1.30734917e+06 	 8.179799e-07 	 1.759781e+07 	
1.30744922e+06 	 8.011657e-07 	 1.759482e+07 	
1.30754927e+06 	 7.845882e-07 	 1.759186e+07 	
1.30764932e+06 	 7.682465e-07 	 1.758891e+07 	
1.30774937e+06 	 7.521397e-07 	 1.758599e+07 	
1.30784942e+06 	 7.362668e-07 	 1.758308e+07 	
1.30794947e+06 	 7.206267e-07 	 1.758020e+07 	
1.30804952e+06 	 7.052184e-07 	 1.757733e+07 	
1.30814957e+06 	 6.900408e-07 	 1.757449e+07 	
1.30824962e+06 	 6.750926e-07 	 1.757166e+07 	
1.30834967e+06 	 6.603728e-07 	 1.756885e+07 	
1.30844972e+06 	 6.458800e-07 	 1.756606e+07 	
1.30854977e+06 	 6.316130e-07 	 1.756330e+07 	
1.30864982e+06 	 6.175706e-07 	 1.756055e+07 	
1.30874987e+06 	 6.037512e-07 	 1.755782e+07 	
1.30884992e+06 	 5.901535e-07 	 1.755511e+07 	
1.30894997e+06 	 5.767763e-07 	 1.755242e+07 	
1.30905003e+06 	 5.636178e-07 	 1.754975e+07 	
1.30915008e+06 	 5.506487e-07 	 1.754712e+07 	
1.30925013e+06 	 5.379236e-07 	 1.754449e+07 	
1.30935018e+06 	 5.254128e-07 	 1.754187e+07 	
1.30945023e+06 	 5.131146e-07 	 1.753928e+07 	
1.30955028e+06 	 5.010275e-07 	 1.753671e+07 	
1.30965033e+06 	 4.891499e-07 	 1.753415e+07 	
1.30975038e+06 	 4.774800e-07 	 1.753161e+07 	
1.30985043e+06 	 4.660161e-07 	 1.752910e+07 	
1.30995048e+06 	 4.547566e-07 	 1.752660e+07 	
1.31005053e+06 	 4.436995e-07 	 1.752412e+07 	
1.31015058e+06 	 4.328431e-07 	 1.752166e+07 	
1.31025063e+06 	 4.221856e-07 	 1.751921e+07 	
1.31035068e+06 	 4.117252e-07 	 1.751679e+07 	
1.31045073e+06 	 4.014600e-07 	 1.751439e+07 	
1.31055078e+06 	 3.913880e-07 	 1.751200e+07 	
1.31065083e+06 	 3.815073e-07 	 1.750963e+07 	
1.31075088e+06 	 3.718161e-07 	 1.750728e+07 	
1.31085093e+06 	 3.623123e-07 	 1.750495e+07 	
1.31095098e+06 	 3.529939e-07 	 1.750264e+07 	
1.31105103e+06 	 3.438591e-07 	 1.750034e+07 	
1.31115108e+06 	 3.349056e-07 	 1.749807e+07 	
1.31125113e+06 	 3.261316e-07 	 1.749581e+07 	
1.31135118e+06 	 3.175349e-07 	 1.749357e+07 	
1.31145123e+06 	 3.091135e-07 	 1.749134e+07 	
1.31155128e+06 	 3.008653e-07 	 1.748914e+07 	
1.31165133e+06 	 2.927882e-07 	 1.748695e+07 	
1.31175138e+06 	 2.848801e-07 	 1.748478e+07 	
1.31185143e+06 	 2.771389e-07 	 1.748263e+07 	
1.31195148e+06 	 2.695624e-07 	 1.748050e+07 	
1.31205153e+06 	 2.621486e-07 	 1.747838e+07 	
1.31215158e+06 	 2.548952e-07 	 1.747628e+07 	
1.31225163e+06 	 2.478127e-07 	 1.747417e+07 	
1.31235168e+06 	 2.408737e-07 	 1.747210e+07 	
1.31245173e+06 	 2.340887e-07 	 1.747005e+07 	
1.31255178e+06 	 2.274556e-07 	 1.746802e+07 	
1.31265183e+06 	 2.209720e-07 	 1.746601e+07 	
1.31275188e+06 	 2.146360e-07 	 1.746401e+07 	
1.31285193e+06 	 2.084452e-07 	 1.746203e+07 	
1.31295198e+06 	 2.023976e-07 	 1.746006e+07 	
1.31305203e+06 	 1.964908e-07 	 1.745811e+07 	
1.31315208e+06 	 1.907229e-07 	 1.745618e+07 	
1.31325213e+06 	 1.850915e-07 	 1.745426e+07 	
1.31335218e+06 	 1.795946e-07 	 1.745236e+07 	
1.31345223e+06 	 1.742298e-07 	 1.745048e+07 	
1.31355228e+06 	 1.689952e-07 	 1.744861e+07 	
1.31365233e+06 	 1.638885e-07 	 1.744676e+07 	
1.31375238e+06 	 1.589076e-07 	 1.744492e+07 	
1.31385243e+06 	 1.540503e-07 	 1.744310e+07 	
1.31395248e+06 	 1.493145e-07 	 1.744129e+07 	
1.31405253e+06 	 1.446981e-07 	 1.743950e+07 	
1.31415258e+06 	 1.401989e-07 	 1.743773e+07 	
1.31425263e+06 	 1.358149e-07 	 1.743597e+07 	
1.31435268e+06 	 1.315439e-07 	 1.743423e+07 	
1.31445273e+06 	 1.273839e-07 	 1.743250e+07 	
1.31455278e+06 	 1.233328e-07 	 1.743078e+07 	
1.31465283e+06 	 1.193885e-07 	 1.742908e+07 	
1.31475288e+06 	 1.155490e-07 	 1.742740e+07 	
1.31485293e+06 	 1.118123e-07 	 1.742572e+07 	
1.31495298e+06 	 1.081819e-07 	 1.742403e+07 	
1.31505303e+06 	 1.046447e-07 	 1.742239e+07 	
1.31515308e+06 	 1.012042e-07 	 1.742076e+07 	
1.31525313e+06 	 9.785855e-08 	 1.741914e+07 	
1.31535318e+06 	 9.460577e-08 	 1.741754e+07 	
1.31545323e+06 	 9.144392e-08 	 1.741595e+07 	
1.31555328e+06 	 8.837110e-08 	 1.741438e+07 	
1.31565333e+06 	 8.538540e-08 	 1.741282e+07 	
1.31575338e+06 	 8.248497e-08 	 1.741127e+07 	
1.31585343e+06 	 7.966795e-08 	 1.740974e+07 	
1.31595348e+06 	 7.693250e-08 	 1.740822e+07 	
1.31605353e+06 	 7.427683e-08 	 1.740671e+07 	
1.31615358e+06 	 7.169914e-08 	 1.740521e+07 	
1.31625363e+06 	 6.919765e-08 	 1.740373e+07 	
1.31635368e+06 	 6.677063e-08 	 1.740226e+07 	
1.31645373e+06 	 6.441637e-08 	 1.740081e+07 	
1.31655378e+06 	 6.213314e-08 	 1.739936e+07 	
1.31665383e+06 	 5.991926e-08 	 1.739793e+07 	
1.31675388e+06 	 5.777311e-08 	 1.739651e+07 	
1.31685393e+06 	 5.569304e-08 	 1.739510e+07 	
1.31695398e+06 	 5.367744e-08 	 1.739371e+07 	
1.31705403e+06 	 5.172738e-08 	 1.739228e+07 	
1.31715408e+06 	 4.983599e-08 	 1.739090e+07 	
1.31725413e+06 	 4.800439e-08 	 1.738954e+07 	
1.31735418e+06 	 4.623107e-08 	 1.738819e+07 	
1.31745423e+06 	 4.451455e-08 	 1.738685e+07 	
1.31755428e+06 	 4.285335e-08 	 1.738552e+07 	
1.31765433e+06 	 4.124604e-08 	 1.738420e+07 	
1.31775438e+06 	 3.969120e-08 	 1.738289e+07 	
1.31785443e+06 	 3.818745e-08 	 1.738160e+07 	
1.31795448e+06 	 3.673341e-08 	 1.738031e+07 	
1.31805453e+06 	 3.532775e-08 	 1.737904e+07 	
1.31815458e+06 	 3.396916e-08 	 1.737777e+07 	
1.31825463e+06 	 3.265633e-08 	 1.737652e+07 	
1.31835468e+06 	 3.138800e-08 	 1.737528e+07 	
1.31845473e+06 	 3.016293e-08 	 1.737404e+07 	
1.31855478e+06 	 2.897989e-08 	 1.737282e+07 	
1.31865483e+06 	 2.783912e-08 	 1.737155e+07 	
1.31875488e+06 	 2.673662e-08 	 1.737034e+07 	
1.31885493e+06 	 2.567264e-08 	 1.736915e+07 	
1.31895498e+06 	 2.464607e-08 	 1.736796e+07 	
1.31905503e+06 	 2.365581e-08 	 1.736678e+07 	
1.31915508e+06 	 2.270077e-08 	 1.736561e+07 	
1.31925513e+06 	 2.177992e-08 	 1.736445e+07 	
1.31935518e+06 	 2.089221e-08 	 1.736330e+07 	
1.31945523e+06 	 2.003665e-08 	 1.736216e+07 	
1.31955528e+06 	 1.921224e-08 	 1.736103e+07 	
1.31965533e+06 	 1.841803e-08 	 1.735990e+07 	
1.31975538e+06 	 1.765308e-08 	 1.735879e+07 	
1.31985543e+06 	 1.691733e-08 	 1.735761e+07 	
1.31995548e+06 	 1.620820e-08 	 1.735650e+07 	
1.32005553e+06 	 1.552564e-08 	 1.735541e+07 	
1.32015558e+06 	 1.486881e-08 	 1.735432e+07 	
1.32025563e+06 	 1.423688e-08 	 1.735324e+07 	
1.32035568e+06 	 1.362903e-08 	 1.735217e+07 	
1.32045573e+06 	 1.304448e-08 	 1.735111e+07 	
1.32055578e+06 	 1.248245e-08 	 1.735005e+07 	
1.32065583e+06 	 1.194221e-08 	 1.734901e+07 	
1.32075588e+06 	 1.142301e-08 	 1.734797e+07 	
1.32085593e+06 	 1.092474e-08 	 1.734683e+07 	
1.32095598e+06 	 1.044556e-08 	 1.734580e+07 	
1.32105603e+06 	 9.985350e-09 	 1.734477e+07 	
1.32115608e+06 	 9.543472e-09 	 1.734375e+07 	
1.32125613e+06 	 9.119283e-09 	 1.734273e+07 	
1.32135618e+06 	 8.712165e-09 	 1.734173e+07 	
1.32145623e+06 	 8.321517e-09 	 1.734072e+07 	
1.32155628e+06 	 7.947183e-09 	 1.733960e+07 	
1.32165633e+06 	 7.587775e-09 	 1.733859e+07 	
1.32175638e+06 	 7.243143e-09 	 1.733758e+07 	
1.32185643e+06 	 6.912754e-09 	 1.733657e+07 	
1.32195648e+06 	 6.596091e-09 	 1.733556e+07 	
1.32205653e+06 	 6.292654e-09 	 1.733455e+07 	
1.32215658e+06 	 6.001611e-09 	 1.733370e+07 	
1.32225663e+06 	 5.723146e-09 	 1.733271e+07 	
1.32235668e+06 	 5.456489e-09 	 1.733172e+07 	
1.32245673e+06 	 5.201197e-09 	 1.733072e+07 	
1.32255678e+06 	 4.956578e-09 	 1.732990e+07 	
1.32265683e+06 	 4.722712e-09 	 1.732892e+07 	
1.32275688e+06 	 4.498963e-09 	 1.732794e+07 	
1.32285693e+06 	 4.284943e-09 	 1.732695e+07 	
1.32295698e+06 	 4.080050e-09 	 1.732617e+07 	
1.32305703e+06 	 3.884339e-09 	 1.732521e+07 	
1.32315708e+06 	 3.697262e-09 	 1.732424e+07 	
1.32325713e+06 	 3.518295e-09 	 1.732348e+07 	
1.32335718e+06 	 3.347445e-09 	 1.732255e+07 	
1.32345723e+06 	 3.184240e-09 	 1.732162e+07 	
1.32355728e+06 	 3.028214e-09 	 1.732091e+07 	
1.32365733e+06 	 2.879354e-09 	 1.732003e+07 	
1.32375738e+06 	 2.737242e-09 	 1.731917e+07 	
1.32385743e+06 	 2.601756e-09 	 1.731802e+07 	
1.32395748e+06 	 2.472363e-09 	 1.731707e+07 	
1.32405753e+06 	 2.348802e-09 	 1.731640e+07 	
1.32415758e+06 	 2.231043e-09 	 1.731553e+07 	
1.32425763e+06 	 2.118871e-09 	 1.731430e+07 	
1.32435768e+06 	 2.011868e-09 	 1.731321e+07 	
1.32445773e+06 	 1.909709e-09 	 1.731271e+07 	
1.32455778e+06 	 1.812493e-09 	 1.731175e+07 	
1.32465783e+06 	 1.719890e-09 	 1.731068e+07 	
1.32475788e+06 	 1.631535e-09 	 1.731028e+07 	
1.32485793e+06 	 1.547499e-09 	 1.730942e+07 	
1.32495798e+06 	 1.467529e-09 	 1.730834e+07 	
1.32505803e+06 	 1.391401e-09 	 1.730725e+07 	
1.32515808e+06 	 1.318880e-09 	 1.730664e+07 	
1.32525813e+06 	 1.249948e-09 	 1.730554e+07 	
1.32535818e+06 	 1.184305e-09 	 1.730498e+07 	
1.32545823e+06 	 1.121939e-09 	 1.730391e+07 	
1.32555828e+06 	 1.062561e-09 	 1.730353e+07 	
1.32565833e+06 	 1.006160e-09 	 1.730275e+07 	
1.32575838e+06 	 9.525849e-10 	 1.730171e+07 	
1.32585843e+06 	 9.016634e-10 	 1.730081e+07 	
1.32595848e+06 	 8.532705e-10 	 1.730007e+07 	
1.32605853e+06 	 8.073216e-10 	 1.729921e+07 	
1.32615858e+06 	 7.636698e-10 	 1.729857e+07 	
1.32625863e+06 	 7.222346e-10 	 1.729788e+07 	
1.32635868e+06 	 6.829426e-10 	 1.729668e+07 	
1.32645873e+06 	 6.456437e-10 	 1.729563e+07 	
1.32655878e+06 	 6.102308e-10 	 1.729506e+07 	
1.32665883e+06 	 5.766584e-10 	 1.729418e+07 	
1.32675888e+06 	 5.448148e-10 	 1.729341e+07 	
1.32685893e+06 	 5.146309e-10 	 1.729248e+07 	
1.32695898e+06 	 4.860094e-10 	 1.729178e+07 	
1.32705903e+06 	 4.588916e-10 	 1.729095e+07 	
1.32715908e+06 	 4.331951e-10 	 1.729014e+07 	
1.32725913e+06 	 4.088560e-10 	 1.728931e+07 	
1.32735918e+06 	 3.858093e-10 	 1.728832e+07 	
1.32745923e+06 	 3.639767e-10 	 1.728768e+07 	
1.32755928e+06 	 3.433173e-10 	 1.728676e+07 	
1.32765933e+06 	 3.237586e-10 	 1.728605e+07 	
1.32775938e+06 	 3.052553e-10 	 1.728519e+07 	
1.32785943e+06 	 2.877486e-10 	 1.728443e+07 	
1.32795948e+06 	 2.711922e-10 	 1.728356e+07 	
1.32805953e+06 	 2.555341e-10 	 1.728280e+07 	
1.32815958e+06 	 2.407341e-10 	 1.728184e+07 	
1.32825963e+06 	 2.267403e-10 	 1.728118e+07 	
1.32835968e+06 	 2.135191e-10 	 1.728033e+07 	
1.32845973e+06 	 2.010263e-10 	 1.727957e+07 	
1.32855978e+06 	 1.892266e-10 	 1.727875e+07 	
1.32865983e+06 	 1.780828e-10 	 1.727795e+07 	
1.32875988e+06 	 1.675616e-10 	 1.727711e+07 	
1.32885993e+06 	 1.576290e-10 	 1.727634e+07 	
1.32895998e+06 	 1.482555e-10 	 1.727551e+07 	
1.32906003e+06 	 1.394106e-10 	 1.727473e+07 	
1.32916008e+06 	 1.310668e-10 	 1.727391e+07 	
1.32926013e+06 	 1.231972e-10 	 1.727312e+07 	
1.32936018e+06 	 1.157766e-10 	 1.727230e+07 	
1.32946023e+06 	 1.087807e-10 	 1.727151e+07 	
1.32956028e+06 	 1.021869e-10 	 1.727068e+07 	
1.32966033e+06 	 9.597300e-11 	 1.726990e+07 	
1.32976038e+06 	 9.011882e-11 	 1.726909e+07 	
1.32986043e+06 	 8.460438e-11 	 1.726830e+07 	
1.32996048e+06 	 7.941135e-11 	 1.726749e+07 	
1.33006053e+06 	 7.452183e-11 	 1.726670e+07 	
1.33016058e+06 	 6.991923e-11 	 1.726589e+07 	
1.33026063e+06 	 6.558753e-11 	 1.726509e+07 	
1.33036068e+06 	 6.151184e-11 	 1.726427e+07 	
1.33046073e+06 	 5.767752e-11 	 1.726349e+07 	
1.33056078e+06 	 5.407137e-11 	 1.726269e+07 	
1.33066083e+06 	 5.068037e-11 	 1.726189e+07 	
1.33076088e+06 	 4.749246e-11 	 1.726108e+07 	
1.52332252e+06 	 1.000000e-20 	 1.590954e+07 	
1.74374790e+06 	 1.000000e-20 	 1.469868e+07 	
1.99606893e+06 	 1.000000e-20 	 1.360562e+07 	
2.28490091e+06 	 1.000000e-20 	 1.261306e+07 	
2.61552699e+06 	 1.000000e-20 	 1.170749e+07 	
2.99399481e+06 	 1.000000e-20 	 1.087813e+07 	
3.42722707e+06 	 1.000000e-20 	 1.011620e+07 	
3.92314821e+06 	 1.000000e-20 	 9.414412e+06 	
4.49082934e+06 	 1.000000e-20 	 8.766625e+06 	
5.14065416e+06 	 1.000000e-20 	 8.167614e+06 	
5.88450890e+06 	 1.000000e-20 	 7.612868e+06 	
6.73599972e+06 	 1.000000e-20 	 7.098457e+06 	
7.71070160e+06 	 1.000000e-20 	 6.620929e+06 	
8.82644324e+06 	 1.000000e-20 	 6.177227e+06 	
1.01036331e+07 	 1.000000e-20 	 5.764629e+06 	
1.15656329e+07 	 1.000000e-20 	 5.380691e+06 	
1.32391847e+07 	 1.000000e-20 	 5.023212e+06 	
1.51549001e+07 	 1.000000e-20 	 4.690202e+06 	
1.73478203e+07 	 1.000000e-20 	 4.379849e+06 	
1.98580569e+07 	 1.000000e-20 	 4.090504e+06 	
2.27315257e+07 	 1.000000e-20 	 3.820654e+06 	
2.60207867e+07 	 1.000000e-20 	 3.568917e+06 	
2.97860050e+07 	 1.000000e-20 	 3.334018e+06 	
3.40960520e+07 	 1.000000e-20 	 3.114784e+06 	
3.90297645e+07 	 1.000000e-20 	 2.910132e+06 	
4.46773872e+07 	 1.000000e-20 	 2.719062e+06 	
5.11422232e+07 	 1.000000e-20 	 2.540647e+06 	
5.85425236e+07 	 1.000000e-20 	 2.374029e+06 	
6.70136504e+07 	 1.000000e-20 	 2.218411e+06 	
7.67105527e+07 	 1.000000e-20 	 2.073053e+06 	
8.78106007e+07 	 1.000000e-20 	 1.937268e+06 	
1.00516830e+08 	 1.000000e-20 	 1.810416e+06 	
1.15061656e+08 	 1.000000e-20 	 1.691903e+06 	
1.31711124e+08 	 1.000000e-20 	 1.581175e+06 	
1.50769777e+08 	 1.000000e-20 	 1.477714e+06 	
1.72586225e+08 	 1.000000e-20 	 1.381041e+06 	
1.97559521e+08 	 1.000000e-20 	 1.290707e+06 	
2.26146464e+08 	 1.000000e-20 	 1.206293e+06 	
2.58869949e+08 	 1.000000e-20 	 1.127409e+06 	
2.96328535e+08 	 1.000000e-20 	 1.053692e+06 	
3.39207394e+08 	 1.000000e-20 	 9.848007e+05 	
3.88290841e+08 	 1.000000e-20 	 9.204191e+05 	
4.44476683e+08 	 1.000000e-20 	 8.602506e+05 	
5.08792638e+08 	 1.000000e-20 	 8.040188e+05 	
5.82415139e+08 	 1.000000e-20 	 7.514655e+05 	
6.66690845e+08 	 1.000000e-20 	 7.023496e+05 	
7.63161280e+08 	 1.000000e-20 	 6.564458e+05 	
8.73591025e+08 	 1.000000e-20 	 6.135436e+05 	
1.00000000e+09 	 1.000000e-20 	 5.734466e+05 	
