r (cm)        	 rho (g/cm3) 	 T (K)       		 Linf = 3.039063e+38
1.20000528e+06 	 1.335412e+05 	 1.230510e+09 	
1.20004092e+06 	 1.269477e+05 	 1.214592e+09 	
1.20014135e+06 	 1.097858e+05 	 1.170072e+09 	
1.20024178e+06 	 9.457083e+04 	 1.126057e+09 	
1.20033682e+06 	 8.180851e+04 	 1.084884e+09 	
1.20043186e+06 	 7.049699e+04 	 1.044198e+09 	
1.20052690e+06 	 6.050637e+04 	 1.004016e+09 	
1.20062194e+06 	 5.171474e+04 	 9.643569e+08 	
1.20070111e+06 	 4.522425e+04 	 9.317355e+08 	
1.20078028e+06 	 3.942432e+04 	 8.995028e+08 	
1.20085945e+06 	 3.425649e+04 	 8.676710e+08 	
1.20093861e+06 	 2.966575e+04 	 8.362528e+08 	
1.20101647e+06 	 2.566367e+04 	 8.057703e+08 	
1.20109433e+06 	 2.212376e+04 	 7.757133e+08 	
1.20117219e+06 	 1.900294e+04 	 7.460950e+08 	
1.20123619e+06 	 1.672318e+04 	 7.220884e+08 	
1.20130018e+06 	 1.467843e+04 	 6.983952e+08 	
1.20136418e+06 	 1.284902e+04 	 6.750233e+08 	
1.20142817e+06 	 1.121645e+04 	 6.519808e+08 	
1.20149217e+06 	 9.763419e+03 	 6.292759e+08 	
1.20155729e+06 	 8.452492e+03 	 6.065286e+08 	
1.20162240e+06 	 7.294741e+03 	 5.841484e+08 	
1.20167550e+06 	 6.453717e+03 	 5.661765e+08 	
1.20172860e+06 	 5.697185e+03 	 5.484596e+08 	
1.20178170e+06 	 5.018107e+03 	 5.310028e+08 	
1.20183480e+06 	 4.409885e+03 	 5.138110e+08 	
1.20188790e+06 	 3.866348e+03 	 4.968892e+08 	
1.20194100e+06 	 3.381735e+03 	 4.802425e+08 	
1.20199416e+06 	 2.950173e+03 	 4.638557e+08 	
1.20204733e+06 	 2.567292e+03 	 4.477547e+08 	
1.20210049e+06 	 2.228446e+03 	 4.319444e+08 	
1.20214464e+06 	 1.977406e+03 	 4.190382e+08 	
1.20218880e+06 	 1.751478e+03 	 4.063387e+08 	
1.20223295e+06 	 1.548522e+03 	 3.938487e+08 	
1.20227711e+06 	 1.366542e+03 	 3.815707e+08 	
1.20232126e+06 	 1.203680e+03 	 3.695074e+08 	
1.20236542e+06 	 1.058209e+03 	 3.576614e+08 	
1.20241091e+06 	 9.248169e+02 	 3.456851e+08 	
1.20245641e+06 	 8.065698e+02 	 3.339447e+08 	
1.20249371e+06 	 7.198678e+02 	 3.244966e+08 	
1.20253102e+06 	 6.415780e+02 	 3.152100e+08 	
1.20256832e+06 	 5.709896e+02 	 3.060862e+08 	
1.20260562e+06 	 5.074409e+02 	 2.971264e+08 	
1.20264292e+06 	 4.503170e+02 	 2.883317e+08 	
1.20268023e+06 	 3.990473e+02 	 2.797032e+08 	
1.20271753e+06 	 3.531034e+02 	 2.712417e+08 	
1.20275483e+06 	 3.119965e+02 	 2.629483e+08 	
1.20279353e+06 	 2.739767e+02 	 2.545218e+08 	
1.20283224e+06 	 2.402149e+02 	 2.462778e+08 	
1.20286441e+06 	 2.150814e+02 	 2.395635e+08 	
1.20289659e+06 	 1.923710e+02 	 2.329759e+08 	
1.20292877e+06 	 1.718747e+02 	 2.265155e+08 	
1.20296094e+06 	 1.533990e+02 	 2.201824e+08 	
1.20299312e+06 	 1.367647e+02 	 2.139766e+08 	
1.20302529e+06 	 1.218064e+02 	 2.078983e+08 	
1.20305747e+06 	 1.083715e+02 	 2.019475e+08 	
1.20308965e+06 	 9.631931e+01 	 1.961240e+08 	
1.20312182e+06 	 8.552059e+01 	 1.904277e+08 	
1.20315586e+06 	 7.532924e+01 	 1.845396e+08 	
1.20318418e+06 	 6.772599e+01 	 1.797494e+08 	
1.20321250e+06 	 6.084449e+01 	 1.750570e+08 	
1.20324081e+06 	 5.462192e+01 	 1.704622e+08 	
1.20326913e+06 	 4.900028e+01 	 1.659644e+08 	
1.20329745e+06 	 4.392610e+01 	 1.615635e+08 	
1.20332577e+06 	 3.935017e+01 	 1.572588e+08 	
1.20335408e+06 	 3.522717e+01 	 1.530500e+08 	
1.20338240e+06 	 3.151552e+01 	 1.489364e+08 	
1.20341072e+06 	 2.817705e+01 	 1.449175e+08 	
1.20343904e+06 	 2.517676e+01 	 1.409926e+08 	
1.20346735e+06 	 2.248265e+01 	 1.371611e+08 	
1.20349567e+06 	 2.006543e+01 	 1.334222e+08 	
1.20352399e+06 	 1.789839e+01 	 1.297751e+08 	
1.20355108e+06 	 1.603703e+01 	 1.263715e+08 	
1.20357817e+06 	 1.436280e+01 	 1.230504e+08 	
1.20360525e+06 	 1.285791e+01 	 1.198110e+08 	
1.20363234e+06 	 1.150613e+01 	 1.166525e+08 	
1.20365943e+06 	 1.029265e+01 	 1.135741e+08 	
1.20368652e+06 	 9.204011e+00 	 1.105747e+08 	
1.20371361e+06 	 8.227940e+00 	 1.076535e+08 	
1.20374070e+06 	 7.353304e+00 	 1.048095e+08 	
1.20376778e+06 	 6.569993e+00 	 1.020417e+08 	
1.20379487e+06 	 5.868838e+00 	 9.934903e+07 	
1.20382196e+06 	 5.241535e+00 	 9.673051e+07 	
1.20384905e+06 	 4.680571e+00 	 9.418502e+07 	
1.20387614e+06 	 4.179151e+00 	 9.171144e+07 	
1.20390323e+06 	 3.731141e+00 	 8.930866e+07 	
1.20393228e+06 	 3.303646e+00 	 8.680857e+07 	
1.20396134e+06 	 2.925109e+00 	 8.438715e+07 	
1.20399040e+06 	 2.590046e+00 	 8.204292e+07 	
1.20401946e+06 	 2.293559e+00 	 7.977438e+07 	
1.20404851e+06 	 2.031282e+00 	 7.758001e+07 	
1.20407757e+06 	 1.799323e+00 	 7.545826e+07 	
1.20410663e+06 	 1.594218e+00 	 7.340759e+07 	
1.20413569e+06 	 1.412885e+00 	 7.142642e+07 	
1.20416474e+06 	 1.252587e+00 	 6.951318e+07 	
1.20419380e+06 	 1.110891e+00 	 6.766629e+07 	
1.20422286e+06 	 9.856417e-01 	 6.588414e+07 	
1.20425623e+06 	 8.596097e-01 	 6.391503e+07 	
1.20428961e+06 	 7.502139e-01 	 6.202681e+07 	
1.20432298e+06 	 6.552414e-01 	 6.021707e+07 	
1.20435636e+06 	 5.727700e-01 	 5.848341e+07 	
1.20438973e+06 	 5.011315e-01 	 5.682341e+07 	
1.20442311e+06 	 4.388786e-01 	 5.523470e+07 	
1.20445648e+06 	 3.847569e-01 	 5.371491e+07 	
1.20449415e+06 	 3.320908e-01 	 5.207966e+07 	
1.20453181e+06 	 2.870587e-01 	 5.052586e+07 	
1.20456948e+06 	 2.485209e-01 	 4.905024e+07 	
1.20460714e+06 	 2.155093e-01 	 4.764954e+07 	
1.20464938e+06 	 1.840487e-01 	 4.616389e+07 	
1.20469162e+06 	 1.575331e-01 	 4.476411e+07 	
1.20473386e+06 	 1.351508e-01 	 4.344591e+07 	
1.20477989e+06 	 1.146766e-01 	 4.209738e+07 	
1.20482592e+06 	 9.758888e-02 	 4.083556e+07 	
1.20487655e+06 	 8.200202e-02 	 3.954172e+07 	
1.20492719e+06 	 6.915942e-02 	 3.834017e+07 	
1.20498335e+06 	 5.750485e-02 	 3.710785e+07 	
1.20503951e+06 	 4.803718e-02 	 3.597334e+07 	
1.20510140e+06 	 3.961121e-02 	 3.482708e+07 	
1.20516330e+06 	 3.284888e-02 	 3.378077e+07 	
1.20523485e+06 	 2.664348e-02 	 3.268415e+07 	
1.20530640e+06 	 2.177129e-02 	 3.169641e+07 	
1.20537795e+06 	 1.791996e-02 	 3.080599e+07 	
1.20546034e+06 	 1.444776e-02 	 2.988767e+07 	
1.20554272e+06 	 1.175473e-02 	 2.907017e+07 	
1.20562510e+06 	 9.647650e-03 	 2.834091e+07 	
1.20571575e+06 	 7.838270e-03 	 2.762730e+07 	
1.20580640e+06 	 6.429825e-03 	 2.699439e+07 	
1.20589811e+06 	 5.311227e-03 	 2.642502e+07 	
1.20598982e+06 	 4.426007e-03 	 2.591737e+07 	
1.20599899e+06 	 4.348058e-03 	 2.586967e+07 	
1.20599991e+06 	 4.340358e-03 	 2.586493e+07 	
1.20600000e+06 	 4.339589e-03 	 2.586445e+07 	
1.20610005e+06 	 3.594034e-03 	 2.537728e+07 	
1.20620010e+06 	 3.003919e-03 	 2.494381e+07 	
1.20630015e+06 	 2.532322e-03 	 2.455653e+07 	
1.20640020e+06 	 2.151865e-03 	 2.420912e+07 	
1.20650025e+06 	 1.842203e-03 	 2.389624e+07 	
1.20660030e+06 	 1.588168e-03 	 2.361338e+07 	
1.20670035e+06 	 1.378059e-03 	 2.335673e+07 	
1.20680040e+06 	 1.203035e-03 	 2.312302e+07 	
1.20690045e+06 	 1.056243e-03 	 2.290950e+07 	
1.20700050e+06 	 9.322768e-04 	 2.271378e+07 	
1.20710055e+06 	 8.270020e-04 	 2.253382e+07 	
1.20720060e+06 	 7.370216e-04 	 2.236786e+07 	
1.20730065e+06 	 6.597476e-04 	 2.221438e+07 	
1.20740070e+06 	 5.929924e-04 	 2.207206e+07 	
1.20750075e+06 	 5.350857e-04 	 2.193976e+07 	
1.20760080e+06 	 4.845865e-04 	 2.181646e+07 	
1.20770085e+06 	 4.403790e-04 	 2.170129e+07 	
1.20780090e+06 	 4.015090e-04 	 2.159347e+07 	
1.20790095e+06 	 3.671931e-04 	 2.149231e+07 	
1.20800100e+06 	 3.367999e-04 	 2.139722e+07 	
1.20810105e+06 	 3.097634e-04 	 2.130765e+07 	
1.20820110e+06 	 2.856501e-04 	 2.122314e+07 	
1.20830115e+06 	 2.640707e-04 	 2.114325e+07 	
1.20840120e+06 	 2.446894e-04 	 2.106760e+07 	
1.20850125e+06 	 2.272457e-04 	 2.099585e+07 	
1.20860130e+06 	 2.114970e-04 	 2.092771e+07 	
1.20870135e+06 	 1.972336e-04 	 2.086287e+07 	
1.20880140e+06 	 1.842930e-04 	 2.080112e+07 	
1.20890145e+06 	 1.725221e-04 	 2.074221e+07 	
1.20900150e+06 	 1.617824e-04 	 2.068594e+07 	
1.20910155e+06 	 1.519685e-04 	 2.063212e+07 	
1.20920160e+06 	 1.429826e-04 	 2.058060e+07 	
1.20930165e+06 	 1.347353e-04 	 2.053120e+07 	
1.20940170e+06 	 1.271475e-04 	 2.048379e+07 	
1.20950175e+06 	 1.201590e-04 	 2.043825e+07 	
1.20960180e+06 	 1.137103e-04 	 2.039445e+07 	
1.20970185e+06 	 1.077465e-04 	 2.035229e+07 	
1.20980190e+06 	 1.022206e-04 	 2.031166e+07 	
1.20990195e+06 	 9.709570e-05 	 2.027248e+07 	
1.21000200e+06 	 9.233523e-05 	 2.023465e+07 	
1.21010205e+06 	 8.790584e-05 	 2.019811e+07 	
1.21020210e+06 	 8.377542e-05 	 2.016278e+07 	
1.21030215e+06 	 7.992097e-05 	 2.012858e+07 	
1.21040220e+06 	 7.632036e-05 	 2.009546e+07 	
1.21050225e+06 	 7.295166e-05 	 2.006337e+07 	
1.21060230e+06 	 6.979553e-05 	 2.003225e+07 	
1.21070235e+06 	 6.683295e-05 	 2.000203e+07 	
1.21080240e+06 	 6.405068e-05 	 1.997269e+07 	
1.21090245e+06 	 6.143549e-05 	 1.994418e+07 	
1.21100250e+06 	 5.897414e-05 	 1.991645e+07 	
1.21110255e+06 	 5.665509e-05 	 1.988948e+07 	
1.21120260e+06 	 5.446911e-05 	 1.986315e+07 	
1.21130265e+06 	 5.240228e-05 	 1.983756e+07 	
1.21140270e+06 	 5.044856e-05 	 1.981262e+07 	
1.21150275e+06 	 4.859997e-05 	 1.978829e+07 	
1.21160280e+06 	 4.684921e-05 	 1.976456e+07 	
1.21170285e+06 	 4.518958e-05 	 1.974139e+07 	
1.21180290e+06 	 4.361495e-05 	 1.971876e+07 	
1.21190295e+06 	 4.211965e-05 	 1.969665e+07 	
1.21200300e+06 	 4.069849e-05 	 1.967503e+07 	
1.21210305e+06 	 3.934669e-05 	 1.965389e+07 	
1.21220310e+06 	 3.805984e-05 	 1.963320e+07 	
1.21230315e+06 	 3.683384e-05 	 1.961295e+07 	
1.21240320e+06 	 3.566494e-05 	 1.959312e+07 	
1.21250325e+06 	 3.454964e-05 	 1.957370e+07 	
1.21260330e+06 	 3.348472e-05 	 1.955466e+07 	
1.21270335e+06 	 3.246718e-05 	 1.953599e+07 	
1.21280340e+06 	 3.149424e-05 	 1.951769e+07 	
1.21290345e+06 	 3.056332e-05 	 1.949973e+07 	
1.21300350e+06 	 2.967201e-05 	 1.948210e+07 	
1.21310355e+06 	 2.881950e-05 	 1.946474e+07 	
1.21320360e+06 	 2.800089e-05 	 1.944775e+07 	
1.21330365e+06 	 2.721563e-05 	 1.943105e+07 	
1.21340370e+06 	 2.646190e-05 	 1.941464e+07 	
1.21350375e+06 	 2.573803e-05 	 1.939851e+07 	
1.21360380e+06 	 2.504241e-05 	 1.938266e+07 	
1.21370385e+06 	 2.437357e-05 	 1.936706e+07 	
1.21380390e+06 	 2.373013e-05 	 1.935171e+07 	
1.21390395e+06 	 2.311077e-05 	 1.933661e+07 	
1.21400400e+06 	 2.251430e-05 	 1.932175e+07 	
1.21410405e+06 	 2.193955e-05 	 1.930711e+07 	
1.21420410e+06 	 2.138546e-05 	 1.929270e+07 	
1.21430415e+06 	 2.085101e-05 	 1.927850e+07 	
1.21440420e+06 	 2.033527e-05 	 1.926451e+07 	
1.21450425e+06 	 1.983732e-05 	 1.925073e+07 	
1.21460430e+06 	 1.935635e-05 	 1.923714e+07 	
1.21470435e+06 	 1.889154e-05 	 1.922374e+07 	
1.21480440e+06 	 1.844215e-05 	 1.921053e+07 	
1.21490445e+06 	 1.800840e-05 	 1.919745e+07 	
1.21500450e+06 	 1.758780e-05 	 1.918460e+07 	
1.21510455e+06 	 1.718063e-05 	 1.917191e+07 	
1.21520460e+06 	 1.678628e-05 	 1.915939e+07 	
1.21530465e+06 	 1.640421e-05 	 1.914703e+07 	
1.21540470e+06 	 1.603387e-05 	 1.913483e+07 	
1.21550475e+06 	 1.567477e-05 	 1.912278e+07 	
1.21560480e+06 	 1.532642e-05 	 1.911088e+07 	
1.21570485e+06 	 1.498838e-05 	 1.909913e+07 	
1.21580490e+06 	 1.466023e-05 	 1.908752e+07 	
1.21590495e+06 	 1.434154e-05 	 1.907605e+07 	
1.21600500e+06 	 1.403194e-05 	 1.906471e+07 	
1.21610505e+06 	 1.373107e-05 	 1.905350e+07 	
1.21620510e+06 	 1.343857e-05 	 1.904243e+07 	
1.21630515e+06 	 1.315411e-05 	 1.903148e+07 	
1.21640520e+06 	 1.287738e-05 	 1.902065e+07 	
1.21650525e+06 	 1.260809e-05 	 1.900994e+07 	
1.21660530e+06 	 1.234594e-05 	 1.899936e+07 	
1.21670535e+06 	 1.209067e-05 	 1.898888e+07 	
1.21680540e+06 	 1.184202e-05 	 1.897852e+07 	
1.21690545e+06 	 1.159974e-05 	 1.896827e+07 	
1.21700550e+06 	 1.136302e-05 	 1.895816e+07 	
1.21710555e+06 	 1.113280e-05 	 1.894812e+07 	
1.21720560e+06 	 1.090827e-05 	 1.893819e+07 	
1.21730565e+06 	 1.068925e-05 	 1.892836e+07 	
1.21740570e+06 	 1.047554e-05 	 1.891862e+07 	
1.21750575e+06 	 1.026694e-05 	 1.890899e+07 	
1.21760580e+06 	 1.006329e-05 	 1.889945e+07 	
1.21770585e+06 	 9.864421e-06 	 1.889000e+07 	
1.21780590e+06 	 9.670163e-06 	 1.888065e+07 	
1.21790595e+06 	 9.480366e-06 	 1.887138e+07 	
1.21800600e+06 	 9.294881e-06 	 1.886221e+07 	
1.21810605e+06 	 9.113567e-06 	 1.885312e+07 	
1.21820610e+06 	 8.936289e-06 	 1.884412e+07 	
1.21830615e+06 	 8.762918e-06 	 1.883520e+07 	
1.21840620e+06 	 8.593329e-06 	 1.882637e+07 	
1.21850625e+06 	 8.427404e-06 	 1.881761e+07 	
1.21860630e+06 	 8.265028e-06 	 1.880894e+07 	
1.21870635e+06 	 8.106094e-06 	 1.880034e+07 	
1.21880640e+06 	 7.950495e-06 	 1.879183e+07 	
1.21890645e+06 	 7.798133e-06 	 1.878338e+07 	
1.21900650e+06 	 7.648910e-06 	 1.877502e+07 	
1.21910655e+06 	 7.502734e-06 	 1.876673e+07 	
1.21920660e+06 	 7.359517e-06 	 1.875851e+07 	
1.21930665e+06 	 7.219536e-06 	 1.875033e+07 	
1.21940670e+06 	 7.081987e-06 	 1.874225e+07 	
1.21950675e+06 	 6.947153e-06 	 1.873424e+07 	
1.21960680e+06 	 6.814956e-06 	 1.872630e+07 	
1.21970685e+06 	 6.685325e-06 	 1.871843e+07 	
1.21980690e+06 	 6.558190e-06 	 1.871063e+07 	
1.21990695e+06 	 6.433485e-06 	 1.870289e+07 	
1.22000700e+06 	 6.311144e-06 	 1.869522e+07 	
1.22010705e+06 	 6.191106e-06 	 1.868761e+07 	
1.22020710e+06 	 6.073311e-06 	 1.868006e+07 	
1.22030715e+06 	 5.957703e-06 	 1.867258e+07 	
1.22040720e+06 	 5.844225e-06 	 1.866516e+07 	
1.22050725e+06 	 5.732826e-06 	 1.865780e+07 	
1.22060730e+06 	 5.623453e-06 	 1.865050e+07 	
1.22070735e+06 	 5.516057e-06 	 1.864326e+07 	
1.22080740e+06 	 5.410592e-06 	 1.863608e+07 	
1.22090745e+06 	 5.307011e-06 	 1.862896e+07 	
1.22100750e+06 	 5.205270e-06 	 1.862190e+07 	
1.22110755e+06 	 5.105328e-06 	 1.861490e+07 	
1.22120760e+06 	 5.007142e-06 	 1.860795e+07 	
1.22130765e+06 	 4.910674e-06 	 1.860106e+07 	
1.22140770e+06 	 4.815886e-06 	 1.859422e+07 	
1.22150775e+06 	 4.722740e-06 	 1.858744e+07 	
1.22160780e+06 	 4.631202e-06 	 1.858071e+07 	
1.22170785e+06 	 4.541237e-06 	 1.857404e+07 	
1.22180790e+06 	 4.452812e-06 	 1.856742e+07 	
1.22190795e+06 	 4.365676e-06 	 1.856088e+07 	
1.22200800e+06 	 4.280236e-06 	 1.855436e+07 	
1.22210805e+06 	 4.196243e-06 	 1.854790e+07 	
1.22220810e+06 	 4.113669e-06 	 1.854149e+07 	
1.22230815e+06 	 4.032486e-06 	 1.853514e+07 	
1.22240820e+06 	 3.952668e-06 	 1.852883e+07 	
1.22250825e+06 	 3.874188e-06 	 1.852257e+07 	
1.22260830e+06 	 3.797021e-06 	 1.851636e+07 	
1.22270835e+06 	 3.721142e-06 	 1.851021e+07 	
1.22280840e+06 	 3.646530e-06 	 1.850410e+07 	
1.22290845e+06 	 3.573159e-06 	 1.849804e+07 	
1.22300850e+06 	 3.501009e-06 	 1.849203e+07 	
1.22310855e+06 	 3.430059e-06 	 1.848606e+07 	
1.22320860e+06 	 3.360286e-06 	 1.848015e+07 	
1.22330865e+06 	 3.291672e-06 	 1.847428e+07 	
1.22340870e+06 	 3.224196e-06 	 1.846846e+07 	
1.22350875e+06 	 3.157840e-06 	 1.846269e+07 	
1.22360880e+06 	 3.092585e-06 	 1.845696e+07 	
1.22370885e+06 	 3.028415e-06 	 1.845128e+07 	
1.22380890e+06 	 2.965310e-06 	 1.844564e+07 	
1.22390895e+06 	 2.903255e-06 	 1.844005e+07 	
1.22400900e+06 	 2.842233e-06 	 1.843451e+07 	
1.22410905e+06 	 2.782228e-06 	 1.842901e+07 	
1.22420910e+06 	 2.723225e-06 	 1.842356e+07 	
1.22430915e+06 	 2.665209e-06 	 1.841814e+07 	
1.22440920e+06 	 2.608165e-06 	 1.841278e+07 	
1.22450925e+06 	 2.552079e-06 	 1.840746e+07 	
1.22460930e+06 	 2.496937e-06 	 1.840218e+07 	
1.22470935e+06 	 2.442601e-06 	 1.839697e+07 	
1.22480940e+06 	 2.389305e-06 	 1.839178e+07 	
1.22490945e+06 	 2.336915e-06 	 1.838663e+07 	
1.22500950e+06 	 2.285415e-06 	 1.838153e+07 	
1.22510955e+06 	 2.234795e-06 	 1.837646e+07 	
1.22520960e+06 	 2.185042e-06 	 1.837144e+07 	
1.22530965e+06 	 2.136145e-06 	 1.836646e+07 	
1.22540970e+06 	 2.088092e-06 	 1.836153e+07 	
1.22550975e+06 	 2.040871e-06 	 1.835663e+07 	
1.22560980e+06 	 1.994472e-06 	 1.835178e+07 	
1.22570985e+06 	 1.948884e-06 	 1.834697e+07 	
1.22580990e+06 	 1.904096e-06 	 1.834219e+07 	
1.22590995e+06 	 1.860097e-06 	 1.833746e+07 	
1.22601001e+06 	 1.816879e-06 	 1.833277e+07 	
1.22611006e+06 	 1.774429e-06 	 1.832812e+07 	
1.22621011e+06 	 1.732739e-06 	 1.832351e+07 	
1.22631016e+06 	 1.691799e-06 	 1.831894e+07 	
1.22641021e+06 	 1.651599e-06 	 1.831441e+07 	
1.22651026e+06 	 1.612130e-06 	 1.830992e+07 	
1.22661031e+06 	 1.573382e-06 	 1.830547e+07 	
1.22671036e+06 	 1.535347e-06 	 1.830105e+07 	
1.22681041e+06 	 1.498015e-06 	 1.829668e+07 	
1.22691046e+06 	 1.461377e-06 	 1.829235e+07 	
1.22701051e+06 	 1.425426e-06 	 1.828805e+07 	
1.22711056e+06 	 1.390151e-06 	 1.828379e+07 	
1.22721061e+06 	 1.355544e-06 	 1.827957e+07 	
1.22731066e+06 	 1.321597e-06 	 1.827539e+07 	
1.22741071e+06 	 1.288302e-06 	 1.827124e+07 	
1.22751076e+06 	 1.255587e-06 	 1.826716e+07 	
1.22761081e+06 	 1.223570e-06 	 1.826309e+07 	
1.22771086e+06 	 1.192180e-06 	 1.825906e+07 	
1.22781091e+06 	 1.161408e-06 	 1.825507e+07 	
1.22791096e+06 	 1.131248e-06 	 1.825111e+07 	
1.22801101e+06 	 1.101690e-06 	 1.824719e+07 	
1.22811106e+06 	 1.072727e-06 	 1.824330e+07 	
1.22821111e+06 	 1.044351e-06 	 1.823945e+07 	
1.22831116e+06 	 1.016555e-06 	 1.823564e+07 	
1.22841121e+06 	 9.893302e-07 	 1.823186e+07 	
1.22851126e+06 	 9.626695e-07 	 1.822812e+07 	
1.22861131e+06 	 9.365653e-07 	 1.822442e+07 	
1.22871136e+06 	 9.110099e-07 	 1.822074e+07 	
1.22881141e+06 	 8.859960e-07 	 1.821711e+07 	
1.22891146e+06 	 8.615159e-07 	 1.821351e+07 	
1.22901151e+06 	 8.375624e-07 	 1.820994e+07 	
1.22911156e+06 	 8.141279e-07 	 1.820641e+07 	
1.22921161e+06 	 7.912053e-07 	 1.820291e+07 	
1.22931166e+06 	 7.687871e-07 	 1.819945e+07 	
1.22941171e+06 	 7.468662e-07 	 1.819602e+07 	
1.22951176e+06 	 7.254352e-07 	 1.819262e+07 	
1.22961181e+06 	 7.044870e-07 	 1.818926e+07 	
1.22971186e+06 	 6.840145e-07 	 1.818593e+07 	
1.22981191e+06 	 6.640104e-07 	 1.818263e+07 	
1.22991196e+06 	 6.444678e-07 	 1.817937e+07 	
1.23001201e+06 	 6.253796e-07 	 1.817614e+07 	
1.23011206e+06 	 6.067388e-07 	 1.817294e+07 	
1.23021211e+06 	 5.885382e-07 	 1.816977e+07 	
1.23031216e+06 	 5.708004e-07 	 1.816661e+07 	
1.23041221e+06 	 5.534596e-07 	 1.816350e+07 	
1.23051226e+06 	 5.365385e-07 	 1.816043e+07 	
1.23061231e+06 	 5.200301e-07 	 1.815739e+07 	
1.23071236e+06 	 5.039276e-07 	 1.815438e+07 	
1.23081241e+06 	 4.882243e-07 	 1.815140e+07 	
1.23091246e+06 	 4.729133e-07 	 1.814845e+07 	
1.23101251e+06 	 4.579881e-07 	 1.814554e+07 	
1.23111256e+06 	 4.434420e-07 	 1.814265e+07 	
1.23121261e+06 	 4.292682e-07 	 1.813979e+07 	
1.23131266e+06 	 4.154602e-07 	 1.813696e+07 	
1.23141271e+06 	 4.020114e-07 	 1.813416e+07 	
1.23151276e+06 	 3.889154e-07 	 1.813139e+07 	
1.23161281e+06 	 3.761657e-07 	 1.812865e+07 	
1.23171286e+06 	 3.637558e-07 	 1.812594e+07 	
1.23181291e+06 	 3.516794e-07 	 1.812326e+07 	
1.23191296e+06 	 3.399301e-07 	 1.812061e+07 	
1.23201301e+06 	 3.285017e-07 	 1.811798e+07 	
1.23211306e+06 	 3.173878e-07 	 1.811538e+07 	
1.23221311e+06 	 3.065823e-07 	 1.811281e+07 	
1.23231316e+06 	 2.960791e-07 	 1.811027e+07 	
1.23241321e+06 	 2.858720e-07 	 1.810775e+07 	
1.23251326e+06 	 2.759551e-07 	 1.810526e+07 	
1.23261331e+06 	 2.663222e-07 	 1.810280e+07 	
1.23271336e+06 	 2.569676e-07 	 1.810036e+07 	
1.23281341e+06 	 2.478727e-07 	 1.809799e+07 	
1.23291346e+06 	 2.390569e-07 	 1.809560e+07 	
1.23301351e+06 	 2.305018e-07 	 1.809325e+07 	
1.23311356e+06 	 2.222018e-07 	 1.809091e+07 	
1.23321361e+06 	 2.141511e-07 	 1.808861e+07 	
1.23331366e+06 	 2.063442e-07 	 1.808633e+07 	
1.23341371e+06 	 1.987755e-07 	 1.808407e+07 	
1.23351376e+06 	 1.914396e-07 	 1.808184e+07 	
1.23361381e+06 	 1.843311e-07 	 1.807963e+07 	
1.23371386e+06 	 1.774447e-07 	 1.807745e+07 	
1.23381391e+06 	 1.707751e-07 	 1.807529e+07 	
1.23391396e+06 	 1.643171e-07 	 1.807315e+07 	
1.23401401e+06 	 1.580655e-07 	 1.807104e+07 	
1.23411406e+06 	 1.520153e-07 	 1.806895e+07 	
1.23421411e+06 	 1.461616e-07 	 1.806689e+07 	
1.23431416e+06 	 1.404993e-07 	 1.806484e+07 	
1.23441421e+06 	 1.350237e-07 	 1.806282e+07 	
1.23451426e+06 	 1.297299e-07 	 1.806082e+07 	
1.23461431e+06 	 1.246132e-07 	 1.805884e+07 	
1.23471436e+06 	 1.196691e-07 	 1.805689e+07 	
1.23481441e+06 	 1.148929e-07 	 1.805495e+07 	
1.23491446e+06 	 1.102801e-07 	 1.805304e+07 	
1.23501451e+06 	 1.058317e-07 	 1.805111e+07 	
1.23511456e+06 	 1.015326e-07 	 1.804923e+07 	
1.23521461e+06 	 9.738395e-08 	 1.804738e+07 	
1.23531466e+06 	 9.338147e-08 	 1.804554e+07 	
1.23541471e+06 	 8.952111e-08 	 1.804373e+07 	
1.23551476e+06 	 8.579880e-08 	 1.804193e+07 	
1.23561481e+06 	 8.221058e-08 	 1.804016e+07 	
1.23571486e+06 	 7.875254e-08 	 1.803840e+07 	
1.23581491e+06 	 7.542086e-08 	 1.803666e+07 	
1.23591496e+06 	 7.221183e-08 	 1.803494e+07 	
1.23601501e+06 	 6.912175e-08 	 1.803324e+07 	
1.23611506e+06 	 6.614703e-08 	 1.803155e+07 	
1.23621511e+06 	 6.328415e-08 	 1.802989e+07 	
1.23631516e+06 	 6.052966e-08 	 1.802824e+07 	
1.23641521e+06 	 5.788020e-08 	 1.802661e+07 	
1.23651526e+06 	 5.533246e-08 	 1.802499e+07 	
1.23661531e+06 	 5.288321e-08 	 1.802339e+07 	
1.23671536e+06 	 5.052932e-08 	 1.802181e+07 	
1.23681541e+06 	 4.826519e-08 	 1.802029e+07 	
1.23691546e+06 	 4.609281e-08 	 1.801874e+07 	
1.23701551e+06 	 4.400674e-08 	 1.801721e+07 	
1.23711556e+06 	 4.200414e-08 	 1.801569e+07 	
1.23721561e+06 	 4.008218e-08 	 1.801419e+07 	
1.23731566e+06 	 3.823815e-08 	 1.801270e+07 	
1.23741571e+06 	 3.646938e-08 	 1.801123e+07 	
1.23751576e+06 	 3.477329e-08 	 1.800977e+07 	
1.23761581e+06 	 3.314735e-08 	 1.800833e+07 	
1.23771586e+06 	 3.158909e-08 	 1.800689e+07 	
1.23781591e+06 	 3.009614e-08 	 1.800548e+07 	
1.23791596e+06 	 2.866616e-08 	 1.800407e+07 	
1.23801601e+06 	 2.729689e-08 	 1.800268e+07 	
1.23811606e+06 	 2.598481e-08 	 1.800136e+07 	
1.23821611e+06 	 2.473040e-08 	 1.800000e+07 	
1.23831616e+06 	 2.353027e-08 	 1.799865e+07 	
1.23841621e+06 	 2.238241e-08 	 1.799731e+07 	
1.23851626e+06 	 2.128486e-08 	 1.799598e+07 	
1.23861631e+06 	 2.023571e-08 	 1.799467e+07 	
1.23871636e+06 	 1.923313e-08 	 1.799336e+07 	
1.23881641e+06 	 1.827531e-08 	 1.799207e+07 	
1.23891646e+06 	 1.736054e-08 	 1.799079e+07 	
1.23901651e+06 	 1.648712e-08 	 1.798951e+07 	
1.23911656e+06 	 1.565343e-08 	 1.798825e+07 	
1.23921661e+06 	 1.485710e-08 	 1.798708e+07 	
1.23931666e+06 	 1.409818e-08 	 1.798585e+07 	
1.23941671e+06 	 1.337441e-08 	 1.798462e+07 	
1.23951676e+06 	 1.268437e-08 	 1.798340e+07 	
1.23961681e+06 	 1.202667e-08 	 1.798219e+07 	
1.23971686e+06 	 1.139999e-08 	 1.798099e+07 	
1.23981691e+06 	 1.080303e-08 	 1.797980e+07 	
1.23991696e+06 	 1.023405e-08 	 1.797871e+07 	
1.24001701e+06 	 9.692834e-09 	 1.797755e+07 	
1.24011706e+06 	 9.177744e-09 	 1.797639e+07 	
1.24021711e+06 	 8.687660e-09 	 1.797525e+07 	
1.24031716e+06 	 8.221505e-09 	 1.797411e+07 	
1.24041721e+06 	 7.778240e-09 	 1.797298e+07 	
1.24051726e+06 	 7.356866e-09 	 1.797185e+07 	
1.24061731e+06 	 6.956027e-09 	 1.797088e+07 	
1.24071736e+06 	 6.575549e-09 	 1.796979e+07 	
1.24081741e+06 	 6.214173e-09 	 1.796872e+07 	
1.24091746e+06 	 5.871041e-09 	 1.796767e+07 	
1.24101751e+06 	 5.545326e-09 	 1.796662e+07 	
1.24111756e+06 	 5.236537e-09 	 1.796542e+07 	
1.24121761e+06 	 4.943335e-09 	 1.796438e+07 	
1.24131766e+06 	 4.665262e-09 	 1.796335e+07 	
1.24141771e+06 	 4.401614e-09 	 1.796234e+07 	
1.24151776e+06 	 4.151959e-09 	 1.796114e+07 	
1.24161781e+06 	 3.915194e-09 	 1.796011e+07 	
1.24171786e+06 	 3.690911e-09 	 1.795910e+07 	
1.24181791e+06 	 3.478711e-09 	 1.795787e+07 	
1.24191796e+06 	 3.277666e-09 	 1.795682e+07 	
1.24201801e+06 	 3.087397e-09 	 1.795576e+07 	
1.24211806e+06 	 2.907207e-09 	 1.795497e+07 	
1.24221811e+06 	 2.736901e-09 	 1.795398e+07 	
1.24231816e+06 	 2.575996e-09 	 1.795276e+07 	
1.24241821e+06 	 2.423793e-09 	 1.795171e+07 	
1.24251826e+06 	 2.279848e-09 	 1.795091e+07 	
1.24261831e+06 	 2.143937e-09 	 1.794994e+07 	
1.24271836e+06 	 2.015681e-09 	 1.794865e+07 	
1.24281841e+06 	 1.894522e-09 	 1.794751e+07 	
1.24291846e+06 	 1.780000e-09 	 1.794695e+07 	
1.24301851e+06 	 1.672045e-09 	 1.794600e+07 	
1.24311856e+06 	 1.570202e-09 	 1.794506e+07 	
1.24321861e+06 	 1.474218e-09 	 1.794379e+07 	
1.24331866e+06 	 1.383703e-09 	 1.794262e+07 	
1.24341871e+06 	 1.298265e-09 	 1.794221e+07 	
1.24351876e+06 	 1.217837e-09 	 1.794136e+07 	
1.24361881e+06 	 1.142146e-09 	 1.794003e+07 	
1.24371886e+06 	 1.070830e-09 	 1.793894e+07 	
1.24381891e+06 	 1.003655e-09 	 1.793818e+07 	
1.24391896e+06 	 9.404625e-10 	 1.793717e+07 	
1.24401901e+06 	 8.810186e-10 	 1.793600e+07 	
1.24411906e+06 	 8.250622e-10 	 1.793533e+07 	
1.24421911e+06 	 7.724798e-10 	 1.793427e+07 	
1.24431916e+06 	 7.230333e-10 	 1.793345e+07 	
1.24441921e+06 	 6.765826e-10 	 1.793237e+07 	
1.24451926e+06 	 6.329216e-10 	 1.793161e+07 	
1.24461931e+06 	 5.919303e-10 	 1.793062e+07 	
1.24471936e+06 	 5.534368e-10 	 1.792973e+07 	
1.24481941e+06 	 5.173146e-10 	 1.792860e+07 	
1.24491946e+06 	 4.834017e-10 	 1.792789e+07 	
1.24501951e+06 	 4.516000e-10 	 1.792684e+07 	
1.24511956e+06 	 4.217665e-10 	 1.792604e+07 	
1.24521961e+06 	 3.938068e-10 	 1.792486e+07 	
1.24531966e+06 	 3.675862e-10 	 1.792421e+07 	
1.24541971e+06 	 3.430253e-10 	 1.792325e+07 	
1.24551976e+06 	 3.200156e-10 	 1.792237e+07 	
1.24561981e+06 	 2.984699e-10 	 1.792140e+07 	
1.24571986e+06 	 2.782964e-10 	 1.792054e+07 	
1.24581991e+06 	 2.594187e-10 	 1.791949e+07 	
1.24591996e+06 	 2.417512e-10 	 1.791871e+07 	
1.24602001e+06 	 2.252282e-10 	 1.791774e+07 	
1.24612006e+06 	 2.097756e-10 	 1.791689e+07 	
1.24622011e+06 	 1.953308e-10 	 1.791596e+07 	
1.24632016e+06 	 1.818307e-10 	 1.791507e+07 	
1.24642021e+06 	 1.692183e-10 	 1.791409e+07 	
1.24652026e+06 	 1.574364e-10 	 1.791325e+07 	
1.24662031e+06 	 1.464360e-10 	 1.791229e+07 	
1.24672036e+06 	 1.361663e-10 	 1.791143e+07 	
1.24682041e+06 	 1.265832e-10 	 1.791046e+07 	
1.24692046e+06 	 1.176416e-10 	 1.790962e+07 	
1.24702051e+06 	 1.093024e-10 	 1.790870e+07 	
1.24712056e+06 	 1.015265e-10 	 1.790781e+07 	
1.24722061e+06 	 9.427843e-11 	 1.790688e+07 	
1.24732066e+06 	 8.752371e-11 	 1.790600e+07 	
1.24742071e+06 	 8.123116e-11 	 1.790507e+07 	
1.24752076e+06 	 7.537030e-11 	 1.790420e+07 	
1.24762081e+06 	 6.991352e-11 	 1.790328e+07 	
1.24772086e+06 	 6.483409e-11 	 1.790240e+07 	
1.24782091e+06 	 6.010749e-11 	 1.790149e+07 	
1.24792096e+06 	 5.571032e-11 	 1.790059e+07 	
1.24802101e+06 	 5.162088e-11 	 1.789969e+07 	
1.24812106e+06 	 4.781867e-11 	 1.789879e+07 	
1.24822111e+06 	 4.428454e-11 	 1.789789e+07 	
1.43070759e+06 	 1.000000e-20 	 1.646138e+07 	
1.63987308e+06 	 1.000000e-20 	 1.518123e+07 	
1.87961799e+06 	 1.000000e-20 	 1.403049e+07 	
2.15441295e+06 	 1.000000e-20 	 1.298911e+07 	
2.46938216e+06 	 1.000000e-20 	 1.204170e+07 	
2.83039901e+06 	 1.000000e-20 	 1.117609e+07 	
3.24419552e+06 	 1.000000e-20 	 1.038249e+07 	
3.71848793e+06 	 1.000000e-20 	 9.652842e+06 	
4.26212059e+06 	 1.000000e-20 	 8.980408e+06 	
4.88523084e+06 	 1.000000e-20 	 8.359488e+06 	
5.59943808e+06 	 1.000000e-20 	 7.785193e+06 	
6.41806045e+06 	 1.000000e-20 	 7.253283e+06 	
7.35636315e+06 	 1.000000e-20 	 6.760050e+06 	
8.43184310e+06 	 1.000000e-20 	 6.302224e+06 	
9.66455525e+06 	 1.000000e-20 	 5.876899e+06 	
1.10774865e+07 	 1.000000e-20 	 5.481480e+06 	
1.26969844e+07 	 1.000000e-20 	 5.113632e+06 	
1.45532484e+07 	 1.000000e-20 	 4.771248e+06 	
1.66808931e+07 	 1.000000e-20 	 4.452416e+06 	
1.91195936e+07 	 1.000000e-20 	 4.155399e+06 	
2.19148253e+07 	 1.000000e-20 	 3.878606e+06 	
2.51187122e+07 	 1.000000e-20 	 3.620583e+06 	
2.87909985e+07 	 1.000000e-20 	 3.379994e+06 	
3.30001629e+07 	 1.000000e-20 	 3.155612e+06 	
3.78246955e+07 	 1.000000e-20 	 2.946302e+06 	
4.33545614e+07 	 1.000000e-20 	 2.751021e+06 	
4.96928784e+07 	 1.000000e-20 	 2.568799e+06 	
5.69578398e+07 	 1.000000e-20 	 2.398743e+06 	
6.52849186e+07 	 1.000000e-20 	 2.240022e+06 	
7.48293932e+07 	 1.000000e-20 	 2.091866e+06 	
8.57692436e+07 	 1.000000e-20 	 1.953560e+06 	
9.83084699e+07 	 1.000000e-20 	 1.824440e+06 	
1.12680896e+08 	 1.000000e-20 	 1.703889e+06 	
1.29154532e+08 	 1.000000e-20 	 1.591330e+06 	
1.48036568e+08 	 1.000000e-20 	 1.486229e+06 	
1.69679104e+08 	 1.000000e-20 	 1.388089e+06 	
1.94485720e+08 	 1.000000e-20 	 1.296443e+06 	
2.22918995e+08 	 1.000000e-20 	 1.210861e+06 	
2.55509136e+08 	 1.000000e-20 	 1.130938e+06 	
2.92863865e+08 	 1.000000e-20 	 1.056298e+06 	
3.35679753e+08 	 1.000000e-20 	 9.865907e+05 	
3.84755205e+08 	 1.000000e-20 	 9.214890e+05 	
4.41005352e+08 	 1.000000e-20 	 8.606875e+05 	
5.05479115e+08 	 1.000000e-20 	 8.039013e+05 	
5.79378765e+08 	 1.000000e-20 	 7.508647e+05 	
6.64082338e+08 	 1.000000e-20 	 7.013294e+05 	
7.61169340e+08 	 1.000000e-20 	 6.550639e+05 	
8.72450194e+08 	 1.000000e-20 	 6.118521e+05 	
1.00000000e+09 	 1.000000e-20 	 5.714920e+05 	
