r (cm)        	 rho (g/cm3) 	 T (K)       		 Linf = 3.064429e+38
1.19991373e+06 	 1.327542e+05 	 1.232772e+09 	
1.19992923e+06 	 1.298827e+05 	 1.225866e+09 	
1.20003749e+06 	 1.112189e+05 	 1.177985e+09 	
1.20014575e+06 	 9.481127e+04 	 1.130688e+09 	
1.20023546e+06 	 8.277105e+04 	 1.091956e+09 	
1.20032517e+06 	 7.201807e+04 	 1.053657e+09 	
1.20041488e+06 	 6.244401e+04 	 1.015806e+09 	
1.20050459e+06 	 5.394679e+04 	 9.784172e+08 	
1.20059506e+06 	 4.637021e+04 	 9.411955e+08 	
1.20068554e+06 	 3.969888e+04 	 9.044789e+08 	
1.20075930e+06 	 3.486935e+04 	 8.749296e+08 	
1.20083307e+06 	 3.054003e+04 	 8.457381e+08 	
1.20090684e+06 	 2.666943e+04 	 8.169148e+08 	
1.20098060e+06 	 2.321849e+04 	 7.884705e+08 	
1.20105437e+06 	 2.015053e+04 	 7.604162e+08 	
1.20112718e+06 	 1.746424e+04 	 7.331183e+08 	
1.20119999e+06 	 1.508659e+04 	 7.062224e+08 	
1.20127280e+06 	 1.298869e+04 	 6.797401e+08 	
1.20133300e+06 	 1.144614e+04 	 6.581645e+08 	
1.20139320e+06 	 1.006214e+04 	 6.368862e+08 	
1.20145340e+06 	 8.823324e+03 	 6.159121e+08 	
1.20151360e+06 	 7.717142e+03 	 5.952489e+08 	
1.20157381e+06 	 6.731862e+03 	 5.749037e+08 	
1.20163378e+06 	 5.859652e+03 	 5.549588e+08 	
1.20169375e+06 	 5.086458e+03 	 5.353434e+08 	
1.20175372e+06 	 4.402891e+03 	 5.160645e+08 	
1.20180308e+06 	 3.901390e+03 	 5.004557e+08 	
1.20185244e+06 	 3.450161e+03 	 4.850834e+08 	
1.20190180e+06 	 3.044965e+03 	 4.699517e+08 	
1.20195115e+06 	 2.681843e+03 	 4.550644e+08 	
1.20200051e+06 	 2.357098e+03 	 4.404253e+08 	
1.20204987e+06 	 2.067286e+03 	 4.260383e+08 	
1.20210056e+06 	 1.802637e+03 	 4.115283e+08 	
1.20215125e+06 	 1.568249e+03 	 3.972921e+08 	
1.20219299e+06 	 1.395865e+03 	 3.857784e+08 	
1.20223473e+06 	 1.240442e+03 	 3.744550e+08 	
1.20227647e+06 	 1.100543e+03 	 3.633241e+08 	
1.20231821e+06 	 9.748304e+02 	 3.523877e+08 	
1.20235995e+06 	 8.620577e+02 	 3.416476e+08 	
1.20240169e+06 	 7.610683e+02 	 3.311057e+08 	
1.20244343e+06 	 6.707898e+02 	 3.207638e+08 	
1.20248658e+06 	 5.876673e+02 	 3.102847e+08 	
1.20252973e+06 	 5.139191e+02 	 3.000227e+08 	
1.20256553e+06 	 4.591719e+02 	 2.916736e+08 	
1.20260134e+06 	 4.097463e+02 	 2.834759e+08 	
1.20263714e+06 	 3.651857e+02 	 2.754306e+08 	
1.20267295e+06 	 3.250662e+02 	 2.675382e+08 	
1.20270875e+06 	 2.889948e+02 	 2.597995e+08 	
1.20274456e+06 	 2.566080e+02 	 2.522149e+08 	
1.20278036e+06 	 2.275697e+02 	 2.447850e+08 	
1.20281617e+06 	 2.015700e+02 	 2.375101e+08 	
1.20285398e+06 	 1.771002e+02 	 2.299972e+08 	
1.20288517e+06 	 1.589998e+02 	 2.239280e+08 	
1.20291637e+06 	 1.426198e+02 	 2.179770e+08 	
1.20294757e+06 	 1.278124e+02 	 2.121441e+08 	
1.20297877e+06 	 1.144409e+02 	 2.064293e+08 	
1.20300996e+06 	 1.023786e+02 	 2.008324e+08 	
1.20304116e+06 	 9.150888e+01 	 1.953533e+08 	
1.20307236e+06 	 8.172401e+01 	 1.899918e+08 	
1.20310356e+06 	 7.292484e+01 	 1.847475e+08 	
1.20313476e+06 	 6.502023e+01 	 1.796201e+08 	
1.20316595e+06 	 5.792647e+01 	 1.746091e+08 	
1.20319715e+06 	 5.156680e+01 	 1.697140e+08 	
1.20322528e+06 	 4.640358e+01 	 1.653993e+08 	
1.20325341e+06 	 4.173262e+01 	 1.611779e+08 	
1.20328154e+06 	 3.751031e+01 	 1.570494e+08 	
1.20330967e+06 	 3.369652e+01 	 1.530131e+08 	
1.20333780e+06 	 3.025436e+01 	 1.490684e+08 	
1.20336593e+06 	 2.714993e+01 	 1.452148e+08 	
1.20339406e+06 	 2.435216e+01 	 1.414516e+08 	
1.20342218e+06 	 2.183255e+01 	 1.377779e+08 	
1.20345031e+06 	 1.956505e+01 	 1.341931e+08 	
1.20347844e+06 	 1.752581e+01 	 1.306962e+08 	
1.20350657e+06 	 1.569306e+01 	 1.272866e+08 	
1.20353470e+06 	 1.404696e+01 	 1.239632e+08 	
1.20356283e+06 	 1.256940e+01 	 1.207252e+08 	
1.20359096e+06 	 1.124393e+01 	 1.175715e+08 	
1.20361909e+06 	 1.005556e+01 	 1.145012e+08 	
1.20364722e+06 	 8.990695e+00 	 1.115132e+08 	
1.20367573e+06 	 8.024795e+00 	 1.085676e+08 	
1.20370424e+06 	 7.161455e+00 	 1.057043e+08 	
1.20373275e+06 	 6.390151e+00 	 1.029221e+08 	
1.20376126e+06 	 5.701378e+00 	 1.002197e+08 	
1.20378977e+06 	 5.086558e+00 	 9.759595e+07 	
1.20381828e+06 	 4.537961e+00 	 9.504950e+07 	
1.20384679e+06 	 4.048622e+00 	 9.257905e+07 	
1.20387530e+06 	 3.612276e+00 	 9.018327e+07 	
1.20390381e+06 	 3.223292e+00 	 8.786080e+07 	
1.20393232e+06 	 2.876612e+00 	 8.561026e+07 	
1.20396083e+06 	 2.567698e+00 	 8.343025e+07 	
1.20398934e+06 	 2.292481e+00 	 8.131937e+07 	
1.20401785e+06 	 2.047316e+00 	 7.927618e+07 	
1.20404981e+06 	 1.804155e+00 	 7.706411e+07 	
1.20408178e+06 	 1.590593e+00 	 7.493329e+07 	
1.20411374e+06 	 1.403027e+00 	 7.288164e+07 	
1.20414571e+06 	 1.238283e+00 	 7.090712e+07 	
1.20417767e+06 	 1.093569e+00 	 6.900764e+07 	
1.20420964e+06 	 9.664271e-01 	 6.718114e+07 	
1.20424160e+06 	 8.546989e-01 	 6.542555e+07 	
1.20427357e+06 	 7.564879e-01 	 6.373881e+07 	
1.20430553e+06 	 6.701294e-01 	 6.211885e+07 	
1.20434284e+06 	 5.823851e-01 	 6.030983e+07 	
1.20438015e+06 	 5.067896e-01 	 5.858579e+07 	
1.20441746e+06 	 4.416150e-01 	 5.694354e+07 	
1.20445476e+06 	 3.853805e-01 	 5.537992e+07 	
1.20449207e+06 	 3.368173e-01 	 5.389182e+07 	
1.20452938e+06 	 2.948393e-01 	 5.247620e+07 	
1.20457252e+06 	 2.532977e-01 	 5.092577e+07 	
1.20461566e+06 	 2.181040e-01 	 4.946367e+07 	
1.20465879e+06 	 1.882412e-01 	 4.808549e+07 	
1.20470193e+06 	 1.628590e-01 	 4.678689e+07 	
1.20475129e+06 	 1.384034e-01 	 4.539322e+07 	
1.20480066e+06 	 1.180083e-01 	 4.409226e+07 	
1.20485002e+06 	 1.009558e-01 	 4.287821e+07 	
1.20490453e+06 	 8.530794e-02 	 4.163183e+07 	
1.20495904e+06 	 7.238581e-02 	 4.047752e+07 	
1.20501938e+06 	 6.064564e-02 	 3.929897e+07 	
1.20507972e+06 	 5.106934e-02 	 3.821636e+07 	
1.20515103e+06 	 4.195593e-02 	 3.704977e+07 	
1.20522233e+06 	 3.471003e-02 	 3.599366e+07 	
1.20529363e+06 	 2.891262e-02 	 3.503685e+07 	
1.20537807e+06 	 2.348792e-02 	 3.401829e+07 	
1.20546251e+06 	 1.925452e-02 	 3.310958e+07 	
1.20554695e+06 	 1.592217e-02 	 3.229734e+07 	
1.20563995e+06 	 1.304014e-02 	 3.150027e+07 	
1.20573296e+06 	 1.078290e-02 	 3.079225e+07 	
1.20583547e+06 	 8.837413e-03 	 3.010097e+07 	
1.20593797e+06 	 7.318443e-03 	 2.949004e+07 	
1.20605155e+06 	 6.005877e-03 	 2.889319e+07 	
1.20616514e+06 	 4.983548e-03 	 2.836799e+07 	
1.20629242e+06 	 4.092627e-03 	 2.785132e+07 	
1.20641970e+06 	 3.400924e-03 	 2.739862e+07 	
1.20656127e+06 	 2.803344e-03 	 2.695790e+07 	
1.20670284e+06 	 2.339124e-03 	 2.657243e+07 	
1.20687040e+06 	 1.915113e-03 	 2.617523e+07 	
1.20698705e+06 	 1.680119e-03 	 2.593044e+07 	
1.20699872e+06 	 1.658852e-03 	 2.590723e+07 	
1.20699988e+06 	 1.656746e-03 	 2.590493e+07 	
1.20700000e+06 	 1.656536e-03 	 2.590469e+07 	
1.20710005e+06 	 1.488897e-03 	 2.571454e+07 	
1.20720010e+06 	 1.343993e-03 	 2.553876e+07 	
1.20730015e+06 	 1.218085e-03 	 2.537583e+07 	
1.20740020e+06 	 1.108201e-03 	 2.522443e+07 	
1.20750025e+06 	 1.011823e-03 	 2.508342e+07 	
1.20760030e+06 	 9.269794e-04 	 2.495177e+07 	
1.20770035e+06 	 8.519373e-04 	 2.482860e+07 	
1.20780040e+06 	 7.853520e-04 	 2.471311e+07 	
1.20790045e+06 	 7.260343e-04 	 2.460461e+07 	
1.20800050e+06 	 6.730119e-04 	 2.450248e+07 	
1.20810055e+06 	 6.254709e-04 	 2.440617e+07 	
1.20820060e+06 	 5.826883e-04 	 2.431517e+07 	
1.20830065e+06 	 5.440990e-04 	 2.422907e+07 	
1.20840070e+06 	 5.091821e-04 	 2.414745e+07 	
1.20850075e+06 	 4.774970e-04 	 2.406996e+07 	
1.20860080e+06 	 4.486839e-04 	 2.399629e+07 	
1.20870085e+06 	 4.224085e-04 	 2.392614e+07 	
1.20880090e+06 	 3.983883e-04 	 2.385925e+07 	
1.20890095e+06 	 3.763918e-04 	 2.379539e+07 	
1.20900100e+06 	 3.561985e-04 	 2.373434e+07 	
1.20910105e+06 	 3.376172e-04 	 2.367591e+07 	
1.20920110e+06 	 3.204945e-04 	 2.361991e+07 	
1.20930115e+06 	 3.046851e-04 	 2.356619e+07 	
1.20940120e+06 	 2.900526e-04 	 2.351459e+07 	
1.20950125e+06 	 2.764924e-04 	 2.346498e+07 	
1.20960130e+06 	 2.639080e-04 	 2.341723e+07 	
1.20970135e+06 	 2.522070e-04 	 2.337123e+07 	
1.20980140e+06 	 2.413063e-04 	 2.332687e+07 	
1.20990145e+06 	 2.311407e-04 	 2.328405e+07 	
1.21000150e+06 	 2.216479e-04 	 2.324269e+07 	
1.21010155e+06 	 2.127711e-04 	 2.320270e+07 	
1.21020160e+06 	 2.044525e-04 	 2.316399e+07 	
1.21030165e+06 	 1.966514e-04 	 2.312650e+07 	
1.21040170e+06 	 1.893291e-04 	 2.309017e+07 	
1.21050175e+06 	 1.824469e-04 	 2.305493e+07 	
1.21060180e+06 	 1.759702e-04 	 2.302073e+07 	
1.21070185e+06 	 1.698645e-04 	 2.298750e+07 	
1.21080190e+06 	 1.641049e-04 	 2.295520e+07 	
1.21090195e+06 	 1.586680e-04 	 2.292378e+07 	
1.21100200e+06 	 1.535300e-04 	 2.289320e+07 	
1.21110205e+06 	 1.486690e-04 	 2.286343e+07 	
1.21120210e+06 	 1.440638e-04 	 2.283441e+07 	
1.21130215e+06 	 1.396979e-04 	 2.280611e+07 	
1.21140220e+06 	 1.355563e-04 	 2.277850e+07 	
1.21150225e+06 	 1.316242e-04 	 2.275156e+07 	
1.21160230e+06 	 1.278879e-04 	 2.272524e+07 	
1.21170235e+06 	 1.243333e-04 	 2.269952e+07 	
1.21180240e+06 	 1.209477e-04 	 2.267437e+07 	
1.21190245e+06 	 1.177222e-04 	 2.264978e+07 	
1.21200250e+06 	 1.146476e-04 	 2.262570e+07 	
1.21210255e+06 	 1.117150e-04 	 2.260214e+07 	
1.21220260e+06 	 1.089154e-04 	 2.257906e+07 	
1.21230265e+06 	 1.062408e-04 	 2.255643e+07 	
1.21240270e+06 	 1.036828e-04 	 2.253426e+07 	
1.21250275e+06 	 1.012345e-04 	 2.251250e+07 	
1.21260280e+06 	 9.889653e-05 	 2.249111e+07 	
1.21270285e+06 	 9.665207e-05 	 2.247016e+07 	
1.21280290e+06 	 9.450070e-05 	 2.244958e+07 	
1.21290295e+06 	 9.243735e-05 	 2.242937e+07 	
1.21300300e+06 	 9.045727e-05 	 2.240951e+07 	
1.21310305e+06 	 8.855603e-05 	 2.238999e+07 	
1.21320310e+06 	 8.672947e-05 	 2.237079e+07 	
1.21330315e+06 	 8.497374e-05 	 2.235190e+07 	
1.21340320e+06 	 8.328519e-05 	 2.233332e+07 	
1.21350325e+06 	 8.166042e-05 	 2.231503e+07 	
1.21360330e+06 	 8.009624e-05 	 2.229701e+07 	
1.21370335e+06 	 7.858965e-05 	 2.227927e+07 	
1.21380340e+06 	 7.713785e-05 	 2.226179e+07 	
1.21390345e+06 	 7.573818e-05 	 2.224456e+07 	
1.21400350e+06 	 7.438816e-05 	 2.222758e+07 	
1.21410355e+06 	 7.308544e-05 	 2.221083e+07 	
1.21420360e+06 	 7.182782e-05 	 2.219431e+07 	
1.21430365e+06 	 7.061322e-05 	 2.217802e+07 	
1.21440370e+06 	 6.943967e-05 	 2.216193e+07 	
1.21450375e+06 	 6.830532e-05 	 2.214605e+07 	
1.21460380e+06 	 6.720842e-05 	 2.213038e+07 	
1.21470385e+06 	 6.615051e-05 	 2.211485e+07 	
1.21480390e+06 	 6.512369e-05 	 2.209956e+07 	
1.21490395e+06 	 6.412963e-05 	 2.208445e+07 	
1.21500400e+06 	 6.316693e-05 	 2.206951e+07 	
1.21510405e+06 	 6.223424e-05 	 2.205475e+07 	
1.21520410e+06 	 6.133033e-05 	 2.204015e+07 	
1.21530415e+06 	 6.045398e-05 	 2.202571e+07 	
1.21540420e+06 	 5.960408e-05 	 2.201143e+07 	
1.21550425e+06 	 5.877954e-05 	 2.199731e+07 	
1.21560430e+06 	 5.797935e-05 	 2.198333e+07 	
1.21570435e+06 	 5.720253e-05 	 2.196949e+07 	
1.21580440e+06 	 5.644817e-05 	 2.195580e+07 	
1.21590445e+06 	 5.571537e-05 	 2.194224e+07 	
1.21600450e+06 	 5.500331e-05 	 2.192881e+07 	
1.21610455e+06 	 5.431119e-05 	 2.191551e+07 	
1.21620460e+06 	 5.363825e-05 	 2.190234e+07 	
1.21630465e+06 	 5.298377e-05 	 2.188928e+07 	
1.21640470e+06 	 5.234707e-05 	 2.187635e+07 	
1.21650475e+06 	 5.172747e-05 	 2.186353e+07 	
1.21660480e+06 	 5.112436e-05 	 2.185082e+07 	
1.21670485e+06 	 5.053713e-05 	 2.183822e+07 	
1.21680490e+06 	 4.996522e-05 	 2.182573e+07 	
1.21690495e+06 	 4.940807e-05 	 2.181334e+07 	
1.21700500e+06 	 4.886516e-05 	 2.180106e+07 	
1.21710505e+06 	 4.833847e-05 	 2.178883e+07 	
1.21720510e+06 	 4.782261e-05 	 2.177674e+07 	
1.21730515e+06 	 4.731955e-05 	 2.176474e+07 	
1.21740520e+06 	 4.682886e-05 	 2.175283e+07 	
1.21750525e+06 	 4.635012e-05 	 2.174101e+07 	
1.21760530e+06 	 4.588293e-05 	 2.172928e+07 	
1.21770535e+06 	 4.542689e-05 	 2.171763e+07 	
1.21780540e+06 	 4.498164e-05 	 2.170606e+07 	
1.21790545e+06 	 4.454683e-05 	 2.169458e+07 	
1.21800550e+06 	 4.412211e-05 	 2.168317e+07 	
1.21810555e+06 	 4.370715e-05 	 2.167184e+07 	
1.21820560e+06 	 4.330165e-05 	 2.166058e+07 	
1.21830565e+06 	 4.290529e-05 	 2.164940e+07 	
1.21840570e+06 	 4.251780e-05 	 2.163829e+07 	
1.21850575e+06 	 4.213889e-05 	 2.162725e+07 	
1.21860580e+06 	 4.176829e-05 	 2.161628e+07 	
1.21870585e+06 	 4.140575e-05 	 2.160538e+07 	
1.21880590e+06 	 4.105102e-05 	 2.159454e+07 	
1.21890595e+06 	 4.070386e-05 	 2.158376e+07 	
1.21900600e+06 	 4.036404e-05 	 2.157305e+07 	
1.21910605e+06 	 4.003134e-05 	 2.156240e+07 	
1.21920610e+06 	 3.970554e-05 	 2.155181e+07 	
1.21930615e+06 	 3.938645e-05 	 2.154127e+07 	
1.21940620e+06 	 3.907386e-05 	 2.153079e+07 	
1.21950625e+06 	 3.876758e-05 	 2.152037e+07 	
1.21960630e+06 	 3.846743e-05 	 2.151001e+07 	
1.21970635e+06 	 3.817324e-05 	 2.149970e+07 	
1.21980640e+06 	 3.788482e-05 	 2.148944e+07 	
1.21990645e+06 	 3.760012e-05 	 2.147926e+07 	
1.22000650e+06 	 3.732275e-05 	 2.146910e+07 	
1.22010655e+06 	 3.705068e-05 	 2.145899e+07 	
1.22020660e+06 	 3.678377e-05 	 2.144893e+07 	
1.22030665e+06 	 3.652186e-05 	 2.143892e+07 	
1.22040670e+06 	 3.626483e-05 	 2.142895e+07 	
1.22050675e+06 	 3.601253e-05 	 2.141903e+07 	
1.22060680e+06 	 3.576484e-05 	 2.140915e+07 	
1.22070685e+06 	 3.552164e-05 	 2.139932e+07 	
1.22080690e+06 	 3.528279e-05 	 2.138953e+07 	
1.22090695e+06 	 3.504819e-05 	 2.137978e+07 	
1.22100700e+06 	 3.481773e-05 	 2.137007e+07 	
1.22110705e+06 	 3.459128e-05 	 2.136040e+07 	
1.22120710e+06 	 3.436875e-05 	 2.135077e+07 	
1.22130715e+06 	 3.415003e-05 	 2.134118e+07 	
1.22140720e+06 	 3.393503e-05 	 2.133163e+07 	
1.22150725e+06 	 3.372364e-05 	 2.132212e+07 	
1.22160730e+06 	 3.351577e-05 	 2.131264e+07 	
1.22170735e+06 	 3.331134e-05 	 2.130319e+07 	
1.22180740e+06 	 3.311025e-05 	 2.129379e+07 	
1.22190745e+06 	 3.291242e-05 	 2.128441e+07 	
1.22200750e+06 	 3.271777e-05 	 2.127507e+07 	
1.22210755e+06 	 3.252621e-05 	 2.126577e+07 	
1.22220760e+06 	 3.233768e-05 	 2.125649e+07 	
1.22230765e+06 	 3.215209e-05 	 2.124725e+07 	
1.22240770e+06 	 3.196937e-05 	 2.123804e+07 	
1.22250775e+06 	 3.178945e-05 	 2.122886e+07 	
1.22260780e+06 	 3.161227e-05 	 2.121971e+07 	
1.22270785e+06 	 3.143775e-05 	 2.121059e+07 	
1.22280790e+06 	 3.126583e-05 	 2.120150e+07 	
1.22290795e+06 	 3.109644e-05 	 2.119244e+07 	
1.22300800e+06 	 3.092799e-05 	 2.118343e+07 	
1.22310805e+06 	 3.076347e-05 	 2.117442e+07 	
1.22320810e+06 	 3.060132e-05 	 2.116544e+07 	
1.22330815e+06 	 3.044147e-05 	 2.115649e+07 	
1.22340820e+06 	 3.028386e-05 	 2.114756e+07 	
1.22350825e+06 	 3.012845e-05 	 2.113866e+07 	
1.22360830e+06 	 2.997519e-05 	 2.112979e+07 	
1.22370835e+06 	 2.982402e-05 	 2.112094e+07 	
1.22380840e+06 	 2.967489e-05 	 2.111211e+07 	
1.22390845e+06 	 2.952776e-05 	 2.110331e+07 	
1.22400850e+06 	 2.938258e-05 	 2.109453e+07 	
1.22410855e+06 	 2.923931e-05 	 2.108577e+07 	
1.22420860e+06 	 2.909791e-05 	 2.107704e+07 	
1.22430865e+06 	 2.895832e-05 	 2.106833e+07 	
1.22440870e+06 	 2.882051e-05 	 2.105964e+07 	
1.22450875e+06 	 2.868445e-05 	 2.105098e+07 	
1.22460880e+06 	 2.855008e-05 	 2.104233e+07 	
1.22470885e+06 	 2.841737e-05 	 2.103371e+07 	
1.22480890e+06 	 2.828629e-05 	 2.102511e+07 	
1.22490895e+06 	 2.815680e-05 	 2.101652e+07 	
1.22500900e+06 	 2.802886e-05 	 2.100796e+07 	
1.22510905e+06 	 2.790244e-05 	 2.099942e+07 	
1.22520910e+06 	 2.777750e-05 	 2.099089e+07 	
1.22530915e+06 	 2.765402e-05 	 2.098239e+07 	
1.22540920e+06 	 2.753196e-05 	 2.097390e+07 	
1.22550925e+06 	 2.741128e-05 	 2.096543e+07 	
1.22560930e+06 	 2.729197e-05 	 2.095699e+07 	
1.22570935e+06 	 2.717399e-05 	 2.094855e+07 	
1.22580940e+06 	 2.705731e-05 	 2.094014e+07 	
1.22590945e+06 	 2.694191e-05 	 2.093174e+07 	
1.22600950e+06 	 2.682775e-05 	 2.092336e+07 	
1.22610955e+06 	 2.671481e-05 	 2.091500e+07 	
1.22620960e+06 	 2.660306e-05 	 2.090666e+07 	
1.22630965e+06 	 2.649248e-05 	 2.089833e+07 	
1.22640970e+06 	 2.638438e-05 	 2.088999e+07 	
1.22650975e+06 	 2.627608e-05 	 2.088169e+07 	
1.22660980e+06 	 2.616889e-05 	 2.087341e+07 	
1.22670985e+06 	 2.606277e-05 	 2.086514e+07 	
1.22680990e+06 	 2.595769e-05 	 2.085689e+07 	
1.22690995e+06 	 2.585365e-05 	 2.084865e+07 	
1.22701001e+06 	 2.575062e-05 	 2.084043e+07 	
1.22711006e+06 	 2.564857e-05 	 2.083222e+07 	
1.22721011e+06 	 2.554749e-05 	 2.082403e+07 	
1.22731016e+06 	 2.544735e-05 	 2.081585e+07 	
1.22741021e+06 	 2.534814e-05 	 2.080768e+07 	
1.22751026e+06 	 2.524984e-05 	 2.079953e+07 	
1.22761031e+06 	 2.515243e-05 	 2.079139e+07 	
1.22771036e+06 	 2.505589e-05 	 2.078327e+07 	
1.22781041e+06 	 2.496020e-05 	 2.077515e+07 	
1.22791046e+06 	 2.486535e-05 	 2.076705e+07 	
1.22801051e+06 	 2.477132e-05 	 2.075897e+07 	
1.22811056e+06 	 2.467810e-05 	 2.075089e+07 	
1.22821061e+06 	 2.458566e-05 	 2.074283e+07 	
1.22831066e+06 	 2.449399e-05 	 2.073478e+07 	
1.22841071e+06 	 2.440307e-05 	 2.072675e+07 	
1.22851076e+06 	 2.431290e-05 	 2.071872e+07 	
1.22861081e+06 	 2.422345e-05 	 2.071071e+07 	
1.22871086e+06 	 2.413471e-05 	 2.070271e+07 	
1.22881091e+06 	 2.404667e-05 	 2.069472e+07 	
1.22891096e+06 	 2.395932e-05 	 2.068674e+07 	
1.22901101e+06 	 2.387263e-05 	 2.067877e+07 	
1.22911106e+06 	 2.378660e-05 	 2.067082e+07 	
1.22921111e+06 	 2.370121e-05 	 2.066287e+07 	
1.22931116e+06 	 2.361646e-05 	 2.065494e+07 	
1.22941121e+06 	 2.353232e-05 	 2.064701e+07 	
1.22951126e+06 	 2.344879e-05 	 2.063910e+07 	
1.22961131e+06 	 2.336585e-05 	 2.063120e+07 	
1.22971136e+06 	 2.328350e-05 	 2.062330e+07 	
1.22981141e+06 	 2.320172e-05 	 2.061542e+07 	
1.22991146e+06 	 2.312050e-05 	 2.060755e+07 	
1.23001151e+06 	 2.304100e-05 	 2.059966e+07 	
1.23011156e+06 	 2.296088e-05 	 2.059181e+07 	
1.23021161e+06 	 2.288130e-05 	 2.058396e+07 	
1.23031166e+06 	 2.280223e-05 	 2.057613e+07 	
1.23041171e+06 	 2.272368e-05 	 2.056830e+07 	
1.23051176e+06 	 2.264562e-05 	 2.056049e+07 	
1.23061181e+06 	 2.256805e-05 	 2.055268e+07 	
1.23071186e+06 	 2.249097e-05 	 2.054488e+07 	
1.23081191e+06 	 2.241435e-05 	 2.053710e+07 	
1.23091196e+06 	 2.233820e-05 	 2.052932e+07 	
1.23101201e+06 	 2.226250e-05 	 2.052155e+07 	
1.23111206e+06 	 2.218724e-05 	 2.051378e+07 	
1.23121211e+06 	 2.211242e-05 	 2.050603e+07 	
1.23131216e+06 	 2.203803e-05 	 2.049829e+07 	
1.23141221e+06 	 2.196406e-05 	 2.049055e+07 	
1.23151226e+06 	 2.189050e-05 	 2.048282e+07 	
1.23161231e+06 	 2.181734e-05 	 2.047510e+07 	
1.23171236e+06 	 2.174458e-05 	 2.046739e+07 	
1.23181241e+06 	 2.167221e-05 	 2.045969e+07 	
1.23191246e+06 	 2.160023e-05 	 2.045199e+07 	
1.23201251e+06 	 2.152861e-05 	 2.044431e+07 	
1.23211256e+06 	 2.145737e-05 	 2.043663e+07 	
1.23221261e+06 	 2.138648e-05 	 2.042896e+07 	
1.23231266e+06 	 2.131595e-05 	 2.042129e+07 	
1.23241271e+06 	 2.124577e-05 	 2.041363e+07 	
1.23251276e+06 	 2.117593e-05 	 2.040599e+07 	
1.23261281e+06 	 2.110642e-05 	 2.039834e+07 	
1.23271286e+06 	 2.103724e-05 	 2.039071e+07 	
1.23281291e+06 	 2.096839e-05 	 2.038308e+07 	
1.23291296e+06 	 2.089985e-05 	 2.037546e+07 	
1.23301301e+06 	 2.083162e-05 	 2.036785e+07 	
1.23311306e+06 	 2.076369e-05 	 2.036025e+07 	
1.23321311e+06 	 2.069607e-05 	 2.035265e+07 	
1.23331316e+06 	 2.062874e-05 	 2.034506e+07 	
1.23341321e+06 	 2.056169e-05 	 2.033747e+07 	
1.23351326e+06 	 2.049493e-05 	 2.032990e+07 	
1.23361331e+06 	 2.042948e-05 	 2.032230e+07 	
1.23371336e+06 	 2.036329e-05 	 2.031474e+07 	
1.23381341e+06 	 2.029736e-05 	 2.030718e+07 	
1.23391346e+06 	 2.023170e-05 	 2.029963e+07 	
1.23401351e+06 	 2.016629e-05 	 2.029209e+07 	
1.23411356e+06 	 2.010114e-05 	 2.028455e+07 	
1.23421361e+06 	 2.003624e-05 	 2.027702e+07 	
1.23431366e+06 	 1.997158e-05 	 2.026949e+07 	
1.23441371e+06 	 1.990716e-05 	 2.026198e+07 	
1.23451376e+06 	 1.984298e-05 	 2.025447e+07 	
1.23461381e+06 	 1.977903e-05 	 2.024696e+07 	
1.23471386e+06 	 1.971530e-05 	 2.023946e+07 	
1.23481391e+06 	 1.965180e-05 	 2.023197e+07 	
1.23491396e+06 	 1.958851e-05 	 2.022448e+07 	
1.23501401e+06 	 1.952544e-05 	 2.021700e+07 	
1.23511406e+06 	 1.946258e-05 	 2.020953e+07 	
1.23521411e+06 	 1.939993e-05 	 2.020206e+07 	
1.23531416e+06 	 1.933748e-05 	 2.019459e+07 	
1.23541421e+06 	 1.927523e-05 	 2.018714e+07 	
1.23551426e+06 	 1.921318e-05 	 2.017969e+07 	
1.23561431e+06 	 1.915132e-05 	 2.017224e+07 	
1.23571436e+06 	 1.908964e-05 	 2.016480e+07 	
1.23581441e+06 	 1.902816e-05 	 2.015737e+07 	
1.23591446e+06 	 1.896685e-05 	 2.014994e+07 	
1.23601451e+06 	 1.890572e-05 	 2.014252e+07 	
1.23611456e+06 	 1.884477e-05 	 2.013511e+07 	
1.23621461e+06 	 1.878399e-05 	 2.012769e+07 	
1.23631466e+06 	 1.872338e-05 	 2.012029e+07 	
1.23641471e+06 	 1.866294e-05 	 2.011289e+07 	
1.23651476e+06 	 1.860266e-05 	 2.010550e+07 	
1.23661481e+06 	 1.854254e-05 	 2.009811e+07 	
1.23671486e+06 	 1.848257e-05 	 2.009073e+07 	
1.23681491e+06 	 1.842276e-05 	 2.008335e+07 	
1.23691496e+06 	 1.836310e-05 	 2.007598e+07 	
1.23701501e+06 	 1.830360e-05 	 2.006861e+07 	
1.23711506e+06 	 1.824423e-05 	 2.006125e+07 	
1.23721511e+06 	 1.818501e-05 	 2.005390e+07 	
1.23731516e+06 	 1.812685e-05 	 2.004652e+07 	
1.23741521e+06 	 1.806792e-05 	 2.003918e+07 	
1.23751526e+06 	 1.800913e-05 	 2.003184e+07 	
1.23761531e+06 	 1.795048e-05 	 2.002450e+07 	
1.23771536e+06 	 1.789195e-05 	 2.001718e+07 	
1.23781541e+06 	 1.783355e-05 	 2.000985e+07 	
1.23791546e+06 	 1.777528e-05 	 2.000253e+07 	
1.23801551e+06 	 1.771713e-05 	 1.999522e+07 	
1.23811556e+06 	 1.765911e-05 	 1.998791e+07 	
1.23821561e+06 	 1.760120e-05 	 1.998061e+07 	
1.23831566e+06 	 1.754342e-05 	 1.997331e+07 	
1.23841571e+06 	 1.748574e-05 	 1.996602e+07 	
1.23851576e+06 	 1.742818e-05 	 1.995873e+07 	
1.23861581e+06 	 1.737073e-05 	 1.995145e+07 	
1.23871586e+06 	 1.731340e-05 	 1.994417e+07 	
1.23881591e+06 	 1.725616e-05 	 1.993690e+07 	
1.23891596e+06 	 1.719904e-05 	 1.992963e+07 	
1.23901601e+06 	 1.714201e-05 	 1.992236e+07 	
1.23911606e+06 	 1.708509e-05 	 1.991511e+07 	
1.23921611e+06 	 1.702827e-05 	 1.990785e+07 	
1.23931616e+06 	 1.697154e-05 	 1.990061e+07 	
1.23941621e+06 	 1.691491e-05 	 1.989336e+07 	
1.23951626e+06 	 1.685838e-05 	 1.988613e+07 	
1.23961631e+06 	 1.680193e-05 	 1.987889e+07 	
1.23971636e+06 	 1.674558e-05 	 1.987167e+07 	
1.23981641e+06 	 1.668932e-05 	 1.986444e+07 	
1.23991646e+06 	 1.663314e-05 	 1.985722e+07 	
1.24001651e+06 	 1.657705e-05 	 1.985001e+07 	
1.24011656e+06 	 1.652104e-05 	 1.984280e+07 	
1.24021661e+06 	 1.646512e-05 	 1.983560e+07 	
1.24031666e+06 	 1.640928e-05 	 1.982840e+07 	
1.24041671e+06 	 1.635352e-05 	 1.982121e+07 	
1.24051676e+06 	 1.629783e-05 	 1.981402e+07 	
1.24061681e+06 	 1.624222e-05 	 1.980683e+07 	
1.24071686e+06 	 1.618669e-05 	 1.979965e+07 	
1.24081691e+06 	 1.613123e-05 	 1.979248e+07 	
1.24091696e+06 	 1.607585e-05 	 1.978531e+07 	
1.24101701e+06 	 1.601972e-05 	 1.977817e+07 	
1.24111706e+06 	 1.596447e-05 	 1.977101e+07 	
1.24121711e+06 	 1.590928e-05 	 1.976385e+07 	
1.24131716e+06 	 1.585416e-05 	 1.975670e+07 	
1.24141721e+06 	 1.579910e-05 	 1.974956e+07 	
1.24151726e+06 	 1.574411e-05 	 1.974242e+07 	
1.24161731e+06 	 1.568918e-05 	 1.973528e+07 	
1.24171736e+06 	 1.563431e-05 	 1.972815e+07 	
1.24181741e+06 	 1.557951e-05 	 1.972103e+07 	
1.24191746e+06 	 1.552476e-05 	 1.971391e+07 	
1.24201751e+06 	 1.547007e-05 	 1.970679e+07 	
1.24211756e+06 	 1.541544e-05 	 1.969968e+07 	
1.24221761e+06 	 1.536087e-05 	 1.969257e+07 	
1.24231766e+06 	 1.530635e-05 	 1.968547e+07 	
1.24241771e+06 	 1.525189e-05 	 1.967838e+07 	
1.24251776e+06 	 1.519748e-05 	 1.967128e+07 	
1.24261781e+06 	 1.514312e-05 	 1.966420e+07 	
1.24271786e+06 	 1.508882e-05 	 1.965711e+07 	
1.24281791e+06 	 1.503456e-05 	 1.965004e+07 	
1.24291796e+06 	 1.498035e-05 	 1.964296e+07 	
1.24301801e+06 	 1.492619e-05 	 1.963590e+07 	
1.24311806e+06 	 1.487208e-05 	 1.962883e+07 	
1.24321811e+06 	 1.481802e-05 	 1.962178e+07 	
1.24331816e+06 	 1.476400e-05 	 1.961472e+07 	
1.24341821e+06 	 1.471003e-05 	 1.960767e+07 	
1.24351826e+06 	 1.465610e-05 	 1.960063e+07 	
1.24361831e+06 	 1.460221e-05 	 1.959359e+07 	
1.24371836e+06 	 1.454836e-05 	 1.958656e+07 	
1.24381841e+06 	 1.449456e-05 	 1.957953e+07 	
1.24391846e+06 	 1.444080e-05 	 1.957251e+07 	
1.24401851e+06 	 1.438707e-05 	 1.956549e+07 	
1.24411856e+06 	 1.433339e-05 	 1.955847e+07 	
1.24421861e+06 	 1.427974e-05 	 1.955146e+07 	
1.24431866e+06 	 1.422613e-05 	 1.954446e+07 	
1.24441871e+06 	 1.417256e-05 	 1.953746e+07 	
1.24451876e+06 	 1.411903e-05 	 1.953047e+07 	
1.24461881e+06 	 1.406553e-05 	 1.952348e+07 	
1.24471886e+06 	 1.401276e-05 	 1.951647e+07 	
1.24481891e+06 	 1.395934e-05 	 1.950949e+07 	
1.24491896e+06 	 1.390595e-05 	 1.950252e+07 	
1.24501901e+06 	 1.385260e-05 	 1.949555e+07 	
1.24511906e+06 	 1.379928e-05 	 1.948858e+07 	
1.24521911e+06 	 1.374598e-05 	 1.948162e+07 	
1.24531916e+06 	 1.369272e-05 	 1.947467e+07 	
1.24541921e+06 	 1.363949e-05 	 1.946772e+07 	
1.24551926e+06 	 1.358629e-05 	 1.946078e+07 	
1.24561931e+06 	 1.353312e-05 	 1.945384e+07 	
1.24571936e+06 	 1.347998e-05 	 1.944690e+07 	
1.24581941e+06 	 1.342687e-05 	 1.943997e+07 	
1.24591946e+06 	 1.337378e-05 	 1.943305e+07 	
1.24601951e+06 	 1.332072e-05 	 1.942613e+07 	
1.24611956e+06 	 1.326769e-05 	 1.941922e+07 	
1.24621961e+06 	 1.321468e-05 	 1.941231e+07 	
1.24631966e+06 	 1.316170e-05 	 1.940540e+07 	
1.24641971e+06 	 1.310875e-05 	 1.939851e+07 	
1.24651976e+06 	 1.305582e-05 	 1.939161e+07 	
1.24661981e+06 	 1.300291e-05 	 1.938473e+07 	
1.24671986e+06 	 1.295003e-05 	 1.937784e+07 	
1.24681991e+06 	 1.289717e-05 	 1.937097e+07 	
1.24691996e+06 	 1.284433e-05 	 1.936410e+07 	
1.24702001e+06 	 1.279152e-05 	 1.935723e+07 	
1.24712006e+06 	 1.273872e-05 	 1.935037e+07 	
1.24722011e+06 	 1.268595e-05 	 1.934351e+07 	
1.24732016e+06 	 1.263321e-05 	 1.933666e+07 	
1.24742021e+06 	 1.258048e-05 	 1.932982e+07 	
1.24752026e+06 	 1.252777e-05 	 1.932298e+07 	
1.24762031e+06 	 1.247509e-05 	 1.931614e+07 	
1.24772036e+06 	 1.242242e-05 	 1.930932e+07 	
1.24782041e+06 	 1.236977e-05 	 1.930249e+07 	
1.24792046e+06 	 1.231715e-05 	 1.929568e+07 	
1.24802051e+06 	 1.226454e-05 	 1.928886e+07 	
1.24812056e+06 	 1.221195e-05 	 1.928206e+07 	
1.24822061e+06 	 1.215938e-05 	 1.927526e+07 	
1.24832066e+06 	 1.210683e-05 	 1.926846e+07 	
1.24842071e+06 	 1.205430e-05 	 1.926167e+07 	
1.24852076e+06 	 1.200239e-05 	 1.925487e+07 	
1.24862081e+06 	 1.194990e-05 	 1.924809e+07 	
1.24872086e+06 	 1.189743e-05 	 1.924132e+07 	
1.24882091e+06 	 1.184498e-05 	 1.923455e+07 	
1.24892096e+06 	 1.179254e-05 	 1.922779e+07 	
1.24902101e+06 	 1.174012e-05 	 1.922103e+07 	
1.24912106e+06 	 1.168772e-05 	 1.921429e+07 	
1.24922111e+06 	 1.163534e-05 	 1.920754e+07 	
1.24932116e+06 	 1.158297e-05 	 1.920080e+07 	
1.24942121e+06 	 1.153061e-05 	 1.919407e+07 	
1.24952126e+06 	 1.147828e-05 	 1.918735e+07 	
1.24962131e+06 	 1.142596e-05 	 1.918063e+07 	
1.24972136e+06 	 1.137365e-05 	 1.917391e+07 	
1.24982141e+06 	 1.132136e-05 	 1.916721e+07 	
1.24992146e+06 	 1.126909e-05 	 1.916051e+07 	
1.25002151e+06 	 1.121684e-05 	 1.915381e+07 	
1.25012156e+06 	 1.116460e-05 	 1.914712e+07 	
1.25022161e+06 	 1.111237e-05 	 1.914044e+07 	
1.25032166e+06 	 1.106016e-05 	 1.913376e+07 	
1.25042171e+06 	 1.100797e-05 	 1.912709e+07 	
1.25052176e+06 	 1.095579e-05 	 1.912043e+07 	
1.25062181e+06 	 1.090363e-05 	 1.911377e+07 	
1.25072186e+06 	 1.085148e-05 	 1.910712e+07 	
1.25082191e+06 	 1.079935e-05 	 1.910047e+07 	
1.25092196e+06 	 1.074724e-05 	 1.909383e+07 	
1.25102201e+06 	 1.069514e-05 	 1.908720e+07 	
1.25112206e+06 	 1.064306e-05 	 1.908058e+07 	
1.25122211e+06 	 1.059099e-05 	 1.907396e+07 	
1.25132216e+06 	 1.053894e-05 	 1.906734e+07 	
1.25142221e+06 	 1.048691e-05 	 1.906074e+07 	
1.25152226e+06 	 1.043489e-05 	 1.905414e+07 	
1.25162231e+06 	 1.038289e-05 	 1.904755e+07 	
1.25172236e+06 	 1.033090e-05 	 1.904096e+07 	
1.25182241e+06 	 1.027893e-05 	 1.903438e+07 	
1.25192246e+06 	 1.022698e-05 	 1.902781e+07 	
1.25202251e+06 	 1.017505e-05 	 1.902124e+07 	
1.25212256e+06 	 1.012313e-05 	 1.901469e+07 	
1.25222261e+06 	 1.007072e-05 	 1.900816e+07 	
1.25232266e+06 	 1.001883e-05 	 1.900161e+07 	
1.25242271e+06 	 9.966955e-06 	 1.899508e+07 	
1.25252276e+06 	 9.915101e-06 	 1.898855e+07 	
1.25262281e+06 	 9.863265e-06 	 1.898202e+07 	
1.25272286e+06 	 9.811447e-06 	 1.897551e+07 	
1.25282291e+06 	 9.759648e-06 	 1.896900e+07 	
1.25292296e+06 	 9.707868e-06 	 1.896250e+07 	
1.25302301e+06 	 9.656107e-06 	 1.895601e+07 	
1.25312306e+06 	 9.604365e-06 	 1.894952e+07 	
1.25322311e+06 	 9.552643e-06 	 1.894304e+07 	
1.25332316e+06 	 9.500942e-06 	 1.893657e+07 	
1.25342321e+06 	 9.449261e-06 	 1.893011e+07 	
1.25352326e+06 	 9.397601e-06 	 1.892365e+07 	
1.25362331e+06 	 9.345962e-06 	 1.891720e+07 	
1.25372336e+06 	 9.294345e-06 	 1.891076e+07 	
1.25382341e+06 	 9.242750e-06 	 1.890433e+07 	
1.25392346e+06 	 9.191178e-06 	 1.889790e+07 	
1.25402351e+06 	 9.139628e-06 	 1.889148e+07 	
1.25412356e+06 	 9.088102e-06 	 1.888507e+07 	
1.25422361e+06 	 9.036599e-06 	 1.887867e+07 	
1.25432366e+06 	 8.985121e-06 	 1.887228e+07 	
1.25442371e+06 	 8.933668e-06 	 1.886589e+07 	
1.25452376e+06 	 8.882239e-06 	 1.885951e+07 	
1.25462381e+06 	 8.830837e-06 	 1.885314e+07 	
1.25472386e+06 	 8.779461e-06 	 1.884678e+07 	
1.25482391e+06 	 8.728112e-06 	 1.884043e+07 	
1.25492396e+06 	 8.676790e-06 	 1.883408e+07 	
1.25502401e+06 	 8.625496e-06 	 1.882775e+07 	
1.25512406e+06 	 8.574231e-06 	 1.882142e+07 	
1.25522411e+06 	 8.522995e-06 	 1.881510e+07 	
1.25532416e+06 	 8.471789e-06 	 1.880879e+07 	
1.25542421e+06 	 8.420613e-06 	 1.880249e+07 	
1.25552426e+06 	 8.369469e-06 	 1.879619e+07 	
1.25562431e+06 	 8.318356e-06 	 1.878991e+07 	
1.25572436e+06 	 8.267276e-06 	 1.878363e+07 	
1.25582441e+06 	 8.216229e-06 	 1.877737e+07 	
1.25592446e+06 	 8.165632e-06 	 1.877108e+07 	
1.25602451e+06 	 8.114659e-06 	 1.876483e+07 	
1.25612456e+06 	 8.063721e-06 	 1.875859e+07 	
1.25622461e+06 	 8.012820e-06 	 1.875236e+07 	
1.25632466e+06 	 7.961956e-06 	 1.874614e+07 	
1.25642471e+06 	 7.911129e-06 	 1.873993e+07 	
1.25652476e+06 	 7.860342e-06 	 1.873372e+07 	
1.25662481e+06 	 7.809593e-06 	 1.872753e+07 	
1.25672486e+06 	 7.758885e-06 	 1.872134e+07 	
1.25682491e+06 	 7.708219e-06 	 1.871517e+07 	
1.25692496e+06 	 7.657594e-06 	 1.870900e+07 	
1.25702501e+06 	 7.607013e-06 	 1.870284e+07 	
1.25712506e+06 	 7.556475e-06 	 1.869670e+07 	
1.25722511e+06 	 7.505983e-06 	 1.869056e+07 	
1.25732516e+06 	 7.455536e-06 	 1.868443e+07 	
1.25742521e+06 	 7.405136e-06 	 1.867831e+07 	
1.25752526e+06 	 7.354785e-06 	 1.867221e+07 	
1.25762531e+06 	 7.304482e-06 	 1.866611e+07 	
1.25772536e+06 	 7.254228e-06 	 1.866002e+07 	
1.25782541e+06 	 7.204026e-06 	 1.865394e+07 	
1.25792546e+06 	 7.153876e-06 	 1.864788e+07 	
1.25802551e+06 	 7.103779e-06 	 1.864182e+07 	
1.25812556e+06 	 7.053737e-06 	 1.863577e+07 	
1.25822561e+06 	 7.003749e-06 	 1.862974e+07 	
1.25832566e+06 	 6.953819e-06 	 1.862371e+07 	
1.25842571e+06 	 6.903946e-06 	 1.861770e+07 	
1.25852576e+06 	 6.854131e-06 	 1.861170e+07 	
1.25862581e+06 	 6.804377e-06 	 1.860570e+07 	
1.25872586e+06 	 6.754684e-06 	 1.859972e+07 	
1.25882591e+06 	 6.705054e-06 	 1.859375e+07 	
1.25892596e+06 	 6.655488e-06 	 1.858779e+07 	
1.25902601e+06 	 6.605986e-06 	 1.858184e+07 	
1.25912606e+06 	 6.556551e-06 	 1.857590e+07 	
1.25922611e+06 	 6.507184e-06 	 1.856998e+07 	
1.25932616e+06 	 6.457886e-06 	 1.856406e+07 	
1.25942621e+06 	 6.408658e-06 	 1.855816e+07 	
1.25952626e+06 	 6.359182e-06 	 1.855229e+07 	
1.25962631e+06 	 6.310095e-06 	 1.854641e+07 	
1.25972636e+06 	 6.261083e-06 	 1.854054e+07 	
1.25982641e+06 	 6.212147e-06 	 1.853468e+07 	
1.25992646e+06 	 6.163289e-06 	 1.852884e+07 	
1.26002651e+06 	 6.114509e-06 	 1.852300e+07 	
1.26012656e+06 	 6.065809e-06 	 1.851718e+07 	
1.26022661e+06 	 6.017192e-06 	 1.851137e+07 	
1.26032666e+06 	 5.968658e-06 	 1.850558e+07 	
1.26042671e+06 	 5.920209e-06 	 1.849979e+07 	
1.26052676e+06 	 5.871846e-06 	 1.849402e+07 	
1.26062681e+06 	 5.823571e-06 	 1.848826e+07 	
1.26072686e+06 	 5.775386e-06 	 1.848251e+07 	
1.26082691e+06 	 5.727293e-06 	 1.847678e+07 	
1.26092696e+06 	 5.679292e-06 	 1.847106e+07 	
1.26102701e+06 	 5.631386e-06 	 1.846535e+07 	
1.26112706e+06 	 5.583576e-06 	 1.845965e+07 	
1.26122711e+06 	 5.535865e-06 	 1.845397e+07 	
1.26132716e+06 	 5.488252e-06 	 1.844830e+07 	
1.26142721e+06 	 5.440742e-06 	 1.844264e+07 	
1.26152726e+06 	 5.393334e-06 	 1.843700e+07 	
1.26162731e+06 	 5.346031e-06 	 1.843137e+07 	
1.26172736e+06 	 5.298835e-06 	 1.842575e+07 	
1.26182741e+06 	 5.251748e-06 	 1.842015e+07 	
1.26192746e+06 	 5.204771e-06 	 1.841456e+07 	
1.26202751e+06 	 5.157906e-06 	 1.840899e+07 	
1.26212756e+06 	 5.111154e-06 	 1.840342e+07 	
1.26222761e+06 	 5.064519e-06 	 1.839788e+07 	
1.26232766e+06 	 5.018001e-06 	 1.839234e+07 	
1.26242771e+06 	 4.971603e-06 	 1.838682e+07 	
1.26252776e+06 	 4.925327e-06 	 1.838132e+07 	
1.26262781e+06 	 4.879174e-06 	 1.837582e+07 	
1.26272786e+06 	 4.833146e-06 	 1.837035e+07 	
1.26282791e+06 	 4.787245e-06 	 1.836489e+07 	
1.26292796e+06 	 4.741474e-06 	 1.835944e+07 	
1.26302801e+06 	 4.695834e-06 	 1.835400e+07 	
1.26312806e+06 	 4.650327e-06 	 1.834859e+07 	
1.26322811e+06 	 4.605190e-06 	 1.834316e+07 	
1.26332816e+06 	 4.559958e-06 	 1.833777e+07 	
1.26342821e+06 	 4.514865e-06 	 1.833240e+07 	
1.26352826e+06 	 4.469913e-06 	 1.832704e+07 	
1.26362831e+06 	 4.425105e-06 	 1.832169e+07 	
1.26372836e+06 	 4.380443e-06 	 1.831637e+07 	
1.26382841e+06 	 4.335928e-06 	 1.831105e+07 	
1.26392846e+06 	 4.291562e-06 	 1.830576e+07 	
1.26402851e+06 	 4.247348e-06 	 1.830047e+07 	
1.26412856e+06 	 4.203288e-06 	 1.829521e+07 	
1.26422861e+06 	 4.159384e-06 	 1.828996e+07 	
1.26432866e+06 	 4.115638e-06 	 1.828472e+07 	
1.26442871e+06 	 4.072052e-06 	 1.827951e+07 	
1.26452876e+06 	 4.028629e-06 	 1.827430e+07 	
1.26462881e+06 	 3.985370e-06 	 1.826912e+07 	
1.26472886e+06 	 3.942277e-06 	 1.826395e+07 	
1.26482891e+06 	 3.899353e-06 	 1.825880e+07 	
1.26492896e+06 	 3.856601e-06 	 1.825366e+07 	
1.26502901e+06 	 3.814021e-06 	 1.824854e+07 	
1.26512906e+06 	 3.771616e-06 	 1.824344e+07 	
1.26522911e+06 	 3.729389e-06 	 1.823835e+07 	
1.26532916e+06 	 3.687341e-06 	 1.823328e+07 	
1.26542921e+06 	 3.645475e-06 	 1.822823e+07 	
1.26552926e+06 	 3.603793e-06 	 1.822319e+07 	
1.26562931e+06 	 3.562297e-06 	 1.821818e+07 	
1.26572936e+06 	 3.520989e-06 	 1.821318e+07 	
1.26582941e+06 	 3.479872e-06 	 1.820819e+07 	
1.26592946e+06 	 3.438947e-06 	 1.820323e+07 	
1.26602951e+06 	 3.398217e-06 	 1.819828e+07 	
1.26612956e+06 	 3.357684e-06 	 1.819335e+07 	
1.26622961e+06 	 3.317350e-06 	 1.818844e+07 	
1.26632966e+06 	 3.277217e-06 	 1.818354e+07 	
1.26642971e+06 	 3.237288e-06 	 1.817867e+07 	
1.26652976e+06 	 3.197564e-06 	 1.817381e+07 	
1.26662981e+06 	 3.158048e-06 	 1.816897e+07 	
1.26672986e+06 	 3.118741e-06 	 1.816414e+07 	
1.26682991e+06 	 3.079803e-06 	 1.815932e+07 	
1.26692996e+06 	 3.040923e-06 	 1.815453e+07 	
1.26703002e+06 	 3.002259e-06 	 1.814977e+07 	
1.26713007e+06 	 2.963814e-06 	 1.814502e+07 	
1.26723012e+06 	 2.925589e-06 	 1.814029e+07 	
1.26733017e+06 	 2.887586e-06 	 1.813558e+07 	
1.26743022e+06 	 2.849807e-06 	 1.813089e+07 	
1.26753027e+06 	 2.812255e-06 	 1.812621e+07 	
1.26763032e+06 	 2.774931e-06 	 1.812156e+07 	
1.26773037e+06 	 2.737837e-06 	 1.811692e+07 	
1.26783042e+06 	 2.700976e-06 	 1.811231e+07 	
1.26793047e+06 	 2.664349e-06 	 1.810771e+07 	
1.26803052e+06 	 2.627958e-06 	 1.810314e+07 	
1.26813057e+06 	 2.591805e-06 	 1.809858e+07 	
1.26823062e+06 	 2.555893e-06 	 1.809404e+07 	
1.26833067e+06 	 2.520222e-06 	 1.808953e+07 	
1.26843072e+06 	 2.484795e-06 	 1.808503e+07 	
1.26853077e+06 	 2.449613e-06 	 1.808055e+07 	
1.26863082e+06 	 2.414679e-06 	 1.807609e+07 	
1.26873087e+06 	 2.379994e-06 	 1.807165e+07 	
1.26883092e+06 	 2.345560e-06 	 1.806724e+07 	
1.26893097e+06 	 2.311378e-06 	 1.806284e+07 	
1.26903102e+06 	 2.277450e-06 	 1.805846e+07 	
1.26913107e+06 	 2.243779e-06 	 1.805410e+07 	
1.26923112e+06 	 2.210365e-06 	 1.804977e+07 	
1.26933117e+06 	 2.177210e-06 	 1.804545e+07 	
1.26943122e+06 	 2.144316e-06 	 1.804116e+07 	
1.26953127e+06 	 2.111683e-06 	 1.803688e+07 	
1.26963132e+06 	 2.079315e-06 	 1.803263e+07 	
1.26973137e+06 	 2.047212e-06 	 1.802840e+07 	
1.26983142e+06 	 2.015375e-06 	 1.802418e+07 	
1.26993147e+06 	 1.983806e-06 	 1.801999e+07 	
1.27003152e+06 	 1.952506e-06 	 1.801582e+07 	
1.27013157e+06 	 1.921477e-06 	 1.801167e+07 	
1.27023162e+06 	 1.890720e-06 	 1.800755e+07 	
1.27033167e+06 	 1.860142e-06 	 1.800346e+07 	
1.27043172e+06 	 1.829932e-06 	 1.799938e+07 	
1.27053177e+06 	 1.799997e-06 	 1.799531e+07 	
1.27063182e+06 	 1.770338e-06 	 1.799127e+07 	
1.27073187e+06 	 1.740956e-06 	 1.798725e+07 	
1.27083192e+06 	 1.711854e-06 	 1.798325e+07 	
1.27093197e+06 	 1.683030e-06 	 1.797927e+07 	
1.27103202e+06 	 1.654487e-06 	 1.797532e+07 	
1.27113207e+06 	 1.626225e-06 	 1.797138e+07 	
1.27123212e+06 	 1.598245e-06 	 1.796747e+07 	
1.27133217e+06 	 1.570547e-06 	 1.796358e+07 	
1.27143222e+06 	 1.543133e-06 	 1.795971e+07 	
1.27153227e+06 	 1.516003e-06 	 1.795586e+07 	
1.27163232e+06 	 1.489158e-06 	 1.795204e+07 	
1.27173237e+06 	 1.462597e-06 	 1.794824e+07 	
1.27183242e+06 	 1.436323e-06 	 1.794445e+07 	
1.27193247e+06 	 1.410335e-06 	 1.794069e+07 	
1.27203252e+06 	 1.384633e-06 	 1.793696e+07 	
1.27213257e+06 	 1.359218e-06 	 1.793324e+07 	
1.27223262e+06 	 1.334090e-06 	 1.792955e+07 	
1.27233267e+06 	 1.309250e-06 	 1.792588e+07 	
1.27243272e+06 	 1.284697e-06 	 1.792223e+07 	
1.27253277e+06 	 1.260432e-06 	 1.791860e+07 	
1.27263282e+06 	 1.236454e-06 	 1.791500e+07 	
1.27273287e+06 	 1.212765e-06 	 1.791142e+07 	
1.27283292e+06 	 1.189362e-06 	 1.790786e+07 	
1.27293297e+06 	 1.166248e-06 	 1.790432e+07 	
1.27303302e+06 	 1.143421e-06 	 1.790081e+07 	
1.27313307e+06 	 1.120881e-06 	 1.789731e+07 	
1.27323312e+06 	 1.098628e-06 	 1.789384e+07 	
1.27333317e+06 	 1.076662e-06 	 1.789040e+07 	
1.27343322e+06 	 1.054982e-06 	 1.788697e+07 	
1.27353327e+06 	 1.033587e-06 	 1.788357e+07 	
1.27363332e+06 	 1.012478e-06 	 1.788019e+07 	
1.27373337e+06 	 9.917031e-07 	 1.787681e+07 	
1.27383342e+06 	 9.711625e-07 	 1.787347e+07 	
1.27393347e+06 	 9.509053e-07 	 1.787016e+07 	
1.27403352e+06 	 9.309306e-07 	 1.786686e+07 	
1.27413357e+06 	 9.112377e-07 	 1.786360e+07 	
1.27423362e+06 	 8.918257e-07 	 1.786035e+07 	
1.27433367e+06 	 8.726938e-07 	 1.785712e+07 	
1.27443372e+06 	 8.538409e-07 	 1.785392e+07 	
1.27453377e+06 	 8.352661e-07 	 1.785074e+07 	
1.27463382e+06 	 8.169681e-07 	 1.784758e+07 	
1.27473387e+06 	 7.989461e-07 	 1.784445e+07 	
1.27483392e+06 	 7.811986e-07 	 1.784134e+07 	
1.27493397e+06 	 7.637245e-07 	 1.783825e+07 	
1.27503402e+06 	 7.465225e-07 	 1.783518e+07 	
1.27513407e+06 	 7.295912e-07 	 1.783213e+07 	
1.27523412e+06 	 7.129293e-07 	 1.782911e+07 	
1.27533417e+06 	 6.965352e-07 	 1.782611e+07 	
1.27543422e+06 	 6.804075e-07 	 1.782313e+07 	
1.27553427e+06 	 6.645446e-07 	 1.782017e+07 	
1.27563432e+06 	 6.489449e-07 	 1.781723e+07 	
1.27573437e+06 	 6.336068e-07 	 1.781432e+07 	
1.27583442e+06 	 6.185285e-07 	 1.781143e+07 	
1.27593447e+06 	 6.037083e-07 	 1.780856e+07 	
1.27603452e+06 	 5.891444e-07 	 1.780571e+07 	
1.27613457e+06 	 5.748349e-07 	 1.780288e+07 	
1.27623462e+06 	 5.607780e-07 	 1.780008e+07 	
1.27633467e+06 	 5.469717e-07 	 1.779730e+07 	
1.27643472e+06 	 5.334141e-07 	 1.779454e+07 	
1.27653477e+06 	 5.201032e-07 	 1.779180e+07 	
1.27663482e+06 	 5.070368e-07 	 1.778908e+07 	
1.27673487e+06 	 4.942129e-07 	 1.778638e+07 	
1.27683492e+06 	 4.816293e-07 	 1.778371e+07 	
1.27693497e+06 	 4.692839e-07 	 1.778105e+07 	
1.27703502e+06 	 4.571512e-07 	 1.777845e+07 	
1.27713507e+06 	 4.452756e-07 	 1.777584e+07 	
1.27723512e+06 	 4.336315e-07 	 1.777325e+07 	
1.27733517e+06 	 4.222165e-07 	 1.777068e+07 	
1.27743522e+06 	 4.110283e-07 	 1.776813e+07 	
1.27753527e+06 	 4.000645e-07 	 1.776561e+07 	
1.27763532e+06 	 3.893228e-07 	 1.776310e+07 	
1.27773537e+06 	 3.788007e-07 	 1.776062e+07 	
1.27783542e+06 	 3.684957e-07 	 1.775815e+07 	
1.27793547e+06 	 3.584054e-07 	 1.775571e+07 	
1.27803552e+06 	 3.485273e-07 	 1.775329e+07 	
1.27813557e+06 	 3.388588e-07 	 1.775088e+07 	
1.27823562e+06 	 3.293974e-07 	 1.774850e+07 	
1.27833567e+06 	 3.201406e-07 	 1.774614e+07 	
1.27843572e+06 	 3.110857e-07 	 1.774380e+07 	
1.27853577e+06 	 3.022301e-07 	 1.774147e+07 	
1.27863582e+06 	 2.935713e-07 	 1.773917e+07 	
1.27873587e+06 	 2.851066e-07 	 1.773689e+07 	
1.27883592e+06 	 2.768334e-07 	 1.773462e+07 	
1.27893597e+06 	 2.687490e-07 	 1.773238e+07 	
1.27903602e+06 	 2.608507e-07 	 1.773016e+07 	
1.27913607e+06 	 2.531359e-07 	 1.772795e+07 	
1.27923612e+06 	 2.456018e-07 	 1.772577e+07 	
1.27933617e+06 	 2.382459e-07 	 1.772360e+07 	
1.27943622e+06 	 2.310654e-07 	 1.772145e+07 	
1.27953627e+06 	 2.240577e-07 	 1.771933e+07 	
1.27963632e+06 	 2.172199e-07 	 1.771722e+07 	
1.27973637e+06 	 2.105495e-07 	 1.771512e+07 	
1.27983642e+06 	 2.040334e-07 	 1.771308e+07 	
1.27993647e+06 	 1.976896e-07 	 1.771103e+07 	
1.28003652e+06 	 1.915050e-07 	 1.770899e+07 	
1.28013657e+06 	 1.854770e-07 	 1.770698e+07 	
1.28023662e+06 	 1.796028e-07 	 1.770498e+07 	
1.28033667e+06 	 1.738798e-07 	 1.770300e+07 	
1.28043672e+06 	 1.683054e-07 	 1.770104e+07 	
1.28053677e+06 	 1.628768e-07 	 1.769909e+07 	
1.28063682e+06 	 1.575914e-07 	 1.769716e+07 	
1.28073687e+06 	 1.524466e-07 	 1.769525e+07 	
1.28083692e+06 	 1.474397e-07 	 1.769336e+07 	
1.28093697e+06 	 1.425682e-07 	 1.769148e+07 	
1.28103702e+06 	 1.378294e-07 	 1.768962e+07 	
1.28113707e+06 	 1.332208e-07 	 1.768778e+07 	
1.28123712e+06 	 1.287397e-07 	 1.768596e+07 	
1.28133717e+06 	 1.243837e-07 	 1.768415e+07 	
1.28143722e+06 	 1.201501e-07 	 1.768236e+07 	
1.28153727e+06 	 1.160366e-07 	 1.768058e+07 	
1.28163732e+06 	 1.120405e-07 	 1.767882e+07 	
1.28173737e+06 	 1.081595e-07 	 1.767707e+07 	
1.28183742e+06 	 1.043911e-07 	 1.767535e+07 	
1.28193747e+06 	 1.007328e-07 	 1.767363e+07 	
1.28203752e+06 	 9.718224e-08 	 1.767194e+07 	
1.28213757e+06 	 9.373706e-08 	 1.767026e+07 	
1.28223762e+06 	 9.039033e-08 	 1.766863e+07 	
1.28233767e+06 	 8.714887e-08 	 1.766698e+07 	
1.28243772e+06 	 8.400578e-08 	 1.766534e+07 	
1.28253777e+06 	 8.095880e-08 	 1.766372e+07 	
1.28263782e+06 	 7.800567e-08 	 1.766212e+07 	
1.28273787e+06 	 7.514416e-08 	 1.766053e+07 	
1.28283792e+06 	 7.237210e-08 	 1.765895e+07 	
1.28293797e+06 	 6.968730e-08 	 1.765739e+07 	
1.28303802e+06 	 6.708764e-08 	 1.765584e+07 	
1.28313807e+06 	 6.457101e-08 	 1.765431e+07 	
1.28323812e+06 	 6.213533e-08 	 1.765279e+07 	
1.28333817e+06 	 5.977856e-08 	 1.765128e+07 	
1.28343822e+06 	 5.749868e-08 	 1.764979e+07 	
1.28353827e+06 	 5.529371e-08 	 1.764831e+07 	
1.28363832e+06 	 5.316168e-08 	 1.764684e+07 	
1.28373837e+06 	 5.110069e-08 	 1.764539e+07 	
1.28383842e+06 	 4.910885e-08 	 1.764395e+07 	
1.28393847e+06 	 4.718427e-08 	 1.764252e+07 	
1.28403852e+06 	 4.532514e-08 	 1.764111e+07 	
1.28413857e+06 	 4.353190e-08 	 1.763966e+07 	
1.28423862e+06 	 4.179834e-08 	 1.763827e+07 	
1.28433867e+06 	 4.012495e-08 	 1.763689e+07 	
1.28443872e+06 	 3.851003e-08 	 1.763552e+07 	
1.28453877e+06 	 3.695191e-08 	 1.763416e+07 	
1.28463882e+06 	 3.544896e-08 	 1.763282e+07 	
1.28473887e+06 	 3.399958e-08 	 1.763148e+07 	
1.28483892e+06 	 3.260220e-08 	 1.763016e+07 	
1.28493897e+06 	 3.125527e-08 	 1.762885e+07 	
1.28503902e+06 	 2.995729e-08 	 1.762755e+07 	
1.28513907e+06 	 2.870680e-08 	 1.762626e+07 	
1.28523912e+06 	 2.750233e-08 	 1.762498e+07 	
1.28533917e+06 	 2.634250e-08 	 1.762371e+07 	
1.28543922e+06 	 2.522591e-08 	 1.762246e+07 	
1.28553927e+06 	 2.415121e-08 	 1.762121e+07 	
1.28563932e+06 	 2.311587e-08 	 1.762004e+07 	
1.28573937e+06 	 2.212102e-08 	 1.761881e+07 	
1.28583942e+06 	 2.116421e-08 	 1.761760e+07 	
1.28593947e+06 	 2.024419e-08 	 1.761640e+07 	
1.28603952e+06 	 1.935978e-08 	 1.761521e+07 	
1.28613957e+06 	 1.850981e-08 	 1.761402e+07 	
1.28623962e+06 	 1.769313e-08 	 1.761285e+07 	
1.28633967e+06 	 1.690863e-08 	 1.761169e+07 	
1.28643972e+06 	 1.615524e-08 	 1.761054e+07 	
1.28653977e+06 	 1.543190e-08 	 1.760940e+07 	
1.28663982e+06 	 1.473832e-08 	 1.760818e+07 	
1.28673987e+06 	 1.407204e-08 	 1.760705e+07 	
1.28683992e+06 	 1.343280e-08 	 1.760593e+07 	
1.28693997e+06 	 1.281968e-08 	 1.760482e+07 	
1.28704002e+06 	 1.223173e-08 	 1.760372e+07 	
1.28714007e+06 	 1.166807e-08 	 1.760262e+07 	
1.28724012e+06 	 1.112784e-08 	 1.760154e+07 	
1.28734017e+06 	 1.061017e-08 	 1.760046e+07 	
1.28744022e+06 	 1.011426e-08 	 1.759940e+07 	
1.28754027e+06 	 9.639826e-09 	 1.759823e+07 	
1.28764032e+06 	 9.185081e-09 	 1.759717e+07 	
1.28774037e+06 	 8.749773e-09 	 1.759612e+07 	
1.28784042e+06 	 8.333173e-09 	 1.759508e+07 	
1.28794047e+06 	 7.934577e-09 	 1.759405e+07 	
1.28804052e+06 	 7.553301e-09 	 1.759302e+07 	
1.28814057e+06 	 7.189058e-09 	 1.759188e+07 	
1.28824062e+06 	 6.840485e-09 	 1.759085e+07 	
1.28834067e+06 	 6.507311e-09 	 1.758983e+07 	
1.28844072e+06 	 6.188934e-09 	 1.758882e+07 	
1.28854077e+06 	 5.884774e-09 	 1.758781e+07 	
1.28864082e+06 	 5.594559e-09 	 1.758666e+07 	
1.28874087e+06 	 5.317195e-09 	 1.758563e+07 	
1.28884092e+06 	 5.052422e-09 	 1.758460e+07 	
1.28894097e+06 	 4.799733e-09 	 1.758357e+07 	
1.28904102e+06 	 4.558407e-09 	 1.758271e+07 	
1.28914107e+06 	 4.328401e-09 	 1.758171e+07 	
1.28924112e+06 	 4.109056e-09 	 1.758071e+07 	
1.28934117e+06 	 3.899931e-09 	 1.757969e+07 	
1.28944122e+06 	 3.700394e-09 	 1.757890e+07 	
1.28954127e+06 	 3.510413e-09 	 1.757793e+07 	
1.28964132e+06 	 3.329416e-09 	 1.757697e+07 	
1.28974137e+06 	 3.156851e-09 	 1.757623e+07 	
1.28984142e+06 	 2.992657e-09 	 1.757533e+07 	
1.28994147e+06 	 2.836336e-09 	 1.757446e+07 	
1.29004152e+06 	 2.687697e-09 	 1.757335e+07 	
1.29014157e+06 	 2.546139e-09 	 1.757246e+07 	
1.29024162e+06 	 2.411592e-09 	 1.757133e+07 	
1.29034167e+06 	 2.283541e-09 	 1.757039e+07 	
1.29044172e+06 	 2.161790e-09 	 1.756944e+07 	
1.29054177e+06 	 2.045930e-09 	 1.756883e+07 	
1.29064182e+06 	 1.935910e-09 	 1.756801e+07 	
1.29074187e+06 	 1.831541e-09 	 1.756668e+07 	
1.29084192e+06 	 1.732286e-09 	 1.756572e+07 	
1.29094197e+06 	 1.638037e-09 	 1.756473e+07 	
1.29104202e+06 	 1.548528e-09 	 1.756385e+07 	
1.29114207e+06 	 1.463611e-09 	 1.756277e+07 	
1.29124212e+06 	 1.382954e-09 	 1.756213e+07 	
1.29134217e+06 	 1.306499e-09 	 1.756113e+07 	
1.29144222e+06 	 1.234008e-09 	 1.755992e+07 	
1.29154227e+06 	 1.165181e-09 	 1.755940e+07 	
1.29164232e+06 	 1.100013e-09 	 1.755826e+07 	
1.29174237e+06 	 1.038192e-09 	 1.755763e+07 	
1.29184242e+06 	 9.796765e-10 	 1.755643e+07 	
1.29194247e+06 	 9.241901e-10 	 1.755589e+07 	
1.29204252e+06 	 8.716941e-10 	 1.755470e+07 	
1.29214257e+06 	 8.219327e-10 	 1.755423e+07 	
1.29224262e+06 	 7.748684e-10 	 1.755332e+07 	
1.29234267e+06 	 7.303358e-10 	 1.755232e+07 	
1.29244272e+06 	 6.881841e-10 	 1.755158e+07 	
1.29254277e+06 	 6.483340e-10 	 1.755055e+07 	
1.29264282e+06 	 6.106286e-10 	 1.754988e+07 	
1.29274287e+06 	 5.749982e-10 	 1.754896e+07 	
1.29284292e+06 	 5.413177e-10 	 1.754811e+07 	
1.29294297e+06 	 5.095042e-10 	 1.754697e+07 	
1.29304302e+06 	 4.794277e-10 	 1.754642e+07 	
1.29314307e+06 	 4.510354e-10 	 1.754551e+07 	
1.29324312e+06 	 4.242233e-10 	 1.754469e+07 	
1.29334317e+06 	 3.989190e-10 	 1.754368e+07 	
1.29344322e+06 	 3.750283e-10 	 1.754299e+07 	
1.29354327e+06 	 3.524921e-10 	 1.754211e+07 	
1.29364332e+06 	 3.312329e-10 	 1.754127e+07 	
1.29374337e+06 	 3.111870e-10 	 1.754030e+07 	
1.29384342e+06 	 2.922819e-10 	 1.753956e+07 	
1.29394347e+06 	 2.744662e-10 	 1.753862e+07 	
1.29404352e+06 	 2.576734e-10 	 1.753786e+07 	
1.29414357e+06 	 2.418551e-10 	 1.753696e+07 	
1.29424362e+06 	 2.269540e-10 	 1.753616e+07 	
1.29434367e+06 	 2.129232e-10 	 1.753529e+07 	
1.29444372e+06 	 1.997131e-10 	 1.753446e+07 	
1.29454377e+06 	 1.872805e-10 	 1.753357e+07 	
1.29464382e+06 	 1.755804e-10 	 1.753277e+07 	
1.29474387e+06 	 1.645740e-10 	 1.753191e+07 	
1.29484392e+06 	 1.542220e-10 	 1.753108e+07 	
1.29494397e+06 	 1.444883e-10 	 1.753021e+07 	
1.29504402e+06 	 1.353374e-10 	 1.752939e+07 	
1.29514407e+06 	 1.267375e-10 	 1.752852e+07 	
1.29524412e+06 	 1.186565e-10 	 1.752770e+07 	
1.29534417e+06 	 1.110657e-10 	 1.752681e+07 	
1.29544422e+06 	 1.039362e-10 	 1.752601e+07 	
1.29554427e+06 	 9.724246e-11 	 1.752515e+07 	
1.29564432e+06 	 9.095877e-11 	 1.752433e+07 	
1.29574437e+06 	 8.506199e-11 	 1.752345e+07 	
1.29584442e+06 	 7.952893e-11 	 1.752265e+07 	
1.29594447e+06 	 7.433908e-11 	 1.752178e+07 	
1.29604452e+06 	 6.947185e-11 	 1.752097e+07 	
1.29614457e+06 	 6.490871e-11 	 1.752009e+07 	
1.29624462e+06 	 6.063119e-11 	 1.751929e+07 	
1.29634467e+06 	 5.662281e-11 	 1.751844e+07 	
1.29644472e+06 	 5.286731e-11 	 1.751761e+07 	
1.29654477e+06 	 4.934968e-11 	 1.751677e+07 	
1.29664482e+06 	 4.605562e-11 	 1.751593e+07 	
1.29674487e+06 	 4.297165e-11 	 1.751510e+07 	
1.48516900e+06 	 1.000000e-20 	 1.613011e+07 	
1.70097218e+06 	 1.000000e-20 	 1.489188e+07 	
1.94813275e+06 	 1.000000e-20 	 1.377595e+07 	
2.23120710e+06 	 1.000000e-20 	 1.276399e+07 	
2.55541370e+06 	 1.000000e-20 	 1.184176e+07 	
2.92672930e+06 	 1.000000e-20 	 1.099794e+07 	
3.35199908e+06 	 1.000000e-20 	 1.022336e+07 	
3.83906289e+06 	 1.000000e-20 	 9.510423e+06 	
4.39689974e+06 	 1.000000e-20 	 8.852766e+06 	
5.03579334e+06 	 1.000000e-20 	 8.244973e+06 	
5.76752167e+06 	 1.000000e-20 	 7.682383e+06 	
6.60557413e+06 	 1.000000e-20 	 7.160946e+06 	
7.56540020e+06 	 1.000000e-20 	 6.677109e+06 	
8.66469425e+06 	 1.000000e-20 	 6.227729e+06 	
9.92372174e+06 	 1.000000e-20 	 5.810011e+06 	
1.13656928e+07 	 1.000000e-20 	 5.421452e+06 	
1.30171902e+07 	 1.000000e-20 	 5.059798e+06 	
1.49086592e+07 	 1.000000e-20 	 4.723012e+06 	
1.70749689e+07 	 1.000000e-20 	 4.409242e+06 	
1.95560554e+07 	 1.000000e-20 	 4.116802e+06 	
2.23976572e+07 	 1.000000e-20 	 3.844152e+06 	
2.56521594e+07 	 1.000000e-20 	 3.589878e+06 	
2.93795585e+07 	 1.000000e-20 	 3.352681e+06 	
3.36485692e+07 	 1.000000e-20 	 3.131368e+06 	
3.85378904e+07 	 1.000000e-20 	 2.924834e+06 	
4.41376568e+07 	 1.000000e-20 	 2.732061e+06 	
5.05510999e+07 	 1.000000e-20 	 2.552107e+06 	
5.78964514e+07 	 1.000000e-20 	 2.384097e+06 	
6.63091226e+07 	 1.000000e-20 	 2.227223e+06 	
7.59442010e+07 	 1.000000e-20 	 2.080732e+06 	
8.69793090e+07 	 1.000000e-20 	 1.943926e+06 	
9.96178786e+07 	 1.000000e-20 	 1.816155e+06 	
1.14092902e+08 	 1.000000e-20 	 1.696815e+06 	
1.30671225e+08 	 1.000000e-20 	 1.585344e+06 	
1.49658469e+08 	 1.000000e-20 	 1.481218e+06 	
1.71404663e+08 	 1.000000e-20 	 1.383948e+06 	
1.96310699e+08 	 1.000000e-20 	 1.293081e+06 	
2.24835718e+08 	 1.000000e-20 	 1.208192e+06 	
2.57505578e+08 	 1.000000e-20 	 1.128885e+06 	
2.94922547e+08 	 1.000000e-20 	 1.054792e+06 	
3.37776408e+08 	 1.000000e-20 	 9.855679e+05 	
3.86857168e+08 	 1.000000e-20 	 9.208924e+05 	
4.43069632e+08 	 1.000000e-20 	 8.604654e+05 	
5.07450074e+08 	 1.000000e-20 	 8.040070e+05 	
5.81185347e+08 	 1.000000e-20 	 7.512558e+05 	
6.65634759e+08 	 1.000000e-20 	 7.019680e+05 	
7.62355132e+08 	 1.000000e-20 	 6.559157e+05 	
8.73129505e+08 	 1.000000e-20 	 6.128862e+05 	
1.00000000e+09 	 1.000000e-20 	 5.726808e+05 	
