r (cm)        	 rho (g/cm3) 	 T (K)       		 Linf = 3.764283e+36
1.20000242e+06 	 4.629351e+05 	 4.521628e+08 	
1.20002848e+06 	 4.007477e+05 	 4.331930e+08 	
1.20006364e+06 	 3.265335e+05 	 4.075646e+08 	
1.20009879e+06 	 2.625941e+05 	 3.818892e+08 	
1.20013424e+06 	 2.076109e+05 	 3.559438e+08 	
1.20016358e+06 	 1.687013e+05 	 3.344355e+08 	
1.20019291e+06 	 1.352302e+05 	 3.128865e+08 	
1.20022247e+06 	 1.065226e+05 	 2.911275e+08 	
1.20024688e+06 	 8.628190e+04 	 2.731223e+08 	
1.20027129e+06 	 6.890252e+04 	 2.550831e+08 	
1.20029587e+06 	 5.404328e+04 	 2.368855e+08 	
1.20031612e+06 	 4.361251e+04 	 2.218610e+08 	
1.20033637e+06 	 3.467595e+04 	 2.068084e+08 	
1.20035673e+06 	 2.706365e+04 	 1.916419e+08 	
1.20037347e+06 	 2.174766e+04 	 1.791533e+08 	
1.20039021e+06 	 1.720494e+04 	 1.666423e+08 	
1.20040702e+06 	 1.335221e+04 	 1.540546e+08 	
1.20042079e+06 	 1.067795e+04 	 1.437220e+08 	
1.20043456e+06 	 8.399519e+03 	 1.333721e+08 	
1.20044837e+06 	 6.476921e+03 	 1.229762e+08 	
1.20045965e+06 	 5.151730e+03 	 1.144742e+08 	
1.20047092e+06 	 4.026571e+03 	 1.059591e+08 	
1.20048221e+06 	 3.082641e+03 	 9.742300e+07 	
1.20049139e+06 	 2.437241e+03 	 9.047162e+07 	
1.20050056e+06 	 1.891395e+03 	 8.351081e+07 	
1.20050973e+06 	 1.436489e+03 	 7.654866e+07 	
1.20051715e+06 	 1.128297e+03 	 7.090691e+07 	
1.20052457e+06 	 8.687761e+02 	 6.525864e+07 	
1.20053196e+06 	 6.540943e+02 	 5.962393e+07 	
1.20053791e+06 	 5.101584e+02 	 5.508402e+07 	
1.20054386e+06 	 3.895262e+02 	 5.053991e+07 	
1.20054977e+06 	 2.905540e+02 	 4.602027e+07 	
1.20055449e+06 	 2.249965e+02 	 4.240487e+07 	
1.20055922e+06 	 1.703212e+02 	 3.878722e+07 	
1.20056390e+06 	 1.258747e+02 	 3.520336e+07 	
1.20056758e+06 	 9.703593e+01 	 3.238401e+07 	
1.20057126e+06 	 7.305582e+01 	 2.956438e+07 	
1.20057485e+06 	 5.387001e+01 	 2.681093e+07 	
1.20057772e+06 	 4.128800e+01 	 2.461868e+07 	
1.20058058e+06 	 3.086737e+01 	 2.242910e+07 	
1.20058288e+06 	 2.390675e+01 	 2.067098e+07 	
1.20058506e+06 	 1.839240e+01 	 1.901606e+07 	
1.20058675e+06 	 1.475123e+01 	 1.773338e+07 	
1.20058844e+06 	 1.163251e+01 	 1.645784e+07 	
1.20058981e+06 	 9.466748e+00 	 1.543563e+07 	
1.20059118e+06 	 7.591841e+00 	 1.442331e+07 	
1.20059229e+06 	 6.265929e+00 	 1.360988e+07 	
1.20059340e+06 	 5.106455e+00 	 1.280896e+07 	
1.20059451e+06 	 4.101954e+00 	 1.202488e+07 	
1.20059538e+06 	 3.416690e+00 	 1.142675e+07 	
1.20059625e+06 	 2.814097e+00 	 1.084593e+07 	
1.20059712e+06 	 2.288945e+00 	 1.028663e+07 	
1.20059822e+06 	 1.731141e+00 	 9.622058e+06 	
1.20059901e+06 	 1.389822e+00 	 9.168735e+06 	
1.20059981e+06 	 1.099943e+00 	 8.747196e+06 	
1.20059998e+06 	 1.044249e+00 	 8.661553e+06 	
1.20060000e+06 	 1.038797e+00 	 8.653079e+06 	
1.20061667e+06 	 5.654168e-04 	 6.154851e+06 	
1.20063334e+06 	 1.058814e-07 	 6.119343e+06 	
1.37725472e+06 	 1.000000e-20 	 5.619663e+06 	
1.57985831e+06 	 1.000000e-20 	 5.176648e+06 	
1.81226628e+06 	 1.000000e-20 	 4.779521e+06 	
2.07886304e+06 	 1.000000e-20 	 4.420937e+06 	
2.38467801e+06 	 1.000000e-20 	 4.095305e+06 	
2.73548046e+06 	 1.000000e-20 	 3.798248e+06 	
3.13788835e+06 	 1.000000e-20 	 3.526258e+06 	
3.59949318e+06 	 1.000000e-20 	 3.276469e+06 	
4.12900325e+06 	 1.000000e-20 	 3.046498e+06 	
4.73640787e+06 	 1.000000e-20 	 2.834335e+06 	
5.43316587e+06 	 1.000000e-20 	 2.638260e+06 	
6.23242173e+06 	 1.000000e-20 	 2.456790e+06 	
7.14925360e+06 	 1.000000e-20 	 2.288629e+06 	
8.20095770e+06 	 1.000000e-20 	 2.132638e+06 	
9.40737467e+06 	 1.000000e-20 	 1.987806e+06 	
1.07912638e+07 	 1.000000e-20 	 1.853234e+06 	
1.23787326e+07 	 1.000000e-20 	 1.728112e+06 	
1.41997288e+07 	 1.000000e-20 	 1.611711e+06 	
1.62886060e+07 	 1.000000e-20 	 1.503370e+06 	
1.86847714e+07 	 1.000000e-20 	 1.402491e+06 	
2.14334290e+07 	 1.000000e-20 	 1.308524e+06 	
2.45864331e+07 	 1.000000e-20 	 1.220969e+06 	
2.82032655e+07 	 1.000000e-20 	 1.139366e+06 	
3.23521588e+07 	 1.000000e-20 	 1.063294e+06 	
3.71113826e+07 	 1.000000e-20 	 9.923624e+05 	
4.25707209e+07 	 1.000000e-20 	 9.262127e+05 	
4.88331651e+07 	 1.000000e-20 	 8.645130e+05 	
5.60168577e+07 	 1.000000e-20 	 8.069565e+05 	
6.42573206e+07 	 1.000000e-20 	 7.532586e+05 	
7.37100120e+07 	 1.000000e-20 	 7.031558e+05 	
8.45532589e+07 	 1.000000e-20 	 6.564032e+05 	
9.69916217e+07 	 1.000000e-20 	 6.127735e+05 	
1.11259753e+08 	 1.000000e-20 	 5.720554e+05 	
1.27626823e+08 	 1.000000e-20 	 5.340525e+05 	
1.46401602e+08 	 1.000000e-20 	 4.985819e+05 	
1.67938279e+08 	 1.000000e-20 	 4.654735e+05 	
1.92643148e+08 	 1.000000e-20 	 4.345687e+05 	
2.20982273e+08 	 1.000000e-20 	 4.057200e+05 	
2.53490277e+08 	 1.000000e-20 	 3.787897e+05 	
2.90780431e+08 	 1.000000e-20 	 3.536498e+05 	
3.33556221e+08 	 1.000000e-20 	 3.301806e+05 	
3.82624623e+08 	 1.000000e-20 	 3.082707e+05 	
4.38911322e+08 	 1.000000e-20 	 2.878161e+05 	
5.03478179e+08 	 1.000000e-20 	 2.687200e+05 	
5.77543263e+08 	 1.000000e-20 	 2.508919e+05 	
6.62503828e+08 	 1.000000e-20 	 2.342473e+05 	
7.59962672e+08 	 1.000000e-20 	 2.187076e+05 	
8.71758380e+08 	 1.000000e-20 	 2.041994e+05 	
1.00000000e+09 	 1.000000e-20 	 1.906539e+05 	
