r (cm)        	 rho (g/cm3) 	 T (K)       		 Linf = 3.073981e+38
1.20005689e+06 	 1.324628e+05 	 1.233609e+09 	
1.20008404e+06 	 1.274901e+05 	 1.221548e+09 	
1.20018877e+06 	 1.097183e+05 	 1.175366e+09 	
1.20029350e+06 	 9.402992e+04 	 1.129734e+09 	
1.20039823e+06 	 8.023329e+04 	 1.084672e+09 	
1.20048517e+06 	 7.008740e+04 	 1.047713e+09 	
1.20057212e+06 	 6.102442e+04 	 1.011177e+09 	
1.20065906e+06 	 5.295304e+04 	 9.750781e+08 	
1.20074601e+06 	 4.578724e+04 	 9.394316e+08 	
1.20083129e+06 	 3.956012e+04 	 9.049207e+08 	
1.20091657e+06 	 3.405486e+04 	 8.708748e+08 	
1.20100185e+06 	 2.920438e+04 	 8.373093e+08 	
1.20107167e+06 	 2.567684e+04 	 8.101986e+08 	
1.20114149e+06 	 2.251383e+04 	 7.834297e+08 	
1.20121131e+06 	 1.968497e+04 	 7.570122e+08 	
1.20128113e+06 	 1.716168e+04 	 7.309554e+08 	
1.20135095e+06 	 1.491716e+04 	 7.052693e+08 	
1.20142005e+06 	 1.294555e+04 	 6.802220e+08 	
1.20148916e+06 	 1.119966e+04 	 6.555575e+08 	
1.20155826e+06 	 9.658260e+03 	 6.312857e+08 	
1.20161564e+06 	 8.519526e+03 	 6.114368e+08 	
1.20167302e+06 	 7.497597e+03 	 5.918717e+08 	
1.20173040e+06 	 6.582566e+03 	 5.725964e+08 	
1.20178778e+06 	 5.765156e+03 	 5.536169e+08 	
1.20184516e+06 	 5.036698e+03 	 5.349393e+08 	
1.20190248e+06 	 4.389756e+03 	 5.165890e+08 	
1.20195980e+06 	 3.816005e+03 	 4.985521e+08 	
1.20201712e+06 	 3.308478e+03 	 4.808346e+08 	
1.20206453e+06 	 2.934090e+03 	 4.664245e+08 	
1.20211194e+06 	 2.597191e+03 	 4.522405e+08 	
1.20215936e+06 	 2.294601e+03 	 4.382859e+08 	
1.20220677e+06 	 2.023351e+03 	 4.245641e+08 	
1.20225419e+06 	 1.780675e+03 	 4.110782e+08 	
1.20230160e+06 	 1.563997e+03 	 3.978316e+08 	
1.20234945e+06 	 1.369266e+03 	 3.847096e+08 	
1.20239729e+06 	 1.196303e+03 	 3.718375e+08 	
1.20244514e+06 	 1.043005e+03 	 3.592183e+08 	
1.20248487e+06 	 9.292782e+02 	 3.489355e+08 	
1.20252459e+06 	 8.267399e+02 	 3.388306e+08 	
1.20256432e+06 	 7.344331e+02 	 3.289053e+08 	
1.20260404e+06 	 6.514672e+02 	 3.191608e+08 	
1.20264377e+06 	 5.770152e+02 	 3.095986e+08 	
1.20268349e+06 	 5.103104e+02 	 3.002200e+08 	
1.20272321e+06 	 4.506434e+02 	 2.910262e+08 	
1.20276439e+06 	 3.955286e+02 	 2.816934e+08 	
1.20280556e+06 	 3.465981e+02 	 2.725614e+08 	
1.20283966e+06 	 3.103131e+02 	 2.651508e+08 	
1.20287376e+06 	 2.775229e+02 	 2.578790e+08 	
1.20290786e+06 	 2.479272e+02 	 2.507466e+08 	
1.20294196e+06 	 2.212479e+02 	 2.437538e+08 	
1.20297606e+06 	 1.972272e+02 	 2.369010e+08 	
1.20301016e+06 	 1.756270e+02 	 2.301883e+08 	
1.20304426e+06 	 1.562273e+02 	 2.236158e+08 	
1.20307836e+06 	 1.388255e+02 	 2.171836e+08 	
1.20311246e+06 	 1.232351e+02 	 2.108917e+08 	
1.20314852e+06 	 1.085289e+02 	 2.043904e+08 	
1.20317857e+06 	 9.754179e+01 	 1.990928e+08 	
1.20320862e+06 	 8.760044e+01 	 1.939037e+08 	
1.20323867e+06 	 7.861373e+01 	 1.888227e+08 	
1.20326871e+06 	 7.049753e+01 	 1.838496e+08 	
1.20329876e+06 	 6.317427e+01 	 1.789839e+08 	
1.20332881e+06 	 5.657250e+01 	 1.742253e+08 	
1.20335886e+06 	 5.062649e+01 	 1.695733e+08 	
1.20338890e+06 	 4.527586e+01 	 1.650273e+08 	
1.20341895e+06 	 4.046520e+01 	 1.605868e+08 	
1.20344900e+06 	 3.614374e+01 	 1.562511e+08 	
1.20347904e+06 	 3.226501e+01 	 1.520194e+08 	
1.20350909e+06 	 2.878653e+01 	 1.478911e+08 	
1.20353733e+06 	 2.584784e+01 	 1.441050e+08 	
1.20356556e+06 	 2.319891e+01 	 1.404087e+08 	
1.20359380e+06 	 2.081277e+01 	 1.368015e+08 	
1.20362204e+06 	 1.866477e+01 	 1.332824e+08 	
1.20365027e+06 	 1.673239e+01 	 1.298507e+08 	
1.20367851e+06 	 1.499505e+01 	 1.265055e+08 	
1.20370674e+06 	 1.343401e+01 	 1.232458e+08 	
1.20373498e+06 	 1.203218e+01 	 1.200706e+08 	
1.20376322e+06 	 1.077400e+01 	 1.169789e+08 	
1.20379145e+06 	 9.645361e+00 	 1.139698e+08 	
1.20381969e+06 	 8.633419e+00 	 1.110421e+08 	
1.20384792e+06 	 7.726537e+00 	 1.081947e+08 	
1.20387616e+06 	 6.914168e+00 	 1.054264e+08 	
1.20390439e+06 	 6.186762e+00 	 1.027361e+08 	
1.20393263e+06 	 5.535681e+00 	 1.001226e+08 	
1.20396242e+06 	 4.922898e+00 	 9.744714e+07 	
1.20399221e+06 	 4.378146e+00 	 9.485427e+07 	
1.20402200e+06 	 3.894024e+00 	 9.234252e+07 	
1.20405179e+06 	 3.463902e+00 	 8.991036e+07 	
1.20408158e+06 	 3.081848e+00 	 8.755623e+07 	
1.20411137e+06 	 2.742554e+00 	 8.527856e+07 	
1.20414116e+06 	 2.441282e+00 	 8.307575e+07 	
1.20417095e+06 	 2.173800e+00 	 8.094618e+07 	
1.20420074e+06 	 1.936332e+00 	 7.888824e+07 	
1.20423053e+06 	 1.725517e+00 	 7.690029e+07 	
1.20426032e+06 	 1.538358e+00 	 7.498067e+07 	
1.20429011e+06 	 1.372189e+00 	 7.312774e+07 	
1.20432442e+06 	 1.203762e+00 	 7.107435e+07 	
1.20435873e+06 	 1.056847e+00 	 6.910467e+07 	
1.20439303e+06 	 9.286614e-01 	 6.721617e+07 	
1.20442734e+06 	 8.167786e-01 	 6.540633e+07 	
1.20446165e+06 	 7.190847e-01 	 6.367264e+07 	
1.20449595e+06 	 6.337395e-01 	 6.201260e+07 	
1.20453026e+06 	 5.591413e-01 	 6.042374e+07 	
1.20456457e+06 	 4.938972e-01 	 5.890360e+07 	
1.20460435e+06 	 4.283562e-01 	 5.722350e+07 	
1.20464414e+06 	 3.721482e-01 	 5.562885e+07 	
1.20468393e+06 	 3.238919e-01 	 5.411598e+07 	
1.20472372e+06 	 2.824140e-01 	 5.268131e+07 	
1.20476350e+06 	 2.467177e-01 	 5.132131e+07 	
1.20481021e+06 	 2.110517e-01 	 4.981531e+07 	
1.20485693e+06 	 1.810437e-01 	 4.840210e+07 	
1.20490364e+06 	 1.557441e-01 	 4.707646e+07 	
1.20495035e+06 	 1.343680e-01 	 4.583335e+07 	
1.20500447e+06 	 1.136592e-01 	 4.448988e+07 	
1.20505859e+06 	 9.652548e-02 	 4.324344e+07 	
1.20511271e+06 	 8.230363e-02 	 4.208718e+07 	
1.20517292e+06 	 6.925532e-02 	 4.089884e+07 	
1.20523313e+06 	 5.856495e-02 	 3.980565e+07 	
1.20530001e+06 	 4.889470e-02 	 3.869341e+07 	
1.20536688e+06 	 4.106612e-02 	 3.767888e+07 	
1.20544700e+06 	 3.357836e-02 	 3.657930e+07 	
1.20552711e+06 	 2.768210e-02 	 3.559245e+07 	
1.20560723e+06 	 2.300326e-02 	 3.470552e+07 	
1.20569623e+06 	 1.889540e-02 	 3.382352e+07 	
1.20578523e+06 	 1.566202e-02 	 3.303694e+07 	
1.20588369e+06 	 1.285371e-02 	 3.226351e+07 	
1.20598214e+06 	 1.065439e-02 	 3.157807e+07 	
1.20609120e+06 	 8.749543e-03 	 3.090702e+07 	
1.20620026e+06 	 7.262677e-03 	 3.031537e+07 	
1.20632183e+06 	 5.970733e-03 	 2.973532e+07 	
1.20644340e+06 	 4.965075e-03 	 2.922619e+07 	
1.20658007e+06 	 4.086190e-03 	 2.872488e+07 	
1.20671674e+06 	 3.404017e-03 	 2.828664e+07 	
1.20687255e+06 	 2.801647e-03 	 2.785093e+07 	
1.20702836e+06 	 2.336087e-03 	 2.747165e+07 	
1.20720349e+06 	 1.931322e-03 	 2.710074e+07 	
1.20737862e+06 	 1.618088e-03 	 2.677808e+07 	
1.20761476e+06 	 1.298676e-03 	 2.640466e+07 	
1.20785089e+06 	 1.062208e-03 	 2.608776e+07 	
1.20798510e+06 	 9.546721e-04 	 2.592821e+07 	
1.20799852e+06 	 9.447994e-04 	 2.591297e+07 	
1.20799987e+06 	 9.438203e-04 	 2.591146e+07 	
1.20800000e+06 	 9.437225e-04 	 2.591131e+07 	
1.20810005e+06 	 8.747181e-04 	 2.580169e+07 	
1.20820010e+06 	 8.128689e-04 	 2.569842e+07 	
1.20830015e+06 	 7.572284e-04 	 2.560093e+07 	
1.20840020e+06 	 7.070571e-04 	 2.550876e+07 	
1.20850025e+06 	 6.616796e-04 	 2.542148e+07 	
1.20860030e+06 	 6.205054e-04 	 2.533867e+07 	
1.20870035e+06 	 5.830734e-04 	 2.526001e+07 	
1.20880040e+06 	 5.489516e-04 	 2.518517e+07 	
1.20890045e+06 	 5.177614e-04 	 2.511387e+07 	
1.20900050e+06 	 4.892019e-04 	 2.504585e+07 	
1.20910055e+06 	 4.629920e-04 	 2.498087e+07 	
1.20920060e+06 	 4.388748e-04 	 2.491871e+07 	
1.20930065e+06 	 4.166526e-04 	 2.485919e+07 	
1.20940070e+06 	 3.961383e-04 	 2.480212e+07 	
1.20950075e+06 	 3.771582e-04 	 2.474735e+07 	
1.20960080e+06 	 3.595669e-04 	 2.469472e+07 	
1.20970085e+06 	 3.432419e-04 	 2.464410e+07 	
1.20980090e+06 	 3.280671e-04 	 2.459537e+07 	
1.20990095e+06 	 3.139291e-04 	 2.454840e+07 	
1.21000100e+06 	 3.007431e-04 	 2.450309e+07 	
1.21010105e+06 	 2.884322e-04 	 2.445934e+07 	
1.21020110e+06 	 2.769201e-04 	 2.441707e+07 	
1.21030115e+06 	 2.661383e-04 	 2.437618e+07 	
1.21040120e+06 	 2.560234e-04 	 2.433660e+07 	
1.21050125e+06 	 2.465278e-04 	 2.429826e+07 	
1.21060130e+06 	 2.376040e-04 	 2.426109e+07 	
1.21070135e+06 	 2.292064e-04 	 2.422503e+07 	
1.21080140e+06 	 2.212919e-04 	 2.419002e+07 	
1.21090145e+06 	 2.138254e-04 	 2.415600e+07 	
1.21100150e+06 	 2.067767e-04 	 2.412293e+07 	
1.21110155e+06 	 2.001155e-04 	 2.409076e+07 	
1.21120160e+06 	 1.938148e-04 	 2.405945e+07 	
1.21130165e+06 	 1.878448e-04 	 2.402894e+07 	
1.21140170e+06 	 1.821842e-04 	 2.399921e+07 	
1.21150175e+06 	 1.768144e-04 	 2.397021e+07 	
1.21160180e+06 	 1.717170e-04 	 2.394193e+07 	
1.21170185e+06 	 1.668732e-04 	 2.391431e+07 	
1.21180190e+06 	 1.622664e-04 	 2.388733e+07 	
1.21190195e+06 	 1.578793e-04 	 2.386097e+07 	
1.21200200e+06 	 1.536986e-04 	 2.383519e+07 	
1.21210205e+06 	 1.497130e-04 	 2.380997e+07 	
1.21220210e+06 	 1.459113e-04 	 2.378529e+07 	
1.21230215e+06 	 1.422823e-04 	 2.376112e+07 	
1.21240220e+06 	 1.388152e-04 	 2.373745e+07 	
1.21250225e+06 	 1.355010e-04 	 2.371425e+07 	
1.21260230e+06 	 1.323283e-04 	 2.369150e+07 	
1.21270235e+06 	 1.292903e-04 	 2.366919e+07 	
1.21280240e+06 	 1.263805e-04 	 2.364729e+07 	
1.21290245e+06 	 1.235921e-04 	 2.362580e+07 	
1.21300250e+06 	 1.209186e-04 	 2.360470e+07 	
1.21310255e+06 	 1.183534e-04 	 2.358397e+07 	
1.21320260e+06 	 1.158906e-04 	 2.356360e+07 	
1.21330265e+06 	 1.135243e-04 	 2.354357e+07 	
1.21340270e+06 	 1.112488e-04 	 2.352387e+07 	
1.21350275e+06 	 1.090602e-04 	 2.350450e+07 	
1.21360280e+06 	 1.069546e-04 	 2.348543e+07 	
1.21370285e+06 	 1.049281e-04 	 2.346667e+07 	
1.21380290e+06 	 1.029768e-04 	 2.344819e+07 	
1.21390295e+06 	 1.010966e-04 	 2.342999e+07 	
1.21400300e+06 	 9.928444e-05 	 2.341205e+07 	
1.21410305e+06 	 9.753680e-05 	 2.339438e+07 	
1.21420310e+06 	 9.584951e-05 	 2.337696e+07 	
1.21430315e+06 	 9.422028e-05 	 2.335978e+07 	
1.21440320e+06 	 9.264685e-05 	 2.334283e+07 	
1.21450325e+06 	 9.112695e-05 	 2.332611e+07 	
1.21460330e+06 	 8.965829e-05 	 2.330961e+07 	
1.21470335e+06 	 8.824287e-05 	 2.329328e+07 	
1.21480340e+06 	 8.686959e-05 	 2.327720e+07 	
1.21490345e+06 	 8.554077e-05 	 2.326132e+07 	
1.21500350e+06 	 8.425448e-05 	 2.324563e+07 	
1.21510355e+06 	 8.300893e-05 	 2.323013e+07 	
1.21520360e+06 	 8.180238e-05 	 2.321481e+07 	
1.21530365e+06 	 8.063320e-05 	 2.319967e+07 	
1.21540370e+06 	 7.949985e-05 	 2.318470e+07 	
1.21550375e+06 	 7.840086e-05 	 2.316989e+07 	
1.21560380e+06 	 7.733484e-05 	 2.315525e+07 	
1.21570385e+06 	 7.630045e-05 	 2.314076e+07 	
1.21580390e+06 	 7.529645e-05 	 2.312643e+07 	
1.21590395e+06 	 7.432164e-05 	 2.311224e+07 	
1.21600400e+06 	 7.337488e-05 	 2.309820e+07 	
1.21610405e+06 	 7.245508e-05 	 2.308429e+07 	
1.21620410e+06 	 7.156475e-05 	 2.307050e+07 	
1.21630415e+06 	 7.069586e-05 	 2.305686e+07 	
1.21640420e+06 	 6.985099e-05 	 2.304336e+07 	
1.21650425e+06 	 6.902923e-05 	 2.302998e+07 	
1.21660430e+06 	 6.822974e-05 	 2.301672e+07 	
1.21670435e+06 	 6.745170e-05 	 2.300357e+07 	
1.21680440e+06 	 6.669434e-05 	 2.299055e+07 	
1.21690445e+06 	 6.595691e-05 	 2.297763e+07 	
1.21700450e+06 	 6.523871e-05 	 2.296483e+07 	
1.21710455e+06 	 6.453905e-05 	 2.295213e+07 	
1.21720460e+06 	 6.385728e-05 	 2.293954e+07 	
1.21730465e+06 	 6.319279e-05 	 2.292705e+07 	
1.21740470e+06 	 6.254498e-05 	 2.291466e+07 	
1.21750475e+06 	 6.191329e-05 	 2.290236e+07 	
1.21760480e+06 	 6.129716e-05 	 2.289016e+07 	
1.21770485e+06 	 6.069608e-05 	 2.287805e+07 	
1.21780490e+06 	 6.010954e-05 	 2.286603e+07 	
1.21790495e+06 	 5.953706e-05 	 2.285409e+07 	
1.21800500e+06 	 5.897819e-05 	 2.284224e+07 	
1.21810505e+06 	 5.843247e-05 	 2.283048e+07 	
1.21820510e+06 	 5.789950e-05 	 2.281879e+07 	
1.21830515e+06 	 5.737885e-05 	 2.280719e+07 	
1.21840520e+06 	 5.687014e-05 	 2.279566e+07 	
1.21850525e+06 	 5.637299e-05 	 2.278421e+07 	
1.21860530e+06 	 5.588705e-05 	 2.277283e+07 	
1.21870535e+06 	 5.541195e-05 	 2.276153e+07 	
1.21880540e+06 	 5.494737e-05 	 2.275029e+07 	
1.21890545e+06 	 5.449299e-05 	 2.273913e+07 	
1.21900550e+06 	 5.404850e-05 	 2.272803e+07 	
1.21910555e+06 	 5.361359e-05 	 2.271699e+07 	
1.21920560e+06 	 5.318798e-05 	 2.270603e+07 	
1.21930565e+06 	 5.277140e-05 	 2.269512e+07 	
1.21940570e+06 	 5.236358e-05 	 2.268428e+07 	
1.21950575e+06 	 5.196426e-05 	 2.267350e+07 	
1.21960580e+06 	 5.157320e-05 	 2.266277e+07 	
1.21970585e+06 	 5.119015e-05 	 2.265211e+07 	
1.21980590e+06 	 5.081488e-05 	 2.264150e+07 	
1.21990595e+06 	 5.044718e-05 	 2.263094e+07 	
1.22000600e+06 	 5.008683e-05 	 2.262044e+07 	
1.22010605e+06 	 4.973362e-05 	 2.261000e+07 	
1.22020610e+06 	 4.938985e-05 	 2.259957e+07 	
1.22030615e+06 	 4.905037e-05 	 2.258922e+07 	
1.22040620e+06 	 4.871745e-05 	 2.257893e+07 	
1.22050625e+06 	 4.839092e-05 	 2.256868e+07 	
1.22060630e+06 	 4.807059e-05 	 2.255848e+07 	
1.22070635e+06 	 4.775631e-05 	 2.254833e+07 	
1.22080640e+06 	 4.744790e-05 	 2.253823e+07 	
1.22090645e+06 	 4.714522e-05 	 2.252817e+07 	
1.22100650e+06 	 4.684810e-05 	 2.251815e+07 	
1.22110655e+06 	 4.655640e-05 	 2.250818e+07 	
1.22120660e+06 	 4.626999e-05 	 2.249824e+07 	
1.22130665e+06 	 4.598871e-05 	 2.248835e+07 	
1.22140670e+06 	 4.571244e-05 	 2.247851e+07 	
1.22150675e+06 	 4.544104e-05 	 2.246870e+07 	
1.22160680e+06 	 4.517440e-05 	 2.245893e+07 	
1.22170685e+06 	 4.491238e-05 	 2.244919e+07 	
1.22180690e+06 	 4.465488e-05 	 2.243950e+07 	
1.22190695e+06 	 4.440178e-05 	 2.242984e+07 	
1.22200700e+06 	 4.415297e-05 	 2.242022e+07 	
1.22210705e+06 	 4.390833e-05 	 2.241064e+07 	
1.22220710e+06 	 4.366777e-05 	 2.240108e+07 	
1.22230715e+06 	 4.343119e-05 	 2.239157e+07 	
1.22240720e+06 	 4.319849e-05 	 2.238209e+07 	
1.22250725e+06 	 4.296956e-05 	 2.237264e+07 	
1.22260730e+06 	 4.274433e-05 	 2.236322e+07 	
1.22270735e+06 	 4.252270e-05 	 2.235383e+07 	
1.22280740e+06 	 4.230458e-05 	 2.234448e+07 	
1.22290745e+06 	 4.208990e-05 	 2.233515e+07 	
1.22300750e+06 	 4.187856e-05 	 2.232586e+07 	
1.22310755e+06 	 4.167049e-05 	 2.231659e+07 	
1.22320760e+06 	 4.146561e-05 	 2.230736e+07 	
1.22330765e+06 	 4.126384e-05 	 2.229815e+07 	
1.22340770e+06 	 4.106304e-05 	 2.228900e+07 	
1.22350775e+06 	 4.086726e-05 	 2.227985e+07 	
1.22360780e+06 	 4.067438e-05 	 2.227072e+07 	
1.22370785e+06 	 4.048433e-05 	 2.226162e+07 	
1.22380790e+06 	 4.029706e-05 	 2.225255e+07 	
1.22390795e+06 	 4.011249e-05 	 2.224351e+07 	
1.22400800e+06 	 3.993057e-05 	 2.223449e+07 	
1.22410805e+06 	 3.975123e-05 	 2.222549e+07 	
1.22420810e+06 	 3.957442e-05 	 2.221652e+07 	
1.22430815e+06 	 3.940007e-05 	 2.220757e+07 	
1.22440820e+06 	 3.922814e-05 	 2.219864e+07 	
1.22450825e+06 	 3.905858e-05 	 2.218974e+07 	
1.22460830e+06 	 3.889131e-05 	 2.218086e+07 	
1.22470835e+06 	 3.872631e-05 	 2.217201e+07 	
1.22480840e+06 	 3.856351e-05 	 2.216317e+07 	
1.22490845e+06 	 3.840288e-05 	 2.215436e+07 	
1.22500850e+06 	 3.824435e-05 	 2.214557e+07 	
1.22510855e+06 	 3.808789e-05 	 2.213680e+07 	
1.22520860e+06 	 3.793345e-05 	 2.212805e+07 	
1.22530865e+06 	 3.778098e-05 	 2.211932e+07 	
1.22540870e+06 	 3.763045e-05 	 2.211060e+07 	
1.22550875e+06 	 3.748182e-05 	 2.210191e+07 	
1.22560880e+06 	 3.733503e-05 	 2.209324e+07 	
1.22570885e+06 	 3.719006e-05 	 2.208459e+07 	
1.22580890e+06 	 3.704687e-05 	 2.207596e+07 	
1.22590895e+06 	 3.690541e-05 	 2.206734e+07 	
1.22600900e+06 	 3.676565e-05 	 2.205874e+07 	
1.22610905e+06 	 3.662756e-05 	 2.205016e+07 	
1.22620910e+06 	 3.649109e-05 	 2.204160e+07 	
1.22630915e+06 	 3.635623e-05 	 2.203306e+07 	
1.22640920e+06 	 3.622292e-05 	 2.202453e+07 	
1.22650925e+06 	 3.609115e-05 	 2.201602e+07 	
1.22660930e+06 	 3.596088e-05 	 2.200752e+07 	
1.22670935e+06 	 3.583207e-05 	 2.199904e+07 	
1.22680940e+06 	 3.570471e-05 	 2.199058e+07 	
1.22690945e+06 	 3.557694e-05 	 2.198216e+07 	
1.22700950e+06 	 3.545234e-05 	 2.197373e+07 	
1.22710955e+06 	 3.532908e-05 	 2.196531e+07 	
1.22720960e+06 	 3.520715e-05 	 2.195691e+07 	
1.22730965e+06 	 3.508652e-05 	 2.194852e+07 	
1.22740970e+06 	 3.496716e-05 	 2.194015e+07 	
1.22750975e+06 	 3.484905e-05 	 2.193179e+07 	
1.22760980e+06 	 3.473216e-05 	 2.192345e+07 	
1.22770985e+06 	 3.461647e-05 	 2.191512e+07 	
1.22780990e+06 	 3.450195e-05 	 2.190681e+07 	
1.22790995e+06 	 3.438858e-05 	 2.189850e+07 	
1.22801001e+06 	 3.427634e-05 	 2.189022e+07 	
1.22811006e+06 	 3.416520e-05 	 2.188194e+07 	
1.22821011e+06 	 3.405515e-05 	 2.187368e+07 	
1.22831016e+06 	 3.394616e-05 	 2.186543e+07 	
1.22841021e+06 	 3.383821e-05 	 2.185719e+07 	
1.22851026e+06 	 3.373129e-05 	 2.184897e+07 	
1.22861031e+06 	 3.362536e-05 	 2.184075e+07 	
1.22871036e+06 	 3.352042e-05 	 2.183255e+07 	
1.22881041e+06 	 3.341645e-05 	 2.182437e+07 	
1.22891046e+06 	 3.331341e-05 	 2.181619e+07 	
1.22901051e+06 	 3.321131e-05 	 2.180802e+07 	
1.22911056e+06 	 3.311011e-05 	 2.179987e+07 	
1.22921061e+06 	 3.300981e-05 	 2.179173e+07 	
1.22931066e+06 	 3.291038e-05 	 2.178360e+07 	
1.22941071e+06 	 3.281181e-05 	 2.177548e+07 	
1.22951076e+06 	 3.271408e-05 	 2.176737e+07 	
1.22961081e+06 	 3.261718e-05 	 2.175927e+07 	
1.22971086e+06 	 3.252109e-05 	 2.175118e+07 	
1.22981091e+06 	 3.242579e-05 	 2.174310e+07 	
1.22991096e+06 	 3.233128e-05 	 2.173503e+07 	
1.23001101e+06 	 3.223753e-05 	 2.172698e+07 	
1.23011106e+06 	 3.214453e-05 	 2.171893e+07 	
1.23021111e+06 	 3.205227e-05 	 2.171089e+07 	
1.23031116e+06 	 3.196074e-05 	 2.170286e+07 	
1.23041121e+06 	 3.186992e-05 	 2.169484e+07 	
1.23051126e+06 	 3.178138e-05 	 2.168681e+07 	
1.23061131e+06 	 3.169196e-05 	 2.167881e+07 	
1.23071136e+06 	 3.160322e-05 	 2.167082e+07 	
1.23081141e+06 	 3.151514e-05 	 2.166284e+07 	
1.23091146e+06 	 3.142770e-05 	 2.165487e+07 	
1.23101151e+06 	 3.134090e-05 	 2.164690e+07 	
1.23111156e+06 	 3.125473e-05 	 2.163895e+07 	
1.23121161e+06 	 3.116917e-05 	 2.163100e+07 	
1.23131166e+06 	 3.108421e-05 	 2.162307e+07 	
1.23141171e+06 	 3.099985e-05 	 2.161514e+07 	
1.23151176e+06 	 3.091606e-05 	 2.160722e+07 	
1.23161181e+06 	 3.083285e-05 	 2.159930e+07 	
1.23171186e+06 	 3.075019e-05 	 2.159140e+07 	
1.23181191e+06 	 3.066809e-05 	 2.158350e+07 	
1.23191196e+06 	 3.058653e-05 	 2.157562e+07 	
1.23201201e+06 	 3.050550e-05 	 2.156774e+07 	
1.23211206e+06 	 3.042498e-05 	 2.155986e+07 	
1.23221211e+06 	 3.034499e-05 	 2.155200e+07 	
1.23231216e+06 	 3.026549e-05 	 2.154414e+07 	
1.23241221e+06 	 3.018649e-05 	 2.153629e+07 	
1.23251226e+06 	 3.010797e-05 	 2.152845e+07 	
1.23261231e+06 	 3.002993e-05 	 2.152062e+07 	
1.23271236e+06 	 2.995236e-05 	 2.151279e+07 	
1.23281241e+06 	 2.987525e-05 	 2.150497e+07 	
1.23291246e+06 	 2.979859e-05 	 2.149716e+07 	
1.23301251e+06 	 2.972238e-05 	 2.148935e+07 	
1.23311256e+06 	 2.964660e-05 	 2.148155e+07 	
1.23321261e+06 	 2.957126e-05 	 2.147376e+07 	
1.23331266e+06 	 2.949633e-05 	 2.146598e+07 	
1.23341271e+06 	 2.942182e-05 	 2.145820e+07 	
1.23351276e+06 	 2.934771e-05 	 2.145043e+07 	
1.23361281e+06 	 2.927401e-05 	 2.144266e+07 	
1.23371286e+06 	 2.920070e-05 	 2.143490e+07 	
1.23381291e+06 	 2.912778e-05 	 2.142715e+07 	
1.23391296e+06 	 2.905523e-05 	 2.141940e+07 	
1.23401301e+06 	 2.898306e-05 	 2.141166e+07 	
1.23411306e+06 	 2.891126e-05 	 2.140393e+07 	
1.23421311e+06 	 2.883981e-05 	 2.139620e+07 	
1.23431316e+06 	 2.877017e-05 	 2.138846e+07 	
1.23441321e+06 	 2.869945e-05 	 2.138075e+07 	
1.23451326e+06 	 2.862908e-05 	 2.137304e+07 	
1.23461331e+06 	 2.855904e-05 	 2.136533e+07 	
1.23471336e+06 	 2.848934e-05 	 2.135764e+07 	
1.23481341e+06 	 2.841996e-05 	 2.134995e+07 	
1.23491346e+06 	 2.835090e-05 	 2.134226e+07 	
1.23501351e+06 	 2.828216e-05 	 2.133458e+07 	
1.23511356e+06 	 2.821373e-05 	 2.132691e+07 	
1.23521361e+06 	 2.814560e-05 	 2.131924e+07 	
1.23531366e+06 	 2.807777e-05 	 2.131158e+07 	
1.23541371e+06 	 2.801024e-05 	 2.130392e+07 	
1.23551376e+06 	 2.794299e-05 	 2.129627e+07 	
1.23561381e+06 	 2.787603e-05 	 2.128862e+07 	
1.23571386e+06 	 2.780935e-05 	 2.128098e+07 	
1.23581391e+06 	 2.774295e-05 	 2.127334e+07 	
1.23591396e+06 	 2.767682e-05 	 2.126571e+07 	
1.23601401e+06 	 2.761095e-05 	 2.125809e+07 	
1.23611406e+06 	 2.754535e-05 	 2.125047e+07 	
1.23621411e+06 	 2.748000e-05 	 2.124286e+07 	
1.23631416e+06 	 2.741491e-05 	 2.123525e+07 	
1.23641421e+06 	 2.735007e-05 	 2.122764e+07 	
1.23651426e+06 	 2.728548e-05 	 2.122004e+07 	
1.23661431e+06 	 2.722112e-05 	 2.121245e+07 	
1.23671436e+06 	 2.715700e-05 	 2.120486e+07 	
1.23681441e+06 	 2.709312e-05 	 2.119727e+07 	
1.23691446e+06 	 2.702947e-05 	 2.118969e+07 	
1.23701451e+06 	 2.696604e-05 	 2.118212e+07 	
1.23711456e+06 	 2.690284e-05 	 2.117455e+07 	
1.23721461e+06 	 2.683985e-05 	 2.116698e+07 	
1.23731466e+06 	 2.677708e-05 	 2.115942e+07 	
1.23741471e+06 	 2.671453e-05 	 2.115187e+07 	
1.23751476e+06 	 2.665218e-05 	 2.114432e+07 	
1.23761481e+06 	 2.659003e-05 	 2.113677e+07 	
1.23771486e+06 	 2.652809e-05 	 2.112923e+07 	
1.23781491e+06 	 2.646635e-05 	 2.112169e+07 	
1.23791496e+06 	 2.640480e-05 	 2.111416e+07 	
1.23801501e+06 	 2.634345e-05 	 2.110663e+07 	
1.23811506e+06 	 2.628228e-05 	 2.109910e+07 	
1.23821511e+06 	 2.622263e-05 	 2.109156e+07 	
1.23831516e+06 	 2.616186e-05 	 2.108404e+07 	
1.23841521e+06 	 2.610127e-05 	 2.107653e+07 	
1.23851526e+06 	 2.604085e-05 	 2.106903e+07 	
1.23861531e+06 	 2.598061e-05 	 2.106152e+07 	
1.23871536e+06 	 2.592054e-05 	 2.105402e+07 	
1.23881541e+06 	 2.586065e-05 	 2.104653e+07 	
1.23891546e+06 	 2.580092e-05 	 2.103904e+07 	
1.23901551e+06 	 2.574135e-05 	 2.103155e+07 	
1.23911556e+06 	 2.568195e-05 	 2.102407e+07 	
1.23921561e+06 	 2.562271e-05 	 2.101659e+07 	
1.23931566e+06 	 2.556362e-05 	 2.100912e+07 	
1.23941571e+06 	 2.550469e-05 	 2.100165e+07 	
1.23951576e+06 	 2.544591e-05 	 2.099418e+07 	
1.23961581e+06 	 2.538728e-05 	 2.098672e+07 	
1.23971586e+06 	 2.532880e-05 	 2.097926e+07 	
1.23981591e+06 	 2.527046e-05 	 2.097181e+07 	
1.23991596e+06 	 2.521227e-05 	 2.096436e+07 	
1.24001601e+06 	 2.515422e-05 	 2.095692e+07 	
1.24011606e+06 	 2.509631e-05 	 2.094947e+07 	
1.24021611e+06 	 2.503853e-05 	 2.094204e+07 	
1.24031616e+06 	 2.498089e-05 	 2.093460e+07 	
1.24041621e+06 	 2.492338e-05 	 2.092717e+07 	
1.24051626e+06 	 2.486600e-05 	 2.091975e+07 	
1.24061631e+06 	 2.480875e-05 	 2.091232e+07 	
1.24071636e+06 	 2.475163e-05 	 2.090490e+07 	
1.24081641e+06 	 2.469463e-05 	 2.089749e+07 	
1.24091646e+06 	 2.463775e-05 	 2.089008e+07 	
1.24101651e+06 	 2.458100e-05 	 2.088267e+07 	
1.24111656e+06 	 2.452436e-05 	 2.087527e+07 	
1.24121661e+06 	 2.446784e-05 	 2.086786e+07 	
1.24131666e+06 	 2.441144e-05 	 2.086047e+07 	
1.24141671e+06 	 2.435515e-05 	 2.085308e+07 	
1.24151676e+06 	 2.429898e-05 	 2.084569e+07 	
1.24161681e+06 	 2.424291e-05 	 2.083830e+07 	
1.24171686e+06 	 2.418695e-05 	 2.083092e+07 	
1.24181691e+06 	 2.413110e-05 	 2.082354e+07 	
1.24191696e+06 	 2.407536e-05 	 2.081616e+07 	
1.24201701e+06 	 2.401972e-05 	 2.080879e+07 	
1.24211706e+06 	 2.396540e-05 	 2.080140e+07 	
1.24221711e+06 	 2.390998e-05 	 2.079404e+07 	
1.24231716e+06 	 2.385466e-05 	 2.078668e+07 	
1.24241721e+06 	 2.379944e-05 	 2.077932e+07 	
1.24251726e+06 	 2.374432e-05 	 2.077196e+07 	
1.24261731e+06 	 2.368930e-05 	 2.076461e+07 	
1.24271736e+06 	 2.363436e-05 	 2.075727e+07 	
1.24281741e+06 	 2.357952e-05 	 2.074992e+07 	
1.24291746e+06 	 2.352477e-05 	 2.074258e+07 	
1.24301751e+06 	 2.347012e-05 	 2.073524e+07 	
1.24311756e+06 	 2.341555e-05 	 2.072791e+07 	
1.24321761e+06 	 2.336106e-05 	 2.072058e+07 	
1.24331766e+06 	 2.330667e-05 	 2.071325e+07 	
1.24341771e+06 	 2.325236e-05 	 2.070593e+07 	
1.24351776e+06 	 2.319813e-05 	 2.069861e+07 	
1.24361781e+06 	 2.314399e-05 	 2.069129e+07 	
1.24371786e+06 	 2.308992e-05 	 2.068398e+07 	
1.24381791e+06 	 2.303594e-05 	 2.067667e+07 	
1.24391796e+06 	 2.298204e-05 	 2.066936e+07 	
1.24401801e+06 	 2.292821e-05 	 2.066206e+07 	
1.24411806e+06 	 2.287446e-05 	 2.065475e+07 	
1.24421811e+06 	 2.282079e-05 	 2.064746e+07 	
1.24431816e+06 	 2.276719e-05 	 2.064016e+07 	
1.24441821e+06 	 2.271366e-05 	 2.063287e+07 	
1.24451826e+06 	 2.266021e-05 	 2.062558e+07 	
1.24461831e+06 	 2.260683e-05 	 2.061830e+07 	
1.24471836e+06 	 2.255352e-05 	 2.061102e+07 	
1.24481841e+06 	 2.250028e-05 	 2.060374e+07 	
1.24491846e+06 	 2.244710e-05 	 2.059647e+07 	
1.24501851e+06 	 2.239400e-05 	 2.058920e+07 	
1.24511856e+06 	 2.234096e-05 	 2.058193e+07 	
1.24521861e+06 	 2.228799e-05 	 2.057466e+07 	
1.24531866e+06 	 2.223508e-05 	 2.056740e+07 	
1.24541871e+06 	 2.218223e-05 	 2.056014e+07 	
1.24551876e+06 	 2.212945e-05 	 2.055289e+07 	
1.24561881e+06 	 2.207673e-05 	 2.054563e+07 	
1.24571886e+06 	 2.202407e-05 	 2.053838e+07 	
1.24581891e+06 	 2.197148e-05 	 2.053114e+07 	
1.24591896e+06 	 2.191894e-05 	 2.052389e+07 	
1.24601901e+06 	 2.186757e-05 	 2.051663e+07 	
1.24611906e+06 	 2.181516e-05 	 2.050940e+07 	
1.24621911e+06 	 2.176281e-05 	 2.050216e+07 	
1.24631916e+06 	 2.171052e-05 	 2.049493e+07 	
1.24641921e+06 	 2.165829e-05 	 2.048770e+07 	
1.24651926e+06 	 2.160610e-05 	 2.048048e+07 	
1.24661931e+06 	 2.155398e-05 	 2.047326e+07 	
1.24671936e+06 	 2.150190e-05 	 2.046604e+07 	
1.24681941e+06 	 2.144988e-05 	 2.045882e+07 	
1.24691946e+06 	 2.139791e-05 	 2.045161e+07 	
1.24701951e+06 	 2.134599e-05 	 2.044440e+07 	
1.24711956e+06 	 2.129413e-05 	 2.043719e+07 	
1.24721961e+06 	 2.124231e-05 	 2.042999e+07 	
1.24731966e+06 	 2.119054e-05 	 2.042279e+07 	
1.24741971e+06 	 2.113882e-05 	 2.041559e+07 	
1.24751976e+06 	 2.108715e-05 	 2.040840e+07 	
1.24761981e+06 	 2.103552e-05 	 2.040121e+07 	
1.24771986e+06 	 2.098394e-05 	 2.039402e+07 	
1.24781991e+06 	 2.093241e-05 	 2.038684e+07 	
1.24791996e+06 	 2.088092e-05 	 2.037965e+07 	
1.24802001e+06 	 2.082948e-05 	 2.037248e+07 	
1.24812006e+06 	 2.077808e-05 	 2.036530e+07 	
1.24822011e+06 	 2.072672e-05 	 2.035813e+07 	
1.24832016e+06 	 2.067541e-05 	 2.035096e+07 	
1.24842021e+06 	 2.062414e-05 	 2.034379e+07 	
1.24852026e+06 	 2.057291e-05 	 2.033663e+07 	
1.24862031e+06 	 2.052172e-05 	 2.032947e+07 	
1.24872036e+06 	 2.047057e-05 	 2.032231e+07 	
1.24882041e+06 	 2.041946e-05 	 2.031515e+07 	
1.24892046e+06 	 2.036839e-05 	 2.030800e+07 	
1.24902051e+06 	 2.031736e-05 	 2.030086e+07 	
1.24912056e+06 	 2.026637e-05 	 2.029371e+07 	
1.24922061e+06 	 2.021542e-05 	 2.028657e+07 	
1.24932066e+06 	 2.016450e-05 	 2.027943e+07 	
1.24942071e+06 	 2.011362e-05 	 2.027229e+07 	
1.24952076e+06 	 2.006277e-05 	 2.026516e+07 	
1.24962081e+06 	 2.001196e-05 	 2.025803e+07 	
1.24972086e+06 	 1.996119e-05 	 2.025090e+07 	
1.24982091e+06 	 1.991045e-05 	 2.024378e+07 	
1.24992096e+06 	 1.986076e-05 	 2.023663e+07 	
1.25002101e+06 	 1.981010e-05 	 2.022951e+07 	
1.25012106e+06 	 1.975948e-05 	 2.022240e+07 	
1.25022111e+06 	 1.970889e-05 	 2.021529e+07 	
1.25032116e+06 	 1.965833e-05 	 2.020818e+07 	
1.25042121e+06 	 1.960781e-05 	 2.020107e+07 	
1.25052126e+06 	 1.955731e-05 	 2.019397e+07 	
1.25062131e+06 	 1.950685e-05 	 2.018686e+07 	
1.25072136e+06 	 1.945642e-05 	 2.017977e+07 	
1.25082141e+06 	 1.940602e-05 	 2.017267e+07 	
1.25092146e+06 	 1.935565e-05 	 2.016558e+07 	
1.25102151e+06 	 1.930531e-05 	 2.015849e+07 	
1.25112156e+06 	 1.925500e-05 	 2.015141e+07 	
1.25122161e+06 	 1.920472e-05 	 2.014432e+07 	
1.25132166e+06 	 1.915446e-05 	 2.013725e+07 	
1.25142171e+06 	 1.910424e-05 	 2.013017e+07 	
1.25152176e+06 	 1.905404e-05 	 2.012310e+07 	
1.25162181e+06 	 1.900387e-05 	 2.011602e+07 	
1.25172186e+06 	 1.895372e-05 	 2.010896e+07 	
1.25182191e+06 	 1.890360e-05 	 2.010189e+07 	
1.25192196e+06 	 1.885351e-05 	 2.009483e+07 	
1.25202201e+06 	 1.880344e-05 	 2.008777e+07 	
1.25212206e+06 	 1.875340e-05 	 2.008072e+07 	
1.25222211e+06 	 1.870338e-05 	 2.007367e+07 	
1.25232216e+06 	 1.865339e-05 	 2.006662e+07 	
1.25242221e+06 	 1.860342e-05 	 2.005957e+07 	
1.25252226e+06 	 1.855348e-05 	 2.005253e+07 	
1.25262231e+06 	 1.850356e-05 	 2.004549e+07 	
1.25272236e+06 	 1.845366e-05 	 2.003845e+07 	
1.25282241e+06 	 1.840378e-05 	 2.003142e+07 	
1.25292246e+06 	 1.835393e-05 	 2.002439e+07 	
1.25302251e+06 	 1.830410e-05 	 2.001736e+07 	
1.25312256e+06 	 1.825429e-05 	 2.001033e+07 	
1.25322261e+06 	 1.820451e-05 	 2.000331e+07 	
1.25332266e+06 	 1.815474e-05 	 1.999629e+07 	
1.25342271e+06 	 1.810500e-05 	 1.998928e+07 	
1.25352276e+06 	 1.805527e-05 	 1.998227e+07 	
1.25362281e+06 	 1.800557e-05 	 1.997526e+07 	
1.25372286e+06 	 1.795589e-05 	 1.996825e+07 	
1.25382291e+06 	 1.790531e-05 	 1.996127e+07 	
1.25392296e+06 	 1.785566e-05 	 1.995427e+07 	
1.25402301e+06 	 1.780602e-05 	 1.994727e+07 	
1.25412306e+06 	 1.775640e-05 	 1.994028e+07 	
1.25422311e+06 	 1.770679e-05 	 1.993329e+07 	
1.25432316e+06 	 1.765721e-05 	 1.992630e+07 	
1.25442321e+06 	 1.760764e-05 	 1.991932e+07 	
1.25452326e+06 	 1.755809e-05 	 1.991234e+07 	
1.25462331e+06 	 1.750856e-05 	 1.990536e+07 	
1.25472336e+06 	 1.745904e-05 	 1.989839e+07 	
1.25482341e+06 	 1.740955e-05 	 1.989142e+07 	
1.25492346e+06 	 1.736006e-05 	 1.988445e+07 	
1.25502351e+06 	 1.731060e-05 	 1.987748e+07 	
1.25512356e+06 	 1.726115e-05 	 1.987052e+07 	
1.25522361e+06 	 1.721171e-05 	 1.986356e+07 	
1.25532366e+06 	 1.716229e-05 	 1.985661e+07 	
1.25542371e+06 	 1.711289e-05 	 1.984966e+07 	
1.25552376e+06 	 1.706350e-05 	 1.984271e+07 	
1.25562381e+06 	 1.701412e-05 	 1.983576e+07 	
1.25572386e+06 	 1.696476e-05 	 1.982882e+07 	
1.25582391e+06 	 1.691542e-05 	 1.982188e+07 	
1.25592396e+06 	 1.686608e-05 	 1.981494e+07 	
1.25602401e+06 	 1.681677e-05 	 1.980801e+07 	
1.25612406e+06 	 1.676746e-05 	 1.980108e+07 	
1.25622411e+06 	 1.671817e-05 	 1.979416e+07 	
1.25632416e+06 	 1.666889e-05 	 1.978723e+07 	
1.25642421e+06 	 1.661962e-05 	 1.978031e+07 	
1.25652426e+06 	 1.657036e-05 	 1.977340e+07 	
1.25662431e+06 	 1.652112e-05 	 1.976648e+07 	
1.25672436e+06 	 1.647189e-05 	 1.975958e+07 	
1.25682441e+06 	 1.642267e-05 	 1.975267e+07 	
1.25692446e+06 	 1.637346e-05 	 1.974577e+07 	
1.25702451e+06 	 1.632427e-05 	 1.973887e+07 	
1.25712456e+06 	 1.627508e-05 	 1.973197e+07 	
1.25722461e+06 	 1.622591e-05 	 1.972508e+07 	
1.25732466e+06 	 1.617675e-05 	 1.971819e+07 	
1.25742471e+06 	 1.612759e-05 	 1.971130e+07 	
1.25752476e+06 	 1.607845e-05 	 1.970442e+07 	
1.25762481e+06 	 1.602852e-05 	 1.969756e+07 	
1.25772486e+06 	 1.597938e-05 	 1.969068e+07 	
1.25782491e+06 	 1.593025e-05 	 1.968381e+07 	
1.25792496e+06 	 1.588114e-05 	 1.967694e+07 	
1.25802501e+06 	 1.583203e-05 	 1.967008e+07 	
1.25812506e+06 	 1.578293e-05 	 1.966322e+07 	
1.25822511e+06 	 1.573384e-05 	 1.965636e+07 	
1.25832516e+06 	 1.568476e-05 	 1.964950e+07 	
1.25842521e+06 	 1.563569e-05 	 1.964265e+07 	
1.25852526e+06 	 1.558663e-05 	 1.963580e+07 	
1.25862531e+06 	 1.553757e-05 	 1.962896e+07 	
1.25872536e+06 	 1.548852e-05 	 1.962212e+07 	
1.25882541e+06 	 1.543948e-05 	 1.961528e+07 	
1.25892546e+06 	 1.539045e-05 	 1.960845e+07 	
1.25902551e+06 	 1.534142e-05 	 1.960162e+07 	
1.25912556e+06 	 1.529240e-05 	 1.959479e+07 	
1.25922561e+06 	 1.524339e-05 	 1.958797e+07 	
1.25932566e+06 	 1.519438e-05 	 1.958115e+07 	
1.25942571e+06 	 1.514538e-05 	 1.957433e+07 	
1.25952576e+06 	 1.509639e-05 	 1.956752e+07 	
1.25962581e+06 	 1.504740e-05 	 1.956071e+07 	
1.25972586e+06 	 1.499842e-05 	 1.955390e+07 	
1.25982591e+06 	 1.494945e-05 	 1.954710e+07 	
1.25992596e+06 	 1.490048e-05 	 1.954030e+07 	
1.26002601e+06 	 1.485152e-05 	 1.953351e+07 	
1.26012606e+06 	 1.480256e-05 	 1.952672e+07 	
1.26022611e+06 	 1.475361e-05 	 1.951993e+07 	
1.26032616e+06 	 1.470466e-05 	 1.951315e+07 	
1.26042621e+06 	 1.465572e-05 	 1.950637e+07 	
1.26052626e+06 	 1.460678e-05 	 1.949960e+07 	
1.26062631e+06 	 1.455785e-05 	 1.949282e+07 	
1.26072636e+06 	 1.450892e-05 	 1.948606e+07 	
1.26082641e+06 	 1.445999e-05 	 1.947929e+07 	
1.26092646e+06 	 1.441107e-05 	 1.947253e+07 	
1.26102651e+06 	 1.436216e-05 	 1.946577e+07 	
1.26112656e+06 	 1.431325e-05 	 1.945902e+07 	
1.26122661e+06 	 1.426434e-05 	 1.945227e+07 	
1.26132666e+06 	 1.421544e-05 	 1.944553e+07 	
1.26142671e+06 	 1.416654e-05 	 1.943879e+07 	
1.26152676e+06 	 1.411835e-05 	 1.943203e+07 	
1.26162681e+06 	 1.406947e-05 	 1.942530e+07 	
1.26172686e+06 	 1.402059e-05 	 1.941857e+07 	
1.26182691e+06 	 1.397171e-05 	 1.941184e+07 	
1.26192696e+06 	 1.392284e-05 	 1.940512e+07 	
1.26202701e+06 	 1.387397e-05 	 1.939840e+07 	
1.26212706e+06 	 1.382511e-05 	 1.939169e+07 	
1.26222711e+06 	 1.377624e-05 	 1.938498e+07 	
1.26232716e+06 	 1.372738e-05 	 1.937827e+07 	
1.26242721e+06 	 1.367853e-05 	 1.937157e+07 	
1.26252726e+06 	 1.362967e-05 	 1.936487e+07 	
1.26262731e+06 	 1.358082e-05 	 1.935818e+07 	
1.26272736e+06 	 1.353197e-05 	 1.935149e+07 	
1.26282741e+06 	 1.348312e-05 	 1.934480e+07 	
1.26292746e+06 	 1.343428e-05 	 1.933812e+07 	
1.26302751e+06 	 1.338544e-05 	 1.933145e+07 	
1.26312756e+06 	 1.333660e-05 	 1.932477e+07 	
1.26322761e+06 	 1.328776e-05 	 1.931811e+07 	
1.26332766e+06 	 1.323892e-05 	 1.931144e+07 	
1.26342771e+06 	 1.319009e-05 	 1.930478e+07 	
1.26352776e+06 	 1.314126e-05 	 1.929813e+07 	
1.26362781e+06 	 1.309242e-05 	 1.929148e+07 	
1.26372786e+06 	 1.304360e-05 	 1.928483e+07 	
1.26382791e+06 	 1.299477e-05 	 1.927819e+07 	
1.26392796e+06 	 1.294594e-05 	 1.927155e+07 	
1.26402801e+06 	 1.289712e-05 	 1.926491e+07 	
1.26412806e+06 	 1.284830e-05 	 1.925828e+07 	
1.26422811e+06 	 1.279948e-05 	 1.925166e+07 	
1.26432816e+06 	 1.275066e-05 	 1.924504e+07 	
1.26442821e+06 	 1.270184e-05 	 1.923842e+07 	
1.26452826e+06 	 1.265303e-05 	 1.923181e+07 	
1.26462831e+06 	 1.260421e-05 	 1.922520e+07 	
1.26472836e+06 	 1.255540e-05 	 1.921860e+07 	
1.26482841e+06 	 1.250659e-05 	 1.921200e+07 	
1.26492846e+06 	 1.245778e-05 	 1.920541e+07 	
1.26502851e+06 	 1.240897e-05 	 1.919882e+07 	
1.26512856e+06 	 1.236016e-05 	 1.919224e+07 	
1.26522861e+06 	 1.231135e-05 	 1.918566e+07 	
1.26532866e+06 	 1.226255e-05 	 1.917908e+07 	
1.26542871e+06 	 1.221436e-05 	 1.917249e+07 	
1.26552876e+06 	 1.216557e-05 	 1.916592e+07 	
1.26562881e+06 	 1.211678e-05 	 1.915936e+07 	
1.26572886e+06 	 1.206799e-05 	 1.915281e+07 	
1.26582891e+06 	 1.201920e-05 	 1.914626e+07 	
1.26592896e+06 	 1.197041e-05 	 1.913971e+07 	
1.26602901e+06 	 1.192163e-05 	 1.913317e+07 	
1.26612906e+06 	 1.187284e-05 	 1.912663e+07 	
1.26622911e+06 	 1.182406e-05 	 1.912010e+07 	
1.26632916e+06 	 1.177528e-05 	 1.911357e+07 	
1.26642921e+06 	 1.172650e-05 	 1.910705e+07 	
1.26652926e+06 	 1.167773e-05 	 1.910053e+07 	
1.26662931e+06 	 1.162895e-05 	 1.909402e+07 	
1.26672936e+06 	 1.158018e-05 	 1.908751e+07 	
1.26682941e+06 	 1.153141e-05 	 1.908101e+07 	
1.26692946e+06 	 1.148264e-05 	 1.907452e+07 	
1.26702951e+06 	 1.143387e-05 	 1.906802e+07 	
1.26712956e+06 	 1.138511e-05 	 1.906154e+07 	
1.26722961e+06 	 1.133635e-05 	 1.905506e+07 	
1.26732966e+06 	 1.128759e-05 	 1.904858e+07 	
1.26742971e+06 	 1.123883e-05 	 1.904211e+07 	
1.26752976e+06 	 1.119007e-05 	 1.903565e+07 	
1.26762981e+06 	 1.114132e-05 	 1.902919e+07 	
1.26772986e+06 	 1.109257e-05 	 1.902273e+07 	
1.26782991e+06 	 1.104383e-05 	 1.901628e+07 	
1.26792996e+06 	 1.099509e-05 	 1.900984e+07 	
1.26803002e+06 	 1.094635e-05 	 1.900340e+07 	
1.26813007e+06 	 1.089761e-05 	 1.899697e+07 	
1.26823012e+06 	 1.084888e-05 	 1.899054e+07 	
1.26833017e+06 	 1.080015e-05 	 1.898412e+07 	
1.26843022e+06 	 1.075142e-05 	 1.897770e+07 	
1.26853027e+06 	 1.070270e-05 	 1.897129e+07 	
1.26863032e+06 	 1.065399e-05 	 1.896489e+07 	
1.26873037e+06 	 1.060527e-05 	 1.895849e+07 	
1.26883042e+06 	 1.055657e-05 	 1.895209e+07 	
1.26893047e+06 	 1.050786e-05 	 1.894571e+07 	
1.26903052e+06 	 1.045917e-05 	 1.893932e+07 	
1.26913057e+06 	 1.041047e-05 	 1.893295e+07 	
1.26923062e+06 	 1.036231e-05 	 1.892656e+07 	
1.26933067e+06 	 1.031363e-05 	 1.892019e+07 	
1.26943072e+06 	 1.026496e-05 	 1.891383e+07 	
1.26953077e+06 	 1.021630e-05 	 1.890748e+07 	
1.26963082e+06 	 1.016764e-05 	 1.890113e+07 	
1.26973087e+06 	 1.011899e-05 	 1.889479e+07 	
1.26983092e+06 	 1.007035e-05 	 1.888846e+07 	
1.26993097e+06 	 1.002172e-05 	 1.888213e+07 	
1.27003102e+06 	 9.973089e-06 	 1.887581e+07 	
1.27013107e+06 	 9.924468e-06 	 1.886949e+07 	
1.27023112e+06 	 9.875856e-06 	 1.886318e+07 	
1.27033117e+06 	 9.827252e-06 	 1.885688e+07 	
1.27043122e+06 	 9.778657e-06 	 1.885058e+07 	
1.27053127e+06 	 9.730071e-06 	 1.884429e+07 	
1.27063132e+06 	 9.681494e-06 	 1.883801e+07 	
1.27073137e+06 	 9.632926e-06 	 1.883173e+07 	
1.27083142e+06 	 9.584369e-06 	 1.882546e+07 	
1.27093147e+06 	 9.535821e-06 	 1.881920e+07 	
1.27103152e+06 	 9.487285e-06 	 1.881294e+07 	
1.27113157e+06 	 9.438760e-06 	 1.880669e+07 	
1.27123162e+06 	 9.390245e-06 	 1.880044e+07 	
1.27133167e+06 	 9.341743e-06 	 1.879420e+07 	
1.27143172e+06 	 9.293253e-06 	 1.878797e+07 	
1.27153177e+06 	 9.244776e-06 	 1.878175e+07 	
1.27163182e+06 	 9.196311e-06 	 1.877553e+07 	
1.27173187e+06 	 9.147860e-06 	 1.876932e+07 	
1.27183192e+06 	 9.099423e-06 	 1.876312e+07 	
1.27193197e+06 	 9.051001e-06 	 1.875692e+07 	
1.27203202e+06 	 9.002593e-06 	 1.875073e+07 	
1.27213207e+06 	 8.954200e-06 	 1.874455e+07 	
1.27223212e+06 	 8.905823e-06 	 1.873837e+07 	
1.27233217e+06 	 8.857462e-06 	 1.873221e+07 	
1.27243222e+06 	 8.809118e-06 	 1.872605e+07 	
1.27253227e+06 	 8.760791e-06 	 1.871989e+07 	
1.27263232e+06 	 8.712482e-06 	 1.871375e+07 	
1.27273237e+06 	 8.664192e-06 	 1.870761e+07 	
1.27283242e+06 	 8.615920e-06 	 1.870148e+07 	
1.27293247e+06 	 8.567667e-06 	 1.869535e+07 	
1.27303252e+06 	 8.519008e-06 	 1.868926e+07 	
1.27313257e+06 	 8.470791e-06 	 1.868315e+07 	
1.27323262e+06 	 8.422595e-06 	 1.867705e+07 	
1.27333267e+06 	 8.374420e-06 	 1.867096e+07 	
1.27343272e+06 	 8.326268e-06 	 1.866487e+07 	
1.27353277e+06 	 8.278138e-06 	 1.865879e+07 	
1.27363282e+06 	 8.230032e-06 	 1.865272e+07 	
1.27373287e+06 	 8.181950e-06 	 1.864666e+07 	
1.27383292e+06 	 8.133893e-06 	 1.864061e+07 	
1.27393297e+06 	 8.085862e-06 	 1.863457e+07 	
1.27403302e+06 	 8.037857e-06 	 1.862853e+07 	
1.27413307e+06 	 7.989878e-06 	 1.862250e+07 	
1.27423312e+06 	 7.941928e-06 	 1.861648e+07 	
1.27433317e+06 	 7.894005e-06 	 1.861047e+07 	
1.27443322e+06 	 7.846112e-06 	 1.860446e+07 	
1.27453327e+06 	 7.798249e-06 	 1.859847e+07 	
1.27463332e+06 	 7.750416e-06 	 1.859248e+07 	
1.27473337e+06 	 7.702614e-06 	 1.858650e+07 	
1.27483342e+06 	 7.654845e-06 	 1.858053e+07 	
1.27493347e+06 	 7.607109e-06 	 1.857457e+07 	
1.27503352e+06 	 7.559406e-06 	 1.856862e+07 	
1.27513357e+06 	 7.511738e-06 	 1.856267e+07 	
1.27523362e+06 	 7.464106e-06 	 1.855674e+07 	
1.27533367e+06 	 7.416510e-06 	 1.855081e+07 	
1.27543372e+06 	 7.368951e-06 	 1.854489e+07 	
1.27553377e+06 	 7.321430e-06 	 1.853899e+07 	
1.27563382e+06 	 7.273948e-06 	 1.853309e+07 	
1.27573387e+06 	 7.226506e-06 	 1.852720e+07 	
1.27583392e+06 	 7.179105e-06 	 1.852132e+07 	
1.27593397e+06 	 7.131746e-06 	 1.851544e+07 	
1.27603402e+06 	 7.084430e-06 	 1.850958e+07 	
1.27613407e+06 	 7.037157e-06 	 1.850373e+07 	
1.27623412e+06 	 6.989929e-06 	 1.849789e+07 	
1.27633417e+06 	 6.942747e-06 	 1.849205e+07 	
1.27643422e+06 	 6.895611e-06 	 1.848623e+07 	
1.27653427e+06 	 6.848523e-06 	 1.848041e+07 	
1.27663432e+06 	 6.801484e-06 	 1.847461e+07 	
1.27673437e+06 	 6.754495e-06 	 1.846881e+07 	
1.27683442e+06 	 6.707221e-06 	 1.846305e+07 	
1.27693447e+06 	 6.660332e-06 	 1.845728e+07 	
1.27703452e+06 	 6.613495e-06 	 1.845151e+07 	
1.27713457e+06 	 6.566713e-06 	 1.844576e+07 	
1.27723462e+06 	 6.519986e-06 	 1.844001e+07 	
1.27733467e+06 	 6.473315e-06 	 1.843428e+07 	
1.27743472e+06 	 6.426703e-06 	 1.842855e+07 	
1.27753477e+06 	 6.380149e-06 	 1.842284e+07 	
1.27763482e+06 	 6.333656e-06 	 1.841714e+07 	
1.27773487e+06 	 6.287224e-06 	 1.841145e+07 	
1.27783492e+06 	 6.240854e-06 	 1.840576e+07 	
1.27793497e+06 	 6.194549e-06 	 1.840009e+07 	
1.27803502e+06 	 6.148308e-06 	 1.839443e+07 	
1.27813507e+06 	 6.102134e-06 	 1.838878e+07 	
1.27823512e+06 	 6.056028e-06 	 1.838314e+07 	
1.27833517e+06 	 6.009991e-06 	 1.837752e+07 	
1.27843522e+06 	 5.964024e-06 	 1.837190e+07 	
1.27853527e+06 	 5.918129e-06 	 1.836629e+07 	
1.27863532e+06 	 5.872307e-06 	 1.836070e+07 	
1.27873537e+06 	 5.826559e-06 	 1.835512e+07 	
1.27883542e+06 	 5.780887e-06 	 1.834955e+07 	
1.27893547e+06 	 5.735293e-06 	 1.834399e+07 	
1.27903552e+06 	 5.689777e-06 	 1.833844e+07 	
1.27913557e+06 	 5.644341e-06 	 1.833290e+07 	
1.27923562e+06 	 5.598987e-06 	 1.832738e+07 	
1.27933567e+06 	 5.553716e-06 	 1.832186e+07 	
1.27943572e+06 	 5.508529e-06 	 1.831636e+07 	
1.27953577e+06 	 5.463429e-06 	 1.831087e+07 	
1.27963582e+06 	 5.418416e-06 	 1.830539e+07 	
1.27973587e+06 	 5.373491e-06 	 1.829993e+07 	
1.27983592e+06 	 5.328658e-06 	 1.829448e+07 	
1.27993597e+06 	 5.283917e-06 	 1.828904e+07 	
1.28003602e+06 	 5.239269e-06 	 1.828361e+07 	
1.28013607e+06 	 5.194717e-06 	 1.827819e+07 	
1.28023612e+06 	 5.150262e-06 	 1.827279e+07 	
1.28033617e+06 	 5.105905e-06 	 1.826740e+07 	
1.28043622e+06 	 5.061648e-06 	 1.826202e+07 	
1.28053627e+06 	 5.017493e-06 	 1.825665e+07 	
1.28063632e+06 	 4.973692e-06 	 1.825128e+07 	
1.28073637e+06 	 4.929748e-06 	 1.824594e+07 	
1.28083642e+06 	 4.885911e-06 	 1.824061e+07 	
1.28093647e+06 	 4.842183e-06 	 1.823530e+07 	
1.28103652e+06 	 4.798564e-06 	 1.823000e+07 	
1.28113657e+06 	 4.755058e-06 	 1.822471e+07 	
1.28123662e+06 	 4.711665e-06 	 1.821943e+07 	
1.28133667e+06 	 4.668388e-06 	 1.821417e+07 	
1.28143672e+06 	 4.625228e-06 	 1.820893e+07 	
1.28153677e+06 	 4.582187e-06 	 1.820369e+07 	
1.28163682e+06 	 4.539266e-06 	 1.819847e+07 	
1.28173687e+06 	 4.496468e-06 	 1.819327e+07 	
1.28183692e+06 	 4.453794e-06 	 1.818808e+07 	
1.28193697e+06 	 4.411247e-06 	 1.818290e+07 	
1.28203702e+06 	 4.368827e-06 	 1.817773e+07 	
1.28213707e+06 	 4.326537e-06 	 1.817258e+07 	
1.28223712e+06 	 4.284379e-06 	 1.816745e+07 	
1.28233717e+06 	 4.242354e-06 	 1.816233e+07 	
1.28243722e+06 	 4.200464e-06 	 1.815722e+07 	
1.28253727e+06 	 4.158712e-06 	 1.815213e+07 	
1.28263732e+06 	 4.117098e-06 	 1.814705e+07 	
1.28273737e+06 	 4.075626e-06 	 1.814199e+07 	
1.28283742e+06 	 4.034296e-06 	 1.813694e+07 	
1.28293747e+06 	 3.993111e-06 	 1.813191e+07 	
1.28303752e+06 	 3.952072e-06 	 1.812689e+07 	
1.28313757e+06 	 3.911182e-06 	 1.812188e+07 	
1.28323762e+06 	 3.870442e-06 	 1.811690e+07 	
1.28333767e+06 	 3.829855e-06 	 1.811192e+07 	
1.28343772e+06 	 3.789422e-06 	 1.810697e+07 	
1.28353777e+06 	 3.749145e-06 	 1.810202e+07 	
1.28363782e+06 	 3.709025e-06 	 1.809710e+07 	
1.28373787e+06 	 3.669066e-06 	 1.809219e+07 	
1.28383792e+06 	 3.629269e-06 	 1.808729e+07 	
1.28393797e+06 	 3.589636e-06 	 1.808241e+07 	
1.28403802e+06 	 3.550168e-06 	 1.807755e+07 	
1.28413807e+06 	 3.510868e-06 	 1.807270e+07 	
1.28423812e+06 	 3.471738e-06 	 1.806787e+07 	
1.28433817e+06 	 3.432607e-06 	 1.806307e+07 	
1.28443822e+06 	 3.393821e-06 	 1.805827e+07 	
1.28453827e+06 	 3.355210e-06 	 1.805349e+07 	
1.28463832e+06 	 3.316776e-06 	 1.804872e+07 	
1.28473837e+06 	 3.278521e-06 	 1.804397e+07 	
1.28483842e+06 	 3.240448e-06 	 1.803924e+07 	
1.28493847e+06 	 3.202558e-06 	 1.803452e+07 	
1.28503852e+06 	 3.164852e-06 	 1.802982e+07 	
1.28513857e+06 	 3.127334e-06 	 1.802514e+07 	
1.28523862e+06 	 3.090004e-06 	 1.802047e+07 	
1.28533867e+06 	 3.052865e-06 	 1.801583e+07 	
1.28543872e+06 	 3.015919e-06 	 1.801119e+07 	
1.28553877e+06 	 2.979167e-06 	 1.800658e+07 	
1.28563882e+06 	 2.942611e-06 	 1.800198e+07 	
1.28573887e+06 	 2.906253e-06 	 1.799740e+07 	
1.28583892e+06 	 2.870096e-06 	 1.799284e+07 	
1.28593897e+06 	 2.834140e-06 	 1.798829e+07 	
1.28603902e+06 	 2.798388e-06 	 1.798376e+07 	
1.28613907e+06 	 2.762841e-06 	 1.797925e+07 	
1.28623912e+06 	 2.727501e-06 	 1.797476e+07 	
1.28633917e+06 	 2.692370e-06 	 1.797029e+07 	
1.28643922e+06 	 2.657451e-06 	 1.796583e+07 	
1.28653927e+06 	 2.622743e-06 	 1.796139e+07 	
1.28663932e+06 	 2.588250e-06 	 1.795697e+07 	
1.28673937e+06 	 2.553973e-06 	 1.795257e+07 	
1.28683942e+06 	 2.519913e-06 	 1.794818e+07 	
1.28693947e+06 	 2.486073e-06 	 1.794382e+07 	
1.28703952e+06 	 2.452454e-06 	 1.793947e+07 	
1.28713957e+06 	 2.419057e-06 	 1.793514e+07 	
1.28723962e+06 	 2.385885e-06 	 1.793083e+07 	
1.28733967e+06 	 2.352938e-06 	 1.792654e+07 	
1.28743972e+06 	 2.320219e-06 	 1.792226e+07 	
1.28753977e+06 	 2.287728e-06 	 1.791801e+07 	
1.28763982e+06 	 2.255468e-06 	 1.791377e+07 	
1.28773987e+06 	 2.223440e-06 	 1.790956e+07 	
1.28783992e+06 	 2.191645e-06 	 1.790536e+07 	
1.28793997e+06 	 2.160086e-06 	 1.790118e+07 	
1.28804002e+06 	 2.128869e-06 	 1.789700e+07 	
1.28814007e+06 	 2.097783e-06 	 1.789286e+07 	
1.28824012e+06 	 2.066937e-06 	 1.788873e+07 	
1.28834017e+06 	 2.036331e-06 	 1.788463e+07 	
1.28844022e+06 	 2.005966e-06 	 1.788055e+07 	
1.28854027e+06 	 1.975844e-06 	 1.787648e+07 	
1.28864032e+06 	 1.945966e-06 	 1.787244e+07 	
1.28874037e+06 	 1.916334e-06 	 1.786842e+07 	
1.28884042e+06 	 1.886948e-06 	 1.786441e+07 	
1.28894047e+06 	 1.857809e-06 	 1.786043e+07 	
1.28904052e+06 	 1.828920e-06 	 1.785646e+07 	
1.28914057e+06 	 1.800279e-06 	 1.785251e+07 	
1.28924062e+06 	 1.771890e-06 	 1.784859e+07 	
1.28934067e+06 	 1.743752e-06 	 1.784468e+07 	
1.28944072e+06 	 1.715868e-06 	 1.784080e+07 	
1.28954077e+06 	 1.688236e-06 	 1.783693e+07 	
1.28964082e+06 	 1.660859e-06 	 1.783308e+07 	
1.28974087e+06 	 1.633737e-06 	 1.782926e+07 	
1.28984092e+06 	 1.606872e-06 	 1.782545e+07 	
1.28994097e+06 	 1.580263e-06 	 1.782167e+07 	
1.29004102e+06 	 1.553912e-06 	 1.781790e+07 	
1.29014107e+06 	 1.527819e-06 	 1.781416e+07 	
1.29024112e+06 	 1.501984e-06 	 1.781043e+07 	
1.29034117e+06 	 1.476409e-06 	 1.780673e+07 	
1.29044122e+06 	 1.451094e-06 	 1.780304e+07 	
1.29054127e+06 	 1.426039e-06 	 1.779938e+07 	
1.29064132e+06 	 1.401245e-06 	 1.779574e+07 	
1.29074137e+06 	 1.376713e-06 	 1.779211e+07 	
1.29084142e+06 	 1.352441e-06 	 1.778851e+07 	
1.29094147e+06 	 1.328432e-06 	 1.778493e+07 	
1.29104152e+06 	 1.304685e-06 	 1.778137e+07 	
1.29114157e+06 	 1.281200e-06 	 1.777783e+07 	
1.29124162e+06 	 1.257978e-06 	 1.777431e+07 	
1.29134167e+06 	 1.235018e-06 	 1.777081e+07 	
1.29144172e+06 	 1.212321e-06 	 1.776733e+07 	
1.29154177e+06 	 1.189886e-06 	 1.776388e+07 	
1.29164182e+06 	 1.167774e-06 	 1.776042e+07 	
1.29174187e+06 	 1.145864e-06 	 1.775700e+07 	
1.29184192e+06 	 1.124218e-06 	 1.775361e+07 	
1.29194197e+06 	 1.102833e-06 	 1.775023e+07 	
1.29204202e+06 	 1.081711e-06 	 1.774688e+07 	
1.29214207e+06 	 1.060851e-06 	 1.774354e+07 	
1.29224212e+06 	 1.040252e-06 	 1.774023e+07 	
1.29234217e+06 	 1.019914e-06 	 1.773694e+07 	
1.29244222e+06 	 9.998363e-07 	 1.773367e+07 	
1.29254227e+06 	 9.800192e-07 	 1.773042e+07 	
1.29264232e+06 	 9.604618e-07 	 1.772719e+07 	
1.29274237e+06 	 9.411634e-07 	 1.772398e+07 	
1.29284242e+06 	 9.221236e-07 	 1.772080e+07 	
1.29294247e+06 	 9.033415e-07 	 1.771763e+07 	
1.29304252e+06 	 8.848166e-07 	 1.771449e+07 	
1.29314257e+06 	 8.665479e-07 	 1.771136e+07 	
1.29324262e+06 	 8.485348e-07 	 1.770826e+07 	
1.29334267e+06 	 8.307764e-07 	 1.770518e+07 	
1.29344272e+06 	 8.132717e-07 	 1.770211e+07 	
1.29354277e+06 	 7.960198e-07 	 1.769907e+07 	
1.29364282e+06 	 7.790196e-07 	 1.769605e+07 	
1.29374287e+06 	 7.622702e-07 	 1.769305e+07 	
1.29384292e+06 	 7.457705e-07 	 1.769007e+07 	
1.29394297e+06 	 7.295192e-07 	 1.768712e+07 	
1.29404302e+06 	 7.135152e-07 	 1.768418e+07 	
1.29414307e+06 	 6.977573e-07 	 1.768126e+07 	
1.29424312e+06 	 6.822442e-07 	 1.767837e+07 	
1.29434317e+06 	 6.669745e-07 	 1.767549e+07 	
1.29444322e+06 	 6.519470e-07 	 1.767264e+07 	
1.29454327e+06 	 6.371601e-07 	 1.766980e+07 	
1.29464332e+06 	 6.226125e-07 	 1.766699e+07 	
1.29474337e+06 	 6.083026e-07 	 1.766419e+07 	
1.29484342e+06 	 5.942289e-07 	 1.766142e+07 	
1.29494347e+06 	 5.803899e-07 	 1.765867e+07 	
1.29504352e+06 	 5.668126e-07 	 1.765591e+07 	
1.29514357e+06 	 5.534379e-07 	 1.765320e+07 	
1.29524362e+06 	 5.402929e-07 	 1.765051e+07 	
1.29534367e+06 	 5.273759e-07 	 1.764783e+07 	
1.29544372e+06 	 5.146850e-07 	 1.764518e+07 	
1.29554377e+06 	 5.022185e-07 	 1.764255e+07 	
1.29564382e+06 	 4.899746e-07 	 1.763994e+07 	
1.29574387e+06 	 4.779514e-07 	 1.763735e+07 	
1.29584392e+06 	 4.661471e-07 	 1.763478e+07 	
1.29594397e+06 	 4.545596e-07 	 1.763222e+07 	
1.29604402e+06 	 4.431870e-07 	 1.762969e+07 	
1.29614407e+06 	 4.320273e-07 	 1.762718e+07 	
1.29624412e+06 	 4.210786e-07 	 1.762469e+07 	
1.29634417e+06 	 4.103387e-07 	 1.762221e+07 	
1.29644422e+06 	 3.998056e-07 	 1.761976e+07 	
1.29654427e+06 	 3.894772e-07 	 1.761733e+07 	
1.29664432e+06 	 3.793513e-07 	 1.761491e+07 	
1.29674437e+06 	 3.694259e-07 	 1.761252e+07 	
1.29684442e+06 	 3.596988e-07 	 1.761014e+07 	
1.29694447e+06 	 3.501677e-07 	 1.760778e+07 	
1.29704452e+06 	 3.408305e-07 	 1.760544e+07 	
1.29714457e+06 	 3.316850e-07 	 1.760313e+07 	
1.29724462e+06 	 3.227288e-07 	 1.760083e+07 	
1.29734467e+06 	 3.139597e-07 	 1.759854e+07 	
1.29744472e+06 	 3.053755e-07 	 1.759628e+07 	
1.29754477e+06 	 2.969738e-07 	 1.759404e+07 	
1.29764482e+06 	 2.887524e-07 	 1.759181e+07 	
1.29774487e+06 	 2.807088e-07 	 1.758961e+07 	
1.29784492e+06 	 2.728409e-07 	 1.758742e+07 	
1.29794497e+06 	 2.651462e-07 	 1.758525e+07 	
1.29804502e+06 	 2.576224e-07 	 1.758310e+07 	
1.29814507e+06 	 2.502800e-07 	 1.758093e+07 	
1.29824512e+06 	 2.430909e-07 	 1.757882e+07 	
1.29834517e+06 	 2.360656e-07 	 1.757672e+07 	
1.29844522e+06 	 2.292017e-07 	 1.757464e+07 	
1.29854527e+06 	 2.224968e-07 	 1.757257e+07 	
1.29864532e+06 	 2.159486e-07 	 1.757053e+07 	
1.29874537e+06 	 2.095547e-07 	 1.756850e+07 	
1.29884542e+06 	 2.033127e-07 	 1.756649e+07 	
1.29894547e+06 	 1.972202e-07 	 1.756449e+07 	
1.29904552e+06 	 1.912749e-07 	 1.756252e+07 	
1.29914557e+06 	 1.854743e-07 	 1.756056e+07 	
1.29924562e+06 	 1.798160e-07 	 1.755861e+07 	
1.29934567e+06 	 1.742978e-07 	 1.755669e+07 	
1.29944572e+06 	 1.689173e-07 	 1.755478e+07 	
1.29954577e+06 	 1.636720e-07 	 1.755289e+07 	
1.29964582e+06 	 1.585597e-07 	 1.755101e+07 	
1.29974587e+06 	 1.535780e-07 	 1.754915e+07 	
1.29984592e+06 	 1.487246e-07 	 1.754730e+07 	
1.29994597e+06 	 1.439971e-07 	 1.754548e+07 	
1.30004602e+06 	 1.393933e-07 	 1.754366e+07 	
1.30014607e+06 	 1.349108e-07 	 1.754187e+07 	
1.30024612e+06 	 1.305474e-07 	 1.754009e+07 	
1.30034617e+06 	 1.263007e-07 	 1.753832e+07 	
1.30044622e+06 	 1.221686e-07 	 1.753657e+07 	
1.30054627e+06 	 1.181489e-07 	 1.753484e+07 	
1.30064632e+06 	 1.142392e-07 	 1.753312e+07 	
1.30074637e+06 	 1.104317e-07 	 1.753145e+07 	
1.30084642e+06 	 1.067355e-07 	 1.752976e+07 	
1.30094647e+06 	 1.031429e-07 	 1.752809e+07 	
1.30104652e+06 	 9.965169e-08 	 1.752643e+07 	
1.30114657e+06 	 9.625968e-08 	 1.752478e+07 	
1.30124662e+06 	 9.296479e-08 	 1.752315e+07 	
1.30134667e+06 	 8.976493e-08 	 1.752154e+07 	
1.30144672e+06 	 8.665804e-08 	 1.751994e+07 	
1.30154677e+06 	 8.364207e-08 	 1.751835e+07 	
1.30164682e+06 	 8.071498e-08 	 1.751677e+07 	
1.30174687e+06 	 7.787479e-08 	 1.751521e+07 	
1.30184692e+06 	 7.511952e-08 	 1.751367e+07 	
1.30194697e+06 	 7.244720e-08 	 1.751214e+07 	
1.30204702e+06 	 6.985591e-08 	 1.751062e+07 	
1.30214707e+06 	 6.734375e-08 	 1.750911e+07 	
1.30224712e+06 	 6.490884e-08 	 1.750762e+07 	
1.30234717e+06 	 6.254932e-08 	 1.750614e+07 	
1.30244722e+06 	 6.026337e-08 	 1.750467e+07 	
1.30254727e+06 	 5.804917e-08 	 1.750321e+07 	
1.30264732e+06 	 5.590496e-08 	 1.750177e+07 	
1.30274737e+06 	 5.382898e-08 	 1.750034e+07 	
1.30284742e+06 	 5.182220e-08 	 1.749888e+07 	
1.30294747e+06 	 4.987754e-08 	 1.749747e+07 	
1.30304752e+06 	 4.799603e-08 	 1.749607e+07 	
1.30314757e+06 	 4.617602e-08 	 1.749469e+07 	
1.30324762e+06 	 4.441590e-08 	 1.749331e+07 	
1.30334767e+06 	 4.271408e-08 	 1.749195e+07 	
1.30344772e+06 	 4.106899e-08 	 1.749060e+07 	
1.30354777e+06 	 3.947911e-08 	 1.748926e+07 	
1.30364782e+06 	 3.794293e-08 	 1.748793e+07 	
1.30374787e+06 	 3.645897e-08 	 1.748661e+07 	
1.30384792e+06 	 3.502578e-08 	 1.748530e+07 	
1.30394797e+06 	 3.364194e-08 	 1.748401e+07 	
1.30404802e+06 	 3.230605e-08 	 1.748272e+07 	
1.30414807e+06 	 3.101675e-08 	 1.748144e+07 	
1.30424812e+06 	 2.977269e-08 	 1.748017e+07 	
1.30434817e+06 	 2.857256e-08 	 1.747891e+07 	
1.30444822e+06 	 2.741363e-08 	 1.747772e+07 	
1.30454827e+06 	 2.629751e-08 	 1.747649e+07 	
1.30464832e+06 	 2.522154e-08 	 1.747526e+07 	
1.30474837e+06 	 2.418452e-08 	 1.747404e+07 	
1.30484842e+06 	 2.318525e-08 	 1.747283e+07 	
1.30494847e+06 	 2.222259e-08 	 1.747163e+07 	
1.30504852e+06 	 2.129542e-08 	 1.747044e+07 	
1.30514857e+06 	 2.040262e-08 	 1.746926e+07 	
1.30524862e+06 	 1.954312e-08 	 1.746808e+07 	
1.30534867e+06 	 1.871588e-08 	 1.746692e+07 	
1.30544872e+06 	 1.791986e-08 	 1.746576e+07 	
1.30554877e+06 	 1.715406e-08 	 1.746460e+07 	
1.30564882e+06 	 1.641663e-08 	 1.746354e+07 	
1.30574887e+06 	 1.570836e-08 	 1.746241e+07 	
1.30584892e+06 	 1.502744e-08 	 1.746128e+07 	
1.30594897e+06 	 1.437299e-08 	 1.746016e+07 	
1.30604902e+06 	 1.374411e-08 	 1.745905e+07 	
1.30614907e+06 	 1.313995e-08 	 1.745795e+07 	
1.30624912e+06 	 1.255966e-08 	 1.745685e+07 	
1.30634917e+06 	 1.200245e-08 	 1.745575e+07 	
1.30644922e+06 	 1.146752e-08 	 1.745466e+07 	
1.30654927e+06 	 1.095349e-08 	 1.745368e+07 	
1.30664932e+06 	 1.046079e-08 	 1.745262e+07 	
1.30674937e+06 	 9.988111e-09 	 1.745155e+07 	
1.30684942e+06 	 9.534750e-09 	 1.745049e+07 	
1.30694947e+06 	 9.100020e-09 	 1.744944e+07 	
1.30704952e+06 	 8.683252e-09 	 1.744839e+07 	
1.30714957e+06 	 8.283799e-09 	 1.744734e+07 	
1.30724962e+06 	 7.900598e-09 	 1.744643e+07 	
1.30734967e+06 	 7.533874e-09 	 1.744540e+07 	
1.30744972e+06 	 7.182630e-09 	 1.744438e+07 	
1.30754977e+06 	 6.846291e-09 	 1.744337e+07 	
1.30764982e+06 	 6.524302e-09 	 1.744235e+07 	
1.30774987e+06 	 6.215803e-09 	 1.744148e+07 	
1.30784992e+06 	 5.920879e-09 	 1.744049e+07 	
1.30794997e+06 	 5.638733e-09 	 1.743951e+07 	
1.30805003e+06 	 5.368874e-09 	 1.743853e+07 	
1.30815008e+06 	 5.110827e-09 	 1.743755e+07 	
1.30825013e+06 	 4.863872e-09 	 1.743675e+07 	
1.30835018e+06 	 4.628056e-09 	 1.743581e+07 	
1.30845023e+06 	 4.402715e-09 	 1.743489e+07 	
1.30855028e+06 	 4.187432e-09 	 1.743398e+07 	
1.30865033e+06 	 3.982022e-09 	 1.743288e+07 	
1.30875038e+06 	 3.785695e-09 	 1.743195e+07 	
1.30885043e+06 	 3.598266e-09 	 1.743103e+07 	
1.30895048e+06 	 3.419551e-09 	 1.742989e+07 	
1.30905053e+06 	 3.248881e-09 	 1.742892e+07 	
1.30915058e+06 	 3.086070e-09 	 1.742793e+07 	
1.30925063e+06 	 2.930634e-09 	 1.742718e+07 	
1.30935068e+06 	 2.782545e-09 	 1.742624e+07 	
1.30945073e+06 	 2.641373e-09 	 1.742528e+07 	
1.30955078e+06 	 2.506672e-09 	 1.742462e+07 	
1.30965083e+06 	 2.378432e-09 	 1.742375e+07 	
1.30975088e+06 	 2.256390e-09 	 1.742257e+07 	
1.30985093e+06 	 2.140063e-09 	 1.742159e+07 	
1.30995098e+06 	 2.029186e-09 	 1.742094e+07 	
1.31005103e+06 	 1.923715e-09 	 1.742004e+07 	
1.31015108e+06 	 1.823231e-09 	 1.741947e+07 	
1.31025113e+06 	 1.727677e-09 	 1.741871e+07 	
1.31035118e+06 	 1.636849e-09 	 1.741771e+07 	
1.31045123e+06 	 1.550390e-09 	 1.741696e+07 	
1.31055128e+06 	 1.468245e-09 	 1.741596e+07 	
1.31065133e+06 	 1.390086e-09 	 1.741524e+07 	
1.31075138e+06 	 1.315864e-09 	 1.741424e+07 	
1.31085143e+06 	 1.245274e-09 	 1.741354e+07 	
1.31095148e+06 	 1.178322e-09 	 1.741225e+07 	
1.31105153e+06 	 1.114646e-09 	 1.741145e+07 	
1.31115158e+06 	 1.054224e-09 	 1.741033e+07 	
1.31125163e+06 	 9.968438e-10 	 1.740935e+07 	
1.31135168e+06 	 9.423503e-10 	 1.740868e+07 	
1.31145173e+06 	 8.906649e-10 	 1.740779e+07 	
1.31155178e+06 	 8.416364e-10 	 1.740685e+07 	
1.31165183e+06 	 7.951165e-10 	 1.740612e+07 	
1.31175188e+06 	 7.510183e-10 	 1.740524e+07 	
1.31185193e+06 	 7.092066e-10 	 1.740441e+07 	
1.31195198e+06 	 6.695841e-10 	 1.740352e+07 	
1.31205203e+06 	 6.320494e-10 	 1.740240e+07 	
1.31215208e+06 	 5.964576e-10 	 1.740186e+07 	
1.31225213e+06 	 5.627719e-10 	 1.740090e+07 	
1.31235218e+06 	 5.308621e-10 	 1.740021e+07 	
1.31245223e+06 	 5.006607e-10 	 1.739934e+07 	
1.31255228e+06 	 4.720802e-10 	 1.739835e+07 	
1.31265233e+06 	 4.450225e-10 	 1.739768e+07 	
1.31275238e+06 	 4.194342e-10 	 1.739678e+07 	
1.31285243e+06 	 3.952269e-10 	 1.739602e+07 	
1.31295248e+06 	 3.723398e-10 	 1.739516e+07 	
1.31305253e+06 	 3.507009e-10 	 1.739435e+07 	
1.31315258e+06 	 3.302509e-10 	 1.739344e+07 	
1.31325263e+06 	 3.109228e-10 	 1.739269e+07 	
1.31335268e+06 	 2.926657e-10 	 1.739181e+07 	
1.31345273e+06 	 2.754191e-10 	 1.739103e+07 	
1.31355278e+06 	 2.591344e-10 	 1.739018e+07 	
1.31365283e+06 	 2.437595e-10 	 1.738937e+07 	
1.31375288e+06 	 2.292485e-10 	 1.738850e+07 	
1.31385293e+06 	 2.155536e-10 	 1.738772e+07 	
1.31395298e+06 	 2.026349e-10 	 1.738683e+07 	
1.31405303e+06 	 1.904477e-10 	 1.738607e+07 	
1.31415308e+06 	 1.789562e-10 	 1.738522e+07 	
1.31425313e+06 	 1.681214e-10 	 1.738442e+07 	
1.31435318e+06 	 1.579091e-10 	 1.738359e+07 	
1.31445323e+06 	 1.482851e-10 	 1.738278e+07 	
1.31455328e+06 	 1.392180e-10 	 1.738194e+07 	
1.31465333e+06 	 1.306771e-10 	 1.738113e+07 	
1.31475338e+06 	 1.226342e-10 	 1.738029e+07 	
1.31485343e+06 	 1.150613e-10 	 1.737949e+07 	
1.31495348e+06 	 1.079332e-10 	 1.737867e+07 	
1.31505353e+06 	 1.012249e-10 	 1.737785e+07 	
1.31515358e+06 	 9.491341e-11 	 1.737702e+07 	
1.31525363e+06 	 8.897623e-11 	 1.737622e+07 	
1.31535368e+06 	 8.339279e-11 	 1.737538e+07 	
1.31545373e+06 	 7.814287e-11 	 1.737458e+07 	
1.31555378e+06 	 7.320808e-11 	 1.737372e+07 	
1.31565383e+06 	 6.856995e-11 	 1.737295e+07 	
1.31575388e+06 	 6.421220e-11 	 1.737211e+07 	
1.31585393e+06 	 6.011846e-11 	 1.737131e+07 	
1.31595398e+06 	 5.627381e-11 	 1.737048e+07 	
1.31605403e+06 	 5.266375e-11 	 1.736968e+07 	
1.31615408e+06 	 4.927485e-11 	 1.736885e+07 	
1.31625413e+06 	 4.609415e-11 	 1.736805e+07 	
1.31635418e+06 	 4.310963e-11 	 1.736723e+07 	
1.50716593e+06 	 1.000000e-20 	 1.600178e+07 	
1.72563674e+06 	 1.000000e-20 	 1.477952e+07 	
1.97577592e+06 	 1.000000e-20 	 1.367693e+07 	
2.26217397e+06 	 1.000000e-20 	 1.267627e+07 	
2.59008676e+06 	 1.000000e-20 	 1.176374e+07 	
2.96553205e+06 	 1.000000e-20 	 1.092834e+07 	
3.39539992e+06 	 1.000000e-20 	 1.016112e+07 	
3.88757915e+06 	 1.000000e-20 	 9.454667e+06 	
4.45110210e+06 	 1.000000e-20 	 8.802750e+06 	
5.09631034e+06 	 1.000000e-20 	 8.200062e+06 	
5.83504457e+06 	 1.000000e-20 	 7.642031e+06 	
6.68086182e+06 	 1.000000e-20 	 7.124677e+06 	
7.64928426e+06 	 1.000000e-20 	 6.644505e+06 	
8.75808410e+06 	 1.000000e-20 	 6.198424e+06 	
1.00276097e+07 	 1.000000e-20 	 5.783680e+06 	
1.14811591e+07 	 1.000000e-20 	 5.397805e+06 	
1.31454072e+07 	 1.000000e-20 	 5.038575e+06 	
1.50508960e+07 	 1.000000e-20 	 4.703981e+06 	
1.72325944e+07 	 1.000000e-20 	 4.392195e+06 	
1.97305403e+07 	 1.000000e-20 	 4.101552e+06 	
2.25905752e+07 	 1.000000e-20 	 3.830527e+06 	
2.58651857e+07 	 1.000000e-20 	 3.577725e+06 	
2.96144664e+07 	 1.000000e-20 	 3.341862e+06 	
3.39072230e+07 	 1.000000e-20 	 3.121755e+06 	
3.88222349e+07 	 1.000000e-20 	 2.916313e+06 	
4.44497011e+07 	 1.000000e-20 	 2.724528e+06 	
5.08928950e+07 	 1.000000e-20 	 2.545467e+06 	
5.82700602e+07 	 1.000000e-20 	 2.378264e+06 	
6.67165804e+07 	 1.000000e-20 	 2.222118e+06 	
7.63874635e+07 	 1.000000e-20 	 2.076285e+06 	
8.74601867e+07 	 1.000000e-20 	 1.940071e+06 	
1.00137953e+08 	 1.000000e-20 	 1.812833e+06 	
1.14653422e+08 	 1.000000e-20 	 1.693972e+06 	
1.31272977e+08 	 1.000000e-20 	 1.582931e+06 	
1.50301614e+08 	 1.000000e-20 	 1.479191e+06 	
1.72088542e+08 	 1.000000e-20 	 1.382267e+06 	
1.97033588e+08 	 1.000000e-20 	 1.291709e+06 	
2.25594537e+08 	 1.000000e-20 	 1.207095e+06 	
2.58295529e+08 	 1.000000e-20 	 1.128033e+06 	
2.95736685e+08 	 1.000000e-20 	 1.054158e+06 	
3.38605113e+08 	 1.000000e-20 	 9.851265e+05 	
3.87687521e+08 	 1.000000e-20 	 9.206212e+05 	
4.43884657e+08 	 1.000000e-20 	 8.603438e+05 	
5.08227832e+08 	 1.000000e-20 	 8.040166e+05 	
5.81897854e+08 	 1.000000e-20 	 7.513799e+05 	
6.66246693e+08 	 1.000000e-20 	 7.021916e+05 	
7.62822295e+08 	 1.000000e-20 	 6.562251e+05 	
8.73396986e+08 	 1.000000e-20 	 6.132693e+05 	
1.00000000e+09 	 1.000000e-20 	 5.731265e+05 	
