r (cm)        	 rho (g/cm3) 	 T (K)       		 Linf = 3.223288e+38
1.20003799e+06 	 1.279462e+05 	 1.246564e+09 	
1.20005034e+06 	 1.258054e+05 	 1.241209e+09 	
1.20016082e+06 	 1.079349e+05 	 1.193644e+09 	
1.20027130e+06 	 9.221331e+04 	 1.146697e+09 	
1.20036322e+06 	 8.062299e+04 	 1.108125e+09 	
1.20045514e+06 	 7.026751e+04 	 1.070012e+09 	
1.20054706e+06 	 6.104236e+04 	 1.032374e+09 	
1.20063898e+06 	 5.284918e+04 	 9.952261e+08 	
1.20072931e+06 	 4.571362e+04 	 9.592143e+08 	
1.20081964e+06 	 3.940319e+04 	 9.237078e+08 	
1.20090997e+06 	 3.384096e+04 	 8.887230e+08 	
1.20098415e+06 	 2.978193e+04 	 8.603946e+08 	
1.20105834e+06 	 2.614170e+04 	 8.324394e+08 	
1.20113252e+06 	 2.288519e+04 	 8.048673e+08 	
1.20120670e+06 	 1.997945e+04 	 7.776886e+08 	
1.20128088e+06 	 1.739356e+04 	 7.509135e+08 	
1.20135634e+06 	 1.506137e+04 	 7.241009e+08 	
1.20143181e+06 	 1.300190e+04 	 6.977284e+08 	
1.20149334e+06 	 1.150598e+04 	 6.765567e+08 	
1.20155488e+06 	 1.016045e+04 	 6.556915e+08 	
1.20161642e+06 	 8.952755e+03 	 6.351392e+08 	
1.20167795e+06 	 7.871127e+03 	 6.149061e+08 	
1.20173949e+06 	 6.904564e+03 	 5.949987e+08 	
1.20180103e+06 	 6.042795e+03 	 5.754234e+08 	
1.20186266e+06 	 5.275066e+03 	 5.561553e+08 	
1.20192430e+06 	 4.593935e+03 	 5.372331e+08 	
1.20198594e+06 	 3.991112e+03 	 5.186633e+08 	
1.20203722e+06 	 3.543744e+03 	 5.034875e+08 	
1.20208849e+06 	 3.141150e+03 	 4.885634e+08 	
1.20213977e+06 	 2.779500e+03 	 4.738947e+08 	
1.20219105e+06 	 2.455220e+03 	 4.594847e+08 	
1.20224233e+06 	 2.164985e+03 	 4.453367e+08 	
1.20229361e+06 	 1.905707e+03 	 4.314541e+08 	
1.20234649e+06 	 1.667704e+03 	 4.174178e+08 	
1.20239937e+06 	 1.456682e+03 	 4.036703e+08 	
1.20244295e+06 	 1.301194e+03 	 3.925630e+08 	
1.20248652e+06 	 1.160820e+03 	 3.816555e+08 	
1.20253009e+06 	 1.034271e+03 	 3.709496e+08 	
1.20257366e+06 	 9.203484e+02 	 3.604468e+08 	
1.20261724e+06 	 8.179404e+02 	 3.501483e+08 	
1.20266081e+06 	 7.260163e+02 	 3.400556e+08 	
1.20270438e+06 	 6.436225e+02 	 3.301698e+08 	
1.20274795e+06 	 5.698780e+02 	 3.204919e+08 	
1.20279324e+06 	 5.015236e+02 	 3.106540e+08 	
1.20283853e+06 	 4.407989e+02 	 3.010426e+08 	
1.20287619e+06 	 3.955603e+02 	 2.932234e+08 	
1.20291385e+06 	 3.546594e+02 	 2.855617e+08 	
1.20295151e+06 	 3.177198e+02 	 2.780575e+08 	
1.20298917e+06 	 2.843933e+02 	 2.707112e+08 	
1.20302683e+06 	 2.543582e+02 	 2.635227e+08 	
1.20306449e+06 	 2.273177e+02 	 2.564920e+08 	
1.20310215e+06 	 2.029984e+02 	 2.496188e+08 	
1.20313981e+06 	 1.811487e+02 	 2.429031e+08 	
1.20317747e+06 	 1.615374e+02 	 2.363443e+08 	
1.20321513e+06 	 1.439527e+02 	 2.299420e+08 	
1.20324868e+06 	 1.298341e+02 	 2.243690e+08 	
1.20328224e+06 	 1.170437e+02 	 2.189194e+08 	
1.20331579e+06 	 1.054651e+02 	 2.135925e+08 	
1.20334935e+06 	 9.499096e+01 	 2.083878e+08 	
1.20338290e+06 	 8.552255e+01 	 2.033045e+08 	
1.20341645e+06 	 7.696914e+01 	 1.983419e+08 	
1.20345001e+06 	 6.924737e+01 	 1.934992e+08 	
1.20348356e+06 	 6.228082e+01 	 1.887755e+08 	
1.20351712e+06 	 5.599945e+01 	 1.841698e+08 	
1.20355067e+06 	 5.033921e+01 	 1.796811e+08 	
1.20358423e+06 	 4.524151e+01 	 1.753083e+08 	
1.20361778e+06 	 4.065290e+01 	 1.710502e+08 	
1.20365134e+06 	 3.652462e+01 	 1.669055e+08 	
1.20368489e+06 	 3.281223e+01 	 1.628731e+08 	
1.20371844e+06 	 2.947531e+01 	 1.589516e+08 	
1.20375200e+06 	 2.647712e+01 	 1.551394e+08 	
1.20378555e+06 	 2.378428e+01 	 1.514352e+08 	
1.20381911e+06 	 2.136652e+01 	 1.478375e+08 	
1.20385334e+06 	 1.915464e+01 	 1.442746e+08 	
1.20388758e+06 	 1.717423e+01 	 1.408192e+08 	
1.20392182e+06 	 1.540149e+01 	 1.374694e+08 	
1.20395606e+06 	 1.381496e+01 	 1.342235e+08 	
1.20399029e+06 	 1.239532e+01 	 1.310795e+08 	
1.20402453e+06 	 1.112515e+01 	 1.280355e+08 	
1.20405877e+06 	 9.988802e+00 	 1.250896e+08 	
1.20409300e+06 	 8.972212e+00 	 1.222398e+08 	
1.20412724e+06 	 8.062750e+00 	 1.194841e+08 	
1.20416148e+06 	 7.249082e+00 	 1.168204e+08 	
1.20419572e+06 	 6.521049e+00 	 1.142467e+08 	
1.20422995e+06 	 5.869546e+00 	 1.117608e+08 	
1.20426419e+06 	 5.286423e+00 	 1.093607e+08 	
1.20429843e+06 	 4.764385e+00 	 1.070442e+08 	
1.20433266e+06 	 4.296907e+00 	 1.048092e+08 	
1.20436690e+06 	 3.878158e+00 	 1.026536e+08 	
1.20440859e+06 	 3.426580e+00 	 1.001329e+08 	
1.20445028e+06 	 3.031245e+00 	 9.772299e+07 	
1.20449196e+06 	 2.684921e+00 	 9.541985e+07 	
1.20453365e+06 	 2.381311e+00 	 9.321972e+07 	
1.20457534e+06 	 2.114935e+00 	 9.111882e+07 	
1.20461702e+06 	 1.881026e+00 	 8.911341e+07 	
1.20465871e+06 	 1.675436e+00 	 8.719980e+07 	
1.20470040e+06 	 1.494560e+00 	 8.537437e+07 	
1.20474208e+06 	 1.335263e+00 	 8.363355e+07 	
1.20478377e+06 	 1.194816e+00 	 8.197382e+07 	
1.20482546e+06 	 1.070849e+00 	 8.039178e+07 	
1.20486714e+06 	 9.612968e-01 	 7.888407e+07 	
1.20490883e+06 	 8.643658e-01 	 7.744744e+07 	
1.20495593e+06 	 7.680844e-01 	 7.590586e+07 	
1.20500303e+06 	 6.839782e-01 	 7.444653e+07 	
1.20505012e+06 	 6.103823e-01 	 7.306516e+07 	
1.20509722e+06 	 5.458705e-01 	 7.175765e+07 	
1.20514432e+06 	 4.892208e-01 	 7.052003e+07 	
1.20519142e+06 	 4.393851e-01 	 6.934850e+07 	
1.20525461e+06 	 3.816705e-01 	 6.787421e+07 	
1.20531780e+06 	 3.327918e-01 	 6.650406e+07 	
1.20538099e+06 	 2.912569e-01 	 6.523028e+07 	
1.20544418e+06 	 2.558430e-01 	 6.404557e+07 	
1.20550736e+06 	 2.255461e-01 	 6.294316e+07 	
1.20557055e+06 	 1.995394e-01 	 6.191672e+07 	
1.20565478e+06 	 1.703834e-01 	 6.065661e+07 	
1.20573901e+06 	 1.463508e-01 	 5.950847e+07 	
1.20582324e+06 	 1.264266e-01 	 5.846086e+07 	
1.20590747e+06 	 1.098148e-01 	 5.750356e+07 	
1.20599169e+06 	 9.588822e-02 	 5.662738e+07 	
1.20610356e+06 	 8.070578e-02 	 5.557519e+07 	
1.20621543e+06 	 6.849719e-02 	 5.463487e+07 	
1.20632729e+06 	 5.859375e-02 	 5.379192e+07 	
1.20643916e+06 	 5.049296e-02 	 5.303390e+07 	
1.20657980e+06 	 4.228854e-02 	 5.218508e+07 	
1.20672045e+06 	 3.577573e-02 	 5.143578e+07 	
1.20686109e+06 	 3.054815e-02 	 5.077114e+07 	
1.20704056e+06 	 2.528130e-02 	 5.002664e+07 	
1.20722003e+06 	 2.118725e-02 	 4.937925e+07 	
1.20739950e+06 	 1.795913e-02 	 4.881234e+07 	
1.20763165e+06 	 1.472283e-02 	 4.817709e+07 	
1.20786381e+06 	 1.225472e-02 	 4.763194e+07 	
1.20809596e+06 	 1.033884e-02 	 4.715966e+07 	
1.20839844e+06 	 8.433560e-03 	 4.663195e+07 	
1.20870092e+06 	 7.001850e-03 	 4.618320e+07 	
1.20900340e+06 	 5.903226e-03 	 4.579694e+07 	
1.20943786e+06 	 4.728071e-03 	 4.532737e+07 	
1.20987233e+06 	 3.876197e-03 	 4.493519e+07 	
1.21011224e+06 	 3.503678e-03 	 4.474483e+07 	
1.21060761e+06 	 2.892473e-03 	 4.439872e+07 	
1.21101719e+06 	 2.506116e-03 	 4.415133e+07 	
1.21170711e+06 	 2.020465e-03 	 4.379523e+07 	
1.21239702e+06 	 1.674228e-03 	 4.349677e+07 	
1.21308693e+06 	 1.419077e-03 	 4.324114e+07 	
1.21400616e+06 	 1.171867e-03 	 4.294996e+07 	
1.21492539e+06 	 9.942379e-04 	 4.270073e+07 	
1.21584462e+06 	 8.623434e-04 	 4.248267e+07 	
1.21676385e+06 	 7.617184e-04 	 4.228840e+07 	
1.21817760e+06 	 6.478787e-04 	 4.202447e+07 	
1.21959135e+06 	 5.667419e-04 	 4.179182e+07 	
1.22100511e+06 	 5.068507e-04 	 4.158206e+07 	
1.22309955e+06 	 4.432700e-04 	 4.130175e+07 	
1.22519399e+06 	 3.988593e-04 	 4.104752e+07 	
1.22828982e+06 	 3.541559e-04 	 4.070414e+07 	
1.23138564e+06 	 3.242934e-04 	 4.038679e+07 	
1.23448147e+06 	 3.031617e-04 	 4.008688e+07 	
1.23757729e+06 	 2.874368e-04 	 3.979914e+07 	
1.24295093e+06 	 2.676957e-04 	 3.931934e+07 	
1.24502570e+06 	 2.616851e-04 	 3.913896e+07 	
1.25173852e+06 	 2.457344e-04 	 3.856855e+07 	
1.25595538e+06 	 2.374234e-04 	 3.821832e+07 	
1.26539178e+06 	 2.213192e-04 	 3.745187e+07 	
1.26750000e+06 	 2.180189e-04 	 3.728347e+07 	
1.27500000e+06 	 2.069257e-04 	 3.669208e+07 	
1.28250000e+06 	 1.965669e-04 	 3.611187e+07 	
1.29000000e+06 	 1.868102e-04 	 3.554232e+07 	
1.29750000e+06 	 1.775825e-04 	 3.498305e+07 	
1.30500000e+06 	 1.688283e-04 	 3.443371e+07 	
1.31250000e+06 	 1.605166e-04 	 3.389405e+07 	
1.32000000e+06 	 1.526204e-04 	 3.336383e+07 	
1.32750000e+06 	 1.451139e-04 	 3.284279e+07 	
1.33500000e+06 	 1.379813e-04 	 3.233075e+07 	
1.34250000e+06 	 1.311980e-04 	 3.182746e+07 	
1.35000000e+06 	 1.247444e-04 	 3.133272e+07 	
1.35750000e+06 	 1.186067e-04 	 3.084633e+07 	
1.36500000e+06 	 1.127653e-04 	 3.036811e+07 	
1.37250000e+06 	 1.072039e-04 	 2.989784e+07 	
1.38000000e+06 	 1.019095e-04 	 2.943536e+07 	
1.38750000e+06 	 9.686816e-05 	 2.898050e+07 	
1.39500000e+06 	 9.206540e-05 	 2.853307e+07 	
1.40250000e+06 	 8.748882e-05 	 2.809291e+07 	
1.41000000e+06 	 8.312620e-05 	 2.765985e+07 	
1.41750000e+06 	 7.896770e-05 	 2.723374e+07 	
1.42500000e+06 	 7.500171e-05 	 2.681444e+07 	
1.43250000e+06 	 7.121818e-05 	 2.640178e+07 	
1.44000000e+06 	 6.760736e-05 	 2.599563e+07 	
1.44750000e+06 	 6.416109e-05 	 2.559585e+07 	
1.45500000e+06 	 6.086987e-05 	 2.520231e+07 	
1.46250000e+06 	 5.772629e-05 	 2.481487e+07 	
1.47000000e+06 	 5.472229e-05 	 2.443341e+07 	
1.47750000e+06 	 5.185033e-05 	 2.405780e+07 	
1.48500000e+06 	 4.910375e-05 	 2.368794e+07 	
1.50000000e+06 	 4.395993e-05 	 2.296496e+07 	
1.50050050e+06 	 4.379590e-05 	 2.294121e+07 	
1.50100100e+06 	 4.363233e-05 	 2.291749e+07 	
1.50150150e+06 	 4.346924e-05 	 2.289379e+07 	
1.50200200e+06 	 4.330661e-05 	 2.287011e+07 	
1.50250250e+06 	 4.314445e-05 	 2.284646e+07 	
1.50300300e+06 	 4.298276e-05 	 2.282284e+07 	
1.50350350e+06 	 4.282153e-05 	 2.279924e+07 	
1.50400400e+06 	 4.266076e-05 	 2.277566e+07 	
1.50450450e+06 	 4.250045e-05 	 2.275210e+07 	
1.50500501e+06 	 4.234059e-05 	 2.272857e+07 	
1.50550551e+06 	 4.218119e-05 	 2.270507e+07 	
1.50600601e+06 	 4.202225e-05 	 2.268158e+07 	
1.50650651e+06 	 4.186375e-05 	 2.265812e+07 	
1.50700701e+06 	 4.170571e-05 	 2.263469e+07 	
1.50750751e+06 	 4.154811e-05 	 2.261127e+07 	
1.50800801e+06 	 4.139096e-05 	 2.258788e+07 	
1.50850851e+06 	 4.123425e-05 	 2.256452e+07 	
1.50900901e+06 	 4.107799e-05 	 2.254118e+07 	
1.50950951e+06 	 4.092217e-05 	 2.251786e+07 	
1.51001001e+06 	 4.076680e-05 	 2.249456e+07 	
1.51051051e+06 	 4.061186e-05 	 2.247129e+07 	
1.51101101e+06 	 4.045735e-05 	 2.244804e+07 	
1.51151151e+06 	 4.030329e-05 	 2.242482e+07 	
1.51201201e+06 	 4.014965e-05 	 2.240162e+07 	
1.51251251e+06 	 3.999645e-05 	 2.237844e+07 	
1.51301301e+06 	 3.984369e-05 	 2.235529e+07 	
1.51351351e+06 	 3.969135e-05 	 2.233216e+07 	
1.51401401e+06 	 3.953943e-05 	 2.230905e+07 	
1.51451451e+06 	 3.938795e-05 	 2.228596e+07 	
1.51501502e+06 	 3.923689e-05 	 2.226290e+07 	
1.51551552e+06 	 3.908625e-05 	 2.223986e+07 	
1.51601602e+06 	 3.893604e-05 	 2.221685e+07 	
1.51651652e+06 	 3.878624e-05 	 2.219385e+07 	
1.51701702e+06 	 3.863686e-05 	 2.217088e+07 	
1.51751752e+06 	 3.848790e-05 	 2.214794e+07 	
1.51801802e+06 	 3.833936e-05 	 2.212502e+07 	
1.51851852e+06 	 3.819122e-05 	 2.210212e+07 	
1.51901902e+06 	 3.804350e-05 	 2.207924e+07 	
1.51951952e+06 	 3.789620e-05 	 2.205638e+07 	
1.52002002e+06 	 3.774929e-05 	 2.203355e+07 	
1.52052052e+06 	 3.760280e-05 	 2.201074e+07 	
1.52102102e+06 	 3.745671e-05 	 2.198796e+07 	
1.52152152e+06 	 3.731103e-05 	 2.196520e+07 	
1.52202202e+06 	 3.716575e-05 	 2.194246e+07 	
1.52252252e+06 	 3.702087e-05 	 2.191974e+07 	
1.52302302e+06 	 3.687639e-05 	 2.189704e+07 	
1.52352352e+06 	 3.673231e-05 	 2.187437e+07 	
1.52402402e+06 	 3.658862e-05 	 2.185172e+07 	
1.52452452e+06 	 3.644533e-05 	 2.182910e+07 	
1.52502503e+06 	 3.630243e-05 	 2.180649e+07 	
1.52552553e+06 	 3.615993e-05 	 2.178391e+07 	
1.52602603e+06 	 3.601781e-05 	 2.176135e+07 	
1.52652653e+06 	 3.587608e-05 	 2.173882e+07 	
1.52702703e+06 	 3.573474e-05 	 2.171630e+07 	
1.52752753e+06 	 3.559379e-05 	 2.169381e+07 	
1.52802803e+06 	 3.545321e-05 	 2.167134e+07 	
1.52852853e+06 	 3.531302e-05 	 2.164890e+07 	
1.52902903e+06 	 3.517321e-05 	 2.162647e+07 	
1.52952953e+06 	 3.503378e-05 	 2.160407e+07 	
1.53003003e+06 	 3.489473e-05 	 2.158169e+07 	
1.53053053e+06 	 3.475605e-05 	 2.155933e+07 	
1.53103103e+06 	 3.461775e-05 	 2.153700e+07 	
1.53153153e+06 	 3.447982e-05 	 2.151469e+07 	
1.53203203e+06 	 3.434225e-05 	 2.149240e+07 	
1.53253253e+06 	 3.420506e-05 	 2.147013e+07 	
1.53303303e+06 	 3.406823e-05 	 2.144788e+07 	
1.53353353e+06 	 3.393178e-05 	 2.142566e+07 	
1.53403403e+06 	 3.379568e-05 	 2.140346e+07 	
1.53453453e+06 	 3.365996e-05 	 2.138128e+07 	
1.53503504e+06 	 3.352459e-05 	 2.135912e+07 	
1.53553554e+06 	 3.338959e-05 	 2.133699e+07 	
1.53603604e+06 	 3.325495e-05 	 2.131488e+07 	
1.53653654e+06 	 3.312067e-05 	 2.129278e+07 	
1.53703704e+06 	 3.298675e-05 	 2.127071e+07 	
1.53753754e+06 	 3.285318e-05 	 2.124867e+07 	
1.53803804e+06 	 3.271997e-05 	 2.122664e+07 	
1.53853854e+06 	 3.258710e-05 	 2.120464e+07 	
1.53903904e+06 	 3.245460e-05 	 2.118266e+07 	
1.53953954e+06 	 3.232244e-05 	 2.116070e+07 	
1.54004004e+06 	 3.219063e-05 	 2.113876e+07 	
1.54054054e+06 	 3.205916e-05 	 2.111684e+07 	
1.54104104e+06 	 3.192805e-05 	 2.109495e+07 	
1.54154154e+06 	 3.179727e-05 	 2.107308e+07 	
1.54204204e+06 	 3.166848e-05 	 2.105121e+07 	
1.54254254e+06 	 3.153847e-05 	 2.102938e+07 	
1.54304304e+06 	 3.140880e-05 	 2.100757e+07 	
1.54354354e+06 	 3.127948e-05 	 2.098578e+07 	
1.54404404e+06 	 3.115049e-05 	 2.096402e+07 	
1.54454454e+06 	 3.102184e-05 	 2.094227e+07 	
1.54504505e+06 	 3.089354e-05 	 2.092055e+07 	
1.54554555e+06 	 3.076556e-05 	 2.089885e+07 	
1.54604605e+06 	 3.063793e-05 	 2.087717e+07 	
1.54654655e+06 	 3.051063e-05 	 2.085551e+07 	
1.54704705e+06 	 3.038366e-05 	 2.083388e+07 	
1.54754755e+06 	 3.025703e-05 	 2.081226e+07 	
1.54804805e+06 	 3.013072e-05 	 2.079067e+07 	
1.54854855e+06 	 3.000475e-05 	 2.076910e+07 	
1.54904905e+06 	 2.987753e-05 	 2.074757e+07 	
1.54954955e+06 	 2.975214e-05 	 2.072604e+07 	
1.55005005e+06 	 2.962707e-05 	 2.070453e+07 	
1.55055055e+06 	 2.950232e-05 	 2.068305e+07 	
1.55105105e+06 	 2.937789e-05 	 2.066158e+07 	
1.55155155e+06 	 2.925378e-05 	 2.064014e+07 	
1.55205205e+06 	 2.912999e-05 	 2.061872e+07 	
1.55255255e+06 	 2.900651e-05 	 2.059732e+07 	
1.55305305e+06 	 2.888335e-05 	 2.057594e+07 	
1.55355355e+06 	 2.876050e-05 	 2.055458e+07 	
1.55405405e+06 	 2.863796e-05 	 2.053324e+07 	
1.55455455e+06 	 2.851574e-05 	 2.051193e+07 	
1.55505506e+06 	 2.839382e-05 	 2.049063e+07 	
1.55555556e+06 	 2.827078e-05 	 2.046938e+07 	
1.55605606e+06 	 2.814941e-05 	 2.044813e+07 	
1.55655656e+06 	 2.802834e-05 	 2.042690e+07 	
1.55705706e+06 	 2.790758e-05 	 2.040569e+07 	
1.55755756e+06 	 2.778711e-05 	 2.038450e+07 	
1.55805806e+06 	 2.766695e-05 	 2.036334e+07 	
1.55855856e+06 	 2.754708e-05 	 2.034219e+07 	
1.55905906e+06 	 2.742750e-05 	 2.032106e+07 	
1.55955956e+06 	 2.730822e-05 	 2.029996e+07 	
1.56006006e+06 	 2.718924e-05 	 2.027888e+07 	
1.56056056e+06 	 2.707054e-05 	 2.025782e+07 	
1.56106106e+06 	 2.695214e-05 	 2.023677e+07 	
1.56156156e+06 	 2.683402e-05 	 2.021575e+07 	
1.56206206e+06 	 2.671619e-05 	 2.019475e+07 	
1.56256256e+06 	 2.660003e-05 	 2.017375e+07 	
1.56306306e+06 	 2.648283e-05 	 2.015279e+07 	
1.56356356e+06 	 2.636593e-05 	 2.013186e+07 	
1.56406406e+06 	 2.624930e-05 	 2.011094e+07 	
1.56456456e+06 	 2.613296e-05 	 2.009004e+07 	
1.56506507e+06 	 2.601690e-05 	 2.006917e+07 	
1.56556557e+06 	 2.590112e-05 	 2.004831e+07 	
1.56606607e+06 	 2.578562e-05 	 2.002748e+07 	
1.56656657e+06 	 2.567040e-05 	 2.000666e+07 	
1.56706707e+06 	 2.555546e-05 	 1.998587e+07 	
1.56756757e+06 	 2.544079e-05 	 1.996510e+07 	
1.56806807e+06 	 2.532639e-05 	 1.994434e+07 	
1.56856857e+06 	 2.521227e-05 	 1.992361e+07 	
1.56906907e+06 	 2.509968e-05 	 1.990288e+07 	
1.56956957e+06 	 2.498616e-05 	 1.988219e+07 	
1.57007007e+06 	 2.487290e-05 	 1.986152e+07 	
1.57057057e+06 	 2.475992e-05 	 1.984087e+07 	
1.57107107e+06 	 2.464721e-05 	 1.982024e+07 	
1.57157157e+06 	 2.453477e-05 	 1.979963e+07 	
1.57207207e+06 	 2.442259e-05 	 1.977904e+07 	
1.57257257e+06 	 2.431068e-05 	 1.975847e+07 	
1.57307307e+06 	 2.419903e-05 	 1.973792e+07 	
1.57357357e+06 	 2.408764e-05 	 1.971740e+07 	
1.57407407e+06 	 2.397652e-05 	 1.969689e+07 	
1.57457457e+06 	 2.386566e-05 	 1.967640e+07 	
1.57507508e+06 	 2.375505e-05 	 1.965594e+07 	
1.57557558e+06 	 2.364471e-05 	 1.963549e+07 	
1.57607608e+06 	 2.353342e-05 	 1.961508e+07 	
1.57657658e+06 	 2.342353e-05 	 1.959468e+07 	
1.57707708e+06 	 2.331390e-05 	 1.957430e+07 	
1.57757758e+06 	 2.320451e-05 	 1.955393e+07 	
1.57807808e+06 	 2.309538e-05 	 1.953359e+07 	
1.57857858e+06 	 2.298649e-05 	 1.951326e+07 	
1.57907908e+06 	 2.287785e-05 	 1.949296e+07 	
1.57957958e+06 	 2.276946e-05 	 1.947268e+07 	
1.58008008e+06 	 2.266131e-05 	 1.945242e+07 	
1.58058058e+06 	 2.255341e-05 	 1.943217e+07 	
1.58108108e+06 	 2.244574e-05 	 1.941195e+07 	
1.58158158e+06 	 2.233832e-05 	 1.939175e+07 	
1.58208208e+06 	 2.223114e-05 	 1.937157e+07 	
1.58258258e+06 	 2.212420e-05 	 1.935140e+07 	
1.58308308e+06 	 2.201863e-05 	 1.933124e+07 	
1.58358358e+06 	 2.191222e-05 	 1.931112e+07 	
1.58408408e+06 	 2.180604e-05 	 1.929101e+07 	
1.58458458e+06 	 2.170009e-05 	 1.927093e+07 	
1.58508509e+06 	 2.159439e-05 	 1.925087e+07 	
1.58558559e+06 	 2.148891e-05 	 1.923083e+07 	
1.58608609e+06 	 2.138367e-05 	 1.921080e+07 	
1.58658659e+06 	 2.127866e-05 	 1.919080e+07 	
1.58708709e+06 	 2.117388e-05 	 1.917082e+07 	
1.58758759e+06 	 2.106933e-05 	 1.915086e+07 	
1.58808809e+06 	 2.096501e-05 	 1.913091e+07 	
1.58858859e+06 	 2.086091e-05 	 1.911099e+07 	
1.58908909e+06 	 2.075704e-05 	 1.909109e+07 	
1.58958959e+06 	 2.065340e-05 	 1.907121e+07 	
1.59009009e+06 	 2.054890e-05 	 1.905137e+07 	
1.59059059e+06 	 2.044565e-05 	 1.903152e+07 	
1.59109109e+06 	 2.034263e-05 	 1.901170e+07 	
1.59159159e+06 	 2.023982e-05 	 1.899190e+07 	
1.59209209e+06 	 2.013722e-05 	 1.897212e+07 	
1.59259259e+06 	 2.003485e-05 	 1.895236e+07 	
1.59309309e+06 	 1.993268e-05 	 1.893261e+07 	
1.59359359e+06 	 1.983074e-05 	 1.891289e+07 	
1.59409409e+06 	 1.972900e-05 	 1.889319e+07 	
1.59459459e+06 	 1.962747e-05 	 1.887351e+07 	
1.59509510e+06 	 1.952616e-05 	 1.885384e+07 	
1.59559560e+06 	 1.942506e-05 	 1.883420e+07 	
1.59609610e+06 	 1.932416e-05 	 1.881458e+07 	
1.59659660e+06 	 1.922250e-05 	 1.879500e+07 	
1.59709710e+06 	 1.912197e-05 	 1.877541e+07 	
1.59759760e+06 	 1.902164e-05 	 1.875585e+07 	
1.59809810e+06 	 1.892151e-05 	 1.873631e+07 	
1.59859860e+06 	 1.882159e-05 	 1.871679e+07 	
1.59909910e+06 	 1.872186e-05 	 1.869729e+07 	
1.59959960e+06 	 1.862233e-05 	 1.867780e+07 	
1.60010010e+06 	 1.852300e-05 	 1.865834e+07 	
1.60060060e+06 	 1.842386e-05 	 1.863890e+07 	
1.60110110e+06 	 1.832492e-05 	 1.861947e+07 	
1.60160160e+06 	 1.822617e-05 	 1.860007e+07 	
1.60210210e+06 	 1.812761e-05 	 1.858069e+07 	
1.60260260e+06 	 1.802924e-05 	 1.856132e+07 	
1.60310310e+06 	 1.793106e-05 	 1.854198e+07 	
1.60360360e+06 	 1.783216e-05 	 1.852268e+07 	
1.60410410e+06 	 1.773432e-05 	 1.850338e+07 	
1.60460460e+06 	 1.763666e-05 	 1.848409e+07 	
1.60510511e+06 	 1.753918e-05 	 1.846483e+07 	
1.60560561e+06 	 1.744188e-05 	 1.844559e+07 	
1.60610611e+06 	 1.734477e-05 	 1.842637e+07 	
1.60660661e+06 	 1.724783e-05 	 1.840716e+07 	
1.60710711e+06 	 1.715107e-05 	 1.838798e+07 	
1.60760761e+06 	 1.705448e-05 	 1.836882e+07 	
1.60810811e+06 	 1.695808e-05 	 1.834967e+07 	
1.60860861e+06 	 1.686184e-05 	 1.833055e+07 	
1.60910911e+06 	 1.676578e-05 	 1.831145e+07 	
1.60960961e+06 	 1.666989e-05 	 1.829237e+07 	
1.61011011e+06 	 1.657417e-05 	 1.827330e+07 	
1.61061061e+06 	 1.647777e-05 	 1.825428e+07 	
1.61111111e+06 	 1.638234e-05 	 1.823526e+07 	
1.61161161e+06 	 1.628708e-05 	 1.821626e+07 	
1.61211211e+06 	 1.619199e-05 	 1.819728e+07 	
1.61261261e+06 	 1.609706e-05 	 1.817831e+07 	
1.61311311e+06 	 1.600229e-05 	 1.815937e+07 	
1.61361361e+06 	 1.590767e-05 	 1.814045e+07 	
1.61411411e+06 	 1.581322e-05 	 1.812155e+07 	
1.61461461e+06 	 1.571892e-05 	 1.810267e+07 	
1.61511512e+06 	 1.562478e-05 	 1.808381e+07 	
1.61561562e+06 	 1.553079e-05 	 1.806497e+07 	
1.61611612e+06 	 1.543695e-05 	 1.804615e+07 	
1.61661662e+06 	 1.534327e-05 	 1.802735e+07 	
1.61711712e+06 	 1.524973e-05 	 1.800857e+07 	
1.61761762e+06 	 1.515555e-05 	 1.798984e+07 	
1.61811812e+06 	 1.506228e-05 	 1.797110e+07 	
1.61861862e+06 	 1.496915e-05 	 1.795238e+07 	
1.61911912e+06 	 1.487616e-05 	 1.793369e+07 	
1.61961962e+06 	 1.478331e-05 	 1.791501e+07 	
1.62012012e+06 	 1.469060e-05 	 1.789636e+07 	
1.62062062e+06 	 1.459804e-05 	 1.787772e+07 	
1.62112112e+06 	 1.450560e-05 	 1.785911e+07 	
1.62162162e+06 	 1.441331e-05 	 1.784052e+07 	
1.62212212e+06 	 1.432115e-05 	 1.782194e+07 	
1.62262262e+06 	 1.422912e-05 	 1.780339e+07 	
1.62312312e+06 	 1.413722e-05 	 1.778486e+07 	
1.62362362e+06 	 1.404545e-05 	 1.776635e+07 	
1.62412412e+06 	 1.395311e-05 	 1.774788e+07 	
1.62462462e+06 	 1.386156e-05 	 1.772942e+07 	
1.62512513e+06 	 1.377014e-05 	 1.771097e+07 	
1.62562563e+06 	 1.367885e-05 	 1.769255e+07 	
1.62612613e+06 	 1.358767e-05 	 1.767414e+07 	
1.62662663e+06 	 1.349661e-05 	 1.765576e+07 	
1.62712713e+06 	 1.340567e-05 	 1.763740e+07 	
1.62762763e+06 	 1.331485e-05 	 1.761906e+07 	
1.62812813e+06 	 1.322414e-05 	 1.760075e+07 	
1.62862863e+06 	 1.313354e-05 	 1.758245e+07 	
1.62912913e+06 	 1.304306e-05 	 1.756417e+07 	
1.62962963e+06 	 1.295268e-05 	 1.754592e+07 	
1.63013013e+06 	 1.286242e-05 	 1.752769e+07 	
1.63063063e+06 	 1.277226e-05 	 1.750948e+07 	
1.63113113e+06 	 1.268156e-05 	 1.749131e+07 	
1.63163163e+06 	 1.259158e-05 	 1.747315e+07 	
1.63213213e+06 	 1.250170e-05 	 1.745501e+07 	
1.63263263e+06 	 1.241192e-05 	 1.743689e+07 	
1.63313313e+06 	 1.232224e-05 	 1.741879e+07 	
1.63363363e+06 	 1.223266e-05 	 1.740072e+07 	
1.63413413e+06 	 1.214317e-05 	 1.738266e+07 	
1.63463463e+06 	 1.205377e-05 	 1.736463e+07 	
1.63513514e+06 	 1.196446e-05 	 1.734663e+07 	
1.63563564e+06 	 1.187524e-05 	 1.732864e+07 	
1.63613614e+06 	 1.178611e-05 	 1.731068e+07 	
1.63663664e+06 	 1.169707e-05 	 1.729274e+07 	
1.63713714e+06 	 1.160811e-05 	 1.727483e+07 	
1.63763764e+06 	 1.151923e-05 	 1.725693e+07 	
1.63813814e+06 	 1.143103e-05 	 1.723905e+07 	
1.63863864e+06 	 1.134233e-05 	 1.722120e+07 	
1.63913914e+06 	 1.125372e-05 	 1.720338e+07 	
1.63963964e+06 	 1.116519e-05 	 1.718558e+07 	
1.64014014e+06 	 1.107673e-05 	 1.716781e+07 	
1.64064064e+06 	 1.098834e-05 	 1.715006e+07 	
1.64114114e+06 	 1.090003e-05 	 1.713233e+07 	
1.64164164e+06 	 1.081178e-05 	 1.711463e+07 	
1.64214214e+06 	 1.072361e-05 	 1.709695e+07 	
1.64264264e+06 	 1.063550e-05 	 1.707930e+07 	
1.64314314e+06 	 1.054746e-05 	 1.706167e+07 	
1.64364364e+06 	 1.045949e-05 	 1.704407e+07 	
1.64414414e+06 	 1.037158e-05 	 1.702649e+07 	
1.64464464e+06 	 1.028372e-05 	 1.700894e+07 	
1.64514515e+06 	 1.019540e-05 	 1.699144e+07 	
1.64564565e+06 	 1.010764e-05 	 1.697394e+07 	
1.64614615e+06 	 1.001994e-05 	 1.695647e+07 	
1.64664665e+06 	 9.932299e-06 	 1.693902e+07 	
1.64714715e+06 	 9.844708e-06 	 1.692160e+07 	
1.64764765e+06 	 9.757170e-06 	 1.690421e+07 	
1.64814815e+06 	 9.669682e-06 	 1.688684e+07 	
1.64864865e+06 	 9.582243e-06 	 1.686951e+07 	
1.64914915e+06 	 9.494852e-06 	 1.685220e+07 	
1.64964965e+06 	 9.407508e-06 	 1.683491e+07 	
1.65015015e+06 	 9.320209e-06 	 1.681766e+07 	
1.65065065e+06 	 9.232955e-06 	 1.680043e+07 	
1.65115115e+06 	 9.145744e-06 	 1.678324e+07 	
1.65165165e+06 	 9.059035e-06 	 1.676605e+07 	
1.65215215e+06 	 8.971927e-06 	 1.674891e+07 	
1.65265265e+06 	 8.884860e-06 	 1.673180e+07 	
1.65315315e+06 	 8.797832e-06 	 1.671472e+07 	
1.65365365e+06 	 8.710844e-06 	 1.669767e+07 	
1.65415415e+06 	 8.623894e-06 	 1.668065e+07 	
1.65465465e+06 	 8.536983e-06 	 1.666366e+07 	
1.65515516e+06 	 8.450108e-06 	 1.664670e+07 	
1.65565566e+06 	 8.363270e-06 	 1.662978e+07 	
1.65615616e+06 	 8.276469e-06 	 1.661288e+07 	
1.65665666e+06 	 8.189703e-06 	 1.659602e+07 	
1.65715716e+06 	 8.102974e-06 	 1.657920e+07 	
1.65765766e+06 	 8.016280e-06 	 1.656240e+07 	
1.65815816e+06 	 7.929621e-06 	 1.654564e+07 	
1.65865866e+06 	 7.843405e-06 	 1.652889e+07 	
1.65915916e+06 	 7.756835e-06 	 1.651220e+07 	
1.65965966e+06 	 7.670301e-06 	 1.649554e+07 	
1.66016016e+06 	 7.583805e-06 	 1.647892e+07 	
1.66066066e+06 	 7.497348e-06 	 1.646233e+07 	
1.66116116e+06 	 7.410929e-06 	 1.644578e+07 	
1.66166166e+06 	 7.324550e-06 	 1.642926e+07 	
1.66216216e+06 	 7.238211e-06 	 1.641279e+07 	
1.66266266e+06 	 7.151916e-06 	 1.639635e+07 	
1.66316316e+06 	 7.065663e-06 	 1.637995e+07 	
1.66366366e+06 	 6.979456e-06 	 1.636359e+07 	
1.66416416e+06 	 6.893297e-06 	 1.634727e+07 	
1.66466466e+06 	 6.807186e-06 	 1.633099e+07 	
1.66516517e+06 	 6.720789e-06 	 1.631477e+07 	
1.66566567e+06 	 6.634771e-06 	 1.629857e+07 	
1.66616617e+06 	 6.548810e-06 	 1.628242e+07 	
1.66666667e+06 	 6.462908e-06 	 1.626630e+07 	
1.66716717e+06 	 6.377068e-06 	 1.625024e+07 	
1.66766767e+06 	 6.291294e-06 	 1.623421e+07 	
1.66816817e+06 	 6.205590e-06 	 1.621824e+07 	
1.66866867e+06 	 6.119960e-06 	 1.620231e+07 	
1.66916917e+06 	 6.034408e-06 	 1.618642e+07 	
1.66966967e+06 	 5.948939e-06 	 1.617058e+07 	
1.67017017e+06 	 5.863558e-06 	 1.615479e+07 	
1.67067067e+06 	 5.778270e-06 	 1.613905e+07 	
1.67117117e+06 	 5.693081e-06 	 1.612336e+07 	
1.67167167e+06 	 5.607997e-06 	 1.610773e+07 	
1.67217217e+06 	 5.522739e-06 	 1.609216e+07 	
1.67267267e+06 	 5.437873e-06 	 1.607663e+07 	
1.67317317e+06 	 5.353133e-06 	 1.606115e+07 	
1.67367367e+06 	 5.268525e-06 	 1.604572e+07 	
1.67417417e+06 	 5.184057e-06 	 1.603035e+07 	
1.67467467e+06 	 5.099738e-06 	 1.601504e+07 	
1.67517518e+06 	 5.015576e-06 	 1.599979e+07 	
1.67567568e+06 	 4.931582e-06 	 1.598459e+07 	
1.67617618e+06 	 4.847764e-06 	 1.596945e+07 	
1.67667668e+06 	 4.764133e-06 	 1.595438e+07 	
1.67717718e+06 	 4.680699e-06 	 1.593937e+07 	
1.67767768e+06 	 4.597475e-06 	 1.592442e+07 	
1.67817818e+06 	 4.514470e-06 	 1.590953e+07 	
1.67867868e+06 	 4.431922e-06 	 1.589469e+07 	
1.67917918e+06 	 4.349403e-06 	 1.587994e+07 	
1.67967968e+06 	 4.267143e-06 	 1.586526e+07 	
1.68018018e+06 	 4.185156e-06 	 1.585064e+07 	
1.68068068e+06 	 4.103455e-06 	 1.583609e+07 	
1.68118118e+06 	 4.022056e-06 	 1.582162e+07 	
1.68168168e+06 	 3.940975e-06 	 1.580722e+07 	
1.68218218e+06 	 3.860226e-06 	 1.579289e+07 	
1.68268268e+06 	 3.779827e-06 	 1.577864e+07 	
1.68318318e+06 	 3.699794e-06 	 1.576447e+07 	
1.68368368e+06 	 3.620146e-06 	 1.575038e+07 	
1.68418418e+06 	 3.540900e-06 	 1.573637e+07 	
1.68468468e+06 	 3.462074e-06 	 1.572243e+07 	
1.68518519e+06 	 3.383689e-06 	 1.570859e+07 	
1.68568569e+06 	 3.305591e-06 	 1.569484e+07 	
1.68618619e+06 	 3.228141e-06 	 1.568117e+07 	
1.68668669e+06 	 3.151191e-06 	 1.566758e+07 	
1.68718719e+06 	 3.074763e-06 	 1.565408e+07 	
1.68768769e+06 	 2.998878e-06 	 1.564067e+07 	
1.68818819e+06 	 2.923559e-06 	 1.562735e+07 	
1.68868869e+06 	 2.848827e-06 	 1.561413e+07 	
1.68918919e+06 	 2.774706e-06 	 1.560100e+07 	
1.68968969e+06 	 2.701219e-06 	 1.558797e+07 	
1.69019019e+06 	 2.628389e-06 	 1.557504e+07 	
1.69069069e+06 	 2.556241e-06 	 1.556221e+07 	
1.69119119e+06 	 2.484797e-06 	 1.554949e+07 	
1.69169169e+06 	 2.414083e-06 	 1.553686e+07 	
1.69219219e+06 	 2.344002e-06 	 1.552436e+07 	
1.69269269e+06 	 2.274817e-06 	 1.551195e+07 	
1.69319319e+06 	 2.206435e-06 	 1.549965e+07 	
1.69369369e+06 	 2.138880e-06 	 1.548745e+07 	
1.69419419e+06 	 2.072178e-06 	 1.547537e+07 	
1.69469469e+06 	 2.006352e-06 	 1.546341e+07 	
1.69519520e+06 	 1.941426e-06 	 1.545155e+07 	
1.69569570e+06 	 1.877426e-06 	 1.543982e+07 	
1.69619620e+06 	 1.814373e-06 	 1.542820e+07 	
1.69669670e+06 	 1.752293e-06 	 1.541670e+07 	
1.69719720e+06 	 1.691207e-06 	 1.540532e+07 	
1.69769770e+06 	 1.631138e-06 	 1.539406e+07 	
1.69819820e+06 	 1.572108e-06 	 1.538293e+07 	
1.69869870e+06 	 1.514059e-06 	 1.537195e+07 	
1.69919920e+06 	 1.457169e-06 	 1.536107e+07 	
1.69969970e+06 	 1.401378e-06 	 1.535032e+07 	
1.70020020e+06 	 1.346706e-06 	 1.533969e+07 	
1.70070070e+06 	 1.293170e-06 	 1.532920e+07 	
1.70120120e+06 	 1.240788e-06 	 1.531884e+07 	
1.70170170e+06 	 1.189574e-06 	 1.530861e+07 	
1.70220220e+06 	 1.139544e-06 	 1.529852e+07 	
1.70270270e+06 	 1.090710e-06 	 1.528856e+07 	
1.70320320e+06 	 1.043084e-06 	 1.527874e+07 	
1.70370370e+06 	 9.966766e-07 	 1.526905e+07 	
1.70420420e+06 	 9.514969e-07 	 1.525950e+07 	
1.70470470e+06 	 9.075067e-07 	 1.525011e+07 	
1.70520521e+06 	 8.648027e-07 	 1.524084e+07 	
1.70570571e+06 	 8.233441e-07 	 1.523170e+07 	
1.70620621e+06 	 7.831335e-07 	 1.522271e+07 	
1.70670671e+06 	 7.441720e-07 	 1.521386e+07 	
1.70720721e+06 	 7.064589e-07 	 1.520515e+07 	
1.70770771e+06 	 6.699919e-07 	 1.519657e+07 	
1.70820821e+06 	 6.347668e-07 	 1.518814e+07 	
1.70870871e+06 	 6.007777e-07 	 1.517985e+07 	
1.70920921e+06 	 5.680171e-07 	 1.517171e+07 	
1.70970971e+06 	 5.364757e-07 	 1.516370e+07 	
1.71021021e+06 	 5.061423e-07 	 1.515583e+07 	
1.71071071e+06 	 4.770285e-07 	 1.514808e+07 	
1.71121121e+06 	 4.490717e-07 	 1.514049e+07 	
1.71171171e+06 	 4.222800e-07 	 1.513304e+07 	
1.71221221e+06 	 3.966358e-07 	 1.512573e+07 	
1.71271271e+06 	 3.721203e-07 	 1.511856e+07 	
1.71321321e+06 	 3.487129e-07 	 1.511153e+07 	
1.71371371e+06 	 3.263919e-07 	 1.510463e+07 	
1.71421421e+06 	 3.051341e-07 	 1.509786e+07 	
1.71471471e+06 	 2.849153e-07 	 1.509123e+07 	
1.71521522e+06 	 2.657101e-07 	 1.508474e+07 	
1.71571572e+06 	 2.474921e-07 	 1.507837e+07 	
1.71621622e+06 	 2.302222e-07 	 1.507216e+07 	
1.71671672e+06 	 2.138959e-07 	 1.506606e+07 	
1.71721722e+06 	 1.984724e-07 	 1.506008e+07 	
1.71771772e+06 	 1.839223e-07 	 1.505423e+07 	
1.71821822e+06 	 1.702158e-07 	 1.504850e+07 	
1.71871872e+06 	 1.573223e-07 	 1.504289e+07 	
1.71921922e+06 	 1.452113e-07 	 1.503741e+07 	
1.71971972e+06 	 1.338520e-07 	 1.503204e+07 	
1.72022022e+06 	 1.232134e-07 	 1.502679e+07 	
1.72072072e+06 	 1.132591e-07 	 1.502168e+07 	
1.72122122e+06 	 1.039698e-07 	 1.501666e+07 	
1.72172172e+06 	 9.530922e-08 	 1.501175e+07 	
1.72222222e+06 	 8.724719e-08 	 1.500694e+07 	
1.72272272e+06 	 7.975397e-08 	 1.500225e+07 	
1.72322322e+06 	 7.280027e-08 	 1.499765e+07 	
1.72372372e+06 	 6.635736e-08 	 1.499315e+07 	
1.72422422e+06 	 6.039715e-08 	 1.498876e+07 	
1.72472472e+06 	 5.489523e-08 	 1.498441e+07 	
1.72522523e+06 	 4.981903e-08 	 1.498020e+07 	
1.72572573e+06 	 4.514566e-08 	 1.497607e+07 	
1.72622623e+06 	 4.085010e-08 	 1.497204e+07 	
1.72672673e+06 	 3.690825e-08 	 1.496808e+07 	
1.72722723e+06 	 3.329522e-08 	 1.496426e+07 	
1.72772773e+06 	 2.999203e-08 	 1.496048e+07 	
1.72822823e+06 	 2.697573e-08 	 1.495677e+07 	
1.72872873e+06 	 2.422597e-08 	 1.495314e+07 	
1.72922923e+06 	 2.172336e-08 	 1.494959e+07 	
1.72972973e+06 	 1.945060e-08 	 1.494602e+07 	
1.73023023e+06 	 1.738812e-08 	 1.494258e+07 	
1.73073073e+06 	 1.552045e-08 	 1.493920e+07 	
1.73123123e+06 	 1.383130e-08 	 1.493596e+07 	
1.73173173e+06 	 1.230745e-08 	 1.493271e+07 	
1.73223223e+06 	 1.093450e-08 	 1.492952e+07 	
1.73273273e+06 	 9.699013e-09 	 1.492651e+07 	
1.73323323e+06 	 8.590052e-09 	 1.492348e+07 	
1.73373373e+06 	 7.596392e-09 	 1.492038e+07 	
1.73423423e+06 	 6.706825e-09 	 1.491746e+07 	
1.73473473e+06 	 5.912704e-09 	 1.491432e+07 	
1.73523524e+06 	 5.204085e-09 	 1.491140e+07 	
1.73573574e+06 	 4.572981e-09 	 1.490868e+07 	
1.73623624e+06 	 4.012154e-09 	 1.490598e+07 	
1.73673674e+06 	 3.514939e-09 	 1.490289e+07 	
1.73723724e+06 	 3.074292e-09 	 1.490010e+07 	
1.73773774e+06 	 2.684601e-09 	 1.489742e+07 	
1.73823824e+06 	 2.340635e-09 	 1.489475e+07 	
1.73873874e+06 	 2.037531e-09 	 1.489209e+07 	
1.73923924e+06 	 1.770830e-09 	 1.488965e+07 	
1.73973974e+06 	 1.536738e-09 	 1.488676e+07 	
1.74024024e+06 	 1.331386e-09 	 1.488441e+07 	
1.74074074e+06 	 1.151763e-09 	 1.488144e+07 	
1.74124124e+06 	 9.947657e-10 	 1.487882e+07 	
1.74174174e+06 	 8.578137e-10 	 1.487627e+07 	
1.74224224e+06 	 7.385822e-10 	 1.487337e+07 	
1.74274274e+06 	 6.348859e-10 	 1.487117e+07 	
1.74324324e+06 	 5.449160e-10 	 1.486855e+07 	
1.74374374e+06 	 4.669578e-10 	 1.486610e+07 	
1.74424424e+06 	 3.995330e-10 	 1.486352e+07 	
1.74474474e+06 	 3.413068e-10 	 1.486107e+07 	
1.74524525e+06 	 2.911144e-10 	 1.485854e+07 	
1.74574575e+06 	 2.479160e-10 	 1.485606e+07 	
1.74624625e+06 	 2.108014e-10 	 1.485350e+07 	
1.74674675e+06 	 1.789631e-10 	 1.485109e+07 	
1.74724725e+06 	 1.516994e-10 	 1.484857e+07 	
1.98899113e+06 	 1.000000e-20 	 1.378791e+07 	
2.26418198e+06 	 1.000000e-20 	 1.282114e+07 	
2.57744741e+06 	 1.000000e-20 	 1.193601e+07 	
2.93405530e+06 	 1.000000e-20 	 1.112272e+07 	
3.34000238e+06 	 1.000000e-20 	 1.037325e+07 	
3.80211509e+06 	 1.000000e-20 	 9.680893e+06 	
4.32816433e+06 	 1.000000e-20 	 9.039991e+06 	
4.92699616e+06 	 1.000000e-20 	 8.445695e+06 	
5.60868057e+06 	 1.000000e-20 	 7.893812e+06 	
6.38468078e+06 	 1.000000e-20 	 7.380675e+06 	
7.26804606e+06 	 1.000000e-20 	 6.903059e+06 	
8.27363110e+06 	 1.000000e-20 	 6.458097e+06 	
9.41834588e+06 	 1.000000e-20 	 6.043234e+06 	
1.07214400e+07 	 1.000000e-20 	 5.656170e+06 	
1.22048262e+07 	 1.000000e-20 	 5.294831e+06 	
1.38934494e+07 	 1.000000e-20 	 4.957337e+06 	
1.58157053e+07 	 1.000000e-20 	 4.641976e+06 	
1.80039189e+07 	 1.000000e-20 	 4.347184e+06 	
2.04948871e+07 	 1.000000e-20 	 4.071527e+06 	
2.33304981e+07 	 1.000000e-20 	 3.813688e+06 	
2.65584359e+07 	 1.000000e-20 	 3.572455e+06 	
3.02329814e+07 	 1.000000e-20 	 3.346708e+06 	
3.44159260e+07 	 1.000000e-20 	 3.135413e+06 	
3.91776102e+07 	 1.000000e-20 	 2.937611e+06 	
4.45981068e+07 	 1.000000e-20 	 2.752413e+06 	
5.07685671e+07 	 1.000000e-20 	 2.578993e+06 	
5.77927537e+07 	 1.000000e-20 	 2.416585e+06 	
6.57887857e+07 	 1.000000e-20 	 2.264474e+06 	
7.48911247e+07 	 1.000000e-20 	 2.121994e+06 	
8.52528361e+07 	 1.000000e-20 	 1.988526e+06 	
9.70481627e+07 	 1.000000e-20 	 1.863491e+06 	
1.10475455e+08 	 1.000000e-20 	 1.746350e+06 	
1.25760508e+08 	 1.000000e-20 	 1.636599e+06 	
1.43160354e+08 	 1.000000e-20 	 1.533767e+06 	
1.62967591e+08 	 1.000000e-20 	 1.437413e+06 	
1.85515298e+08 	 1.000000e-20 	 1.347127e+06 	
2.11182639e+08 	 1.000000e-20 	 1.262524e+06 	
2.40401235e+08 	 1.000000e-20 	 1.183244e+06 	
2.73662428e+08 	 1.000000e-20 	 1.108951e+06 	
3.11525541e+08 	 1.000000e-20 	 1.039329e+06 	
3.54627280e+08 	 1.000000e-20 	 9.740834e+05 	
4.03692447e+08 	 1.000000e-20 	 9.129383e+05 	
4.59546122e+08 	 1.000000e-20 	 8.556351e+05 	
5.23127545e+08 	 1.000000e-20 	 8.019317e+05 	
5.95505903e+08 	 1.000000e-20 	 7.516015e+05 	
6.77898313e+08 	 1.000000e-20 	 7.044322e+05 	
7.71690289e+08 	 1.000000e-20 	 6.602248e+05 	
8.78459043e+08 	 1.000000e-20 	 6.187932e+05 	
1.00000000e+09 	 1.000000e-20 	 5.799626e+05 	
