r (cm)        	 rho (g/cm3) 	 T (K)       		 Linf = 3.281532e+38
1.19998835e+06 	 1.262252e+05 	 1.251491e+09 	
1.20002204e+06 	 1.205944e+05 	 1.237043e+09 	
1.20012552e+06 	 1.045839e+05 	 1.193026e+09 	
1.20022899e+06 	 9.037466e+04 	 1.149557e+09 	
1.20033034e+06 	 7.804773e+04 	 1.107527e+09 	
1.20043170e+06 	 6.715293e+04 	 1.066060e+09 	
1.20053305e+06 	 5.755726e+04 	 1.025177e+09 	
1.20061588e+06 	 5.059345e+04 	 9.922149e+08 	
1.20069870e+06 	 4.435032e+04 	 9.596684e+08 	
1.20078153e+06 	 3.876785e+04 	 9.275495e+08 	
1.20086435e+06 	 3.378956e+04 	 8.958704e+08 	
1.20094718e+06 	 2.936244e+04 	 8.646440e+08 	
1.20102705e+06 	 2.556887e+04 	 8.349734e+08 	
1.20110692e+06 	 2.219993e+04 	 8.057480e+08 	
1.20118679e+06 	 1.921668e+04 	 7.769801e+08 	
1.20126666e+06 	 1.658277e+04 	 7.486821e+08 	
1.20133304e+06 	 1.463509e+04 	 7.255290e+08 	
1.20139942e+06 	 1.288722e+04 	 7.027166e+08 	
1.20146580e+06 	 1.132217e+04 	 6.802526e+08 	
1.20153219e+06 	 9.924016e+03 	 6.581444e+08 	
1.20159857e+06 	 8.677896e+03 	 6.363997e+08 	
1.20166495e+06 	 7.570076e+03 	 6.150285e+08 	
1.20173132e+06 	 6.587500e+03 	 5.940359e+08 	
1.20179769e+06 	 5.718203e+03 	 5.734294e+08 	
1.20185275e+06 	 5.075202e+03 	 5.566368e+08 	
1.20190780e+06 	 4.496607e+03 	 5.401192e+08 	
1.20196285e+06 	 3.976925e+03 	 5.238808e+08 	
1.20201790e+06 	 3.511027e+03 	 5.079257e+08 	
1.20207295e+06 	 3.094140e+03 	 4.922580e+08 	
1.20212800e+06 	 2.721826e+03 	 4.768817e+08 	
1.20218472e+06 	 2.380503e+03 	 4.613483e+08 	
1.20224143e+06 	 2.077962e+03 	 4.461324e+08 	
1.20228801e+06 	 1.855795e+03 	 4.338765e+08 	
1.20233459e+06 	 1.655221e+03 	 4.218394e+08 	
1.20238117e+06 	 1.474405e+03 	 4.100232e+08 	
1.20242775e+06 	 1.311640e+03 	 3.984297e+08 	
1.20247433e+06 	 1.165340e+03 	 3.870606e+08 	
1.20252091e+06 	 1.034034e+03 	 3.759178e+08 	
1.20256749e+06 	 9.163596e+02 	 3.650026e+08 	
1.20261407e+06 	 8.110595e+02 	 3.543165e+08 	
1.20266245e+06 	 7.135491e+02 	 3.434617e+08 	
1.20271083e+06 	 6.269391e+02 	 3.328565e+08 	
1.20275095e+06 	 5.625962e+02 	 3.242520e+08 	
1.20279107e+06 	 5.044191e+02 	 3.158205e+08 	
1.20283119e+06 	 4.518742e+02 	 3.075623e+08 	
1.20287131e+06 	 4.044676e+02 	 2.994777e+08 	
1.20291142e+06 	 3.617427e+02 	 2.915669e+08 	
1.20295154e+06 	 3.232780e+02 	 2.838301e+08 	
1.20299166e+06 	 2.886851e+02 	 2.762671e+08 	
1.20303178e+06 	 2.576064e+02 	 2.688777e+08 	
1.20307190e+06 	 2.297132e+02 	 2.616618e+08 	
1.20311202e+06 	 2.047042e+02 	 2.546190e+08 	
1.20314766e+06 	 1.846853e+02 	 2.485080e+08 	
1.20318329e+06 	 1.665457e+02 	 2.425326e+08 	
1.20321893e+06 	 1.501209e+02 	 2.366923e+08 	
1.20325456e+06 	 1.352595e+02 	 2.309866e+08 	
1.20329020e+06 	 1.218222e+02 	 2.254146e+08 	
1.20332583e+06 	 1.096808e+02 	 2.199758e+08 	
1.20336147e+06 	 9.871738e+01 	 2.146691e+08 	
1.20339711e+06 	 8.882399e+01 	 2.094937e+08 	
1.20343274e+06 	 7.990159e+01 	 2.044485e+08 	
1.20346838e+06 	 7.185956e+01 	 1.995325e+08 	
1.20350401e+06 	 6.461501e+01 	 1.947444e+08 	
1.20353965e+06 	 5.809228e+01 	 1.900831e+08 	
1.20357528e+06 	 5.222234e+01 	 1.855472e+08 	
1.20361092e+06 	 4.694229e+01 	 1.811354e+08 	
1.20364655e+06 	 4.219486e+01 	 1.768460e+08 	
1.20368219e+06 	 3.792802e+01 	 1.726777e+08 	
1.20371782e+06 	 3.409447e+01 	 1.686287e+08 	
1.20375346e+06 	 3.065133e+01 	 1.646974e+08 	
1.20378975e+06 	 2.750594e+01 	 1.608131e+08 	
1.20382604e+06 	 2.468798e+01 	 1.570470e+08 	
1.20386233e+06 	 2.216390e+01 	 1.533974e+08 	
1.20389862e+06 	 1.990343e+01 	 1.498622e+08 	
1.20393491e+06 	 1.787931e+01 	 1.464392e+08 	
1.20397120e+06 	 1.606698e+01 	 1.431264e+08 	
1.20400749e+06 	 1.444435e+01 	 1.399216e+08 	
1.20404378e+06 	 1.299155e+01 	 1.368225e+08 	
1.20408007e+06 	 1.169075e+01 	 1.338270e+08 	
1.20411636e+06 	 1.052594e+01 	 1.309327e+08 	
1.20415265e+06 	 9.482770e+00 	 1.281373e+08 	
1.20418894e+06 	 8.548361e+00 	 1.254385e+08 	
1.20422524e+06 	 7.711190e+00 	 1.228340e+08 	
1.20426153e+06 	 6.960938e+00 	 1.203212e+08 	
1.20429782e+06 	 6.288373e+00 	 1.178980e+08 	
1.20433411e+06 	 5.685238e+00 	 1.155618e+08 	
1.20437040e+06 	 5.144154e+00 	 1.133103e+08 	
1.20441491e+06 	 4.555620e+00 	 1.106610e+08 	
1.20445942e+06 	 4.039814e+00 	 1.081311e+08 	
1.20450393e+06 	 3.587392e+00 	 1.057162e+08 	
1.20454844e+06 	 3.190223e+00 	 1.034121e+08 	
1.20459294e+06 	 2.841239e+00 	 1.012143e+08 	
1.20463745e+06 	 2.534291e+00 	 9.911882e+07 	
1.20468196e+06 	 2.264034e+00 	 9.712136e+07 	
1.20472647e+06 	 2.025821e+00 	 9.521787e+07 	
1.20477098e+06 	 1.815611e+00 	 9.340437e+07 	
1.20481549e+06 	 1.629889e+00 	 9.167695e+07 	
1.20486000e+06 	 1.465599e+00 	 9.003180e+07 	
1.20490451e+06 	 1.320081e+00 	 8.846522e+07 	
1.20494902e+06 	 1.191020e+00 	 8.697361e+07 	
1.20499353e+06 	 1.076400e+00 	 8.555347e+07 	
1.20504798e+06 	 9.532726e-01 	 8.390845e+07 	
1.20510243e+06 	 8.463775e-01 	 8.235941e+07 	
1.20515688e+06 	 7.533754e-01 	 8.090067e+07 	
1.20521133e+06 	 6.722841e-01 	 7.952680e+07 	
1.20526578e+06 	 6.014224e-01 	 7.823266e+07 	
1.20532023e+06 	 5.393623e-01 	 7.701335e+07 	
1.20538825e+06 	 4.723753e-01 	 7.558838e+07 	
1.20545626e+06 	 4.152596e-01 	 7.426448e+07 	
1.20552427e+06 	 3.663908e-01 	 7.303378e+07 	
1.20559229e+06 	 3.244333e-01 	 7.188896e+07 	
1.20566030e+06 	 2.882859e-01 	 7.082327e+07 	
1.20572832e+06 	 2.570384e-01 	 6.983046e+07 	
1.20580915e+06 	 2.252408e-01 	 6.873745e+07 	
1.20588997e+06 	 1.982668e-01 	 6.773044e+07 	
1.20597080e+06 	 1.752806e-01 	 6.680144e+07 	
1.20605163e+06 	 1.556057e-01 	 6.594324e+07 	
1.20613246e+06 	 1.386925e-01 	 6.514933e+07 	
1.20624712e+06 	 1.185776e-01 	 6.412206e+07 	
1.20636178e+06 	 1.021185e-01 	 6.319766e+07 	
1.20647644e+06 	 8.854620e-02 	 6.236336e+07 	
1.20659110e+06 	 7.727134e-02 	 6.160817e+07 	
1.20671726e+06 	 6.698014e-02 	 6.085731e+07 	
1.20684343e+06 	 5.845540e-02 	 6.017988e+07 	
1.20696959e+06 	 5.134004e-02 	 5.956660e+07 	
1.20714763e+06 	 4.317555e-02 	 5.879518e+07 	
1.20732568e+06 	 3.670021e-02 	 5.811738e+07 	
1.20750373e+06 	 3.150127e-02 	 5.751824e+07 	
1.20773706e+06 	 2.613185e-02 	 5.683207e+07 	
1.20797038e+06 	 2.197329e-02 	 5.623848e+07 	
1.20820371e+06 	 1.870105e-02 	 5.572055e+07 	
1.20851545e+06 	 1.533024e-02 	 5.512410e+07 	
1.20882718e+06 	 1.277947e-02 	 5.461525e+07 	
1.20913891e+06 	 1.081032e-02 	 5.417608e+07 	
1.20956312e+06 	 8.786162e-03 	 5.366657e+07 	
1.20998733e+06 	 7.287040e-03 	 5.323638e+07 	
1.21041154e+06 	 6.149354e-03 	 5.286766e+07 	
1.21101226e+06 	 4.958536e-03 	 5.242611e+07 	
1.21161298e+06 	 4.098757e-03 	 5.205628e+07 	
1.21221370e+06 	 3.459080e-03 	 5.174046e+07 	
1.21301004e+06 	 2.836870e-03 	 5.138441e+07 	
1.21380638e+06 	 2.385977e-03 	 5.108199e+07 	
1.21460272e+06 	 2.049057e-03 	 5.081983e+07 	
1.21539906e+06 	 1.790777e-03 	 5.058866e+07 	
1.21660083e+06 	 1.501881e-03 	 5.028426e+07 	
1.21780259e+06 	 1.293931e-03 	 5.001993e+07 	
1.21900436e+06 	 1.139229e-03 	 4.978531e+07 	
1.22079443e+06 	 9.730141e-04 	 4.947621e+07 	
1.22186451e+06 	 8.986578e-04 	 4.930891e+07 	
1.22405404e+06 	 7.846123e-04 	 4.899647e+07 	
1.22585178e+06 	 7.171070e-04 	 4.876256e+07 	
1.22872213e+06 	 6.399171e-04 	 4.841895e+07 	
1.23159248e+06 	 5.865573e-04 	 4.810137e+07 	
1.23446283e+06 	 5.479672e-04 	 4.780195e+07 	
1.23883866e+06 	 5.064459e-04 	 4.736954e+07 	
1.24242176e+06 	 4.819989e-04 	 4.703058e+07 	
1.24887073e+06 	 4.500485e-04 	 4.644330e+07 	
1.25105227e+06 	 4.414229e-04 	 4.624956e+07 	
1.25919061e+06 	 4.146665e-04 	 4.554274e+07 	
1.26394154e+06 	 4.015173e-04 	 4.513955e+07 	
1.27577901e+06 	 3.728397e-04 	 4.415896e+07 	
1.27783333e+06 	 3.682730e-04 	 4.399195e+07 	
1.28633333e+06 	 3.501659e-04 	 4.330984e+07 	
1.29483333e+06 	 3.332309e-04 	 4.264175e+07 	
1.30333333e+06 	 3.172474e-04 	 4.198701e+07 	
1.31183333e+06 	 3.021356e-04 	 4.134519e+07 	
1.32033333e+06 	 2.878045e-04 	 4.071585e+07 	
1.32883333e+06 	 2.742187e-04 	 4.009867e+07 	
1.33450000e+06 	 2.655355e-04 	 3.969376e+07 	
1.34300000e+06 	 2.530870e-04 	 3.909609e+07 	
1.35150000e+06 	 2.412490e-04 	 3.850965e+07 	
1.36000000e+06 	 2.300145e-04 	 3.793421e+07 	
1.36850000e+06 	 2.193274e-04 	 3.736942e+07 	
1.37700000e+06 	 2.091776e-04 	 3.681506e+07 	
1.38550000e+06 	 1.995186e-04 	 3.627080e+07 	
1.39400000e+06 	 1.903389e-04 	 3.573644e+07 	
1.40250000e+06 	 1.815991e-04 	 3.521167e+07 	
1.41100000e+06 	 1.732878e-04 	 3.469629e+07 	
1.41950000e+06 	 1.653711e-04 	 3.419003e+07 	
1.42800000e+06 	 1.578353e-04 	 3.369269e+07 	
1.43650000e+06 	 1.506584e-04 	 3.320404e+07 	
1.44500000e+06 	 1.438244e-04 	 3.272387e+07 	
1.45350000e+06 	 1.373114e-04 	 3.225197e+07 	
1.46200000e+06 	 1.311008e-04 	 3.178812e+07 	
1.47050000e+06 	 1.251832e-04 	 3.133217e+07 	
1.47900000e+06 	 1.195375e-04 	 3.088389e+07 	
1.48750000e+06 	 1.141551e-04 	 3.044313e+07 	
1.49600000e+06 	 1.090196e-04 	 3.000970e+07 	
1.50450000e+06 	 1.041167e-04 	 2.958342e+07 	
1.51300000e+06 	 9.943923e-05 	 2.916414e+07 	
1.52150000e+06 	 9.497276e-05 	 2.875170e+07 	
1.53000000e+06 	 9.070713e-05 	 2.834594e+07 	
1.53850000e+06 	 8.663246e-05 	 2.794671e+07 	
1.54700000e+06 	 8.273927e-05 	 2.755386e+07 	
1.55550000e+06 	 7.901834e-05 	 2.716725e+07 	
1.56400000e+06 	 7.546200e-05 	 2.678675e+07 	
1.57250000e+06 	 7.206110e-05 	 2.641221e+07 	
1.58100000e+06 	 6.880859e-05 	 2.604352e+07 	
1.58950000e+06 	 6.569707e-05 	 2.568054e+07 	
1.59800000e+06 	 6.272003e-05 	 2.532316e+07 	
1.60650000e+06 	 5.987026e-05 	 2.497126e+07 	
1.61500000e+06 	 5.714167e-05 	 2.462471e+07 	
1.62350000e+06 	 5.452840e-05 	 2.428341e+07 	
1.63200000e+06 	 5.202479e-05 	 2.394725e+07 	
1.64050000e+06 	 4.962568e-05 	 2.361612e+07 	
1.64900000e+06 	 4.732618e-05 	 2.328992e+07 	
1.65750000e+06 	 4.512112e-05 	 2.296855e+07 	
1.66600000e+06 	 4.300594e-05 	 2.265192e+07 	
1.67450000e+06 	 4.097634e-05 	 2.233993e+07 	
1.68300000e+06 	 3.902815e-05 	 2.203249e+07 	
1.70000000e+06 	 3.536026e-05 	 2.143090e+07 	
1.70050050e+06 	 3.525666e-05 	 2.141345e+07 	
1.70100100e+06 	 3.515330e-05 	 2.139602e+07 	
1.70150150e+06 	 3.505019e-05 	 2.137860e+07 	
1.70200200e+06 	 3.494731e-05 	 2.136120e+07 	
1.70250250e+06 	 3.484467e-05 	 2.134381e+07 	
1.70300300e+06 	 3.474227e-05 	 2.132643e+07 	
1.70350350e+06 	 3.464012e-05 	 2.130907e+07 	
1.70400400e+06 	 3.453820e-05 	 2.129173e+07 	
1.70450450e+06 	 3.443651e-05 	 2.127440e+07 	
1.70500501e+06 	 3.433507e-05 	 2.125709e+07 	
1.70550551e+06 	 3.423385e-05 	 2.123979e+07 	
1.70600601e+06 	 3.413288e-05 	 2.122250e+07 	
1.70650651e+06 	 3.403213e-05 	 2.120523e+07 	
1.70700701e+06 	 3.393162e-05 	 2.118797e+07 	
1.70750751e+06 	 3.383134e-05 	 2.117073e+07 	
1.70800801e+06 	 3.373129e-05 	 2.115351e+07 	
1.70850851e+06 	 3.363148e-05 	 2.113629e+07 	
1.70900901e+06 	 3.353189e-05 	 2.111910e+07 	
1.70950951e+06 	 3.343254e-05 	 2.110191e+07 	
1.71001001e+06 	 3.333341e-05 	 2.108474e+07 	
1.71051051e+06 	 3.323451e-05 	 2.106759e+07 	
1.71101101e+06 	 3.313584e-05 	 2.105045e+07 	
1.71151151e+06 	 3.303740e-05 	 2.103333e+07 	
1.71201201e+06 	 3.293918e-05 	 2.101622e+07 	
1.71251251e+06 	 3.284119e-05 	 2.099912e+07 	
1.71301301e+06 	 3.274342e-05 	 2.098204e+07 	
1.71351351e+06 	 3.264588e-05 	 2.096497e+07 	
1.71401401e+06 	 3.254857e-05 	 2.094792e+07 	
1.71451451e+06 	 3.245147e-05 	 2.093088e+07 	
1.71501502e+06 	 3.235460e-05 	 2.091386e+07 	
1.71551552e+06 	 3.225795e-05 	 2.089685e+07 	
1.71601602e+06 	 3.216152e-05 	 2.087985e+07 	
1.71651652e+06 	 3.206531e-05 	 2.086287e+07 	
1.71701702e+06 	 3.196933e-05 	 2.084591e+07 	
1.71751752e+06 	 3.187356e-05 	 2.082895e+07 	
1.71801802e+06 	 3.177801e-05 	 2.081202e+07 	
1.71851852e+06 	 3.168268e-05 	 2.079509e+07 	
1.71901902e+06 	 3.158756e-05 	 2.077819e+07 	
1.71951952e+06 	 3.149266e-05 	 2.076129e+07 	
1.72002002e+06 	 3.139798e-05 	 2.074441e+07 	
1.72052052e+06 	 3.130352e-05 	 2.072754e+07 	
1.72102102e+06 	 3.120926e-05 	 2.071069e+07 	
1.72152152e+06 	 3.111523e-05 	 2.069385e+07 	
1.72202202e+06 	 3.102140e-05 	 2.067703e+07 	
1.72252252e+06 	 3.092779e-05 	 2.066022e+07 	
1.72302302e+06 	 3.083439e-05 	 2.064343e+07 	
1.72352352e+06 	 3.074120e-05 	 2.062665e+07 	
1.72402402e+06 	 3.064823e-05 	 2.060988e+07 	
1.72452452e+06 	 3.055546e-05 	 2.059313e+07 	
1.72502503e+06 	 3.046290e-05 	 2.057639e+07 	
1.72552553e+06 	 3.037055e-05 	 2.055966e+07 	
1.72602603e+06 	 3.027841e-05 	 2.054295e+07 	
1.72652653e+06 	 3.018648e-05 	 2.052626e+07 	
1.72702703e+06 	 3.009475e-05 	 2.050957e+07 	
1.72752753e+06 	 3.000323e-05 	 2.049291e+07 	
1.72802803e+06 	 2.991192e-05 	 2.047625e+07 	
1.72852853e+06 	 2.982081e-05 	 2.045961e+07 	
1.72902903e+06 	 2.972990e-05 	 2.044298e+07 	
1.72952953e+06 	 2.963920e-05 	 2.042637e+07 	
1.73003003e+06 	 2.954870e-05 	 2.040977e+07 	
1.73053053e+06 	 2.945840e-05 	 2.039319e+07 	
1.73103103e+06 	 2.936831e-05 	 2.037662e+07 	
1.73153153e+06 	 2.927842e-05 	 2.036006e+07 	
1.73203203e+06 	 2.918872e-05 	 2.034352e+07 	
1.73253253e+06 	 2.909923e-05 	 2.032699e+07 	
1.73303303e+06 	 2.900993e-05 	 2.031048e+07 	
1.73353353e+06 	 2.892084e-05 	 2.029397e+07 	
1.73403403e+06 	 2.883194e-05 	 2.027749e+07 	
1.73453453e+06 	 2.874324e-05 	 2.026101e+07 	
1.73503504e+06 	 2.865473e-05 	 2.024455e+07 	
1.73553554e+06 	 2.856642e-05 	 2.022811e+07 	
1.73603604e+06 	 2.847831e-05 	 2.021168e+07 	
1.73653654e+06 	 2.839039e-05 	 2.019526e+07 	
1.73703704e+06 	 2.830267e-05 	 2.017885e+07 	
1.73753754e+06 	 2.821514e-05 	 2.016246e+07 	
1.73803804e+06 	 2.812780e-05 	 2.014609e+07 	
1.73853854e+06 	 2.804065e-05 	 2.012972e+07 	
1.73903904e+06 	 2.795370e-05 	 2.011337e+07 	
1.73953954e+06 	 2.786694e-05 	 2.009704e+07 	
1.74004004e+06 	 2.778037e-05 	 2.008071e+07 	
1.74054054e+06 	 2.769399e-05 	 2.006440e+07 	
1.74104104e+06 	 2.760780e-05 	 2.004811e+07 	
1.74154154e+06 	 2.752180e-05 	 2.003183e+07 	
1.74204204e+06 	 2.743598e-05 	 2.001556e+07 	
1.74254254e+06 	 2.735036e-05 	 1.999931e+07 	
1.74304304e+06 	 2.726492e-05 	 1.998306e+07 	
1.74354354e+06 	 2.717967e-05 	 1.996684e+07 	
1.74404404e+06 	 2.709460e-05 	 1.995062e+07 	
1.74454454e+06 	 2.700972e-05 	 1.993442e+07 	
1.74504505e+06 	 2.692502e-05 	 1.991824e+07 	
1.74554555e+06 	 2.684051e-05 	 1.990206e+07 	
1.74604605e+06 	 2.675618e-05 	 1.988591e+07 	
1.74654655e+06 	 2.667204e-05 	 1.986976e+07 	
1.74704705e+06 	 2.658808e-05 	 1.985363e+07 	
1.74754755e+06 	 2.650429e-05 	 1.983751e+07 	
1.74804805e+06 	 2.642069e-05 	 1.982140e+07 	
1.74854855e+06 	 2.633728e-05 	 1.980531e+07 	
1.74904905e+06 	 2.625404e-05 	 1.978923e+07 	
1.74954955e+06 	 2.617098e-05 	 1.977317e+07 	
1.75005005e+06 	 2.608810e-05 	 1.975711e+07 	
1.75055055e+06 	 2.600539e-05 	 1.974107e+07 	
1.75105105e+06 	 2.592287e-05 	 1.972505e+07 	
1.75155155e+06 	 2.584052e-05 	 1.970904e+07 	
1.75205205e+06 	 2.575835e-05 	 1.969304e+07 	
1.75255255e+06 	 2.567635e-05 	 1.967705e+07 	
1.75305305e+06 	 2.559453e-05 	 1.966108e+07 	
1.75355355e+06 	 2.551289e-05 	 1.964512e+07 	
1.75405405e+06 	 2.543141e-05 	 1.962918e+07 	
1.75455455e+06 	 2.535011e-05 	 1.961325e+07 	
1.75505506e+06 	 2.526899e-05 	 1.959733e+07 	
1.75555556e+06 	 2.518803e-05 	 1.958142e+07 	
1.75605606e+06 	 2.510725e-05 	 1.956553e+07 	
1.75655656e+06 	 2.502792e-05 	 1.954963e+07 	
1.75705706e+06 	 2.494752e-05 	 1.953376e+07 	
1.75755756e+06 	 2.486730e-05 	 1.951791e+07 	
1.75805806e+06 	 2.478725e-05 	 1.950207e+07 	
1.75855856e+06 	 2.470737e-05 	 1.948624e+07 	
1.75905906e+06 	 2.462766e-05 	 1.947043e+07 	
1.75955956e+06 	 2.454812e-05 	 1.945463e+07 	
1.76006006e+06 	 2.446875e-05 	 1.943884e+07 	
1.76056056e+06 	 2.438955e-05 	 1.942307e+07 	
1.76106106e+06 	 2.431051e-05 	 1.940730e+07 	
1.76156156e+06 	 2.423164e-05 	 1.939156e+07 	
1.76206206e+06 	 2.415294e-05 	 1.937582e+07 	
1.76256256e+06 	 2.407441e-05 	 1.936010e+07 	
1.76306306e+06 	 2.399604e-05 	 1.934439e+07 	
1.76356356e+06 	 2.391784e-05 	 1.932869e+07 	
1.76406406e+06 	 2.383980e-05 	 1.931301e+07 	
1.76456456e+06 	 2.376193e-05 	 1.929734e+07 	
1.76506507e+06 	 2.368422e-05 	 1.928168e+07 	
1.76556557e+06 	 2.360547e-05 	 1.926606e+07 	
1.76606607e+06 	 2.352804e-05 	 1.925043e+07 	
1.76656657e+06 	 2.345077e-05 	 1.923481e+07 	
1.76706707e+06 	 2.337367e-05 	 1.921920e+07 	
1.76756757e+06 	 2.329673e-05 	 1.920361e+07 	
1.76806807e+06 	 2.321994e-05 	 1.918803e+07 	
1.76856857e+06 	 2.314331e-05 	 1.917247e+07 	
1.76906907e+06 	 2.306684e-05 	 1.915691e+07 	
1.76956957e+06 	 2.299053e-05 	 1.914137e+07 	
1.77007007e+06 	 2.291438e-05 	 1.912585e+07 	
1.77057057e+06 	 2.283838e-05 	 1.911033e+07 	
1.77107107e+06 	 2.276254e-05 	 1.909483e+07 	
1.77157157e+06 	 2.268686e-05 	 1.907934e+07 	
1.77207207e+06 	 2.261132e-05 	 1.906387e+07 	
1.77257257e+06 	 2.253595e-05 	 1.904840e+07 	
1.77307307e+06 	 2.246073e-05 	 1.903295e+07 	
1.77357357e+06 	 2.238566e-05 	 1.901752e+07 	
1.77407407e+06 	 2.231074e-05 	 1.900209e+07 	
1.77457457e+06 	 2.223713e-05 	 1.898666e+07 	
1.77507508e+06 	 2.216255e-05 	 1.897126e+07 	
1.77557558e+06 	 2.208814e-05 	 1.895587e+07 	
1.77607608e+06 	 2.201387e-05 	 1.894050e+07 	
1.77657658e+06 	 2.193975e-05 	 1.892514e+07 	
1.77707708e+06 	 2.186579e-05 	 1.890979e+07 	
1.77757758e+06 	 2.179198e-05 	 1.889445e+07 	
1.77807808e+06 	 2.171832e-05 	 1.887913e+07 	
1.77857858e+06 	 2.164480e-05 	 1.886382e+07 	
1.77907908e+06 	 2.157144e-05 	 1.884852e+07 	
1.77957958e+06 	 2.149822e-05 	 1.883323e+07 	
1.78008008e+06 	 2.142516e-05 	 1.881796e+07 	
1.78058058e+06 	 2.135224e-05 	 1.880270e+07 	
1.78108108e+06 	 2.127947e-05 	 1.878745e+07 	
1.78158158e+06 	 2.120684e-05 	 1.877222e+07 	
1.78208208e+06 	 2.113436e-05 	 1.875699e+07 	
1.78258258e+06 	 2.106203e-05 	 1.874178e+07 	
1.78308308e+06 	 2.098880e-05 	 1.872661e+07 	
1.78358358e+06 	 2.091672e-05 	 1.871142e+07 	
1.78408408e+06 	 2.084478e-05 	 1.869625e+07 	
1.78458458e+06 	 2.077299e-05 	 1.868109e+07 	
1.78508509e+06 	 2.070133e-05 	 1.866595e+07 	
1.78558559e+06 	 2.062982e-05 	 1.865081e+07 	
1.78608609e+06 	 2.055846e-05 	 1.863569e+07 	
1.78658659e+06 	 2.048723e-05 	 1.862058e+07 	
1.78708709e+06 	 2.041614e-05 	 1.860549e+07 	
1.78758759e+06 	 2.034519e-05 	 1.859040e+07 	
1.78808809e+06 	 2.027438e-05 	 1.857533e+07 	
1.78858859e+06 	 2.020371e-05 	 1.856027e+07 	
1.78908909e+06 	 2.013318e-05 	 1.854522e+07 	
1.78958959e+06 	 2.006279e-05 	 1.853019e+07 	
1.79009009e+06 	 1.999253e-05 	 1.851517e+07 	
1.79059059e+06 	 1.992241e-05 	 1.850016e+07 	
1.79109109e+06 	 1.985242e-05 	 1.848516e+07 	
1.79159159e+06 	 1.978257e-05 	 1.847018e+07 	
1.79209209e+06 	 1.971385e-05 	 1.845519e+07 	
1.79259259e+06 	 1.964431e-05 	 1.844023e+07 	
1.79309309e+06 	 1.957490e-05 	 1.842528e+07 	
1.79359359e+06 	 1.950563e-05 	 1.841034e+07 	
1.79409409e+06 	 1.943649e-05 	 1.839542e+07 	
1.79459459e+06 	 1.936748e-05 	 1.838051e+07 	
1.79509510e+06 	 1.929861e-05 	 1.836561e+07 	
1.79559560e+06 	 1.922987e-05 	 1.835072e+07 	
1.79609610e+06 	 1.916127e-05 	 1.833585e+07 	
1.79659660e+06 	 1.909279e-05 	 1.832099e+07 	
1.79709710e+06 	 1.902445e-05 	 1.830614e+07 	
1.79759760e+06 	 1.895624e-05 	 1.829130e+07 	
1.79809810e+06 	 1.888816e-05 	 1.827648e+07 	
1.79859860e+06 	 1.882021e-05 	 1.826166e+07 	
1.79909910e+06 	 1.875240e-05 	 1.824686e+07 	
1.79959960e+06 	 1.868471e-05 	 1.823207e+07 	
1.80010010e+06 	 1.861715e-05 	 1.821730e+07 	
1.80060060e+06 	 1.854972e-05 	 1.820253e+07 	
1.80110110e+06 	 1.848148e-05 	 1.818780e+07 	
1.80160160e+06 	 1.841427e-05 	 1.817306e+07 	
1.80210210e+06 	 1.834719e-05 	 1.815834e+07 	
1.80260260e+06 	 1.828024e-05 	 1.814362e+07 	
1.80310310e+06 	 1.821341e-05 	 1.812892e+07 	
1.80360360e+06 	 1.814670e-05 	 1.811423e+07 	
1.80410410e+06 	 1.808012e-05 	 1.809955e+07 	
1.80460460e+06 	 1.801366e-05 	 1.808489e+07 	
1.80510511e+06 	 1.794733e-05 	 1.807024e+07 	
1.80560561e+06 	 1.788112e-05 	 1.805559e+07 	
1.80610611e+06 	 1.781503e-05 	 1.804097e+07 	
1.80660661e+06 	 1.774907e-05 	 1.802635e+07 	
1.80710711e+06 	 1.768322e-05 	 1.801174e+07 	
1.80760761e+06 	 1.761750e-05 	 1.799715e+07 	
1.80810811e+06 	 1.755190e-05 	 1.798257e+07 	
1.80860861e+06 	 1.748642e-05 	 1.796800e+07 	
1.80910911e+06 	 1.742106e-05 	 1.795344e+07 	
1.80960961e+06 	 1.735581e-05 	 1.793890e+07 	
1.81011011e+06 	 1.728982e-05 	 1.792439e+07 	
1.81061061e+06 	 1.722478e-05 	 1.790987e+07 	
1.81111111e+06 	 1.715987e-05 	 1.789536e+07 	
1.81161161e+06 	 1.709506e-05 	 1.788087e+07 	
1.81211211e+06 	 1.703038e-05 	 1.786638e+07 	
1.81261261e+06 	 1.696581e-05 	 1.785191e+07 	
1.81311311e+06 	 1.690136e-05 	 1.783745e+07 	
1.81361361e+06 	 1.683702e-05 	 1.782301e+07 	
1.81411411e+06 	 1.677279e-05 	 1.780857e+07 	
1.81461461e+06 	 1.670868e-05 	 1.779415e+07 	
1.81511512e+06 	 1.664468e-05 	 1.777974e+07 	
1.81561562e+06 	 1.658080e-05 	 1.776534e+07 	
1.81611612e+06 	 1.651702e-05 	 1.775095e+07 	
1.81661662e+06 	 1.645336e-05 	 1.773658e+07 	
1.81711712e+06 	 1.638981e-05 	 1.772221e+07 	
1.81761762e+06 	 1.632637e-05 	 1.770786e+07 	
1.81811812e+06 	 1.626304e-05 	 1.769352e+07 	
1.81861862e+06 	 1.619982e-05 	 1.767920e+07 	
1.81911912e+06 	 1.613753e-05 	 1.766486e+07 	
1.81961962e+06 	 1.607455e-05 	 1.765056e+07 	
1.82012012e+06 	 1.601169e-05 	 1.763627e+07 	
1.82062062e+06 	 1.594894e-05 	 1.762199e+07 	
1.82112112e+06 	 1.588629e-05 	 1.760772e+07 	
1.82162162e+06 	 1.582376e-05 	 1.759346e+07 	
1.82212212e+06 	 1.576133e-05 	 1.757922e+07 	
1.82262262e+06 	 1.569901e-05 	 1.756499e+07 	
1.82312312e+06 	 1.563679e-05 	 1.755077e+07 	
1.82362362e+06 	 1.557468e-05 	 1.753656e+07 	
1.82412412e+06 	 1.551268e-05 	 1.752236e+07 	
1.82462462e+06 	 1.545078e-05 	 1.750818e+07 	
1.82512513e+06 	 1.538899e-05 	 1.749401e+07 	
1.82562563e+06 	 1.532730e-05 	 1.747985e+07 	
1.82612613e+06 	 1.526572e-05 	 1.746570e+07 	
1.82662663e+06 	 1.520424e-05 	 1.745156e+07 	
1.82712713e+06 	 1.514286e-05 	 1.743744e+07 	
1.82762763e+06 	 1.508159e-05 	 1.742332e+07 	
1.82812813e+06 	 1.501966e-05 	 1.740924e+07 	
1.82862863e+06 	 1.495857e-05 	 1.739515e+07 	
1.82912913e+06 	 1.489757e-05 	 1.738108e+07 	
1.82962963e+06 	 1.483668e-05 	 1.736701e+07 	
1.83013013e+06 	 1.477588e-05 	 1.735296e+07 	
1.83063063e+06 	 1.471519e-05 	 1.733892e+07 	
1.83113113e+06 	 1.465459e-05 	 1.732489e+07 	
1.83163163e+06 	 1.459409e-05 	 1.731087e+07 	
1.83213213e+06 	 1.453369e-05 	 1.729687e+07 	
1.83263263e+06 	 1.447339e-05 	 1.728287e+07 	
1.83313313e+06 	 1.441318e-05 	 1.726889e+07 	
1.83363363e+06 	 1.435307e-05 	 1.725492e+07 	
1.83413413e+06 	 1.429306e-05 	 1.724096e+07 	
1.83463463e+06 	 1.423314e-05 	 1.722702e+07 	
1.83513514e+06 	 1.417332e-05 	 1.721308e+07 	
1.83563564e+06 	 1.411360e-05 	 1.719916e+07 	
1.83613614e+06 	 1.405396e-05 	 1.718525e+07 	
1.83663664e+06 	 1.399442e-05 	 1.717135e+07 	
1.83713714e+06 	 1.393428e-05 	 1.715749e+07 	
1.83763764e+06 	 1.387490e-05 	 1.714361e+07 	
1.83813814e+06 	 1.381562e-05 	 1.712975e+07 	
1.83863864e+06 	 1.375642e-05 	 1.711590e+07 	
1.83913914e+06 	 1.369732e-05 	 1.710206e+07 	
1.83963964e+06 	 1.363831e-05 	 1.708823e+07 	
1.84014014e+06 	 1.357938e-05 	 1.707442e+07 	
1.84064064e+06 	 1.352055e-05 	 1.706062e+07 	
1.84114114e+06 	 1.346180e-05 	 1.704683e+07 	
1.84164164e+06 	 1.340315e-05 	 1.703305e+07 	
1.84214214e+06 	 1.334458e-05 	 1.701928e+07 	
1.84264264e+06 	 1.328610e-05 	 1.700553e+07 	
1.84314314e+06 	 1.322770e-05 	 1.699178e+07 	
1.84364364e+06 	 1.316940e-05 	 1.697805e+07 	
1.84414414e+06 	 1.311117e-05 	 1.696433e+07 	
1.84464464e+06 	 1.305304e-05 	 1.695063e+07 	
1.84514515e+06 	 1.299499e-05 	 1.693693e+07 	
1.84564565e+06 	 1.293702e-05 	 1.692325e+07 	
1.84614615e+06 	 1.287914e-05 	 1.690957e+07 	
1.84664665e+06 	 1.282067e-05 	 1.689594e+07 	
1.84714715e+06 	 1.276293e-05 	 1.688229e+07 	
1.84764765e+06 	 1.270528e-05 	 1.686865e+07 	
1.84814815e+06 	 1.264770e-05 	 1.685503e+07 	
1.84864865e+06 	 1.259020e-05 	 1.684142e+07 	
1.84914915e+06 	 1.253279e-05 	 1.682782e+07 	
1.84964965e+06 	 1.247546e-05 	 1.681423e+07 	
1.85015015e+06 	 1.241820e-05 	 1.680066e+07 	
1.85065065e+06 	 1.236102e-05 	 1.678710e+07 	
1.85115115e+06 	 1.230393e-05 	 1.677354e+07 	
1.85165165e+06 	 1.224691e-05 	 1.676001e+07 	
1.85215215e+06 	 1.218996e-05 	 1.674648e+07 	
1.85265265e+06 	 1.213310e-05 	 1.673296e+07 	
1.85315315e+06 	 1.207631e-05 	 1.671946e+07 	
1.85365365e+06 	 1.201959e-05 	 1.670597e+07 	
1.85415415e+06 	 1.196295e-05 	 1.669249e+07 	
1.85465465e+06 	 1.190639e-05 	 1.667903e+07 	
1.85515516e+06 	 1.184990e-05 	 1.666557e+07 	
1.85565566e+06 	 1.179287e-05 	 1.665215e+07 	
1.85615616e+06 	 1.173651e-05 	 1.663872e+07 	
1.85665666e+06 	 1.168022e-05 	 1.662530e+07 	
1.85715716e+06 	 1.162400e-05 	 1.661190e+07 	
1.85765766e+06 	 1.156785e-05 	 1.659851e+07 	
1.85815816e+06 	 1.151177e-05 	 1.658512e+07 	
1.85865866e+06 	 1.145576e-05 	 1.657176e+07 	
1.85915916e+06 	 1.139982e-05 	 1.655840e+07 	
1.85965966e+06 	 1.134394e-05 	 1.654506e+07 	
1.86016016e+06 	 1.128814e-05 	 1.653172e+07 	
1.86066066e+06 	 1.123240e-05 	 1.651841e+07 	
1.86116116e+06 	 1.117674e-05 	 1.650510e+07 	
1.86166166e+06 	 1.112113e-05 	 1.649180e+07 	
1.86216216e+06 	 1.106560e-05 	 1.647852e+07 	
1.86266266e+06 	 1.101012e-05 	 1.646525e+07 	
1.86316316e+06 	 1.095472e-05 	 1.645199e+07 	
1.86366366e+06 	 1.089937e-05 	 1.643875e+07 	
1.86416416e+06 	 1.084410e-05 	 1.642552e+07 	
1.86466466e+06 	 1.078944e-05 	 1.641228e+07 	
1.86516517e+06 	 1.073430e-05 	 1.639907e+07 	
1.86566567e+06 	 1.067923e-05 	 1.638587e+07 	
1.86616617e+06 	 1.062422e-05 	 1.637269e+07 	
1.86666667e+06 	 1.056927e-05 	 1.635952e+07 	
1.86716717e+06 	 1.051438e-05 	 1.634636e+07 	
1.86766767e+06 	 1.045955e-05 	 1.633321e+07 	
1.86816817e+06 	 1.040478e-05 	 1.632008e+07 	
1.86866867e+06 	 1.035008e-05 	 1.630696e+07 	
1.86916917e+06 	 1.029543e-05 	 1.629385e+07 	
1.86966967e+06 	 1.024083e-05 	 1.628076e+07 	
1.87017017e+06 	 1.018630e-05 	 1.626768e+07 	
1.87067067e+06 	 1.013182e-05 	 1.625461e+07 	
1.87117117e+06 	 1.007740e-05 	 1.624155e+07 	
1.87167167e+06 	 1.002303e-05 	 1.622851e+07 	
1.87217217e+06 	 9.968722e-06 	 1.621547e+07 	
1.87267267e+06 	 9.914466e-06 	 1.620246e+07 	
1.87317317e+06 	 9.860264e-06 	 1.618945e+07 	
1.87367367e+06 	 9.806618e-06 	 1.617644e+07 	
1.87417417e+06 	 9.752539e-06 	 1.616346e+07 	
1.87467467e+06 	 9.698513e-06 	 1.615049e+07 	
1.87517518e+06 	 9.644539e-06 	 1.613754e+07 	
1.87567568e+06 	 9.590617e-06 	 1.612460e+07 	
1.87617618e+06 	 9.536746e-06 	 1.611167e+07 	
1.87667668e+06 	 9.482926e-06 	 1.609875e+07 	
1.87717718e+06 	 9.429156e-06 	 1.608585e+07 	
1.87767768e+06 	 9.375436e-06 	 1.607296e+07 	
1.87817818e+06 	 9.321765e-06 	 1.606009e+07 	
1.87867868e+06 	 9.268142e-06 	 1.604723e+07 	
1.87917918e+06 	 9.214567e-06 	 1.603438e+07 	
1.87967968e+06 	 9.161039e-06 	 1.602155e+07 	
1.88018018e+06 	 9.107558e-06 	 1.600872e+07 	
1.88068068e+06 	 9.054124e-06 	 1.599592e+07 	
1.88118118e+06 	 9.000735e-06 	 1.598312e+07 	
1.88168168e+06 	 8.947391e-06 	 1.597034e+07 	
1.88218218e+06 	 8.894092e-06 	 1.595757e+07 	
1.88268268e+06 	 8.840386e-06 	 1.594484e+07 	
1.88318318e+06 	 8.787160e-06 	 1.593210e+07 	
1.88368368e+06 	 8.733976e-06 	 1.591938e+07 	
1.88418418e+06 	 8.680834e-06 	 1.590667e+07 	
1.88468468e+06 	 8.627734e-06 	 1.589397e+07 	
1.88518519e+06 	 8.574674e-06 	 1.588129e+07 	
1.88568569e+06 	 8.521655e-06 	 1.586862e+07 	
1.88618619e+06 	 8.468676e-06 	 1.585596e+07 	
1.88668669e+06 	 8.415736e-06 	 1.584332e+07 	
1.88718719e+06 	 8.362835e-06 	 1.583070e+07 	
1.88768769e+06 	 8.309973e-06 	 1.581808e+07 	
1.88818819e+06 	 8.257148e-06 	 1.580549e+07 	
1.88868869e+06 	 8.204360e-06 	 1.579290e+07 	
1.88918919e+06 	 8.151608e-06 	 1.578034e+07 	
1.88968969e+06 	 8.098893e-06 	 1.576778e+07 	
1.89019019e+06 	 8.046214e-06 	 1.575524e+07 	
1.89069069e+06 	 7.993570e-06 	 1.574272e+07 	
1.89119119e+06 	 7.940961e-06 	 1.573021e+07 	
1.89169169e+06 	 7.888787e-06 	 1.571770e+07 	
1.89219219e+06 	 7.836258e-06 	 1.570522e+07 	
1.89269269e+06 	 7.783763e-06 	 1.569275e+07 	
1.89319319e+06 	 7.731302e-06 	 1.568031e+07 	
1.89369369e+06 	 7.678873e-06 	 1.566787e+07 	
1.89419419e+06 	 7.626477e-06 	 1.565545e+07 	
1.89469469e+06 	 7.574112e-06 	 1.564305e+07 	
1.89519520e+06 	 7.521779e-06 	 1.563066e+07 	
1.89569570e+06 	 7.469477e-06 	 1.561829e+07 	
1.89619620e+06 	 7.417206e-06 	 1.560594e+07 	
1.89669670e+06 	 7.364966e-06 	 1.559360e+07 	
1.89719720e+06 	 7.312755e-06 	 1.558127e+07 	
1.89769770e+06 	 7.260574e-06 	 1.556896e+07 	
1.89819820e+06 	 7.208422e-06 	 1.555667e+07 	
1.89869870e+06 	 7.156300e-06 	 1.554440e+07 	
1.89919920e+06 	 7.104206e-06 	 1.553214e+07 	
1.89969970e+06 	 7.052140e-06 	 1.551990e+07 	
1.90020020e+06 	 7.000102e-06 	 1.550767e+07 	
1.90070070e+06 	 6.947740e-06 	 1.549548e+07 	
1.90120120e+06 	 6.895747e-06 	 1.548329e+07 	
1.90170170e+06 	 6.843781e-06 	 1.547112e+07 	
1.90220220e+06 	 6.791841e-06 	 1.545896e+07 	
1.90270270e+06 	 6.739928e-06 	 1.544682e+07 	
1.90320320e+06 	 6.688042e-06 	 1.543470e+07 	
1.90370370e+06 	 6.636181e-06 	 1.542260e+07 	
1.90420420e+06 	 6.584347e-06 	 1.541051e+07 	
1.90470470e+06 	 6.532539e-06 	 1.539844e+07 	
1.90520521e+06 	 6.480757e-06 	 1.538639e+07 	
1.90570571e+06 	 6.429000e-06 	 1.537436e+07 	
1.90620621e+06 	 6.377270e-06 	 1.536235e+07 	
1.90670671e+06 	 6.325565e-06 	 1.535036e+07 	
1.90720721e+06 	 6.273886e-06 	 1.533838e+07 	
1.90770771e+06 	 6.222233e-06 	 1.532642e+07 	
1.90820821e+06 	 6.170605e-06 	 1.531449e+07 	
1.90870871e+06 	 6.119004e-06 	 1.530257e+07 	
1.90920921e+06 	 6.067429e-06 	 1.529067e+07 	
1.90970971e+06 	 6.015575e-06 	 1.527881e+07 	
1.91021021e+06 	 5.964044e-06 	 1.526695e+07 	
1.91071071e+06 	 5.912539e-06 	 1.525511e+07 	
1.91121121e+06 	 5.861061e-06 	 1.524329e+07 	
1.91171171e+06 	 5.809610e-06 	 1.523149e+07 	
1.91221221e+06 	 5.758186e-06 	 1.521972e+07 	
1.91271271e+06 	 5.706791e-06 	 1.520796e+07 	
1.91321321e+06 	 5.655423e-06 	 1.519623e+07 	
1.91371371e+06 	 5.604085e-06 	 1.518451e+07 	
1.91421421e+06 	 5.552775e-06 	 1.517282e+07 	
1.91471471e+06 	 5.501496e-06 	 1.516115e+07 	
1.91521522e+06 	 5.450247e-06 	 1.514950e+07 	
1.91571572e+06 	 5.399029e-06 	 1.513787e+07 	
1.91621622e+06 	 5.347843e-06 	 1.512627e+07 	
1.91671672e+06 	 5.296690e-06 	 1.511469e+07 	
1.91721722e+06 	 5.245571e-06 	 1.510313e+07 	
1.91771772e+06 	 5.194486e-06 	 1.509159e+07 	
1.91821822e+06 	 5.143436e-06 	 1.508008e+07 	
1.91871872e+06 	 5.092164e-06 	 1.506861e+07 	
1.91921922e+06 	 5.041181e-06 	 1.505715e+07 	
1.91971972e+06 	 4.990236e-06 	 1.504571e+07 	
1.92022022e+06 	 4.939331e-06 	 1.503430e+07 	
1.92072072e+06 	 4.888467e-06 	 1.502291e+07 	
1.92122122e+06 	 4.837645e-06 	 1.501154e+07 	
1.92172172e+06 	 4.786866e-06 	 1.500021e+07 	
1.92222222e+06 	 4.736133e-06 	 1.498889e+07 	
1.92272272e+06 	 4.685447e-06 	 1.497761e+07 	
1.92322322e+06 	 4.634809e-06 	 1.496635e+07 	
1.92372372e+06 	 4.584221e-06 	 1.495511e+07 	
1.92422422e+06 	 4.533685e-06 	 1.494391e+07 	
1.92472472e+06 	 4.483203e-06 	 1.493273e+07 	
1.92522523e+06 	 4.432777e-06 	 1.492158e+07 	
1.92572573e+06 	 4.382409e-06 	 1.491046e+07 	
1.92622623e+06 	 4.332101e-06 	 1.489936e+07 	
1.92672673e+06 	 4.281856e-06 	 1.488830e+07 	
1.92722723e+06 	 4.231675e-06 	 1.487726e+07 	
1.92772773e+06 	 4.181774e-06 	 1.486623e+07 	
1.92822823e+06 	 4.131736e-06 	 1.485526e+07 	
1.92872873e+06 	 4.081770e-06 	 1.484431e+07 	
1.92922923e+06 	 4.031880e-06 	 1.483339e+07 	
1.92972973e+06 	 3.982067e-06 	 1.482251e+07 	
1.93023023e+06 	 3.932336e-06 	 1.481165e+07 	
1.93073073e+06 	 3.882689e-06 	 1.480083e+07 	
1.93123123e+06 	 3.833130e-06 	 1.479004e+07 	
1.93173173e+06 	 3.783661e-06 	 1.477928e+07 	
1.93223223e+06 	 3.734286e-06 	 1.476856e+07 	
1.93273273e+06 	 3.685009e-06 	 1.475787e+07 	
1.93323323e+06 	 3.635833e-06 	 1.474721e+07 	
1.93373373e+06 	 3.586762e-06 	 1.473659e+07 	
1.93423423e+06 	 3.537800e-06 	 1.472601e+07 	
1.93473473e+06 	 3.488952e-06 	 1.471546e+07 	
1.93523524e+06 	 3.440220e-06 	 1.470494e+07 	
1.93573574e+06 	 3.391610e-06 	 1.469446e+07 	
1.93623624e+06 	 3.343126e-06 	 1.468402e+07 	
1.93673674e+06 	 3.294941e-06 	 1.467360e+07 	
1.93723724e+06 	 3.246726e-06 	 1.466323e+07 	
1.93773774e+06 	 3.198651e-06 	 1.465290e+07 	
1.93823824e+06 	 3.150721e-06 	 1.464261e+07 	
1.93873874e+06 	 3.102941e-06 	 1.463236e+07 	
1.93923924e+06 	 3.055315e-06 	 1.462215e+07 	
1.93973974e+06 	 3.007850e-06 	 1.461198e+07 	
1.94024024e+06 	 2.960551e-06 	 1.460185e+07 	
1.94074074e+06 	 2.913422e-06 	 1.459176e+07 	
1.94124124e+06 	 2.866471e-06 	 1.458172e+07 	
1.94174174e+06 	 2.819702e-06 	 1.457172e+07 	
1.94224224e+06 	 2.773122e-06 	 1.456176e+07 	
1.94274274e+06 	 2.726737e-06 	 1.455184e+07 	
1.94324324e+06 	 2.680553e-06 	 1.454197e+07 	
1.94374374e+06 	 2.634576e-06 	 1.453214e+07 	
1.94424424e+06 	 2.588812e-06 	 1.452236e+07 	
1.94474474e+06 	 2.543269e-06 	 1.451262e+07 	
1.94524525e+06 	 2.498077e-06 	 1.450292e+07 	
1.94574575e+06 	 2.452997e-06 	 1.449327e+07 	
1.94624625e+06 	 2.408157e-06 	 1.448368e+07 	
1.94674675e+06 	 2.363565e-06 	 1.447413e+07 	
1.94724725e+06 	 2.319227e-06 	 1.446464e+07 	
1.94774775e+06 	 2.275151e-06 	 1.445519e+07 	
1.94824825e+06 	 2.231344e-06 	 1.444579e+07 	
1.94874875e+06 	 2.187813e-06 	 1.443645e+07 	
1.94924925e+06 	 2.144565e-06 	 1.442715e+07 	
1.94974975e+06 	 2.101609e-06 	 1.441791e+07 	
1.95025025e+06 	 2.058952e-06 	 1.440872e+07 	
1.95075075e+06 	 2.016601e-06 	 1.439958e+07 	
1.95125125e+06 	 1.974564e-06 	 1.439050e+07 	
1.95175175e+06 	 1.932848e-06 	 1.438147e+07 	
1.95225225e+06 	 1.891463e-06 	 1.437249e+07 	
1.95275275e+06 	 1.850414e-06 	 1.436358e+07 	
1.95325325e+06 	 1.809711e-06 	 1.435471e+07 	
1.95375375e+06 	 1.769360e-06 	 1.434591e+07 	
1.95425425e+06 	 1.729459e-06 	 1.433714e+07 	
1.95475475e+06 	 1.689840e-06 	 1.432845e+07 	
1.95525526e+06 	 1.650596e-06 	 1.431982e+07 	
1.95575576e+06 	 1.611737e-06 	 1.431125e+07 	
1.95625626e+06 	 1.573269e-06 	 1.430274e+07 	
1.95675676e+06 	 1.535201e-06 	 1.429429e+07 	
1.95725726e+06 	 1.497540e-06 	 1.428590e+07 	
1.95775776e+06 	 1.460294e-06 	 1.427757e+07 	
1.95825826e+06 	 1.423469e-06 	 1.426930e+07 	
1.95875876e+06 	 1.387074e-06 	 1.426110e+07 	
1.95925926e+06 	 1.351116e-06 	 1.425296e+07 	
1.95975976e+06 	 1.315602e-06 	 1.424488e+07 	
1.96026026e+06 	 1.280538e-06 	 1.423687e+07 	
1.96076076e+06 	 1.245932e-06 	 1.422892e+07 	
1.96126126e+06 	 1.211790e-06 	 1.422104e+07 	
1.96176176e+06 	 1.178118e-06 	 1.421323e+07 	
1.96226226e+06 	 1.144924e-06 	 1.420548e+07 	
1.96276276e+06 	 1.112156e-06 	 1.419782e+07 	
1.96326326e+06 	 1.079933e-06 	 1.419021e+07 	
1.96376376e+06 	 1.048205e-06 	 1.418266e+07 	
1.96426426e+06 	 1.016977e-06 	 1.417518e+07 	
1.96476476e+06 	 9.862543e-07 	 1.416778e+07 	
1.96526527e+06 	 9.560416e-07 	 1.416044e+07 	
1.96576577e+06 	 9.263435e-07 	 1.415317e+07 	
1.96626627e+06 	 8.971645e-07 	 1.414597e+07 	
1.96676677e+06 	 8.685084e-07 	 1.413884e+07 	
1.96726727e+06 	 8.403791e-07 	 1.413178e+07 	
1.96776777e+06 	 8.127798e-07 	 1.412480e+07 	
1.96826827e+06 	 7.857135e-07 	 1.411788e+07 	
1.96876877e+06 	 7.591830e-07 	 1.411104e+07 	
1.96926927e+06 	 7.331905e-07 	 1.410427e+07 	
1.96976977e+06 	 7.077380e-07 	 1.409757e+07 	
1.97027027e+06 	 6.828270e-07 	 1.409094e+07 	
1.97077077e+06 	 6.584256e-07 	 1.408441e+07 	
1.97127127e+06 	 6.346006e-07 	 1.407792e+07 	
1.97177177e+06 	 6.113196e-07 	 1.407152e+07 	
1.97227227e+06 	 5.885825e-07 	 1.406518e+07 	
1.97277277e+06 	 5.663889e-07 	 1.405892e+07 	
1.97327327e+06 	 5.447380e-07 	 1.405273e+07 	
1.97377377e+06 	 5.236286e-07 	 1.404662e+07 	
1.97427427e+06 	 5.030590e-07 	 1.404058e+07 	
1.97477477e+06 	 4.830273e-07 	 1.403461e+07 	
1.97527528e+06 	 4.635308e-07 	 1.402872e+07 	
1.97577578e+06 	 4.445669e-07 	 1.402290e+07 	
1.97627628e+06 	 4.261321e-07 	 1.401715e+07 	
1.97677678e+06 	 4.082228e-07 	 1.401147e+07 	
1.97727728e+06 	 3.908350e-07 	 1.400587e+07 	
1.97777778e+06 	 3.739642e-07 	 1.400034e+07 	
1.97827828e+06 	 3.576055e-07 	 1.399489e+07 	
1.97877878e+06 	 3.417715e-07 	 1.398948e+07 	
1.97927928e+06 	 3.264210e-07 	 1.398417e+07 	
1.97977978e+06 	 3.115659e-07 	 1.397893e+07 	
1.98028028e+06 	 2.971999e-07 	 1.397376e+07 	
1.98078078e+06 	 2.833162e-07 	 1.396866e+07 	
1.98128128e+06 	 2.699080e-07 	 1.396364e+07 	
1.98178178e+06 	 2.569680e-07 	 1.395868e+07 	
1.98228228e+06 	 2.444886e-07 	 1.395379e+07 	
1.98278278e+06 	 2.324620e-07 	 1.394898e+07 	
1.98328328e+06 	 2.208801e-07 	 1.394423e+07 	
1.98378378e+06 	 2.097345e-07 	 1.393955e+07 	
1.98428428e+06 	 1.990166e-07 	 1.393494e+07 	
1.98478478e+06 	 1.887176e-07 	 1.393040e+07 	
1.98528529e+06 	 1.788195e-07 	 1.392595e+07 	
1.98578579e+06 	 1.693312e-07 	 1.392154e+07 	
1.98628629e+06 	 1.602344e-07 	 1.391720e+07 	
1.98678679e+06 	 1.515195e-07 	 1.391292e+07 	
1.98728729e+06 	 1.431769e-07 	 1.390871e+07 	
1.98778779e+06 	 1.351970e-07 	 1.390456e+07 	
1.98828829e+06 	 1.275700e-07 	 1.390048e+07 	
1.98878879e+06 	 1.202861e-07 	 1.389645e+07 	
1.98928929e+06 	 1.133353e-07 	 1.389249e+07 	
1.98978979e+06 	 1.067077e-07 	 1.388859e+07 	
1.99029029e+06 	 1.003934e-07 	 1.388475e+07 	
1.99079079e+06 	 9.438244e-08 	 1.388097e+07 	
1.99129129e+06 	 8.866038e-08 	 1.387728e+07 	
1.99179179e+06 	 8.322656e-08 	 1.387362e+07 	
1.99229229e+06 	 7.806657e-08 	 1.387001e+07 	
1.99279279e+06 	 7.317071e-08 	 1.386646e+07 	
1.99329329e+06 	 6.852935e-08 	 1.386296e+07 	
1.99379379e+06 	 6.413297e-08 	 1.385952e+07 	
1.99429429e+06 	 5.997218e-08 	 1.385613e+07 	
1.99479479e+06 	 5.603769e-08 	 1.385279e+07 	
1.99529530e+06 	 5.232040e-08 	 1.384951e+07 	
1.99579580e+06 	 4.880878e-08 	 1.384632e+07 	
1.99629630e+06 	 4.549909e-08 	 1.384313e+07 	
1.99679680e+06 	 4.238019e-08 	 1.384000e+07 	
1.99729730e+06 	 3.944366e-08 	 1.383691e+07 	
1.99779780e+06 	 3.668124e-08 	 1.383388e+07 	
1.99829830e+06 	 3.408491e-08 	 1.383088e+07 	
1.99879880e+06 	 3.164682e-08 	 1.382793e+07 	
1.99929930e+06 	 2.936090e-08 	 1.382497e+07 	
1.99979980e+06 	 2.721673e-08 	 1.382210e+07 	
2.00030030e+06 	 2.520863e-08 	 1.381927e+07 	
2.00080080e+06 	 2.332963e-08 	 1.381648e+07 	
2.00130130e+06 	 2.157302e-08 	 1.381373e+07 	
2.00180180e+06 	 1.993132e-08 	 1.381108e+07 	
2.00230230e+06 	 1.840017e-08 	 1.380841e+07 	
2.00280280e+06 	 1.697261e-08 	 1.380578e+07 	
2.00330330e+06 	 1.564283e-08 	 1.380319e+07 	
2.00380380e+06 	 1.440527e-08 	 1.380063e+07 	
2.00430430e+06 	 1.325533e-08 	 1.379801e+07 	
2.00480480e+06 	 1.218646e-08 	 1.379550e+07 	
2.00530531e+06 	 1.119444e-08 	 1.379301e+07 	
2.00580581e+06 	 1.027403e-08 	 1.379066e+07 	
2.00630631e+06 	 9.421801e-09 	 1.378826e+07 	
2.00680681e+06 	 8.633002e-09 	 1.378589e+07 	
2.00730731e+06 	 7.904063e-09 	 1.378340e+07 	
2.00780781e+06 	 7.230273e-09 	 1.378104e+07 	
2.00830831e+06 	 6.607999e-09 	 1.377884e+07 	
2.00880881e+06 	 6.034437e-09 	 1.377656e+07 	
2.00930931e+06 	 5.506343e-09 	 1.377411e+07 	
2.00980981e+06 	 5.020066e-09 	 1.377176e+07 	
2.01031031e+06 	 4.572429e-09 	 1.376977e+07 	
2.01081081e+06 	 4.161497e-09 	 1.376754e+07 	
2.01131131e+06 	 3.784110e-09 	 1.376552e+07 	
2.01181181e+06 	 3.438113e-09 	 1.376343e+07 	
2.01231231e+06 	 3.121196e-09 	 1.376124e+07 	
2.01281281e+06 	 2.830983e-09 	 1.375925e+07 	
2.01331331e+06 	 2.565783e-09 	 1.375689e+07 	
2.01381381e+06 	 2.323319e-09 	 1.375484e+07 	
2.01431431e+06 	 2.102069e-09 	 1.375257e+07 	
2.01481481e+06 	 1.900281e-09 	 1.375028e+07 	
2.01531532e+06 	 1.716279e-09 	 1.374849e+07 	
2.01581582e+06 	 1.548872e-09 	 1.374634e+07 	
2.01631632e+06 	 1.396568e-09 	 1.374441e+07 	
2.01681682e+06 	 1.258213e-09 	 1.374229e+07 	
2.01731732e+06 	 1.132578e-09 	 1.374035e+07 	
2.01781782e+06 	 1.018660e-09 	 1.373818e+07 	
2.01831832e+06 	 9.153874e-10 	 1.373636e+07 	
2.01881882e+06 	 8.219154e-10 	 1.373431e+07 	
2.01931932e+06 	 7.373575e-10 	 1.373238e+07 	
2.01981982e+06 	 6.609477e-10 	 1.373037e+07 	
2.02032032e+06 	 5.919549e-10 	 1.372841e+07 	
2.02082082e+06 	 5.297292e-10 	 1.372625e+07 	
2.02132132e+06 	 4.736297e-10 	 1.372448e+07 	
2.02182182e+06 	 4.231326e-10 	 1.372228e+07 	
2.02232232e+06 	 3.776868e-10 	 1.372057e+07 	
2.02282282e+06 	 3.368498e-10 	 1.371853e+07 	
2.02332332e+06 	 3.001723e-10 	 1.371667e+07 	
2.02382382e+06 	 2.672684e-10 	 1.371469e+07 	
2.02432432e+06 	 2.377710e-10 	 1.371279e+07 	
2.02482482e+06 	 2.113543e-10 	 1.371083e+07 	
2.02532533e+06 	 1.877155e-10 	 1.370892e+07 	
2.02582583e+06 	 1.665836e-10 	 1.370691e+07 	
2.02632633e+06 	 1.477060e-10 	 1.370507e+07 	
2.02682683e+06 	 1.308600e-10 	 1.370314e+07 	
2.02732733e+06 	 1.158393e-10 	 1.370122e+07 	
2.02782783e+06 	 1.024484e-10 	 1.370020e+07 	
2.02832833e+06 	 9.054792e-11 	 1.369738e+07 	
2.02882883e+06 	 7.994855e-11 	 1.369638e+07 	
2.02932933e+06 	 7.054542e-11 	 1.369355e+07 	
2.02982983e+06 	 6.218517e-11 	 1.369255e+07 	
2.03033033e+06 	 5.478118e-11 	 1.368973e+07 	
2.03083083e+06 	 4.820984e-11 	 1.368876e+07 	
2.03133133e+06 	 4.240042e-11 	 1.368591e+07 	
2.03183183e+06 	 3.725328e-11 	 1.368494e+07 	
2.30583818e+06 	 1.000000e-20 	 1.274888e+07 	
2.61679615e+06 	 1.000000e-20 	 1.189049e+07 	
2.96968892e+06 	 1.000000e-20 	 1.109990e+07 	
3.37017168e+06 	 1.000000e-20 	 1.036975e+07 	
3.82466226e+06 	 1.000000e-20 	 9.693872e+06 	
4.34044399e+06 	 1.000000e-20 	 9.067018e+06 	
4.92578240e+06 	 1.000000e-20 	 8.484685e+06 	
5.59005768e+06 	 1.000000e-20 	 7.942959e+06 	
6.34391500e+06 	 1.000000e-20 	 7.438408e+06 	
7.19943510e+06 	 1.000000e-20 	 6.968003e+06 	
8.17032792e+06 	 1.000000e-20 	 6.529049e+06 	
9.27215223e+06 	 1.000000e-20 	 6.119133e+06 	
1.05225651e+07 	 1.000000e-20 	 5.736082e+06 	
1.19416046e+07 	 1.000000e-20 	 5.377933e+06 	
1.35520112e+07 	 1.000000e-20 	 5.042901e+06 	
1.53795921e+07 	 1.000000e-20 	 4.729359e+06 	
1.74536348e+07 	 1.000000e-20 	 4.435820e+06 	
1.98073762e+07 	 1.000000e-20 	 4.160916e+06 	
2.24785357e+07 	 1.000000e-20 	 3.903392e+06 	
2.55099192e+07 	 1.000000e-20 	 3.662088e+06 	
2.89501054e+07 	 1.000000e-20 	 3.435933e+06 	
3.28542241e+07 	 1.000000e-20 	 3.223936e+06 	
3.72848397e+07 	 1.000000e-20 	 3.025176e+06 	
4.23129541e+07 	 1.000000e-20 	 2.838799e+06 	
4.80191439e+07 	 1.000000e-20 	 2.664012e+06 	
5.44948522e+07 	 1.000000e-20 	 2.500075e+06 	
6.18438539e+07 	 1.000000e-20 	 2.346299e+06 	
7.01839184e+07 	 1.000000e-20 	 2.202042e+06 	
7.96486974e+07 	 1.000000e-20 	 2.066703e+06 	
9.03898662e+07 	 1.000000e-20 	 1.939724e+06 	
1.02579555e+08 	 1.000000e-20 	 1.820580e+06 	
1.16413106e+08 	 1.000000e-20 	 1.708782e+06 	
1.32112205e+08 	 1.000000e-20 	 1.603873e+06 	
1.49928435e+08 	 1.000000e-20 	 1.505424e+06 	
1.70147305e+08 	 1.000000e-20 	 1.413033e+06 	
1.93092827e+08 	 1.000000e-20 	 1.326326e+06 	
2.19132708e+08 	 1.000000e-20 	 1.244950e+06 	
2.48684245e+08 	 1.000000e-20 	 1.168575e+06 	
2.82221008e+08 	 1.000000e-20 	 1.096894e+06 	
3.20280431e+08 	 1.000000e-20 	 1.029615e+06 	
3.63472427e+08 	 1.000000e-20 	 9.664686e+05 	
4.12489157e+08 	 1.000000e-20 	 9.071988e+05 	
4.68116127e+08 	 1.000000e-20 	 8.515672e+05 	
5.31244772e+08 	 1.000000e-20 	 7.993499e+05 	
6.02886745e+08 	 1.000000e-20 	 7.503368e+05 	
6.84190125e+08 	 1.000000e-20 	 7.043311e+05 	
7.76457819e+08 	 1.000000e-20 	 6.611476e+05 	
8.81168440e+08 	 1.000000e-20 	 6.206132e+05 	
1.00000000e+09 	 1.000000e-20 	 5.825650e+05 	
