r (cm)        	 rho (g/cm3) 	 T (K)       		 Linf = 3.304943e+38
1.20001522e+06 	 1.255407e+05 	 1.253449e+09 	
1.20007521e+06 	 1.157583e+05 	 1.227868e+09 	
1.20017823e+06 	 1.004319e+05 	 1.184357e+09 	
1.20028126e+06 	 8.682761e+04 	 1.141395e+09 	
1.20038225e+06 	 7.501508e+04 	 1.099831e+09 	
1.20048323e+06 	 6.457349e+04 	 1.058832e+09 	
1.20058422e+06 	 5.537539e+04 	 1.018418e+09 	
1.20066685e+06 	 4.869100e+04 	 9.858000e+08 	
1.20074948e+06 	 4.269795e+04 	 9.535990e+08 	
1.20083211e+06 	 3.733856e+04 	 9.218266e+08 	
1.20091474e+06 	 3.255859e+04 	 8.904953e+08 	
1.20099737e+06 	 2.830712e+04 	 8.596176e+08 	
1.20107714e+06 	 2.465958e+04 	 8.302520e+08 	
1.20115690e+06 	 2.141999e+04 	 8.013331e+08 	
1.20123667e+06 	 1.855088e+04 	 7.728729e+08 	
1.20131644e+06 	 1.601730e+04 	 7.448837e+08 	
1.20138283e+06 	 1.414093e+04 	 7.219560e+08 	
1.20144922e+06 	 1.245694e+04 	 6.993705e+08 	
1.20151561e+06 	 1.094895e+04 	 6.771346e+08 	
1.20158200e+06 	 9.601590e+03 	 6.552556e+08 	
1.20164839e+06 	 8.400542e+03 	 6.337411e+08 	
1.20171344e+06 	 7.352810e+03 	 6.130222e+08 	
1.20177849e+06 	 6.421013e+03 	 5.926673e+08 	
1.20184354e+06 	 5.594286e+03 	 5.726831e+08 	
1.20190859e+06 	 4.862555e+03 	 5.530767e+08 	
1.20196277e+06 	 4.318872e+03 	 5.370397e+08 	
1.20201694e+06 	 3.829612e+03 	 5.212733e+08 	
1.20207112e+06 	 3.390106e+03 	 5.057813e+08 	
1.20212530e+06 	 2.996002e+03 	 4.905674e+08 	
1.20217948e+06 	 2.643252e+03 	 4.756352e+08 	
1.20223366e+06 	 2.328096e+03 	 4.609883e+08 	
1.20228956e+06 	 2.038618e+03 	 4.461771e+08 	
1.20234547e+06 	 1.781927e+03 	 4.316768e+08 	
1.20239165e+06 	 1.592309e+03 	 4.199366e+08 	
1.20243783e+06 	 1.421136e+03 	 4.084126e+08 	
1.20248400e+06 	 1.266831e+03 	 3.971064e+08 	
1.20253018e+06 	 1.127925e+03 	 3.860198e+08 	
1.20257636e+06 	 1.003057e+03 	 3.751542e+08 	
1.20262253e+06 	 8.909648e+02 	 3.645109e+08 	
1.20266871e+06 	 7.904835e+02 	 3.540911e+08 	
1.20271489e+06 	 7.005363e+02 	 3.438960e+08 	
1.20276363e+06 	 6.159289e+02 	 3.333796e+08 	
1.20280384e+06 	 5.533742e+02 	 3.248941e+08 	
1.20284404e+06 	 4.967710e+02 	 3.165806e+08 	
1.20288425e+06 	 4.456063e+02 	 3.084394e+08 	
1.20292446e+06 	 3.994052e+02 	 3.004707e+08 	
1.20296467e+06 	 3.577286e+02 	 2.926747e+08 	
1.20300488e+06 	 3.201713e+02 	 2.850512e+08 	
1.20304508e+06 	 2.863597e+02 	 2.776001e+08 	
1.20308529e+06 	 2.559500e+02 	 2.703213e+08 	
1.20312550e+06 	 2.286259e+02 	 2.632143e+08 	
1.20316571e+06 	 2.040975e+02 	 2.562786e+08 	
1.20320591e+06 	 1.820989e+02 	 2.495136e+08 	
1.20324216e+06 	 1.642329e+02 	 2.435606e+08 	
1.20327841e+06 	 1.480613e+02 	 2.377452e+08 	
1.20331466e+06 	 1.334333e+02 	 2.320666e+08 	
1.20335091e+06 	 1.202105e+02 	 2.265240e+08 	
1.20338715e+06 	 1.082653e+02 	 2.211166e+08 	
1.20342340e+06 	 9.748107e+01 	 2.158433e+08 	
1.20345965e+06 	 8.775062e+01 	 2.107032e+08 	
1.20349590e+06 	 7.897591e+01 	 2.056951e+08 	
1.20353215e+06 	 7.106728e+01 	 2.008178e+08 	
1.20356839e+06 	 6.394283e+01 	 1.960701e+08 	
1.20360464e+06 	 5.752783e+01 	 1.914505e+08 	
1.20364089e+06 	 5.175416e+01 	 1.869576e+08 	
1.20367714e+06 	 4.655982e+01 	 1.825899e+08 	
1.20371339e+06 	 4.188840e+01 	 1.783458e+08 	
1.20374963e+06 	 3.768867e+01 	 1.742236e+08 	
1.20378588e+06 	 3.391414e+01 	 1.702217e+08 	
1.20382213e+06 	 3.052262e+01 	 1.663381e+08 	
1.20385838e+06 	 2.747595e+01 	 1.625711e+08 	
1.20389604e+06 	 2.463828e+01 	 1.587781e+08 	
1.20393371e+06 	 2.210069e+01 	 1.551066e+08 	
1.20397138e+06 	 1.983169e+01 	 1.515544e+08 	
1.20400905e+06 	 1.780298e+01 	 1.481192e+08 	
1.20404671e+06 	 1.598914e+01 	 1.447986e+08 	
1.20408438e+06 	 1.436736e+01 	 1.415901e+08 	
1.20412205e+06 	 1.291720e+01 	 1.384913e+08 	
1.20415971e+06 	 1.162033e+01 	 1.354997e+08 	
1.20419738e+06 	 1.046036e+01 	 1.326128e+08 	
1.20423505e+06 	 9.422604e+00 	 1.298280e+08 	
1.20427271e+06 	 8.493947e+00 	 1.271426e+08 	
1.20431038e+06 	 7.662662e+00 	 1.245542e+08 	
1.20434805e+06 	 6.918278e+00 	 1.220601e+08 	
1.20438572e+06 	 6.251445e+00 	 1.196578e+08 	
1.20442338e+06 	 5.653822e+00 	 1.173445e+08 	
1.20446105e+06 	 5.117967e+00 	 1.151177e+08 	
1.20449872e+06 	 4.637244e+00 	 1.129748e+08 	
1.20454647e+06 	 4.097891e+00 	 1.103749e+08 	
1.20459422e+06 	 3.627099e+00 	 1.079004e+08 	
1.20464197e+06 	 3.215722e+00 	 1.055463e+08 	
1.20468972e+06 	 2.855862e+00 	 1.033074e+08 	
1.20473747e+06 	 2.540692e+00 	 1.011789e+08 	
1.20478522e+06 	 2.264321e+00 	 9.915573e+07 	
1.20483297e+06 	 2.021655e+00 	 9.723325e+07 	
1.20488072e+06 	 1.808295e+00 	 9.540679e+07 	
1.20492847e+06 	 1.620438e+00 	 9.367181e+07 	
1.20497622e+06 	 1.454797e+00 	 9.202394e+07 	
1.20502397e+06 	 1.308527e+00 	 9.045891e+07 	
1.20507172e+06 	 1.179167e+00 	 8.897264e+07 	
1.20511947e+06 	 1.064584e+00 	 8.756115e+07 	
1.20516722e+06 	 9.629310e-01 	 8.622065e+07 	
1.20522634e+06 	 8.526077e-01 	 8.465383e+07 	
1.20528546e+06 	 7.570609e-01 	 8.318361e+07 	
1.20534458e+06 	 6.741048e-01 	 8.180370e+07 	
1.20540370e+06 	 6.018990e-01 	 8.050819e+07 	
1.20546282e+06 	 5.388921e-01 	 7.929149e+07 	
1.20552194e+06 	 4.837736e-01 	 7.814835e+07 	
1.20559777e+06 	 4.228709e-01 	 7.678202e+07 	
1.20567360e+06 	 3.711938e-01 	 7.551896e+07 	
1.20574942e+06 	 3.271666e-01 	 7.435033e+07 	
1.20582525e+06 	 2.895066e-01 	 7.326800e+07 	
1.20590108e+06 	 2.571661e-01 	 7.226455e+07 	
1.20597690e+06 	 2.292865e-01 	 7.133324e+07 	
1.20606786e+06 	 2.007431e-01 	 7.030256e+07 	
1.20615882e+06 	 1.766201e-01 	 6.935723e+07 	
1.20624978e+06 	 1.561283e-01 	 6.848868e+07 	
1.20634075e+06 	 1.386344e-01 	 6.768925e+07 	
1.20643171e+06 	 1.236284e-01 	 6.695215e+07 	
1.20656405e+06 	 1.054058e-01 	 6.597861e+07 	
1.20669640e+06 	 9.059445e-02 	 6.510801e+07 	
1.20682875e+06 	 7.844911e-02 	 6.432654e+07 	
1.20696110e+06 	 6.840685e-02 	 6.362252e+07 	
1.20710705e+06 	 5.925955e-02 	 6.292410e+07 	
1.20725299e+06 	 5.171137e-02 	 6.229651e+07 	
1.20739894e+06 	 4.543050e-02 	 6.173031e+07 	
1.20760925e+06 	 3.810978e-02 	 6.100647e+07 	
1.20781956e+06 	 3.234452e-02 	 6.037411e+07 	
1.20802988e+06 	 2.774197e-02 	 5.981768e+07 	
1.20830998e+06 	 2.294560e-02 	 5.917348e+07 	
1.20859008e+06 	 1.926191e-02 	 5.861934e+07 	
1.20887019e+06 	 1.638253e-02 	 5.813788e+07 	
1.20924934e+06 	 1.340058e-02 	 5.757868e+07 	
1.20962848e+06 	 1.116333e-02 	 5.710369e+07 	
1.21000763e+06 	 9.447538e-03 	 5.669486e+07 	
1.21055219e+06 	 7.611784e-03 	 5.619734e+07 	
1.21109675e+06 	 6.279372e-03 	 5.578080e+07 	
1.21164130e+06 	 5.284274e-03 	 5.542568e+07 	
1.21226547e+06 	 4.426754e-03 	 5.507654e+07 	
1.21288964e+06 	 3.778616e-03 	 5.477526e+07 	
1.21351381e+06 	 3.277329e-03 	 5.451131e+07 	
1.21444425e+06 	 2.717785e-03 	 5.417109e+07 	
1.21537468e+06 	 2.310497e-03 	 5.387928e+07 	
1.21630512e+06 	 2.004904e-03 	 5.362385e+07 	
1.21765565e+06 	 1.680990e-03 	 5.330131e+07 	
1.21848662e+06 	 1.530295e-03 	 5.312463e+07 	
1.22012404e+06 	 1.305403e-03 	 5.281273e+07 	
1.22148640e+06 	 1.168704e-03 	 5.258128e+07 	
1.22360316e+06 	 1.014461e-03 	 5.225824e+07 	
1.22534159e+06 	 9.229425e-04 	 5.201759e+07 	
1.22812423e+06 	 8.179100e-04 	 5.166520e+07 	
1.23090687e+06 	 7.453085e-04 	 5.134156e+07 	
1.23368951e+06 	 6.928931e-04 	 5.103808e+07 	
1.23790796e+06 	 6.370463e-04 	 5.060458e+07 	
1.24141558e+06 	 6.040103e-04 	 5.026121e+07 	
1.24754273e+06 	 5.627969e-04 	 4.968614e+07 	
1.24987884e+06 	 5.505436e-04 	 4.947297e+07 	
1.25757547e+06 	 5.178088e-04 	 4.878762e+07 	
1.26237321e+06 	 5.010911e-04 	 4.837080e+07 	
1.27328910e+06 	 4.684787e-04 	 4.744543e+07 	
1.27500000e+06 	 4.637931e-04 	 4.730291e+07 	
1.28400000e+06 	 4.405603e-04 	 4.656361e+07 	
1.29300000e+06 	 4.190119e-04 	 4.584055e+07 	
1.30200000e+06 	 3.987861e-04 	 4.513285e+07 	
1.31100000e+06 	 3.797006e-04 	 4.443987e+07 	
1.31700000e+06 	 3.675569e-04 	 4.398583e+07 	
1.32600000e+06 	 3.501494e-04 	 4.331633e+07 	
1.33500000e+06 	 3.336505e-04 	 4.266033e+07 	
1.34400000e+06 	 3.180043e-04 	 4.201746e+07 	
1.35300000e+06 	 3.031516e-04 	 4.138729e+07 	
1.36200000e+06 	 2.890630e-04 	 4.076953e+07 	
1.37100000e+06 	 2.756970e-04 	 4.016382e+07 	
1.38000000e+06 	 2.629944e-04 	 3.956979e+07 	
1.38900000e+06 	 2.509291e-04 	 3.898714e+07 	
1.39800000e+06 	 2.394696e-04 	 3.841559e+07 	
1.40700000e+06 	 2.285742e-04 	 3.785480e+07 	
1.41300000e+06 	 2.216048e-04 	 3.748676e+07 	
1.42200000e+06 	 2.115890e-04 	 3.694330e+07 	
1.43100000e+06 	 2.020574e-04 	 3.640986e+07 	
1.44000000e+06 	 1.929854e-04 	 3.588618e+07 	
1.44900000e+06 	 1.843492e-04 	 3.537201e+07 	
1.45800000e+06 	 1.761188e-04 	 3.486708e+07 	
1.46700000e+06 	 1.682845e-04 	 3.437121e+07 	
1.47600000e+06 	 1.608229e-04 	 3.388414e+07 	
1.48500000e+06 	 1.537130e-04 	 3.340566e+07 	
1.49400000e+06 	 1.469391e-04 	 3.293556e+07 	
1.50300000e+06 	 1.404784e-04 	 3.247361e+07 	
1.51200000e+06 	 1.343160e-04 	 3.201963e+07 	
1.52100000e+06 	 1.284376e-04 	 3.157341e+07 	
1.53000000e+06 	 1.228283e-04 	 3.113478e+07 	
1.53900000e+06 	 1.174741e-04 	 3.070355e+07 	
1.54800000e+06 	 1.123628e-04 	 3.027955e+07 	
1.55700000e+06 	 1.074812e-04 	 2.986259e+07 	
1.56600000e+06 	 1.028193e-04 	 2.945254e+07 	
1.57500000e+06 	 9.836571e-05 	 2.904921e+07 	
1.58400000e+06 	 9.411070e-05 	 2.865247e+07 	
1.59300000e+06 	 9.004318e-05 	 2.826215e+07 	
1.60200000e+06 	 8.615421e-05 	 2.787811e+07 	
1.61100000e+06 	 8.243515e-05 	 2.750020e+07 	
1.62000000e+06 	 7.887769e-05 	 2.712831e+07 	
1.62900000e+06 	 7.547387e-05 	 2.676227e+07 	
1.63800000e+06 	 7.221655e-05 	 2.640198e+07 	
1.64700000e+06 	 6.909861e-05 	 2.604731e+07 	
1.65600000e+06 	 6.611327e-05 	 2.569813e+07 	
1.66500000e+06 	 6.325451e-05 	 2.535432e+07 	
1.67400000e+06 	 6.051578e-05 	 2.501577e+07 	
1.68300000e+06 	 5.789127e-05 	 2.468238e+07 	
1.69200000e+06 	 5.537614e-05 	 2.435402e+07 	
1.70100000e+06 	 5.296481e-05 	 2.403060e+07 	
1.71000000e+06 	 5.065237e-05 	 2.371201e+07 	
1.71900000e+06 	 4.843406e-05 	 2.339815e+07 	
1.72800000e+06 	 4.630586e-05 	 2.308893e+07 	
1.73700000e+06 	 4.426321e-05 	 2.278425e+07 	
1.74600000e+06 	 4.230210e-05 	 2.248402e+07 	
1.75500000e+06 	 4.041875e-05 	 2.218816e+07 	
1.76400000e+06 	 3.860951e-05 	 2.189658e+07 	
1.77300000e+06 	 3.687086e-05 	 2.160918e+07 	
1.78200000e+06 	 3.519951e-05 	 2.132590e+07 	
1.80000000e+06 	 3.204617e-05 	 2.077136e+07 	
1.80050050e+06 	 3.196193e-05 	 2.075617e+07 	
1.80100100e+06 	 3.187786e-05 	 2.074099e+07 	
1.80150150e+06 	 3.179397e-05 	 2.072582e+07 	
1.80200200e+06 	 3.171026e-05 	 2.071066e+07 	
1.80250250e+06 	 3.162673e-05 	 2.069551e+07 	
1.80300300e+06 	 3.154338e-05 	 2.068038e+07 	
1.80350350e+06 	 3.146020e-05 	 2.066525e+07 	
1.80400400e+06 	 3.137720e-05 	 2.065014e+07 	
1.80450450e+06 	 3.129438e-05 	 2.063504e+07 	
1.80500501e+06 	 3.121173e-05 	 2.061996e+07 	
1.80550551e+06 	 3.112925e-05 	 2.060488e+07 	
1.80600601e+06 	 3.104695e-05 	 2.058982e+07 	
1.80650651e+06 	 3.096483e-05 	 2.057477e+07 	
1.80700701e+06 	 3.088288e-05 	 2.055973e+07 	
1.80750751e+06 	 3.080110e-05 	 2.054470e+07 	
1.80800801e+06 	 3.071949e-05 	 2.052968e+07 	
1.80850851e+06 	 3.063806e-05 	 2.051468e+07 	
1.80900901e+06 	 3.055680e-05 	 2.049969e+07 	
1.80950951e+06 	 3.047570e-05 	 2.048471e+07 	
1.81001001e+06 	 3.039478e-05 	 2.046974e+07 	
1.81051051e+06 	 3.031403e-05 	 2.045478e+07 	
1.81101101e+06 	 3.023345e-05 	 2.043983e+07 	
1.81151151e+06 	 3.015304e-05 	 2.042490e+07 	
1.81201201e+06 	 3.007280e-05 	 2.040998e+07 	
1.81251251e+06 	 2.999273e-05 	 2.039507e+07 	
1.81301301e+06 	 2.991282e-05 	 2.038017e+07 	
1.81351351e+06 	 2.983308e-05 	 2.036528e+07 	
1.81401401e+06 	 2.975351e-05 	 2.035041e+07 	
1.81451451e+06 	 2.967411e-05 	 2.033554e+07 	
1.81501502e+06 	 2.959487e-05 	 2.032069e+07 	
1.81551552e+06 	 2.951580e-05 	 2.030585e+07 	
1.81601602e+06 	 2.943689e-05 	 2.029102e+07 	
1.81651652e+06 	 2.935815e-05 	 2.027621e+07 	
1.81701702e+06 	 2.927958e-05 	 2.026140e+07 	
1.81751752e+06 	 2.920116e-05 	 2.024661e+07 	
1.81801802e+06 	 2.912292e-05 	 2.023183e+07 	
1.81851852e+06 	 2.904483e-05 	 2.021705e+07 	
1.81901902e+06 	 2.896691e-05 	 2.020230e+07 	
1.81951952e+06 	 2.888915e-05 	 2.018755e+07 	
1.82002002e+06 	 2.881155e-05 	 2.017281e+07 	
1.82052052e+06 	 2.873411e-05 	 2.015809e+07 	
1.82102102e+06 	 2.865684e-05 	 2.014337e+07 	
1.82152152e+06 	 2.857972e-05 	 2.012867e+07 	
1.82202202e+06 	 2.850277e-05 	 2.011398e+07 	
1.82252252e+06 	 2.842597e-05 	 2.009930e+07 	
1.82302302e+06 	 2.834933e-05 	 2.008464e+07 	
1.82352352e+06 	 2.827286e-05 	 2.006998e+07 	
1.82402402e+06 	 2.819654e-05 	 2.005534e+07 	
1.82452452e+06 	 2.812038e-05 	 2.004070e+07 	
1.82502503e+06 	 2.804437e-05 	 2.002608e+07 	
1.82552553e+06 	 2.796853e-05 	 2.001147e+07 	
1.82602603e+06 	 2.789284e-05 	 1.999688e+07 	
1.82652653e+06 	 2.781730e-05 	 1.998229e+07 	
1.82702703e+06 	 2.774192e-05 	 1.996771e+07 	
1.82752753e+06 	 2.766670e-05 	 1.995315e+07 	
1.82802803e+06 	 2.759163e-05 	 1.993859e+07 	
1.82852853e+06 	 2.751672e-05 	 1.992405e+07 	
1.82902903e+06 	 2.744196e-05 	 1.990952e+07 	
1.82952953e+06 	 2.736736e-05 	 1.989500e+07 	
1.83003003e+06 	 2.729290e-05 	 1.988050e+07 	
1.83053053e+06 	 2.721860e-05 	 1.986600e+07 	
1.83103103e+06 	 2.714445e-05 	 1.985151e+07 	
1.83153153e+06 	 2.707046e-05 	 1.983704e+07 	
1.83203203e+06 	 2.699661e-05 	 1.982258e+07 	
1.83253253e+06 	 2.692292e-05 	 1.980813e+07 	
1.83303303e+06 	 2.684937e-05 	 1.979369e+07 	
1.83353353e+06 	 2.677598e-05 	 1.977926e+07 	
1.83403403e+06 	 2.670274e-05 	 1.976484e+07 	
1.83453453e+06 	 2.662964e-05 	 1.975043e+07 	
1.83503504e+06 	 2.655669e-05 	 1.973604e+07 	
1.83553554e+06 	 2.648390e-05 	 1.972165e+07 	
1.83603604e+06 	 2.641125e-05 	 1.970728e+07 	
1.83653654e+06 	 2.633874e-05 	 1.969292e+07 	
1.83703704e+06 	 2.626639e-05 	 1.967857e+07 	
1.83753754e+06 	 2.619418e-05 	 1.966423e+07 	
1.83803804e+06 	 2.612212e-05 	 1.964990e+07 	
1.83853854e+06 	 2.605020e-05 	 1.963558e+07 	
1.83903904e+06 	 2.597843e-05 	 1.962127e+07 	
1.83953954e+06 	 2.590681e-05 	 1.960698e+07 	
1.84004004e+06 	 2.583532e-05 	 1.959270e+07 	
1.84054054e+06 	 2.576399e-05 	 1.957842e+07 	
1.84104104e+06 	 2.569280e-05 	 1.956416e+07 	
1.84154154e+06 	 2.562175e-05 	 1.954991e+07 	
1.84204204e+06 	 2.555084e-05 	 1.953567e+07 	
1.84254254e+06 	 2.548008e-05 	 1.952144e+07 	
1.84304304e+06 	 2.540946e-05 	 1.950722e+07 	
1.84354354e+06 	 2.533898e-05 	 1.949302e+07 	
1.84404404e+06 	 2.526864e-05 	 1.947882e+07 	
1.84454454e+06 	 2.519844e-05 	 1.946463e+07 	
1.84504505e+06 	 2.512839e-05 	 1.945046e+07 	
1.84554555e+06 	 2.505847e-05 	 1.943630e+07 	
1.84604605e+06 	 2.498870e-05 	 1.942215e+07 	
1.84654655e+06 	 2.491906e-05 	 1.940800e+07 	
1.84704705e+06 	 2.484957e-05 	 1.939387e+07 	
1.84754755e+06 	 2.478021e-05 	 1.937976e+07 	
1.84804805e+06 	 2.471099e-05 	 1.936565e+07 	
1.84854855e+06 	 2.464191e-05 	 1.935155e+07 	
1.84904905e+06 	 2.457296e-05 	 1.933746e+07 	
1.84954955e+06 	 2.450416e-05 	 1.932339e+07 	
1.85005005e+06 	 2.443549e-05 	 1.930932e+07 	
1.85055055e+06 	 2.436695e-05 	 1.929527e+07 	
1.85105105e+06 	 2.429855e-05 	 1.928123e+07 	
1.85155155e+06 	 2.423029e-05 	 1.926719e+07 	
1.85205205e+06 	 2.416216e-05 	 1.925317e+07 	
1.85255255e+06 	 2.409417e-05 	 1.923916e+07 	
1.85305305e+06 	 2.402631e-05 	 1.922516e+07 	
1.85355355e+06 	 2.395859e-05 	 1.921117e+07 	
1.85405405e+06 	 2.389100e-05 	 1.919720e+07 	
1.85455455e+06 	 2.382354e-05 	 1.918323e+07 	
1.85505506e+06 	 2.375621e-05 	 1.916927e+07 	
1.85555556e+06 	 2.368902e-05 	 1.915533e+07 	
1.85605606e+06 	 2.362196e-05 	 1.914139e+07 	
1.85655656e+06 	 2.355503e-05 	 1.912747e+07 	
1.85705706e+06 	 2.348823e-05 	 1.911355e+07 	
1.85755756e+06 	 2.342157e-05 	 1.909965e+07 	
1.85805806e+06 	 2.335503e-05 	 1.908576e+07 	
1.85855856e+06 	 2.328862e-05 	 1.907188e+07 	
1.85905906e+06 	 2.322234e-05 	 1.905801e+07 	
1.85955956e+06 	 2.315619e-05 	 1.904415e+07 	
1.86006006e+06 	 2.309017e-05 	 1.903030e+07 	
1.86056056e+06 	 2.302428e-05 	 1.901646e+07 	
1.86106106e+06 	 2.295851e-05 	 1.900263e+07 	
1.86156156e+06 	 2.289288e-05 	 1.898881e+07 	
1.86206206e+06 	 2.282737e-05 	 1.897501e+07 	
1.86256256e+06 	 2.276199e-05 	 1.896121e+07 	
1.86306306e+06 	 2.269673e-05 	 1.894742e+07 	
1.86356356e+06 	 2.263274e-05 	 1.893363e+07 	
1.86406406e+06 	 2.256777e-05 	 1.891986e+07 	
1.86456456e+06 	 2.250293e-05 	 1.890611e+07 	
1.86506507e+06 	 2.243822e-05 	 1.889236e+07 	
1.86556557e+06 	 2.237363e-05 	 1.887863e+07 	
1.86606607e+06 	 2.230916e-05 	 1.886491e+07 	
1.86656657e+06 	 2.224483e-05 	 1.885120e+07 	
1.86706707e+06 	 2.218061e-05 	 1.883749e+07 	
1.86756757e+06 	 2.211652e-05 	 1.882380e+07 	
1.86806807e+06 	 2.205256e-05 	 1.881012e+07 	
1.86856857e+06 	 2.198871e-05 	 1.879645e+07 	
1.86906907e+06 	 2.192500e-05 	 1.878279e+07 	
1.86956957e+06 	 2.186140e-05 	 1.876914e+07 	
1.87007007e+06 	 2.179793e-05 	 1.875550e+07 	
1.87057057e+06 	 2.173458e-05 	 1.874187e+07 	
1.87107107e+06 	 2.167135e-05 	 1.872826e+07 	
1.87157157e+06 	 2.160824e-05 	 1.871465e+07 	
1.87207207e+06 	 2.154525e-05 	 1.870105e+07 	
1.87257257e+06 	 2.148239e-05 	 1.868746e+07 	
1.87307307e+06 	 2.141964e-05 	 1.867389e+07 	
1.87357357e+06 	 2.135702e-05 	 1.866032e+07 	
1.87407407e+06 	 2.129341e-05 	 1.864679e+07 	
1.87457457e+06 	 2.123099e-05 	 1.863324e+07 	
1.87507508e+06 	 2.116869e-05 	 1.861971e+07 	
1.87557558e+06 	 2.110650e-05 	 1.860618e+07 	
1.87607608e+06 	 2.104444e-05 	 1.859267e+07 	
1.87657658e+06 	 2.098249e-05 	 1.857917e+07 	
1.87707708e+06 	 2.092065e-05 	 1.856568e+07 	
1.87757758e+06 	 2.085893e-05 	 1.855219e+07 	
1.87807808e+06 	 2.079733e-05 	 1.853872e+07 	
1.87857858e+06 	 2.073585e-05 	 1.852526e+07 	
1.87907908e+06 	 2.067447e-05 	 1.851181e+07 	
1.87957958e+06 	 2.061322e-05 	 1.849837e+07 	
1.88008008e+06 	 2.055207e-05 	 1.848494e+07 	
1.88058058e+06 	 2.049105e-05 	 1.847152e+07 	
1.88108108e+06 	 2.043013e-05 	 1.845811e+07 	
1.88158158e+06 	 2.036933e-05 	 1.844471e+07 	
1.88208208e+06 	 2.030864e-05 	 1.843132e+07 	
1.88258258e+06 	 2.024806e-05 	 1.841794e+07 	
1.88308308e+06 	 2.018760e-05 	 1.840457e+07 	
1.88358358e+06 	 2.012725e-05 	 1.839121e+07 	
1.88408408e+06 	 2.006804e-05 	 1.837784e+07 	
1.88458458e+06 	 2.000794e-05 	 1.836450e+07 	
1.88508509e+06 	 1.994796e-05 	 1.835117e+07 	
1.88558559e+06 	 1.988808e-05 	 1.833785e+07 	
1.88608609e+06 	 1.982832e-05 	 1.832454e+07 	
1.88658659e+06 	 1.976867e-05 	 1.831125e+07 	
1.88708709e+06 	 1.970913e-05 	 1.829796e+07 	
1.88758759e+06 	 1.964969e-05 	 1.828468e+07 	
1.88808809e+06 	 1.959037e-05 	 1.827141e+07 	
1.88858859e+06 	 1.953116e-05 	 1.825815e+07 	
1.88908909e+06 	 1.947205e-05 	 1.824491e+07 	
1.88958959e+06 	 1.941306e-05 	 1.823167e+07 	
1.89009009e+06 	 1.935417e-05 	 1.821844e+07 	
1.89059059e+06 	 1.929539e-05 	 1.820522e+07 	
1.89109109e+06 	 1.923672e-05 	 1.819202e+07 	
1.89159159e+06 	 1.917815e-05 	 1.817882e+07 	
1.89209209e+06 	 1.911970e-05 	 1.816563e+07 	
1.89259259e+06 	 1.906134e-05 	 1.815245e+07 	
1.89309309e+06 	 1.900310e-05 	 1.813929e+07 	
1.89359359e+06 	 1.894496e-05 	 1.812613e+07 	
1.89409409e+06 	 1.888790e-05 	 1.811296e+07 	
1.89459459e+06 	 1.883000e-05 	 1.809983e+07 	
1.89509510e+06 	 1.877221e-05 	 1.808670e+07 	
1.89559560e+06 	 1.871452e-05 	 1.807358e+07 	
1.89609610e+06 	 1.865694e-05 	 1.806047e+07 	
1.89659660e+06 	 1.859946e-05 	 1.804738e+07 	
1.89709710e+06 	 1.854209e-05 	 1.803429e+07 	
1.89759760e+06 	 1.848482e-05 	 1.802121e+07 	
1.89809810e+06 	 1.842766e-05 	 1.800814e+07 	
1.89859860e+06 	 1.837060e-05 	 1.799509e+07 	
1.89909910e+06 	 1.831365e-05 	 1.798204e+07 	
1.89959960e+06 	 1.825679e-05 	 1.796900e+07 	
1.90010010e+06 	 1.820004e-05 	 1.795597e+07 	
1.90060060e+06 	 1.814340e-05 	 1.794295e+07 	
1.90110110e+06 	 1.808685e-05 	 1.792995e+07 	
1.90160160e+06 	 1.803041e-05 	 1.791695e+07 	
1.90210210e+06 	 1.797407e-05 	 1.790396e+07 	
1.90260260e+06 	 1.791782e-05 	 1.789098e+07 	
1.90310310e+06 	 1.786169e-05 	 1.787801e+07 	
1.90360360e+06 	 1.780565e-05 	 1.786505e+07 	
1.90410410e+06 	 1.774880e-05 	 1.785213e+07 	
1.90460460e+06 	 1.769294e-05 	 1.783919e+07 	
1.90510511e+06 	 1.763717e-05 	 1.782626e+07 	
1.90560561e+06 	 1.758150e-05 	 1.781334e+07 	
1.90610611e+06 	 1.752593e-05 	 1.780043e+07 	
1.90660661e+06 	 1.747046e-05 	 1.778753e+07 	
1.90710711e+06 	 1.741509e-05 	 1.777464e+07 	
1.90760761e+06 	 1.735981e-05 	 1.776176e+07 	
1.90810811e+06 	 1.730463e-05 	 1.774890e+07 	
1.90860861e+06 	 1.724955e-05 	 1.773604e+07 	
1.90910911e+06 	 1.719456e-05 	 1.772319e+07 	
1.90960961e+06 	 1.713967e-05 	 1.771035e+07 	
1.91011011e+06 	 1.708488e-05 	 1.769752e+07 	
1.91061061e+06 	 1.703018e-05 	 1.768470e+07 	
1.91111111e+06 	 1.697558e-05 	 1.767188e+07 	
1.91161161e+06 	 1.692107e-05 	 1.765908e+07 	
1.91211211e+06 	 1.686666e-05 	 1.764629e+07 	
1.91261261e+06 	 1.681234e-05 	 1.763351e+07 	
1.91311311e+06 	 1.675812e-05 	 1.762074e+07 	
1.91361361e+06 	 1.670399e-05 	 1.760798e+07 	
1.91411411e+06 	 1.664911e-05 	 1.759525e+07 	
1.91461461e+06 	 1.659514e-05 	 1.758250e+07 	
1.91511512e+06 	 1.654126e-05 	 1.756977e+07 	
1.91561562e+06 	 1.648748e-05 	 1.755705e+07 	
1.91611612e+06 	 1.643378e-05 	 1.754434e+07 	
1.91661662e+06 	 1.638018e-05 	 1.753163e+07 	
1.91711712e+06 	 1.632667e-05 	 1.751894e+07 	
1.91761762e+06 	 1.627325e-05 	 1.750626e+07 	
1.91811812e+06 	 1.621992e-05 	 1.749358e+07 	
1.91861862e+06 	 1.616668e-05 	 1.748092e+07 	
1.91911912e+06 	 1.611353e-05 	 1.746827e+07 	
1.91961962e+06 	 1.606046e-05 	 1.745562e+07 	
1.92012012e+06 	 1.600749e-05 	 1.744299e+07 	
1.92062062e+06 	 1.595461e-05 	 1.743036e+07 	
1.92112112e+06 	 1.590181e-05 	 1.741775e+07 	
1.92162162e+06 	 1.584910e-05 	 1.740514e+07 	
1.92212212e+06 	 1.579648e-05 	 1.739254e+07 	
1.92262262e+06 	 1.574395e-05 	 1.737996e+07 	
1.92312312e+06 	 1.569150e-05 	 1.736738e+07 	
1.92362362e+06 	 1.563915e-05 	 1.735481e+07 	
1.92412412e+06 	 1.558765e-05 	 1.734224e+07 	
1.92462462e+06 	 1.553549e-05 	 1.732969e+07 	
1.92512513e+06 	 1.548342e-05 	 1.731715e+07 	
1.92562563e+06 	 1.543143e-05 	 1.730462e+07 	
1.92612613e+06 	 1.537952e-05 	 1.729210e+07 	
1.92662663e+06 	 1.532771e-05 	 1.727959e+07 	
1.92712713e+06 	 1.527598e-05 	 1.726709e+07 	
1.92762763e+06 	 1.522433e-05 	 1.725460e+07 	
1.92812813e+06 	 1.517277e-05 	 1.724211e+07 	
1.92862863e+06 	 1.512129e-05 	 1.722964e+07 	
1.92912913e+06 	 1.506990e-05 	 1.721718e+07 	
1.92962963e+06 	 1.501859e-05 	 1.720473e+07 	
1.93013013e+06 	 1.496736e-05 	 1.719228e+07 	
1.93063063e+06 	 1.491622e-05 	 1.717985e+07 	
1.93113113e+06 	 1.486516e-05 	 1.716743e+07 	
1.93163163e+06 	 1.481418e-05 	 1.715501e+07 	
1.93213213e+06 	 1.476329e-05 	 1.714261e+07 	
1.93263263e+06 	 1.471248e-05 	 1.713021e+07 	
1.93313313e+06 	 1.466175e-05 	 1.711782e+07 	
1.93363363e+06 	 1.461110e-05 	 1.710545e+07 	
1.93413413e+06 	 1.456053e-05 	 1.709308e+07 	
1.93463463e+06 	 1.450930e-05 	 1.708074e+07 	
1.93513514e+06 	 1.445887e-05 	 1.706839e+07 	
1.93563564e+06 	 1.440852e-05 	 1.705606e+07 	
1.93613614e+06 	 1.435825e-05 	 1.704373e+07 	
1.93663664e+06 	 1.430806e-05 	 1.703141e+07 	
1.93713714e+06 	 1.425795e-05 	 1.701910e+07 	
1.93763764e+06 	 1.420792e-05 	 1.700680e+07 	
1.93813814e+06 	 1.415796e-05 	 1.699451e+07 	
1.93863864e+06 	 1.410809e-05 	 1.698223e+07 	
1.93913914e+06 	 1.405829e-05 	 1.696996e+07 	
1.93963964e+06 	 1.400857e-05 	 1.695770e+07 	
1.94014014e+06 	 1.395892e-05 	 1.694544e+07 	
1.94064064e+06 	 1.390935e-05 	 1.693320e+07 	
1.94114114e+06 	 1.385986e-05 	 1.692097e+07 	
1.94164164e+06 	 1.381044e-05 	 1.690874e+07 	
1.94214214e+06 	 1.376110e-05 	 1.689653e+07 	
1.94264264e+06 	 1.371184e-05 	 1.688432e+07 	
1.94314314e+06 	 1.366265e-05 	 1.687213e+07 	
1.94364364e+06 	 1.361353e-05 	 1.685994e+07 	
1.94414414e+06 	 1.356449e-05 	 1.684776e+07 	
1.94464464e+06 	 1.351621e-05 	 1.683558e+07 	
1.94514515e+06 	 1.346734e-05 	 1.682342e+07 	
1.94564565e+06 	 1.341854e-05 	 1.681127e+07 	
1.94614615e+06 	 1.336982e-05 	 1.679913e+07 	
1.94664665e+06 	 1.332117e-05 	 1.678700e+07 	
1.94714715e+06 	 1.327259e-05 	 1.677488e+07 	
1.94764765e+06 	 1.322409e-05 	 1.676277e+07 	
1.94814815e+06 	 1.317566e-05 	 1.675067e+07 	
1.94864865e+06 	 1.312730e-05 	 1.673857e+07 	
1.94914915e+06 	 1.307901e-05 	 1.672649e+07 	
1.94964965e+06 	 1.303080e-05 	 1.671442e+07 	
1.95015015e+06 	 1.298266e-05 	 1.670235e+07 	
1.95065065e+06 	 1.293459e-05 	 1.669030e+07 	
1.95115115e+06 	 1.288659e-05 	 1.667825e+07 	
1.95165165e+06 	 1.283866e-05 	 1.666622e+07 	
1.95215215e+06 	 1.279080e-05 	 1.665419e+07 	
1.95265265e+06 	 1.274301e-05 	 1.664217e+07 	
1.95315315e+06 	 1.269529e-05 	 1.663016e+07 	
1.95365365e+06 	 1.264764e-05 	 1.661817e+07 	
1.95415415e+06 	 1.260006e-05 	 1.660618e+07 	
1.95465465e+06 	 1.255255e-05 	 1.659420e+07 	
1.95515516e+06 	 1.250447e-05 	 1.658225e+07 	
1.95565566e+06 	 1.245708e-05 	 1.657029e+07 	
1.95615616e+06 	 1.240975e-05 	 1.655833e+07 	
1.95665666e+06 	 1.236249e-05 	 1.654639e+07 	
1.95715716e+06 	 1.231530e-05 	 1.653446e+07 	
1.95765766e+06 	 1.226818e-05 	 1.652254e+07 	
1.95815816e+06 	 1.222112e-05 	 1.651063e+07 	
1.95865866e+06 	 1.217413e-05 	 1.649872e+07 	
1.95915916e+06 	 1.212720e-05 	 1.648683e+07 	
1.95965966e+06 	 1.208034e-05 	 1.647494e+07 	
1.96016016e+06 	 1.203355e-05 	 1.646307e+07 	
1.96066066e+06 	 1.198682e-05 	 1.645120e+07 	
1.96116116e+06 	 1.194016e-05 	 1.643934e+07 	
1.96166166e+06 	 1.189356e-05 	 1.642750e+07 	
1.96216216e+06 	 1.184702e-05 	 1.641566e+07 	
1.96266266e+06 	 1.180055e-05 	 1.640383e+07 	
1.96316316e+06 	 1.175414e-05 	 1.639201e+07 	
1.96366366e+06 	 1.170779e-05 	 1.638020e+07 	
1.96416416e+06 	 1.166151e-05 	 1.636840e+07 	
1.96466466e+06 	 1.161529e-05 	 1.635661e+07 	
1.96516517e+06 	 1.156854e-05 	 1.634485e+07 	
1.96566567e+06 	 1.152243e-05 	 1.633308e+07 	
1.96616617e+06 	 1.147638e-05 	 1.632131e+07 	
1.96666667e+06 	 1.143039e-05 	 1.630956e+07 	
1.96716717e+06 	 1.138446e-05 	 1.629782e+07 	
1.96766767e+06 	 1.133858e-05 	 1.628608e+07 	
1.96816817e+06 	 1.129277e-05 	 1.627436e+07 	
1.96866867e+06 	 1.124702e-05 	 1.626265e+07 	
1.96916917e+06 	 1.120133e-05 	 1.625094e+07 	
1.96966967e+06 	 1.115570e-05 	 1.623924e+07 	
1.97017017e+06 	 1.111012e-05 	 1.622756e+07 	
1.97067067e+06 	 1.106461e-05 	 1.621588e+07 	
1.97117117e+06 	 1.101915e-05 	 1.620421e+07 	
1.97167167e+06 	 1.097375e-05 	 1.619256e+07 	
1.97217217e+06 	 1.092841e-05 	 1.618091e+07 	
1.97267267e+06 	 1.088313e-05 	 1.616927e+07 	
1.97317317e+06 	 1.083790e-05 	 1.615764e+07 	
1.97367367e+06 	 1.079273e-05 	 1.614602e+07 	
1.97417417e+06 	 1.074761e-05 	 1.613441e+07 	
1.97467467e+06 	 1.070255e-05 	 1.612281e+07 	
1.97517518e+06 	 1.065755e-05 	 1.611122e+07 	
1.97567568e+06 	 1.061206e-05 	 1.609965e+07 	
1.97617618e+06 	 1.056715e-05 	 1.608808e+07 	
1.97667668e+06 	 1.052229e-05 	 1.607652e+07 	
1.97717718e+06 	 1.047749e-05 	 1.606497e+07 	
1.97767768e+06 	 1.043275e-05 	 1.605342e+07 	
1.97817818e+06 	 1.038805e-05 	 1.604189e+07 	
1.97867868e+06 	 1.034341e-05 	 1.603037e+07 	
1.97917918e+06 	 1.029882e-05 	 1.601885e+07 	
1.97967968e+06 	 1.025429e-05 	 1.600735e+07 	
1.98018018e+06 	 1.020980e-05 	 1.599585e+07 	
1.98068068e+06 	 1.016537e-05 	 1.598437e+07 	
1.98118118e+06 	 1.012099e-05 	 1.597289e+07 	
1.98168168e+06 	 1.007666e-05 	 1.596143e+07 	
1.98218218e+06 	 1.003238e-05 	 1.594997e+07 	
1.98268268e+06 	 9.988155e-06 	 1.593852e+07 	
1.98318318e+06 	 9.943977e-06 	 1.592709e+07 	
1.98368368e+06 	 9.899848e-06 	 1.591566e+07 	
1.98418418e+06 	 9.855769e-06 	 1.590424e+07 	
1.98468468e+06 	 9.811740e-06 	 1.589283e+07 	
1.98518519e+06 	 9.767759e-06 	 1.588143e+07 	
1.98568569e+06 	 9.723334e-06 	 1.587006e+07 	
1.98618619e+06 	 9.679435e-06 	 1.585869e+07 	
1.98668669e+06 	 9.635584e-06 	 1.584732e+07 	
1.98718719e+06 	 9.591779e-06 	 1.583596e+07 	
1.98768769e+06 	 9.548022e-06 	 1.582461e+07 	
1.98818819e+06 	 9.504310e-06 	 1.581327e+07 	
1.98868869e+06 	 9.460645e-06 	 1.580194e+07 	
1.98918919e+06 	 9.417026e-06 	 1.579062e+07 	
1.98968969e+06 	 9.373452e-06 	 1.577931e+07 	
1.99019019e+06 	 9.329923e-06 	 1.576801e+07 	
1.99069069e+06 	 9.286438e-06 	 1.575672e+07 	
1.99119119e+06 	 9.242999e-06 	 1.574544e+07 	
1.99169169e+06 	 9.199603e-06 	 1.573417e+07 	
1.99219219e+06 	 9.156251e-06 	 1.572291e+07 	
1.99269269e+06 	 9.112942e-06 	 1.571167e+07 	
1.99319319e+06 	 9.069676e-06 	 1.570043e+07 	
1.99369369e+06 	 9.026454e-06 	 1.568920e+07 	
1.99419419e+06 	 8.983273e-06 	 1.567798e+07 	
1.99469469e+06 	 8.940134e-06 	 1.566677e+07 	
1.99519520e+06 	 8.897038e-06 	 1.565557e+07 	
1.99569570e+06 	 8.853982e-06 	 1.564438e+07 	
1.99619620e+06 	 8.810515e-06 	 1.563322e+07 	
1.99669670e+06 	 8.767528e-06 	 1.562205e+07 	
1.99719720e+06 	 8.724582e-06 	 1.561089e+07 	
1.99769770e+06 	 8.681674e-06 	 1.559974e+07 	
1.99819820e+06 	 8.638806e-06 	 1.558860e+07 	
1.99869870e+06 	 8.595977e-06 	 1.557748e+07 	
1.99919920e+06 	 8.553187e-06 	 1.556636e+07 	
1.99969970e+06 	 8.510435e-06 	 1.555525e+07 	
2.00020020e+06 	 8.467720e-06 	 1.554415e+07 	
2.00070070e+06 	 8.425044e-06 	 1.553307e+07 	
2.00120120e+06 	 8.382404e-06 	 1.552199e+07 	
2.00170170e+06 	 8.339802e-06 	 1.551093e+07 	
2.00220220e+06 	 8.297236e-06 	 1.549987e+07 	
2.00270270e+06 	 8.254706e-06 	 1.548883e+07 	
2.00320320e+06 	 8.212212e-06 	 1.547779e+07 	
2.00370370e+06 	 8.169754e-06 	 1.546677e+07 	
2.00420420e+06 	 8.127331e-06 	 1.545575e+07 	
2.00470470e+06 	 8.084942e-06 	 1.544475e+07 	
2.00520521e+06 	 8.042588e-06 	 1.543376e+07 	
2.00570571e+06 	 8.000269e-06 	 1.542278e+07 	
2.00620621e+06 	 7.957582e-06 	 1.541183e+07 	
2.00670671e+06 	 7.915318e-06 	 1.540087e+07 	
2.00720721e+06 	 7.873087e-06 	 1.538992e+07 	
2.00770771e+06 	 7.830888e-06 	 1.537898e+07 	
2.00820821e+06 	 7.788722e-06 	 1.536806e+07 	
2.00870871e+06 	 7.746588e-06 	 1.535714e+07 	
2.00920921e+06 	 7.704485e-06 	 1.534623e+07 	
2.00970971e+06 	 7.662413e-06 	 1.533534e+07 	
2.01021021e+06 	 7.620372e-06 	 1.532446e+07 	
2.01071071e+06 	 7.578362e-06 	 1.531359e+07 	
2.01121121e+06 	 7.536382e-06 	 1.530273e+07 	
2.01171171e+06 	 7.494431e-06 	 1.529188e+07 	
2.01221221e+06 	 7.452510e-06 	 1.528104e+07 	
2.01271271e+06 	 7.410619e-06 	 1.527021e+07 	
2.01321321e+06 	 7.368756e-06 	 1.525940e+07 	
2.01371371e+06 	 7.326922e-06 	 1.524859e+07 	
2.01421421e+06 	 7.285116e-06 	 1.523780e+07 	
2.01471471e+06 	 7.243339e-06 	 1.522702e+07 	
2.01521522e+06 	 7.201588e-06 	 1.521625e+07 	
2.01571572e+06 	 7.159866e-06 	 1.520549e+07 	
2.01621622e+06 	 7.118170e-06 	 1.519474e+07 	
2.01671672e+06 	 7.076864e-06 	 1.518399e+07 	
2.01721722e+06 	 7.035231e-06 	 1.517327e+07 	
2.01771772e+06 	 6.993626e-06 	 1.516255e+07 	
2.01821822e+06 	 6.952046e-06 	 1.515185e+07 	
2.01871872e+06 	 6.910492e-06 	 1.514116e+07 	
2.01921922e+06 	 6.868964e-06 	 1.513049e+07 	
2.01971972e+06 	 6.827461e-06 	 1.511982e+07 	
2.02022022e+06 	 6.785984e-06 	 1.510917e+07 	
2.02072072e+06 	 6.744531e-06 	 1.509853e+07 	
2.02122122e+06 	 6.703103e-06 	 1.508790e+07 	
2.02172172e+06 	 6.661699e-06 	 1.507729e+07 	
2.02222222e+06 	 6.620320e-06 	 1.506668e+07 	
2.02272272e+06 	 6.578964e-06 	 1.505609e+07 	
2.02322322e+06 	 6.537632e-06 	 1.504551e+07 	
2.02372372e+06 	 6.496324e-06 	 1.503495e+07 	
2.02422422e+06 	 6.455038e-06 	 1.502439e+07 	
2.02472472e+06 	 6.413776e-06 	 1.501385e+07 	
2.02522523e+06 	 6.372537e-06 	 1.500333e+07 	
2.02572573e+06 	 6.331320e-06 	 1.499281e+07 	
2.02622623e+06 	 6.290126e-06 	 1.498231e+07 	
2.02672673e+06 	 6.248639e-06 	 1.497184e+07 	
2.02722723e+06 	 6.207481e-06 	 1.496136e+07 	
2.02772773e+06 	 6.166345e-06 	 1.495090e+07 	
2.02822823e+06 	 6.125230e-06 	 1.494045e+07 	
2.02872873e+06 	 6.084137e-06 	 1.493002e+07 	
2.02922923e+06 	 6.043065e-06 	 1.491959e+07 	
2.02972973e+06 	 6.002014e-06 	 1.490919e+07 	
2.03023023e+06 	 5.960985e-06 	 1.489879e+07 	
2.03073073e+06 	 5.919977e-06 	 1.488841e+07 	
2.03123123e+06 	 5.878990e-06 	 1.487804e+07 	
2.03173173e+06 	 5.838024e-06 	 1.486769e+07 	
2.03223223e+06 	 5.797078e-06 	 1.485735e+07 	
2.03273273e+06 	 5.756154e-06 	 1.484702e+07 	
2.03323323e+06 	 5.715250e-06 	 1.483671e+07 	
2.03373373e+06 	 5.674368e-06 	 1.482642e+07 	
2.03423423e+06 	 5.633506e-06 	 1.481613e+07 	
2.03473473e+06 	 5.592665e-06 	 1.480587e+07 	
2.03523524e+06 	 5.551845e-06 	 1.479561e+07 	
2.03573574e+06 	 5.511046e-06 	 1.478537e+07 	
2.03623624e+06 	 5.470268e-06 	 1.477515e+07 	
2.03673674e+06 	 5.429511e-06 	 1.476494e+07 	
2.03723724e+06 	 5.389052e-06 	 1.475473e+07 	
2.03773774e+06 	 5.348345e-06 	 1.474455e+07 	
2.03823824e+06 	 5.307659e-06 	 1.473439e+07 	
2.03873874e+06 	 5.266996e-06 	 1.472424e+07 	
2.03923924e+06 	 5.226354e-06 	 1.471411e+07 	
2.03973974e+06 	 5.185735e-06 	 1.470399e+07 	
2.04024024e+06 	 5.145138e-06 	 1.469389e+07 	
2.04074074e+06 	 5.104564e-06 	 1.468381e+07 	
2.04124124e+06 	 5.064013e-06 	 1.467374e+07 	
2.04174174e+06 	 5.023485e-06 	 1.466369e+07 	
2.04224224e+06 	 4.982981e-06 	 1.465366e+07 	
2.04274274e+06 	 4.942501e-06 	 1.464364e+07 	
2.04324324e+06 	 4.902045e-06 	 1.463364e+07 	
2.04374374e+06 	 4.861614e-06 	 1.462365e+07 	
2.04424424e+06 	 4.821208e-06 	 1.461368e+07 	
2.04474474e+06 	 4.780827e-06 	 1.460373e+07 	
2.04524525e+06 	 4.740473e-06 	 1.459380e+07 	
2.04574575e+06 	 4.700145e-06 	 1.458388e+07 	
2.04624625e+06 	 4.659845e-06 	 1.457399e+07 	
2.04674675e+06 	 4.619572e-06 	 1.456411e+07 	
2.04724725e+06 	 4.579560e-06 	 1.455423e+07 	
2.04774775e+06 	 4.539351e-06 	 1.454438e+07 	
2.04824825e+06 	 4.499171e-06 	 1.453456e+07 	
2.04874875e+06 	 4.459022e-06 	 1.452475e+07 	
2.04924925e+06 	 4.418905e-06 	 1.451496e+07 	
2.04974975e+06 	 4.378819e-06 	 1.450519e+07 	
2.05025025e+06 	 4.338766e-06 	 1.449544e+07 	
2.05075075e+06 	 4.298747e-06 	 1.448571e+07 	
2.05125125e+06 	 4.258763e-06 	 1.447600e+07 	
2.05175175e+06 	 4.218814e-06 	 1.446631e+07 	
2.05225225e+06 	 4.178902e-06 	 1.445664e+07 	
2.05275275e+06 	 4.139028e-06 	 1.444699e+07 	
2.05325325e+06 	 4.099192e-06 	 1.443735e+07 	
2.05375375e+06 	 4.059396e-06 	 1.442774e+07 	
2.05425425e+06 	 4.019641e-06 	 1.441815e+07 	
2.05475475e+06 	 3.979929e-06 	 1.440859e+07 	
2.05525526e+06 	 3.940259e-06 	 1.439904e+07 	
2.05575576e+06 	 3.900635e-06 	 1.438951e+07 	
2.05625626e+06 	 3.861056e-06 	 1.438001e+07 	
2.05675676e+06 	 3.821525e-06 	 1.437053e+07 	
2.05725726e+06 	 3.781853e-06 	 1.436108e+07 	
2.05775776e+06 	 3.742417e-06 	 1.435165e+07 	
2.05825826e+06 	 3.703032e-06 	 1.434223e+07 	
2.05875876e+06 	 3.663701e-06 	 1.433284e+07 	
2.05925926e+06 	 3.624425e-06 	 1.432347e+07 	
2.05975976e+06 	 3.585206e-06 	 1.431413e+07 	
2.06026026e+06 	 3.546046e-06 	 1.430481e+07 	
2.06076076e+06 	 3.506946e-06 	 1.429551e+07 	
2.06126126e+06 	 3.467908e-06 	 1.428624e+07 	
2.06176176e+06 	 3.428934e-06 	 1.427699e+07 	
2.06226226e+06 	 3.390027e-06 	 1.426776e+07 	
2.06276276e+06 	 3.351188e-06 	 1.425857e+07 	
2.06326326e+06 	 3.312420e-06 	 1.424939e+07 	
2.06376376e+06 	 3.273724e-06 	 1.424024e+07 	
2.06426426e+06 	 3.235103e-06 	 1.423112e+07 	
2.06476476e+06 	 3.196559e-06 	 1.422203e+07 	
2.06526527e+06 	 3.158094e-06 	 1.421296e+07 	
2.06576577e+06 	 3.119712e-06 	 1.420392e+07 	
2.06626627e+06 	 3.081414e-06 	 1.419490e+07 	
2.06676677e+06 	 3.043203e-06 	 1.418591e+07 	
2.06726727e+06 	 3.005082e-06 	 1.417695e+07 	
2.06776777e+06 	 2.966900e-06 	 1.416804e+07 	
2.06826827e+06 	 2.928962e-06 	 1.415914e+07 	
2.06876877e+06 	 2.891123e-06 	 1.415026e+07 	
2.06926927e+06 	 2.853385e-06 	 1.414142e+07 	
2.06976977e+06 	 2.815750e-06 	 1.413260e+07 	
2.07027027e+06 	 2.778222e-06 	 1.412382e+07 	
2.07077077e+06 	 2.740803e-06 	 1.411506e+07 	
2.07127127e+06 	 2.703498e-06 	 1.410633e+07 	
2.07177177e+06 	 2.666309e-06 	 1.409764e+07 	
2.07227227e+06 	 2.629240e-06 	 1.408898e+07 	
2.07277277e+06 	 2.592293e-06 	 1.408034e+07 	
2.07327327e+06 	 2.555473e-06 	 1.407174e+07 	
2.07377377e+06 	 2.518783e-06 	 1.406317e+07 	
2.07427427e+06 	 2.482226e-06 	 1.405464e+07 	
2.07477477e+06 	 2.445806e-06 	 1.404613e+07 	
2.07527528e+06 	 2.409526e-06 	 1.403766e+07 	
2.07577578e+06 	 2.373391e-06 	 1.402923e+07 	
2.07627628e+06 	 2.337405e-06 	 1.402082e+07 	
2.07677678e+06 	 2.301570e-06 	 1.401246e+07 	
2.07727728e+06 	 2.265891e-06 	 1.400412e+07 	
2.07777778e+06 	 2.230258e-06 	 1.399584e+07 	
2.07827828e+06 	 2.194901e-06 	 1.398758e+07 	
2.07877878e+06 	 2.159713e-06 	 1.397935e+07 	
2.07927928e+06 	 2.124696e-06 	 1.397116e+07 	
2.07977978e+06 	 2.089857e-06 	 1.396301e+07 	
2.08028028e+06 	 2.055197e-06 	 1.395489e+07 	
2.08078078e+06 	 2.020723e-06 	 1.394681e+07 	
2.08128128e+06 	 1.986439e-06 	 1.393877e+07 	
2.08178178e+06 	 1.952348e-06 	 1.393077e+07 	
2.08228228e+06 	 1.918455e-06 	 1.392280e+07 	
2.08278278e+06 	 1.884765e-06 	 1.391488e+07 	
2.08328328e+06 	 1.851282e-06 	 1.390699e+07 	
2.08378378e+06 	 1.818010e-06 	 1.389914e+07 	
2.08428428e+06 	 1.784955e-06 	 1.389134e+07 	
2.08478478e+06 	 1.752120e-06 	 1.388357e+07 	
2.08528529e+06 	 1.719511e-06 	 1.387585e+07 	
2.08578579e+06 	 1.687132e-06 	 1.386816e+07 	
2.08628629e+06 	 1.654987e-06 	 1.386052e+07 	
2.08678679e+06 	 1.623081e-06 	 1.385292e+07 	
2.08728729e+06 	 1.591340e-06 	 1.384538e+07 	
2.08778779e+06 	 1.559925e-06 	 1.383787e+07 	
2.08828829e+06 	 1.528764e-06 	 1.383040e+07 	
2.08878879e+06 	 1.497860e-06 	 1.382297e+07 	
2.08928929e+06 	 1.467218e-06 	 1.381559e+07 	
2.08978979e+06 	 1.436844e-06 	 1.380825e+07 	
2.09029029e+06 	 1.406740e-06 	 1.380096e+07 	
2.09079079e+06 	 1.376913e-06 	 1.379371e+07 	
2.09129129e+06 	 1.347366e-06 	 1.378651e+07 	
2.09179179e+06 	 1.318105e-06 	 1.377935e+07 	
2.09229229e+06 	 1.289132e-06 	 1.377224e+07 	
2.09279279e+06 	 1.260453e-06 	 1.376518e+07 	
2.09329329e+06 	 1.232073e-06 	 1.375816e+07 	
2.09379379e+06 	 1.203994e-06 	 1.375119e+07 	
2.09429429e+06 	 1.176222e-06 	 1.374427e+07 	
2.09479479e+06 	 1.148761e-06 	 1.373740e+07 	
2.09529530e+06 	 1.121614e-06 	 1.373057e+07 	
2.09579580e+06 	 1.094786e-06 	 1.372380e+07 	
2.09629630e+06 	 1.068280e-06 	 1.371707e+07 	
2.09679680e+06 	 1.042100e-06 	 1.371039e+07 	
2.09729730e+06 	 1.016198e-06 	 1.370378e+07 	
2.09779780e+06 	 9.906804e-07 	 1.369721e+07 	
2.09829830e+06 	 9.654999e-07 	 1.369068e+07 	
2.09879880e+06 	 9.406593e-07 	 1.368421e+07 	
2.09929930e+06 	 9.161620e-07 	 1.367778e+07 	
2.09979980e+06 	 8.920109e-07 	 1.367141e+07 	
2.10030030e+06 	 8.682090e-07 	 1.366509e+07 	
2.10080080e+06 	 8.447590e-07 	 1.365882e+07 	
2.10130130e+06 	 8.216635e-07 	 1.365260e+07 	
2.10180180e+06 	 7.989249e-07 	 1.364643e+07 	
2.10230230e+06 	 7.765456e-07 	 1.364032e+07 	
2.10280280e+06 	 7.545276e-07 	 1.363426e+07 	
2.10330330e+06 	 7.328729e-07 	 1.362825e+07 	
2.10380380e+06 	 7.115832e-07 	 1.362229e+07 	
2.10430430e+06 	 6.906603e-07 	 1.361639e+07 	
2.10480480e+06 	 6.701054e-07 	 1.361055e+07 	
2.10530531e+06 	 6.499197e-07 	 1.360475e+07 	
2.10580581e+06 	 6.301044e-07 	 1.359901e+07 	
2.10630631e+06 	 6.106295e-07 	 1.359334e+07 	
2.10680681e+06 	 5.915568e-07 	 1.358771e+07 	
2.10730731e+06 	 5.728563e-07 	 1.358213e+07 	
2.10780781e+06 	 5.545282e-07 	 1.357661e+07 	
2.10830831e+06 	 5.365725e-07 	 1.357114e+07 	
2.10880881e+06 	 5.189891e-07 	 1.356573e+07 	
2.10930931e+06 	 5.017774e-07 	 1.356037e+07 	
2.10980981e+06 	 4.849368e-07 	 1.355506e+07 	
2.11031031e+06 	 4.684666e-07 	 1.354981e+07 	
2.11081081e+06 	 4.523657e-07 	 1.354461e+07 	
2.11131131e+06 	 4.366329e-07 	 1.353947e+07 	
2.11181181e+06 	 4.212665e-07 	 1.353438e+07 	
2.11231231e+06 	 4.062651e-07 	 1.352935e+07 	
2.11281281e+06 	 3.916265e-07 	 1.352437e+07 	
2.11331331e+06 	 3.773489e-07 	 1.351945e+07 	
2.11381381e+06 	 3.634298e-07 	 1.351458e+07 	
2.11431431e+06 	 3.498667e-07 	 1.350976e+07 	
2.11481481e+06 	 3.366568e-07 	 1.350500e+07 	
2.11531532e+06 	 3.237807e-07 	 1.350032e+07 	
2.11581582e+06 	 3.112685e-07 	 1.349567e+07 	
2.11631632e+06 	 2.991002e-07 	 1.349107e+07 	
2.11681682e+06 	 2.872723e-07 	 1.348652e+07 	
2.11731732e+06 	 2.757812e-07 	 1.348203e+07 	
2.11781782e+06 	 2.646230e-07 	 1.347759e+07 	
2.11831832e+06 	 2.537937e-07 	 1.347321e+07 	
2.11881882e+06 	 2.432892e-07 	 1.346887e+07 	
2.11931932e+06 	 2.331049e-07 	 1.346459e+07 	
2.11981982e+06 	 2.232365e-07 	 1.346036e+07 	
2.12032032e+06 	 2.136793e-07 	 1.345619e+07 	
2.12082082e+06 	 2.044284e-07 	 1.345206e+07 	
2.12132132e+06 	 1.954791e-07 	 1.344799e+07 	
2.12182182e+06 	 1.868261e-07 	 1.344397e+07 	
2.12232232e+06 	 1.784645e-07 	 1.344000e+07 	
2.12282282e+06 	 1.703974e-07 	 1.343605e+07 	
2.12332332e+06 	 1.626024e-07 	 1.343218e+07 	
2.12382382e+06 	 1.550826e-07 	 1.342836e+07 	
2.12432432e+06 	 1.478323e-07 	 1.342458e+07 	
2.12482482e+06 	 1.408461e-07 	 1.342086e+07 	
2.12532533e+06 	 1.341181e-07 	 1.341718e+07 	
2.12582583e+06 	 1.276427e-07 	 1.341355e+07 	
2.12632633e+06 	 1.214141e-07 	 1.340997e+07 	
2.12682683e+06 	 1.154264e-07 	 1.340643e+07 	
2.12732733e+06 	 1.096737e-07 	 1.340295e+07 	
2.12782783e+06 	 1.041502e-07 	 1.339950e+07 	
2.12832833e+06 	 9.884991e-08 	 1.339611e+07 	
2.12882883e+06 	 9.376696e-08 	 1.339276e+07 	
2.12932933e+06 	 8.889991e-08 	 1.338942e+07 	
2.12982983e+06 	 8.423388e-08 	 1.338615e+07 	
2.13033033e+06 	 7.976746e-08 	 1.338293e+07 	
2.13083083e+06 	 7.549477e-08 	 1.337975e+07 	
2.13133133e+06 	 7.140997e-08 	 1.337661e+07 	
2.13183183e+06 	 6.750727e-08 	 1.337352e+07 	
2.13233233e+06 	 6.378092e-08 	 1.337046e+07 	
2.13283283e+06 	 6.022521e-08 	 1.336745e+07 	
2.13333333e+06 	 5.683451e-08 	 1.336447e+07 	
2.13383383e+06 	 5.360323e-08 	 1.336154e+07 	
2.13433433e+06 	 5.052587e-08 	 1.335864e+07 	
2.13483483e+06 	 4.759446e-08 	 1.335582e+07 	
2.13533534e+06 	 4.480869e-08 	 1.335301e+07 	
2.13583584e+06 	 4.216078e-08 	 1.335023e+07 	
2.13633634e+06 	 3.964559e-08 	 1.334748e+07 	
2.13683684e+06 	 3.725801e-08 	 1.334477e+07 	
2.13733734e+06 	 3.499309e-08 	 1.334210e+07 	
2.13783784e+06 	 3.284593e-08 	 1.333947e+07 	
2.13833834e+06 	 3.081178e-08 	 1.333686e+07 	
2.13883884e+06 	 2.888753e-08 	 1.333424e+07 	
2.13933934e+06 	 2.706556e-08 	 1.333170e+07 	
2.13983984e+06 	 2.534296e-08 	 1.332919e+07 	
2.14034034e+06 	 2.371539e-08 	 1.332671e+07 	
2.14084084e+06 	 2.217865e-08 	 1.332427e+07 	
2.14134134e+06 	 2.072866e-08 	 1.332185e+07 	
2.14184184e+06 	 1.936248e-08 	 1.331940e+07 	
2.14234234e+06 	 1.807425e-08 	 1.331703e+07 	
2.14284284e+06 	 1.686122e-08 	 1.331470e+07 	
2.14334334e+06 	 1.571979e-08 	 1.331239e+07 	
2.14384384e+06 	 1.464645e-08 	 1.331011e+07 	
2.14434434e+06 	 1.363862e-08 	 1.330776e+07 	
2.14484484e+06 	 1.269157e-08 	 1.330551e+07 	
2.14534535e+06 	 1.180287e-08 	 1.330328e+07 	
2.14584585e+06 	 1.096950e-08 	 1.330107e+07 	
2.14634635e+06 	 1.018795e-08 	 1.329901e+07 	
2.14684685e+06 	 9.456568e-09 	 1.329687e+07 	
2.14734735e+06 	 8.772129e-09 	 1.329475e+07 	
2.14784785e+06 	 8.132564e-09 	 1.329252e+07 	
2.14834835e+06 	 7.534505e-09 	 1.329041e+07 	
2.14884885e+06 	 6.975648e-09 	 1.328844e+07 	
2.14934935e+06 	 6.454398e-09 	 1.328640e+07 	
2.14984985e+06 	 5.968598e-09 	 1.328423e+07 	
2.15035035e+06 	 5.515682e-09 	 1.328215e+07 	
2.15085085e+06 	 5.093669e-09 	 1.328023e+07 	
2.15135135e+06 	 4.701143e-09 	 1.327819e+07 	
2.15185185e+06 	 4.335879e-09 	 1.327635e+07 	
2.15235235e+06 	 3.996608e-09 	 1.327438e+07 	
2.15285285e+06 	 3.681407e-09 	 1.327256e+07 	
2.15335335e+06 	 3.388962e-09 	 1.327069e+07 	
2.15385385e+06 	 3.117985e-09 	 1.326851e+07 	
2.15435435e+06 	 2.866748e-09 	 1.326647e+07 	
2.15485485e+06 	 2.633933e-09 	 1.326470e+07 	
2.15535536e+06 	 2.418630e-09 	 1.326262e+07 	
2.15585586e+06 	 2.219331e-09 	 1.326100e+07 	
2.15635636e+06 	 2.035308e-09 	 1.325895e+07 	
2.15685686e+06 	 1.865223e-09 	 1.325734e+07 	
2.15735736e+06 	 1.708362e-09 	 1.325538e+07 	
2.15785786e+06 	 1.563570e-09 	 1.325393e+07 	
2.15835836e+06 	 1.430152e-09 	 1.325242e+07 	
2.15885886e+06 	 1.307465e-09 	 1.325006e+07 	
2.15935936e+06 	 1.194458e-09 	 1.324813e+07 	
2.15985986e+06 	 1.090485e-09 	 1.324647e+07 	
2.16036036e+06 	 9.949638e-10 	 1.324456e+07 	
2.16086086e+06 	 9.072051e-10 	 1.324289e+07 	
2.16136136e+06 	 8.266960e-10 	 1.324088e+07 	
2.16186186e+06 	 7.528108e-10 	 1.323935e+07 	
2.16236236e+06 	 6.851239e-10 	 1.323747e+07 	
2.16286286e+06 	 6.231115e-10 	 1.323582e+07 	
2.16336336e+06 	 5.663684e-10 	 1.323395e+07 	
2.16386386e+06 	 5.144543e-10 	 1.323232e+07 	
2.16436436e+06 	 4.670112e-10 	 1.323053e+07 	
2.16486486e+06 	 4.236725e-10 	 1.322882e+07 	
2.16536537e+06 	 3.841160e-10 	 1.322705e+07 	
2.16586587e+06 	 3.480312e-10 	 1.322534e+07 	
2.16636637e+06 	 3.151392e-10 	 1.322359e+07 	
2.16686687e+06 	 2.851761e-10 	 1.322187e+07 	
2.16736737e+06 	 2.579000e-10 	 1.322013e+07 	
2.16786787e+06 	 2.330865e-10 	 1.321841e+07 	
2.16836837e+06 	 2.105291e-10 	 1.321665e+07 	
2.16886887e+06 	 1.900347e-10 	 1.321496e+07 	
2.16936937e+06 	 1.714290e-10 	 1.321322e+07 	
2.16986987e+06 	 1.545478e-10 	 1.321152e+07 	
2.17037037e+06 	 1.392425e-10 	 1.320979e+07 	
2.45974623e+06 	 1.000000e-20 	 1.232336e+07 	
2.78770463e+06 	 1.000000e-20 	 1.150756e+07 	
3.15938977e+06 	 1.000000e-20 	 1.075447e+07 	
3.58063176e+06 	 1.000000e-20 	 1.005755e+07 	
4.05803802e+06 	 1.000000e-20 	 9.411281e+06 	
4.59909694e+06 	 1.000000e-20 	 8.810939e+06 	
5.21229534e+06 	 1.000000e-20 	 8.252431e+06 	
5.90725159e+06 	 1.000000e-20 	 7.732183e+06 	
6.69486648e+06 	 1.000000e-20 	 7.247048e+06 	
7.58749420e+06 	 1.000000e-20 	 6.794233e+06 	
8.59913612e+06 	 1.000000e-20 	 6.371244e+06 	
9.74566045e+06 	 1.000000e-20 	 5.975841e+06 	
1.10450511e+07 	 1.000000e-20 	 5.606000e+06 	
1.25176896e+07 	 1.000000e-20 	 5.259886e+06 	
1.41866754e+07 	 1.000000e-20 	 4.935830e+06 	
1.60781873e+07 	 1.000000e-20 	 4.632304e+06 	
1.82218948e+07 	 1.000000e-20 	 4.347907e+06 	
2.06514233e+07 	 1.000000e-20 	 4.081354e+06 	
2.34048811e+07 	 1.000000e-20 	 3.831456e+06 	
2.65254580e+07 	 1.000000e-20 	 3.597120e+06 	
3.00621020e+07 	 1.000000e-20 	 3.377330e+06 	
3.40702873e+07 	 1.000000e-20 	 3.171146e+06 	
3.86128847e+07 	 1.000000e-20 	 2.977696e+06 	
4.37611473e+07 	 1.000000e-20 	 2.796167e+06 	
4.95958288e+07 	 1.000000e-20 	 2.625805e+06 	
5.62084493e+07 	 1.000000e-20 	 2.465905e+06 	
6.37027317e+07 	 1.000000e-20 	 2.315810e+06 	
7.21962280e+07 	 1.000000e-20 	 2.174908e+06 	
8.18221637e+07 	 1.000000e-20 	 2.042625e+06 	
9.27315271e+07 	 1.000000e-20 	 1.918427e+06 	
1.05095438e+08 	 1.000000e-20 	 1.801812e+06 	
1.19107831e+08 	 1.000000e-20 	 1.692313e+06 	
1.34988499e+08 	 1.000000e-20 	 1.589489e+06 	
1.52986539e+08 	 1.000000e-20 	 1.492932e+06 	
1.73384261e+08 	 1.000000e-20 	 1.402255e+06 	
1.96501615e+08 	 1.000000e-20 	 1.317098e+06 	
2.22701210e+08 	 1.000000e-20 	 1.237122e+06 	
2.52394001e+08 	 1.000000e-20 	 1.162012e+06 	
2.86045737e+08 	 1.000000e-20 	 1.091469e+06 	
3.24184265e+08 	 1.000000e-20 	 1.025214e+06 	
3.67407810e+08 	 1.000000e-20 	 9.629857e+05 	
4.16394358e+08 	 1.000000e-20 	 9.045386e+05 	
4.71912290e+08 	 1.000000e-20 	 8.496423e+05 	
5.34832438e+08 	 1.000000e-20 	 7.980804e+05 	
6.06141741e+08 	 1.000000e-20 	 7.496499e+05 	
6.86958725e+08 	 1.000000e-20 	 7.041602e+05 	
7.78551052e+08 	 1.000000e-20 	 6.614325e+05 	
8.82355400e+08 	 1.000000e-20 	 6.212987e+05 	
1.00000000e+09 	 1.000000e-20 	 5.836013e+05 	
