r (cm)        	 rho (g/cm3) 	 T (K)       		 Linf = 3.325451e+38
1.19995018e+06 	 1.249421e+05 	 1.255161e+09 	
1.20000393e+06 	 1.162216e+05 	 1.232310e+09 	
1.20011128e+06 	 1.003088e+05 	 1.187108e+09 	
1.20021862e+06 	 8.624820e+04 	 1.142501e+09 	
1.20032597e+06 	 7.386794e+04 	 1.098512e+09 	
1.20041352e+06 	 6.490290e+04 	 1.063109e+09 	
1.20050107e+06 	 5.686668e+04 	 1.028144e+09 	
1.20058862e+06 	 4.968208e+04 	 9.936310e+08 	
1.20067617e+06 	 4.327644e+04 	 9.595840e+08 	
1.20076372e+06 	 3.758149e+04 	 9.260169e+08 	
1.20085018e+06 	 3.259242e+04 	 8.933530e+08 	
1.20093664e+06 	 2.817640e+04 	 8.611854e+08 	
1.20102310e+06 	 2.427963e+04 	 8.295287e+08 	
1.20109468e+06 	 2.141027e+04 	 8.037152e+08 	
1.20116627e+06 	 1.883585e+04 	 7.782708e+08 	
1.20123785e+06 	 1.653137e+04 	 7.532043e+08 	
1.20130944e+06 	 1.447344e+04 	 7.285247e+08 	
1.20138103e+06 	 1.264016e+04 	 7.042407e+08 	
1.20145243e+06 	 1.101495e+04 	 6.804212e+08 	
1.20152384e+06 	 9.574036e+03 	 6.570135e+08 	
1.20159524e+06 	 8.299865e+03 	 6.340266e+08 	
1.20165421e+06 	 7.361704e+03 	 6.153664e+08 	
1.20171319e+06 	 6.517615e+03 	 5.970046e+08 	
1.20177216e+06 	 5.759612e+03 	 5.789461e+08 	
1.20183113e+06 	 5.080236e+03 	 5.611959e+08 	
1.20189010e+06 	 4.472532e+03 	 5.437590e+08 	
1.20194907e+06 	 3.930031e+03 	 5.266403e+08 	
1.20200856e+06 	 3.442685e+03 	 5.096972e+08 	
1.20206806e+06 	 3.009871e+03 	 4.930875e+08 	
1.20212755e+06 	 2.626305e+03 	 4.768159e+08 	
1.20217700e+06 	 2.341452e+03 	 4.635513e+08 	
1.20222645e+06 	 2.084663e+03 	 4.505259e+08 	
1.20227591e+06 	 1.853524e+03 	 4.377421e+08 	
1.20232536e+06 	 1.645792e+03 	 4.252021e+08 	
1.20237481e+06 	 1.459382e+03 	 4.129081e+08 	
1.20242426e+06 	 1.292366e+03 	 4.008621e+08 	
1.20247371e+06 	 1.142957e+03 	 3.890660e+08 	
1.20252501e+06 	 1.004810e+03 	 3.770951e+08 	
1.20257631e+06 	 8.821431e+02 	 3.653967e+08 	
1.20261864e+06 	 7.914826e+02 	 3.559507e+08 	
1.20266097e+06 	 7.094969e+02 	 3.466920e+08 	
1.20270329e+06 	 6.354396e+02 	 3.376212e+08 	
1.20274562e+06 	 5.686191e+02 	 3.287389e+08 	
1.20278795e+06 	 5.083953e+02 	 3.200455e+08 	
1.20283027e+06 	 4.541769e+02 	 3.115413e+08 	
1.20287260e+06 	 4.054183e+02 	 3.032264e+08 	
1.20291493e+06 	 3.616170e+02 	 2.951009e+08 	
1.20295725e+06 	 3.223108e+02 	 2.871647e+08 	
1.20299958e+06 	 2.870752e+02 	 2.794176e+08 	
1.20304440e+06 	 2.537726e+02 	 2.714207e+08 	
1.20308168e+06 	 2.289067e+02 	 2.649283e+08 	
1.20311896e+06 	 2.063823e+02 	 2.585815e+08 	
1.20315625e+06 	 1.859941e+02 	 2.523797e+08 	
1.20319353e+06 	 1.675526e+02 	 2.463223e+08 	
1.20323082e+06 	 1.508837e+02 	 2.404085e+08 	
1.20326810e+06 	 1.358272e+02 	 2.346377e+08 	
1.20330539e+06 	 1.222359e+02 	 2.290087e+08 	
1.20334267e+06 	 1.099751e+02 	 2.235208e+08 	
1.20337996e+06 	 9.892100e+01 	 2.181727e+08 	
1.20341724e+06 	 8.896061e+01 	 2.129634e+08 	
1.20345453e+06 	 7.999056e+01 	 2.078915e+08 	
1.20349181e+06 	 7.191651e+01 	 2.029558e+08 	
1.20352909e+06 	 6.465243e+01 	 1.981547e+08 	
1.20356638e+06 	 5.811998e+01 	 1.934867e+08 	
1.20360366e+06 	 5.224786e+01 	 1.889504e+08 	
1.20364095e+06 	 4.697131e+01 	 1.845439e+08 	
1.20367823e+06 	 4.223150e+01 	 1.802655e+08 	
1.20371603e+06 	 3.791969e+01 	 1.760572e+08 	
1.20375383e+06 	 3.405439e+01 	 1.719766e+08 	
1.20379163e+06 	 3.059016e+01 	 1.680219e+08 	
1.20382942e+06 	 2.748594e+01 	 1.641907e+08 	
1.20386722e+06 	 2.470469e+01 	 1.604810e+08 	
1.20390502e+06 	 2.221306e+01 	 1.568905e+08 	
1.20394282e+06 	 1.998100e+01 	 1.534169e+08 	
1.20398061e+06 	 1.798148e+01 	 1.500578e+08 	
1.20401841e+06 	 1.619020e+01 	 1.468108e+08 	
1.20405621e+06 	 1.458534e+01 	 1.436736e+08 	
1.20409401e+06 	 1.314731e+01 	 1.406436e+08 	
1.20413180e+06 	 1.185855e+01 	 1.377183e+08 	
1.20416960e+06 	 1.070331e+01 	 1.348952e+08 	
1.20420740e+06 	 9.667487e+00 	 1.321718e+08 	
1.20424520e+06 	 8.738450e+00 	 1.295454e+08 	
1.20428299e+06 	 7.904902e+00 	 1.270136e+08 	
1.20432079e+06 	 7.156734e+00 	 1.245736e+08 	
1.20435859e+06 	 6.484911e+00 	 1.222230e+08 	
1.20440541e+06 	 5.746618e+00 	 1.194315e+08 	
1.20445222e+06 	 5.099582e+00 	 1.167683e+08 	
1.20449904e+06 	 4.532033e+00 	 1.142284e+08 	
1.20454586e+06 	 4.033743e+00 	 1.118071e+08 	
1.20459267e+06 	 3.595823e+00 	 1.094997e+08 	
1.20463949e+06 	 3.210553e+00 	 1.073014e+08 	
1.20468631e+06 	 2.871223e+00 	 1.052078e+08 	
1.20473312e+06 	 2.572006e+00 	 1.032143e+08 	
1.20477994e+06 	 2.307837e+00 	 1.013166e+08 	
1.20482676e+06 	 2.074317e+00 	 9.951024e+07 	
1.20487357e+06 	 1.867619e+00 	 9.779122e+07 	
1.20492039e+06 	 1.684415e+00 	 9.615543e+07 	
1.20496721e+06 	 1.521811e+00 	 9.459895e+07 	
1.20501402e+06 	 1.377288e+00 	 9.311799e+07 	
1.20506084e+06 	 1.248649e+00 	 9.170888e+07 	
1.20512007e+06 	 1.105712e+00 	 9.002368e+07 	
1.20517929e+06 	 9.818321e-01 	 8.844099e+07 	
1.20523852e+06 	 8.742121e-01 	 8.695431e+07 	
1.20529775e+06 	 7.804912e-01 	 8.555750e+07 	
1.20535698e+06 	 6.986759e-01 	 8.424473e+07 	
1.20541620e+06 	 6.270797e-01 	 8.301052e+07 	
1.20547543e+06 	 5.642737e-01 	 8.184972e+07 	
1.20555004e+06 	 4.958095e-01 	 8.048443e+07 	
1.20562465e+06 	 4.373608e-01 	 7.921894e+07 	
1.20569926e+06 	 3.872734e-01 	 7.804495e+07 	
1.20577387e+06 	 3.441908e-01 	 7.695486e+07 	
1.20584848e+06 	 3.069974e-01 	 7.594168e+07 	
1.20592309e+06 	 2.747723e-01 	 7.499902e+07 	
1.20601204e+06 	 2.417961e-01 	 7.395929e+07 	
1.20610098e+06 	 2.137484e-01 	 7.300255e+07 	
1.20618993e+06 	 1.897793e-01 	 7.212079e+07 	
1.20627888e+06 	 1.692014e-01 	 7.130679e+07 	
1.20636783e+06 	 1.514562e-01 	 7.055411e+07 	
1.20649379e+06 	 1.303022e-01 	 6.958202e+07 	
1.20661975e+06 	 1.129049e-01 	 6.870709e+07 	
1.20674571e+06 	 9.848502e-02 	 6.791702e+07 	
1.20687167e+06 	 8.644430e-02 	 6.720128e+07 	
1.20702187e+06 	 7.455923e-02 	 6.643248e+07 	
1.20717208e+06 	 6.480305e-02 	 6.574357e+07 	
1.20732228e+06 	 5.672410e-02 	 6.512365e+07 	
1.20747248e+06 	 4.997916e-02 	 6.456357e+07 	
1.20768893e+06 	 4.208803e-02 	 6.384637e+07 	
1.20790537e+06 	 3.584734e-02 	 6.321858e+07 	
1.20812181e+06 	 3.084583e-02 	 6.266514e+07 	
1.20841109e+06 	 2.559619e-02 	 6.202098e+07 	
1.20870038e+06 	 2.155036e-02 	 6.146590e+07 	
1.20898966e+06 	 1.837790e-02 	 6.098283e+07 	
1.20938368e+06 	 1.506374e-02 	 6.041747e+07 	
1.20977770e+06 	 1.257268e-02 	 5.993674e+07 	
1.21017171e+06 	 1.065897e-02 	 5.952252e+07 	
1.21074191e+06 	 8.594536e-03 	 5.901431e+07 	
1.21131211e+06 	 7.096385e-03 	 5.858869e+07 	
1.21188230e+06 	 5.977495e-03 	 5.822564e+07 	
1.21253713e+06 	 5.011551e-03 	 5.786783e+07 	
1.21319196e+06 	 4.281659e-03 	 5.755887e+07 	
1.21384679e+06 	 3.717214e-03 	 5.728799e+07 	
1.21482711e+06 	 3.084909e-03 	 5.693710e+07 	
1.21580744e+06 	 2.625192e-03 	 5.663588e+07 	
1.21678776e+06 	 2.280558e-03 	 5.637196e+07 	
1.21821528e+06 	 1.914560e-03 	 5.603720e+07 	
1.21909138e+06 	 1.744918e-03 	 5.585407e+07 	
1.22082689e+06 	 1.490767e-03 	 5.552861e+07 	
1.22226860e+06 	 1.336817e-03 	 5.528709e+07 	
1.22451742e+06 	 1.162790e-03 	 5.494803e+07 	
1.22636255e+06 	 1.059873e-03 	 5.469517e+07 	
1.22931930e+06 	 9.418755e-04 	 5.432365e+07 	
1.23227605e+06 	 8.604822e-04 	 5.398158e+07 	
1.23523281e+06 	 8.017879e-04 	 5.366008e+07 	
1.23973974e+06 	 7.389689e-04 	 5.319737e+07 	
1.24345536e+06 	 7.020660e-04 	 5.283326e+07 	
1.25005566e+06 	 6.550725e-04 	 5.221225e+07 	
1.25241953e+06 	 6.418434e-04 	 5.199577e+07 	
1.26074373e+06 	 6.037182e-04 	 5.125145e+07 	
1.26575752e+06 	 5.847094e-04 	 5.081399e+07 	
1.27775068e+06 	 5.454053e-04 	 4.979358e+07 	
1.27933333e+06 	 5.406662e-04 	 4.966140e+07 	
1.28883333e+06 	 5.134849e-04 	 4.887869e+07 	
1.29833333e+06 	 4.882531e-04 	 4.811383e+07 	
1.30783333e+06 	 4.645593e-04 	 4.736585e+07 	
1.31733333e+06 	 4.422020e-04 	 4.663409e+07 	
1.32366667e+06 	 4.279757e-04 	 4.615497e+07 	
1.33316667e+06 	 4.076198e-04 	 4.544905e+07 	
1.34266667e+06 	 3.883591e-04 	 4.475801e+07 	
1.35216667e+06 	 3.701050e-04 	 4.408135e+07 	
1.36166667e+06 	 3.527932e-04 	 4.341864e+07 	
1.36800000e+06 	 3.417477e-04 	 4.298437e+07 	
1.37750000e+06 	 3.259103e-04 	 4.234405e+07 	
1.38700000e+06 	 3.108853e-04 	 4.171663e+07 	
1.39650000e+06 	 2.966362e-04 	 4.110178e+07 	
1.40600000e+06 	 2.831012e-04 	 4.049909e+07 	
1.41550000e+06 	 2.702347e-04 	 3.990820e+07 	
1.42500000e+06 	 2.580222e-04 	 3.932885e+07 	
1.43450000e+06 	 2.464125e-04 	 3.876068e+07 	
1.44400000e+06 	 2.353739e-04 	 3.820339e+07 	
1.45350000e+06 	 2.248752e-04 	 3.765667e+07 	
1.46300000e+06 	 2.148822e-04 	 3.712024e+07 	
1.47250000e+06 	 2.053802e-04 	 3.659385e+07 	
1.48200000e+06 	 1.963297e-04 	 3.607720e+07 	
1.49150000e+06 	 1.877141e-04 	 3.557005e+07 	
1.50100000e+06 	 1.795088e-04 	 3.507216e+07 	
1.51050000e+06 	 1.716941e-04 	 3.458330e+07 	
1.52000000e+06 	 1.642447e-04 	 3.410320e+07 	
1.52950000e+06 	 1.571406e-04 	 3.363166e+07 	
1.53900000e+06 	 1.503674e-04 	 3.316846e+07 	
1.54850000e+06 	 1.439094e-04 	 3.271340e+07 	
1.55800000e+06 	 1.377451e-04 	 3.226626e+07 	
1.56750000e+06 	 1.318649e-04 	 3.182687e+07 	
1.57700000e+06 	 1.262508e-04 	 3.139502e+07 	
1.58650000e+06 	 1.208900e-04 	 3.097054e+07 	
1.59600000e+06 	 1.157698e-04 	 3.055323e+07 	
1.60550000e+06 	 1.108783e-04 	 3.014295e+07 	
1.61500000e+06 	 1.062041e-04 	 2.973950e+07 	
1.62450000e+06 	 1.017365e-04 	 2.934275e+07 	
1.63400000e+06 	 9.746533e-05 	 2.895253e+07 	
1.64350000e+06 	 9.338061e-05 	 2.856868e+07 	
1.65300000e+06 	 8.947412e-05 	 2.819108e+07 	
1.66250000e+06 	 8.573651e-05 	 2.781956e+07 	
1.67200000e+06 	 8.215963e-05 	 2.745399e+07 	
1.68150000e+06 	 7.873559e-05 	 2.709424e+07 	
1.69100000e+06 	 7.545764e-05 	 2.674018e+07 	
1.70050000e+06 	 7.231836e-05 	 2.639169e+07 	
1.71000000e+06 	 6.931105e-05 	 2.604863e+07 	
1.71950000e+06 	 6.642993e-05 	 2.571090e+07 	
1.72900000e+06 	 6.366871e-05 	 2.537837e+07 	
1.73850000e+06 	 6.102177e-05 	 2.505094e+07 	
1.74800000e+06 	 5.848366e-05 	 2.472849e+07 	
1.75750000e+06 	 5.604964e-05 	 2.441092e+07 	
1.76700000e+06 	 5.371461e-05 	 2.409812e+07 	
1.77650000e+06 	 5.147393e-05 	 2.379001e+07 	
1.78600000e+06 	 4.932336e-05 	 2.348647e+07 	
1.79550000e+06 	 4.725890e-05 	 2.318742e+07 	
1.80500000e+06 	 4.527633e-05 	 2.289276e+07 	
1.81450000e+06 	 4.337198e-05 	 2.260241e+07 	
1.82400000e+06 	 4.154224e-05 	 2.231628e+07 	
1.83350000e+06 	 3.978368e-05 	 2.203428e+07 	
1.84300000e+06 	 3.809307e-05 	 2.175633e+07 	
1.85250000e+06 	 3.646734e-05 	 2.148235e+07 	
1.86200000e+06 	 3.490350e-05 	 2.121227e+07 	
1.87150000e+06 	 3.339872e-05 	 2.094601e+07 	
1.88100000e+06 	 3.195035e-05 	 2.068349e+07 	
1.90000000e+06 	 2.921259e-05 	 2.016941e+07 	
1.90050050e+06 	 2.914320e-05 	 2.015606e+07 	
1.90100100e+06 	 2.907395e-05 	 2.014272e+07 	
1.90150150e+06 	 2.900484e-05 	 2.012940e+07 	
1.90200200e+06 	 2.893586e-05 	 2.011608e+07 	
1.90250250e+06 	 2.886701e-05 	 2.010277e+07 	
1.90300300e+06 	 2.879830e-05 	 2.008947e+07 	
1.90350350e+06 	 2.872972e-05 	 2.007618e+07 	
1.90400400e+06 	 2.866128e-05 	 2.006290e+07 	
1.90450450e+06 	 2.859297e-05 	 2.004963e+07 	
1.90500501e+06 	 2.852479e-05 	 2.003637e+07 	
1.90550551e+06 	 2.845675e-05 	 2.002312e+07 	
1.90600601e+06 	 2.838883e-05 	 2.000988e+07 	
1.90650651e+06 	 2.832105e-05 	 1.999665e+07 	
1.90700701e+06 	 2.825340e-05 	 1.998342e+07 	
1.90750751e+06 	 2.818589e-05 	 1.997021e+07 	
1.90800801e+06 	 2.811850e-05 	 1.995701e+07 	
1.90850851e+06 	 2.805124e-05 	 1.994382e+07 	
1.90900901e+06 	 2.798412e-05 	 1.993064e+07 	
1.90950951e+06 	 2.791712e-05 	 1.991746e+07 	
1.91001001e+06 	 2.785025e-05 	 1.990430e+07 	
1.91051051e+06 	 2.778351e-05 	 1.989115e+07 	
1.91101101e+06 	 2.771691e-05 	 1.987800e+07 	
1.91151151e+06 	 2.765043e-05 	 1.986487e+07 	
1.91201201e+06 	 2.758407e-05 	 1.985174e+07 	
1.91251251e+06 	 2.751785e-05 	 1.983863e+07 	
1.91301301e+06 	 2.745175e-05 	 1.982552e+07 	
1.91351351e+06 	 2.738579e-05 	 1.981242e+07 	
1.91401401e+06 	 2.731995e-05 	 1.979934e+07 	
1.91451451e+06 	 2.725423e-05 	 1.978626e+07 	
1.91501502e+06 	 2.718864e-05 	 1.977319e+07 	
1.91551552e+06 	 2.712318e-05 	 1.976013e+07 	
1.91601602e+06 	 2.705785e-05 	 1.974709e+07 	
1.91651652e+06 	 2.699264e-05 	 1.973405e+07 	
1.91701702e+06 	 2.692755e-05 	 1.972102e+07 	
1.91751752e+06 	 2.686259e-05 	 1.970800e+07 	
1.91801802e+06 	 2.679776e-05 	 1.969499e+07 	
1.91851852e+06 	 2.673305e-05 	 1.968199e+07 	
1.91901902e+06 	 2.666846e-05 	 1.966899e+07 	
1.91951952e+06 	 2.660400e-05 	 1.965601e+07 	
1.92002002e+06 	 2.653966e-05 	 1.964304e+07 	
1.92052052e+06 	 2.647544e-05 	 1.963008e+07 	
1.92102102e+06 	 2.641135e-05 	 1.961712e+07 	
1.92152152e+06 	 2.634738e-05 	 1.960418e+07 	
1.92202202e+06 	 2.628353e-05 	 1.959124e+07 	
1.92252252e+06 	 2.621981e-05 	 1.957832e+07 	
1.92302302e+06 	 2.615620e-05 	 1.956540e+07 	
1.92352352e+06 	 2.609272e-05 	 1.955250e+07 	
1.92402402e+06 	 2.602936e-05 	 1.953960e+07 	
1.92452452e+06 	 2.596612e-05 	 1.952671e+07 	
1.92502503e+06 	 2.590300e-05 	 1.951383e+07 	
1.92552553e+06 	 2.583999e-05 	 1.950096e+07 	
1.92602603e+06 	 2.577711e-05 	 1.948810e+07 	
1.92652653e+06 	 2.571435e-05 	 1.947525e+07 	
1.92702703e+06 	 2.565171e-05 	 1.946241e+07 	
1.92752753e+06 	 2.558919e-05 	 1.944958e+07 	
1.92802803e+06 	 2.552678e-05 	 1.943676e+07 	
1.92852853e+06 	 2.546450e-05 	 1.942394e+07 	
1.92902903e+06 	 2.540233e-05 	 1.941114e+07 	
1.92952953e+06 	 2.534028e-05 	 1.939835e+07 	
1.93003003e+06 	 2.527834e-05 	 1.938556e+07 	
1.93053053e+06 	 2.521653e-05 	 1.937278e+07 	
1.93103103e+06 	 2.515483e-05 	 1.936002e+07 	
1.93153153e+06 	 2.509325e-05 	 1.934726e+07 	
1.93203203e+06 	 2.503178e-05 	 1.933451e+07 	
1.93253253e+06 	 2.497043e-05 	 1.932177e+07 	
1.93303303e+06 	 2.490919e-05 	 1.930904e+07 	
1.93353353e+06 	 2.484807e-05 	 1.929632e+07 	
1.93403403e+06 	 2.478707e-05 	 1.928361e+07 	
1.93453453e+06 	 2.472618e-05 	 1.927091e+07 	
1.93503504e+06 	 2.466540e-05 	 1.925822e+07 	
1.93553554e+06 	 2.460474e-05 	 1.924553e+07 	
1.93603604e+06 	 2.454419e-05 	 1.923286e+07 	
1.93653654e+06 	 2.448376e-05 	 1.922019e+07 	
1.93703704e+06 	 2.442344e-05 	 1.920754e+07 	
1.93753754e+06 	 2.436323e-05 	 1.919489e+07 	
1.93803804e+06 	 2.430313e-05 	 1.918225e+07 	
1.93853854e+06 	 2.424315e-05 	 1.916962e+07 	
1.93903904e+06 	 2.418328e-05 	 1.915700e+07 	
1.93953954e+06 	 2.412352e-05 	 1.914439e+07 	
1.94004004e+06 	 2.406387e-05 	 1.913179e+07 	
1.94054054e+06 	 2.400433e-05 	 1.911920e+07 	
1.94104104e+06 	 2.394491e-05 	 1.910661e+07 	
1.94154154e+06 	 2.388559e-05 	 1.909404e+07 	
1.94204204e+06 	 2.382639e-05 	 1.908147e+07 	
1.94254254e+06 	 2.376729e-05 	 1.906892e+07 	
1.94304304e+06 	 2.370831e-05 	 1.905637e+07 	
1.94354354e+06 	 2.364943e-05 	 1.904383e+07 	
1.94404404e+06 	 2.359067e-05 	 1.903130e+07 	
1.94454454e+06 	 2.353201e-05 	 1.901878e+07 	
1.94504505e+06 	 2.347346e-05 	 1.900627e+07 	
1.94554555e+06 	 2.341502e-05 	 1.899377e+07 	
1.94604605e+06 	 2.335669e-05 	 1.898128e+07 	
1.94654655e+06 	 2.329847e-05 	 1.896879e+07 	
1.94704705e+06 	 2.324036e-05 	 1.895632e+07 	
1.94754755e+06 	 2.318235e-05 	 1.894385e+07 	
1.94804805e+06 	 2.312445e-05 	 1.893139e+07 	
1.94854855e+06 	 2.306665e-05 	 1.891895e+07 	
1.94904905e+06 	 2.300897e-05 	 1.890651e+07 	
1.94954955e+06 	 2.295139e-05 	 1.889408e+07 	
1.95005005e+06 	 2.289391e-05 	 1.888166e+07 	
1.95055055e+06 	 2.283654e-05 	 1.886924e+07 	
1.95105105e+06 	 2.277928e-05 	 1.885684e+07 	
1.95155155e+06 	 2.272212e-05 	 1.884445e+07 	
1.95205205e+06 	 2.266507e-05 	 1.883206e+07 	
1.95255255e+06 	 2.260812e-05 	 1.881968e+07 	
1.95305305e+06 	 2.255127e-05 	 1.880731e+07 	
1.95355355e+06 	 2.249453e-05 	 1.879496e+07 	
1.95405405e+06 	 2.243790e-05 	 1.878261e+07 	
1.95455455e+06 	 2.238137e-05 	 1.877026e+07 	
1.95505506e+06 	 2.232494e-05 	 1.875793e+07 	
1.95555556e+06 	 2.226861e-05 	 1.874561e+07 	
1.95605606e+06 	 2.221239e-05 	 1.873329e+07 	
1.95655656e+06 	 2.215627e-05 	 1.872099e+07 	
1.95705706e+06 	 2.210025e-05 	 1.870869e+07 	
1.95755756e+06 	 2.204433e-05 	 1.869640e+07 	
1.95805806e+06 	 2.198852e-05 	 1.868412e+07 	
1.95855856e+06 	 2.193280e-05 	 1.867185e+07 	
1.95905906e+06 	 2.187719e-05 	 1.865959e+07 	
1.95955956e+06 	 2.182168e-05 	 1.864734e+07 	
1.96006006e+06 	 2.176627e-05 	 1.863510e+07 	
1.96056056e+06 	 2.171096e-05 	 1.862286e+07 	
1.96106106e+06 	 2.165575e-05 	 1.861063e+07 	
1.96156156e+06 	 2.160064e-05 	 1.859842e+07 	
1.96206206e+06 	 2.154563e-05 	 1.858621e+07 	
1.96256256e+06 	 2.149072e-05 	 1.857401e+07 	
1.96306306e+06 	 2.143590e-05 	 1.856181e+07 	
1.96356356e+06 	 2.138119e-05 	 1.854963e+07 	
1.96406406e+06 	 2.132657e-05 	 1.853746e+07 	
1.96456456e+06 	 2.127205e-05 	 1.852529e+07 	
1.96506507e+06 	 2.121764e-05 	 1.851314e+07 	
1.96556557e+06 	 2.116331e-05 	 1.850099e+07 	
1.96606607e+06 	 2.110909e-05 	 1.848885e+07 	
1.96656657e+06 	 2.105496e-05 	 1.847672e+07 	
1.96706707e+06 	 2.100093e-05 	 1.846459e+07 	
1.96756757e+06 	 2.094700e-05 	 1.845248e+07 	
1.96806807e+06 	 2.089316e-05 	 1.844038e+07 	
1.96856857e+06 	 2.083942e-05 	 1.842828e+07 	
1.96906907e+06 	 2.078578e-05 	 1.841619e+07 	
1.96956957e+06 	 2.073223e-05 	 1.840411e+07 	
1.97007007e+06 	 2.067877e-05 	 1.839204e+07 	
1.97057057e+06 	 2.062541e-05 	 1.837998e+07 	
1.97107107e+06 	 2.057318e-05 	 1.836791e+07 	
1.97157157e+06 	 2.052004e-05 	 1.835587e+07 	
1.97207207e+06 	 2.046700e-05 	 1.834383e+07 	
1.97257257e+06 	 2.041405e-05 	 1.833180e+07 	
1.97307307e+06 	 2.036120e-05 	 1.831978e+07 	
1.97357357e+06 	 2.030844e-05 	 1.830777e+07 	
1.97407407e+06 	 2.025577e-05 	 1.829577e+07 	
1.97457457e+06 	 2.020320e-05 	 1.828378e+07 	
1.97507508e+06 	 2.015072e-05 	 1.827179e+07 	
1.97557558e+06 	 2.009833e-05 	 1.825981e+07 	
1.97607608e+06 	 2.004604e-05 	 1.824785e+07 	
1.97657658e+06 	 1.999385e-05 	 1.823589e+07 	
1.97707708e+06 	 1.994174e-05 	 1.822394e+07 	
1.97757758e+06 	 1.988973e-05 	 1.821199e+07 	
1.97807808e+06 	 1.983781e-05 	 1.820006e+07 	
1.97857858e+06 	 1.978598e-05 	 1.818813e+07 	
1.97907908e+06 	 1.973424e-05 	 1.817622e+07 	
1.97957958e+06 	 1.968260e-05 	 1.816431e+07 	
1.98008008e+06 	 1.963104e-05 	 1.815241e+07 	
1.98058058e+06 	 1.957958e-05 	 1.814052e+07 	
1.98108108e+06 	 1.952821e-05 	 1.812863e+07 	
1.98158158e+06 	 1.947693e-05 	 1.811676e+07 	
1.98208208e+06 	 1.942574e-05 	 1.810489e+07 	
1.98258258e+06 	 1.937365e-05 	 1.809306e+07 	
1.98308308e+06 	 1.932261e-05 	 1.808121e+07 	
1.98358358e+06 	 1.927166e-05 	 1.806937e+07 	
1.98408408e+06 	 1.922080e-05 	 1.805753e+07 	
1.98458458e+06 	 1.917003e-05 	 1.804571e+07 	
1.98508509e+06 	 1.911935e-05 	 1.803390e+07 	
1.98558559e+06 	 1.906876e-05 	 1.802209e+07 	
1.98608609e+06 	 1.901825e-05 	 1.801029e+07 	
1.98658659e+06 	 1.896783e-05 	 1.799850e+07 	
1.98708709e+06 	 1.891750e-05 	 1.798672e+07 	
1.98758759e+06 	 1.886726e-05 	 1.797495e+07 	
1.98808809e+06 	 1.881710e-05 	 1.796318e+07 	
1.98858859e+06 	 1.876703e-05 	 1.795142e+07 	
1.98908909e+06 	 1.871705e-05 	 1.793968e+07 	
1.98958959e+06 	 1.866715e-05 	 1.792794e+07 	
1.99009009e+06 	 1.861734e-05 	 1.791621e+07 	
1.99059059e+06 	 1.856762e-05 	 1.790448e+07 	
1.99109109e+06 	 1.851798e-05 	 1.789277e+07 	
1.99159159e+06 	 1.846842e-05 	 1.788106e+07 	
1.99209209e+06 	 1.841896e-05 	 1.786936e+07 	
1.99259259e+06 	 1.836957e-05 	 1.785767e+07 	
1.99309309e+06 	 1.832027e-05 	 1.784599e+07 	
1.99359359e+06 	 1.827198e-05 	 1.783430e+07 	
1.99409409e+06 	 1.822288e-05 	 1.782263e+07 	
1.99459459e+06 	 1.817386e-05 	 1.781097e+07 	
1.99509510e+06 	 1.812493e-05 	 1.779933e+07 	
1.99559560e+06 	 1.807608e-05 	 1.778768e+07 	
1.99609610e+06 	 1.802731e-05 	 1.777605e+07 	
1.99659660e+06 	 1.797863e-05 	 1.776443e+07 	
1.99709710e+06 	 1.793003e-05 	 1.775281e+07 	
1.99759760e+06 	 1.788151e-05 	 1.774120e+07 	
1.99809810e+06 	 1.783308e-05 	 1.772960e+07 	
1.99859860e+06 	 1.778473e-05 	 1.771801e+07 	
1.99909910e+06 	 1.773646e-05 	 1.770643e+07 	
1.99959960e+06 	 1.768828e-05 	 1.769485e+07 	
2.00010010e+06 	 1.764018e-05 	 1.768329e+07 	
2.00060060e+06 	 1.759216e-05 	 1.767173e+07 	
2.00110110e+06 	 1.754422e-05 	 1.766018e+07 	
2.00160160e+06 	 1.749637e-05 	 1.764863e+07 	
2.00210210e+06 	 1.744860e-05 	 1.763710e+07 	
2.00260260e+06 	 1.740090e-05 	 1.762557e+07 	
2.00310310e+06 	 1.735329e-05 	 1.761405e+07 	
2.00360360e+06 	 1.730576e-05 	 1.760254e+07 	
2.00410410e+06 	 1.725832e-05 	 1.759104e+07 	
2.00460460e+06 	 1.721095e-05 	 1.757955e+07 	
2.00510511e+06 	 1.716278e-05 	 1.756808e+07 	
2.00560561e+06 	 1.711554e-05 	 1.755661e+07 	
2.00610611e+06 	 1.706839e-05 	 1.754514e+07 	
2.00660661e+06 	 1.702132e-05 	 1.753368e+07 	
2.00710711e+06 	 1.697432e-05 	 1.752222e+07 	
2.00760761e+06 	 1.692741e-05 	 1.751078e+07 	
2.00810811e+06 	 1.688057e-05 	 1.749934e+07 	
2.00860861e+06 	 1.683381e-05 	 1.748792e+07 	
2.00910911e+06 	 1.678713e-05 	 1.747649e+07 	
2.00960961e+06 	 1.674053e-05 	 1.746508e+07 	
2.01011011e+06 	 1.669400e-05 	 1.745368e+07 	
2.01061061e+06 	 1.664756e-05 	 1.744228e+07 	
2.01111111e+06 	 1.660119e-05 	 1.743089e+07 	
2.01161161e+06 	 1.655489e-05 	 1.741951e+07 	
2.01211211e+06 	 1.650868e-05 	 1.740814e+07 	
2.01261261e+06 	 1.646254e-05 	 1.739678e+07 	
2.01311311e+06 	 1.641648e-05 	 1.738542e+07 	
2.01361361e+06 	 1.637049e-05 	 1.737407e+07 	
2.01411411e+06 	 1.632458e-05 	 1.736273e+07 	
2.01461461e+06 	 1.627875e-05 	 1.735140e+07 	
2.01511512e+06 	 1.623299e-05 	 1.734008e+07 	
2.01561562e+06 	 1.618731e-05 	 1.732876e+07 	
2.01611612e+06 	 1.614088e-05 	 1.731747e+07 	
2.01661662e+06 	 1.609533e-05 	 1.730617e+07 	
2.01711712e+06 	 1.604985e-05 	 1.729488e+07 	
2.01761762e+06 	 1.600444e-05 	 1.728360e+07 	
2.01811812e+06 	 1.595911e-05 	 1.727232e+07 	
2.01861862e+06 	 1.591385e-05 	 1.726106e+07 	
2.01911912e+06 	 1.586867e-05 	 1.724980e+07 	
2.01961962e+06 	 1.582355e-05 	 1.723854e+07 	
2.02012012e+06 	 1.577852e-05 	 1.722730e+07 	
2.02062062e+06 	 1.573355e-05 	 1.721607e+07 	
2.02112112e+06 	 1.568866e-05 	 1.720484e+07 	
2.02162162e+06 	 1.564384e-05 	 1.719362e+07 	
2.02212212e+06 	 1.559909e-05 	 1.718241e+07 	
2.02262262e+06 	 1.555441e-05 	 1.717120e+07 	
2.02312312e+06 	 1.550981e-05 	 1.716001e+07 	
2.02362362e+06 	 1.546528e-05 	 1.714882e+07 	
2.02412412e+06 	 1.542082e-05 	 1.713764e+07 	
2.02462462e+06 	 1.537643e-05 	 1.712646e+07 	
2.02512513e+06 	 1.533211e-05 	 1.711530e+07 	
2.02562563e+06 	 1.528786e-05 	 1.710414e+07 	
2.02612613e+06 	 1.524369e-05 	 1.709299e+07 	
2.02662663e+06 	 1.519958e-05 	 1.708185e+07 	
2.02712713e+06 	 1.515554e-05 	 1.707072e+07 	
2.02762763e+06 	 1.511081e-05 	 1.705962e+07 	
2.02812813e+06 	 1.506689e-05 	 1.704850e+07 	
2.02862863e+06 	 1.502304e-05 	 1.703739e+07 	
2.02912913e+06 	 1.497926e-05 	 1.702629e+07 	
2.02962963e+06 	 1.493555e-05 	 1.701520e+07 	
2.03013013e+06 	 1.489191e-05 	 1.700411e+07 	
2.03063063e+06 	 1.484834e-05 	 1.699303e+07 	
2.03113113e+06 	 1.480483e-05 	 1.698196e+07 	
2.03163163e+06 	 1.476139e-05 	 1.697090e+07 	
2.03213213e+06 	 1.471802e-05 	 1.695985e+07 	
2.03263263e+06 	 1.467472e-05 	 1.694880e+07 	
2.03313313e+06 	 1.463149e-05 	 1.693776e+07 	
2.03363363e+06 	 1.458832e-05 	 1.692673e+07 	
2.03413413e+06 	 1.454522e-05 	 1.691571e+07 	
2.03463463e+06 	 1.450218e-05 	 1.690470e+07 	
2.03513514e+06 	 1.445921e-05 	 1.689369e+07 	
2.03563564e+06 	 1.441631e-05 	 1.688269e+07 	
2.03613614e+06 	 1.437347e-05 	 1.687170e+07 	
2.03663664e+06 	 1.433070e-05 	 1.686072e+07 	
2.03713714e+06 	 1.428800e-05 	 1.684974e+07 	
2.03763764e+06 	 1.424536e-05 	 1.683877e+07 	
2.03813814e+06 	 1.420278e-05 	 1.682781e+07 	
2.03863864e+06 	 1.416027e-05 	 1.681686e+07 	
2.03913914e+06 	 1.411856e-05 	 1.680590e+07 	
2.03963964e+06 	 1.407620e-05 	 1.679496e+07 	
2.04014014e+06 	 1.403390e-05 	 1.678403e+07 	
2.04064064e+06 	 1.399167e-05 	 1.677311e+07 	
2.04114114e+06 	 1.394950e-05 	 1.676219e+07 	
2.04164164e+06 	 1.390740e-05 	 1.675129e+07 	
2.04214214e+06 	 1.386536e-05 	 1.674039e+07 	
2.04264264e+06 	 1.382339e-05 	 1.672950e+07 	
2.04314314e+06 	 1.378148e-05 	 1.671861e+07 	
2.04364364e+06 	 1.373963e-05 	 1.670774e+07 	
2.04414414e+06 	 1.369784e-05 	 1.669687e+07 	
2.04464464e+06 	 1.365612e-05 	 1.668601e+07 	
2.04514515e+06 	 1.361446e-05 	 1.667516e+07 	
2.04564565e+06 	 1.357287e-05 	 1.666431e+07 	
2.04614615e+06 	 1.353133e-05 	 1.665348e+07 	
2.04664665e+06 	 1.348986e-05 	 1.664265e+07 	
2.04714715e+06 	 1.344845e-05 	 1.663182e+07 	
2.04764765e+06 	 1.340711e-05 	 1.662101e+07 	
2.04814815e+06 	 1.336582e-05 	 1.661020e+07 	
2.04864865e+06 	 1.332460e-05 	 1.659941e+07 	
2.04914915e+06 	 1.328344e-05 	 1.658862e+07 	
2.04964965e+06 	 1.324233e-05 	 1.657783e+07 	
2.05015015e+06 	 1.320063e-05 	 1.656708e+07 	
2.05065065e+06 	 1.315963e-05 	 1.655631e+07 	
2.05115115e+06 	 1.311870e-05 	 1.654555e+07 	
2.05165165e+06 	 1.307782e-05 	 1.653480e+07 	
2.05215215e+06 	 1.303700e-05 	 1.652405e+07 	
2.05265265e+06 	 1.299624e-05 	 1.651332e+07 	
2.05315315e+06 	 1.295554e-05 	 1.650259e+07 	
2.05365365e+06 	 1.291490e-05 	 1.649186e+07 	
2.05415415e+06 	 1.287432e-05 	 1.648115e+07 	
2.05465465e+06 	 1.283379e-05 	 1.647045e+07 	
2.05515516e+06 	 1.279333e-05 	 1.645975e+07 	
2.05565566e+06 	 1.275292e-05 	 1.644906e+07 	
2.05615616e+06 	 1.271257e-05 	 1.643837e+07 	
2.05665666e+06 	 1.267228e-05 	 1.642770e+07 	
2.05715716e+06 	 1.263205e-05 	 1.641703e+07 	
2.05765766e+06 	 1.259187e-05 	 1.640637e+07 	
2.05815816e+06 	 1.255176e-05 	 1.639572e+07 	
2.05865866e+06 	 1.251169e-05 	 1.638507e+07 	
2.05915916e+06 	 1.247169e-05 	 1.637443e+07 	
2.05965966e+06 	 1.243174e-05 	 1.636380e+07 	
2.06016016e+06 	 1.239185e-05 	 1.635318e+07 	
2.06066066e+06 	 1.235201e-05 	 1.634257e+07 	
2.06116116e+06 	 1.231223e-05 	 1.633196e+07 	
2.06166166e+06 	 1.227189e-05 	 1.632138e+07 	
2.06216216e+06 	 1.223221e-05 	 1.631079e+07 	
2.06266266e+06 	 1.219258e-05 	 1.630021e+07 	
2.06316316e+06 	 1.215300e-05 	 1.628963e+07 	
2.06366366e+06 	 1.211348e-05 	 1.627906e+07 	
2.06416416e+06 	 1.207402e-05 	 1.626850e+07 	
2.06466466e+06 	 1.203460e-05 	 1.625795e+07 	
2.06516517e+06 	 1.199525e-05 	 1.624740e+07 	
2.06566567e+06 	 1.195594e-05 	 1.623687e+07 	
2.06616617e+06 	 1.191669e-05 	 1.622634e+07 	
2.06666667e+06 	 1.187749e-05 	 1.621581e+07 	
2.06716717e+06 	 1.183835e-05 	 1.620530e+07 	
2.06766767e+06 	 1.179925e-05 	 1.619479e+07 	
2.06816817e+06 	 1.176021e-05 	 1.618429e+07 	
2.06866867e+06 	 1.172123e-05 	 1.617380e+07 	
2.06916917e+06 	 1.168229e-05 	 1.616331e+07 	
2.06966967e+06 	 1.164341e-05 	 1.615284e+07 	
2.07017017e+06 	 1.160458e-05 	 1.614237e+07 	
2.07067067e+06 	 1.156580e-05 	 1.613191e+07 	
2.07117117e+06 	 1.152707e-05 	 1.612145e+07 	
2.07167167e+06 	 1.148839e-05 	 1.611101e+07 	
2.07217217e+06 	 1.144976e-05 	 1.610057e+07 	
2.07267267e+06 	 1.141119e-05 	 1.609014e+07 	
2.07317317e+06 	 1.137323e-05 	 1.607969e+07 	
2.07367367e+06 	 1.133477e-05 	 1.606928e+07 	
2.07417417e+06 	 1.129636e-05 	 1.605887e+07 	
2.07467467e+06 	 1.125800e-05 	 1.604847e+07 	
2.07517518e+06 	 1.121969e-05 	 1.603807e+07 	
2.07567568e+06 	 1.118143e-05 	 1.602769e+07 	
2.07617618e+06 	 1.114322e-05 	 1.601731e+07 	
2.07667668e+06 	 1.110506e-05 	 1.600694e+07 	
2.07717718e+06 	 1.106695e-05 	 1.599657e+07 	
2.07767768e+06 	 1.102888e-05 	 1.598622e+07 	
2.07817818e+06 	 1.099087e-05 	 1.597587e+07 	
2.07867868e+06 	 1.095290e-05 	 1.596553e+07 	
2.07917918e+06 	 1.091498e-05 	 1.595519e+07 	
2.07967968e+06 	 1.087711e-05 	 1.594487e+07 	
2.08018018e+06 	 1.083929e-05 	 1.593455e+07 	
2.08068068e+06 	 1.080151e-05 	 1.592424e+07 	
2.08118118e+06 	 1.076379e-05 	 1.591394e+07 	
2.08168168e+06 	 1.072610e-05 	 1.590364e+07 	
2.08218218e+06 	 1.068847e-05 	 1.589335e+07 	
2.08268268e+06 	 1.065088e-05 	 1.588307e+07 	
2.08318318e+06 	 1.061334e-05 	 1.587280e+07 	
2.08368368e+06 	 1.057585e-05 	 1.586254e+07 	
2.08418418e+06 	 1.053840e-05 	 1.585228e+07 	
2.08468468e+06 	 1.050152e-05 	 1.584201e+07 	
2.08518519e+06 	 1.046418e-05 	 1.583177e+07 	
2.08568569e+06 	 1.042688e-05 	 1.582153e+07 	
2.08618619e+06 	 1.038963e-05 	 1.581131e+07 	
2.08668669e+06 	 1.035242e-05 	 1.580109e+07 	
2.08718719e+06 	 1.031526e-05 	 1.579088e+07 	
2.08768769e+06 	 1.027815e-05 	 1.578067e+07 	
2.08818819e+06 	 1.024107e-05 	 1.577047e+07 	
2.08868869e+06 	 1.020404e-05 	 1.576028e+07 	
2.08918919e+06 	 1.016706e-05 	 1.575010e+07 	
2.08968969e+06 	 1.013012e-05 	 1.573993e+07 	
2.09019019e+06 	 1.009322e-05 	 1.572976e+07 	
2.09069069e+06 	 1.005637e-05 	 1.571960e+07 	
2.09119119e+06 	 1.001956e-05 	 1.570945e+07 	
2.09169169e+06 	 9.982796e-06 	 1.569931e+07 	
2.09219219e+06 	 9.946072e-06 	 1.568917e+07 	
2.09269269e+06 	 9.909391e-06 	 1.567904e+07 	
2.09319319e+06 	 9.872753e-06 	 1.566892e+07 	
2.09369369e+06 	 9.836157e-06 	 1.565881e+07 	
2.09419419e+06 	 9.799602e-06 	 1.564870e+07 	
2.09469469e+06 	 9.763090e-06 	 1.563861e+07 	
2.09519520e+06 	 9.726619e-06 	 1.562852e+07 	
2.09569570e+06 	 9.690189e-06 	 1.561843e+07 	
2.09619620e+06 	 9.654287e-06 	 1.560834e+07 	
2.09669670e+06 	 9.617952e-06 	 1.559827e+07 	
2.09719720e+06 	 9.581658e-06 	 1.558821e+07 	
2.09769770e+06 	 9.545405e-06 	 1.557816e+07 	
2.09819820e+06 	 9.509192e-06 	 1.556812e+07 	
2.09869870e+06 	 9.473020e-06 	 1.555808e+07 	
2.09919920e+06 	 9.436887e-06 	 1.554805e+07 	
2.09969970e+06 	 9.400795e-06 	 1.553803e+07 	
2.10020020e+06 	 9.364742e-06 	 1.552801e+07 	
2.10070070e+06 	 9.328729e-06 	 1.551801e+07 	
2.10120120e+06 	 9.292755e-06 	 1.550801e+07 	
2.10170170e+06 	 9.256820e-06 	 1.549802e+07 	
2.10220220e+06 	 9.220924e-06 	 1.548803e+07 	
2.10270270e+06 	 9.185066e-06 	 1.547806e+07 	
2.10320320e+06 	 9.149247e-06 	 1.546809e+07 	
2.10370370e+06 	 9.113466e-06 	 1.545813e+07 	
2.10420420e+06 	 9.077722e-06 	 1.544818e+07 	
2.10470470e+06 	 9.042017e-06 	 1.543823e+07 	
2.10520521e+06 	 9.006349e-06 	 1.542830e+07 	
2.10570571e+06 	 8.970718e-06 	 1.541837e+07 	
2.10620621e+06 	 8.935124e-06 	 1.540845e+07 	
2.10670671e+06 	 8.899566e-06 	 1.539853e+07 	
2.10720721e+06 	 8.864046e-06 	 1.538863e+07 	
2.10770771e+06 	 8.829005e-06 	 1.537871e+07 	
2.10820821e+06 	 8.793569e-06 	 1.536882e+07 	
2.10870871e+06 	 8.758168e-06 	 1.535894e+07 	
2.10920921e+06 	 8.722804e-06 	 1.534906e+07 	
2.10970971e+06 	 8.687476e-06 	 1.533920e+07 	
2.11021021e+06 	 8.652183e-06 	 1.532934e+07 	
2.11071071e+06 	 8.616925e-06 	 1.531948e+07 	
2.11121121e+06 	 8.581702e-06 	 1.530964e+07 	
2.11171171e+06 	 8.546515e-06 	 1.529981e+07 	
2.11221221e+06 	 8.511362e-06 	 1.528998e+07 	
2.11271271e+06 	 8.476243e-06 	 1.528016e+07 	
2.11321321e+06 	 8.441159e-06 	 1.527034e+07 	
2.11371371e+06 	 8.406108e-06 	 1.526054e+07 	
2.11421421e+06 	 8.371092e-06 	 1.525074e+07 	
2.11471471e+06 	 8.336109e-06 	 1.524096e+07 	
2.11521522e+06 	 8.301159e-06 	 1.523117e+07 	
2.11571572e+06 	 8.266243e-06 	 1.522140e+07 	
2.11621622e+06 	 8.231359e-06 	 1.521164e+07 	
2.11671672e+06 	 8.196509e-06 	 1.520188e+07 	
2.11721722e+06 	 8.161690e-06 	 1.519213e+07 	
2.11771772e+06 	 8.126904e-06 	 1.518239e+07 	
2.11821822e+06 	 8.092150e-06 	 1.517266e+07 	
2.11871872e+06 	 8.057428e-06 	 1.516293e+07 	
2.11921922e+06 	 8.022336e-06 	 1.515323e+07 	
2.11971972e+06 	 7.987666e-06 	 1.514353e+07 	
2.12022022e+06 	 7.953028e-06 	 1.513383e+07 	
2.12072072e+06 	 7.918420e-06 	 1.512413e+07 	
2.12122122e+06 	 7.883842e-06 	 1.511445e+07 	
2.12172172e+06 	 7.849295e-06 	 1.510477e+07 	
2.12222222e+06 	 7.814778e-06 	 1.509511e+07 	
2.12272272e+06 	 7.780290e-06 	 1.508545e+07 	
2.12322322e+06 	 7.745832e-06 	 1.507580e+07 	
2.12372372e+06 	 7.711404e-06 	 1.506615e+07 	
2.12422422e+06 	 7.677004e-06 	 1.505652e+07 	
2.12472472e+06 	 7.642634e-06 	 1.504689e+07 	
2.12522523e+06 	 7.608292e-06 	 1.503727e+07 	
2.12572573e+06 	 7.573979e-06 	 1.502766e+07 	
2.12622623e+06 	 7.539693e-06 	 1.501806e+07 	
2.12672673e+06 	 7.505436e-06 	 1.500847e+07 	
2.12722723e+06 	 7.471207e-06 	 1.499888e+07 	
2.12772773e+06 	 7.437005e-06 	 1.498930e+07 	
2.12822823e+06 	 7.402831e-06 	 1.497974e+07 	
2.12872873e+06 	 7.368683e-06 	 1.497018e+07 	
2.12922923e+06 	 7.334563e-06 	 1.496062e+07 	
2.12972973e+06 	 7.300469e-06 	 1.495108e+07 	
2.13023023e+06 	 7.266402e-06 	 1.494155e+07 	
2.13073073e+06 	 7.232361e-06 	 1.493202e+07 	
2.13123123e+06 	 7.198717e-06 	 1.492248e+07 	
2.13173173e+06 	 7.164737e-06 	 1.491297e+07 	
2.13223223e+06 	 7.130783e-06 	 1.490347e+07 	
2.13273273e+06 	 7.096855e-06 	 1.489398e+07 	
2.13323323e+06 	 7.062952e-06 	 1.488449e+07 	
2.13373373e+06 	 7.029074e-06 	 1.487502e+07 	
2.13423423e+06 	 6.995222e-06 	 1.486555e+07 	
2.13473473e+06 	 6.961394e-06 	 1.485609e+07 	
2.13523524e+06 	 6.927590e-06 	 1.484664e+07 	
2.13573574e+06 	 6.893811e-06 	 1.483720e+07 	
2.13623624e+06 	 6.860057e-06 	 1.482777e+07 	
2.13673674e+06 	 6.826326e-06 	 1.481834e+07 	
2.13723724e+06 	 6.792619e-06 	 1.480893e+07 	
2.13773774e+06 	 6.758935e-06 	 1.479952e+07 	
2.13823824e+06 	 6.725275e-06 	 1.479013e+07 	
2.13873874e+06 	 6.691638e-06 	 1.478074e+07 	
2.13923924e+06 	 6.658024e-06 	 1.477136e+07 	
2.13973974e+06 	 6.624433e-06 	 1.476199e+07 	
2.14024024e+06 	 6.590865e-06 	 1.475263e+07 	
2.14074074e+06 	 6.557318e-06 	 1.474327e+07 	
2.14124124e+06 	 6.523794e-06 	 1.473393e+07 	
2.14174174e+06 	 6.490292e-06 	 1.472460e+07 	
2.14224224e+06 	 6.456812e-06 	 1.471527e+07 	
2.14274274e+06 	 6.423024e-06 	 1.470597e+07 	
2.14324324e+06 	 6.389579e-06 	 1.469667e+07 	
2.14374374e+06 	 6.356155e-06 	 1.468737e+07 	
2.14424424e+06 	 6.322752e-06 	 1.467808e+07 	
2.14474474e+06 	 6.289369e-06 	 1.466880e+07 	
2.14524525e+06 	 6.256007e-06 	 1.465954e+07 	
2.14574575e+06 	 6.222666e-06 	 1.465028e+07 	
2.14624625e+06 	 6.189345e-06 	 1.464103e+07 	
2.14674675e+06 	 6.156043e-06 	 1.463178e+07 	
2.14724725e+06 	 6.122762e-06 	 1.462255e+07 	
2.14774775e+06 	 6.089500e-06 	 1.461333e+07 	
2.14824825e+06 	 6.056258e-06 	 1.460412e+07 	
2.14874875e+06 	 6.023036e-06 	 1.459492e+07 	
2.14924925e+06 	 5.989832e-06 	 1.458572e+07 	
2.14974975e+06 	 5.956648e-06 	 1.457654e+07 	
2.15025025e+06 	 5.923483e-06 	 1.456737e+07 	
2.15075075e+06 	 5.890336e-06 	 1.455820e+07 	
2.15125125e+06 	 5.857209e-06 	 1.454905e+07 	
2.15175175e+06 	 5.824099e-06 	 1.453991e+07 	
2.15225225e+06 	 5.791009e-06 	 1.453077e+07 	
2.15275275e+06 	 5.757936e-06 	 1.452165e+07 	
2.15325325e+06 	 5.724882e-06 	 1.451254e+07 	
2.15375375e+06 	 5.691846e-06 	 1.450343e+07 	
2.15425425e+06 	 5.659117e-06 	 1.449432e+07 	
2.15475475e+06 	 5.626124e-06 	 1.448524e+07 	
2.15525526e+06 	 5.593149e-06 	 1.447616e+07 	
2.15575576e+06 	 5.560191e-06 	 1.446710e+07 	
2.15625626e+06 	 5.527252e-06 	 1.445805e+07 	
2.15675676e+06 	 5.494330e-06 	 1.444901e+07 	
2.15725726e+06 	 5.461425e-06 	 1.443997e+07 	
2.15775776e+06 	 5.428539e-06 	 1.443095e+07 	
2.15825826e+06 	 5.395669e-06 	 1.442194e+07 	
2.15875876e+06 	 5.362817e-06 	 1.441294e+07 	
2.15925926e+06 	 5.329983e-06 	 1.440395e+07 	
2.15975976e+06 	 5.297166e-06 	 1.439498e+07 	
2.16026026e+06 	 5.264366e-06 	 1.438601e+07 	
2.16076076e+06 	 5.231583e-06 	 1.437705e+07 	
2.16126126e+06 	 5.198817e-06 	 1.436811e+07 	
2.16176176e+06 	 5.166069e-06 	 1.435917e+07 	
2.16226226e+06 	 5.133338e-06 	 1.435025e+07 	
2.16276276e+06 	 5.100625e-06 	 1.434134e+07 	
2.16326326e+06 	 5.067928e-06 	 1.433244e+07 	
2.16376376e+06 	 5.035249e-06 	 1.432355e+07 	
2.16426426e+06 	 5.002587e-06 	 1.431467e+07 	
2.16476476e+06 	 4.969942e-06 	 1.430581e+07 	
2.16526527e+06 	 4.937315e-06 	 1.429695e+07 	
2.16576577e+06 	 4.904455e-06 	 1.428813e+07 	
2.16626627e+06 	 4.871857e-06 	 1.427930e+07 	
2.16676677e+06 	 4.839276e-06 	 1.427048e+07 	
2.16726727e+06 	 4.806713e-06 	 1.426167e+07 	
2.16776777e+06 	 4.774167e-06 	 1.425288e+07 	
2.16826827e+06 	 4.741639e-06 	 1.424409e+07 	
2.16876877e+06 	 4.709129e-06 	 1.423532e+07 	
2.16926927e+06 	 4.676637e-06 	 1.422657e+07 	
2.16976977e+06 	 4.644164e-06 	 1.421782e+07 	
2.17027027e+06 	 4.611708e-06 	 1.420909e+07 	
2.17077077e+06 	 4.579271e-06 	 1.420037e+07 	
2.17127127e+06 	 4.546853e-06 	 1.419166e+07 	
2.17177177e+06 	 4.514453e-06 	 1.418296e+07 	
2.17227227e+06 	 4.482073e-06 	 1.417428e+07 	
2.17277277e+06 	 4.449712e-06 	 1.416561e+07 	
2.17327327e+06 	 4.417370e-06 	 1.415696e+07 	
2.17377377e+06 	 4.385048e-06 	 1.414831e+07 	
2.17427427e+06 	 4.352746e-06 	 1.413968e+07 	
2.17477477e+06 	 4.320465e-06 	 1.413107e+07 	
2.17527528e+06 	 4.288204e-06 	 1.412247e+07 	
2.17577578e+06 	 4.255964e-06 	 1.411388e+07 	
2.17627628e+06 	 4.223745e-06 	 1.410530e+07 	
2.17677678e+06 	 4.191548e-06 	 1.409674e+07 	
2.17727728e+06 	 4.159586e-06 	 1.408817e+07 	
2.17777778e+06 	 4.127438e-06 	 1.407964e+07 	
2.17827828e+06 	 4.095313e-06 	 1.407112e+07 	
2.17877878e+06 	 4.063211e-06 	 1.406261e+07 	
2.17927928e+06 	 4.031133e-06 	 1.405412e+07 	
2.17977978e+06 	 3.999079e-06 	 1.404564e+07 	
2.18028028e+06 	 3.967050e-06 	 1.403718e+07 	
2.18078078e+06 	 3.935046e-06 	 1.402873e+07 	
2.18128128e+06 	 3.903067e-06 	 1.402030e+07 	
2.18178178e+06 	 3.871115e-06 	 1.401188e+07 	
2.18228228e+06 	 3.839189e-06 	 1.400348e+07 	
2.18278278e+06 	 3.807291e-06 	 1.399509e+07 	
2.18328328e+06 	 3.775421e-06 	 1.398672e+07 	
2.18378378e+06 	 3.743580e-06 	 1.397836e+07 	
2.18428428e+06 	 3.711768e-06 	 1.397002e+07 	
2.18478478e+06 	 3.679985e-06 	 1.396170e+07 	
2.18528529e+06 	 3.648234e-06 	 1.395339e+07 	
2.18578579e+06 	 3.616513e-06 	 1.394510e+07 	
2.18628629e+06 	 3.584825e-06 	 1.393682e+07 	
2.18678679e+06 	 3.553170e-06 	 1.392856e+07 	
2.18728729e+06 	 3.521548e-06 	 1.392032e+07 	
2.18778779e+06 	 3.489961e-06 	 1.391209e+07 	
2.18828829e+06 	 3.458409e-06 	 1.390388e+07 	
2.18878879e+06 	 3.426718e-06 	 1.389570e+07 	
2.18928929e+06 	 3.395236e-06 	 1.388753e+07 	
2.18978979e+06 	 3.363791e-06 	 1.387937e+07 	
2.19029029e+06 	 3.332386e-06 	 1.387123e+07 	
2.19079079e+06 	 3.301021e-06 	 1.386311e+07 	
2.19129129e+06 	 3.269697e-06 	 1.385500e+07 	
2.19179179e+06 	 3.238415e-06 	 1.384692e+07 	
2.19229229e+06 	 3.207176e-06 	 1.383885e+07 	
2.19279279e+06 	 3.175981e-06 	 1.383080e+07 	
2.19329329e+06 	 3.144832e-06 	 1.382277e+07 	
2.19379379e+06 	 3.113729e-06 	 1.381475e+07 	
2.19429429e+06 	 3.082674e-06 	 1.380676e+07 	
2.19479479e+06 	 3.051668e-06 	 1.379878e+07 	
2.19529530e+06 	 3.020713e-06 	 1.379083e+07 	
2.19579580e+06 	 2.989809e-06 	 1.378289e+07 	
2.19629630e+06 	 2.958958e-06 	 1.377498e+07 	
2.19679680e+06 	 2.928161e-06 	 1.376708e+07 	
2.19729730e+06 	 2.897420e-06 	 1.375920e+07 	
2.19779780e+06 	 2.866736e-06 	 1.375135e+07 	
2.19829830e+06 	 2.836111e-06 	 1.374351e+07 	
2.19879880e+06 	 2.805546e-06 	 1.373570e+07 	
2.19929930e+06 	 2.775043e-06 	 1.372790e+07 	
2.19979980e+06 	 2.744740e-06 	 1.372011e+07 	
2.20030030e+06 	 2.714368e-06 	 1.371236e+07 	
2.20080080e+06 	 2.684062e-06 	 1.370463e+07 	
2.20130130e+06 	 2.653824e-06 	 1.369692e+07 	
2.20180180e+06 	 2.623656e-06 	 1.368923e+07 	
2.20230230e+06 	 2.593560e-06 	 1.368156e+07 	
2.20280280e+06 	 2.563538e-06 	 1.367392e+07 	
2.20330330e+06 	 2.533591e-06 	 1.366630e+07 	
2.20380380e+06 	 2.503721e-06 	 1.365870e+07 	
2.20430430e+06 	 2.473930e-06 	 1.365113e+07 	
2.20480480e+06 	 2.444221e-06 	 1.364357e+07 	
2.20530531e+06 	 2.414594e-06 	 1.363605e+07 	
2.20580581e+06 	 2.385053e-06 	 1.362854e+07 	
2.20630631e+06 	 2.355598e-06 	 1.362106e+07 	
2.20680681e+06 	 2.326233e-06 	 1.361360e+07 	
2.20730731e+06 	 2.296959e-06 	 1.360617e+07 	
2.20780781e+06 	 2.267779e-06 	 1.359876e+07 	
2.20830831e+06 	 2.238694e-06 	 1.359138e+07 	
2.20880881e+06 	 2.209707e-06 	 1.358402e+07 	
2.20930931e+06 	 2.180820e-06 	 1.357669e+07 	
2.20980981e+06 	 2.152035e-06 	 1.356938e+07 	
2.21031031e+06 	 2.123355e-06 	 1.356210e+07 	
2.21081081e+06 	 2.094782e-06 	 1.355485e+07 	
2.21131131e+06 	 2.066214e-06 	 1.354764e+07 	
2.21181181e+06 	 2.037861e-06 	 1.354044e+07 	
2.21231231e+06 	 2.009621e-06 	 1.353326e+07 	
2.21281281e+06 	 1.981499e-06 	 1.352611e+07 	
2.21331331e+06 	 1.953496e-06 	 1.351899e+07 	
2.21381381e+06 	 1.925615e-06 	 1.351190e+07 	
2.21431431e+06 	 1.897858e-06 	 1.350483e+07 	
2.21481481e+06 	 1.870227e-06 	 1.349780e+07 	
2.21531532e+06 	 1.842727e-06 	 1.349079e+07 	
2.21581582e+06 	 1.815358e-06 	 1.348381e+07 	
2.21631632e+06 	 1.788125e-06 	 1.347686e+07 	
2.21681682e+06 	 1.761029e-06 	 1.346993e+07 	
2.21731732e+06 	 1.734073e-06 	 1.346304e+07 	
2.21781782e+06 	 1.707260e-06 	 1.345618e+07 	
2.21831832e+06 	 1.680593e-06 	 1.344935e+07 	
2.21881882e+06 	 1.654074e-06 	 1.344254e+07 	
2.21931932e+06 	 1.627706e-06 	 1.343577e+07 	
2.21981982e+06 	 1.601492e-06 	 1.342903e+07 	
2.22032032e+06 	 1.575435e-06 	 1.342232e+07 	
2.22082082e+06 	 1.549538e-06 	 1.341564e+07 	
2.22132132e+06 	 1.523803e-06 	 1.340899e+07 	
2.22182182e+06 	 1.498233e-06 	 1.340237e+07 	
2.22232232e+06 	 1.472757e-06 	 1.339580e+07 	
2.22282282e+06 	 1.447525e-06 	 1.338925e+07 	
2.22332332e+06 	 1.422466e-06 	 1.338273e+07 	
2.22382382e+06 	 1.397584e-06 	 1.337625e+07 	
2.22432432e+06 	 1.372881e-06 	 1.336979e+07 	
2.22482482e+06 	 1.348361e-06 	 1.336337e+07 	
2.22532533e+06 	 1.324025e-06 	 1.335698e+07 	
2.22582583e+06 	 1.299877e-06 	 1.335063e+07 	
2.22632633e+06 	 1.275919e-06 	 1.334431e+07 	
2.22682683e+06 	 1.252155e-06 	 1.333803e+07 	
2.22732733e+06 	 1.228586e-06 	 1.333178e+07 	
2.22782783e+06 	 1.205216e-06 	 1.332556e+07 	
2.22832833e+06 	 1.182048e-06 	 1.331938e+07 	
2.22882883e+06 	 1.159084e-06 	 1.331324e+07 	
2.22932933e+06 	 1.136326e-06 	 1.330713e+07 	
2.22982983e+06 	 1.113778e-06 	 1.330105e+07 	
2.23033033e+06 	 1.091442e-06 	 1.329501e+07 	
2.23083083e+06 	 1.069320e-06 	 1.328901e+07 	
2.23133133e+06 	 1.047415e-06 	 1.328305e+07 	
2.23183183e+06 	 1.025730e-06 	 1.327712e+07 	
2.23233233e+06 	 1.004266e-06 	 1.327123e+07 	
2.23283283e+06 	 9.830270e-07 	 1.326537e+07 	
2.23333333e+06 	 9.620628e-07 	 1.325954e+07 	
2.23383383e+06 	 9.412793e-07 	 1.325375e+07 	
2.23433433e+06 	 9.207269e-07 	 1.324801e+07 	
2.23483483e+06 	 9.004076e-07 	 1.324231e+07 	
2.23533534e+06 	 8.803237e-07 	 1.323664e+07 	
2.23583584e+06 	 8.604770e-07 	 1.323101e+07 	
2.23633634e+06 	 8.408695e-07 	 1.322542e+07 	
2.23683684e+06 	 8.215032e-07 	 1.321987e+07 	
2.23733734e+06 	 8.023797e-07 	 1.321436e+07 	
2.23783784e+06 	 7.835010e-07 	 1.320889e+07 	
2.23833834e+06 	 7.648686e-07 	 1.320345e+07 	
2.23883884e+06 	 7.464841e-07 	 1.319806e+07 	
2.23933934e+06 	 7.283490e-07 	 1.319270e+07 	
2.23983984e+06 	 7.104646e-07 	 1.318739e+07 	
2.24034034e+06 	 6.928324e-07 	 1.318211e+07 	
2.24084084e+06 	 6.754535e-07 	 1.317688e+07 	
2.24134134e+06 	 6.583291e-07 	 1.317168e+07 	
2.24184184e+06 	 6.414602e-07 	 1.316653e+07 	
2.24234234e+06 	 6.248477e-07 	 1.316141e+07 	
2.24284284e+06 	 6.084925e-07 	 1.315634e+07 	
2.24334334e+06 	 5.923954e-07 	 1.315130e+07 	
2.24384384e+06 	 5.765859e-07 	 1.314629e+07 	
2.24434434e+06 	 5.610067e-07 	 1.314134e+07 	
2.24484484e+06 	 5.456871e-07 	 1.313643e+07 	
2.24534535e+06 	 5.306275e-07 	 1.313155e+07 	
2.24584585e+06 	 5.158279e-07 	 1.312672e+07 	
2.24634635e+06 	 5.012885e-07 	 1.312194e+07 	
2.24684685e+06 	 4.870092e-07 	 1.311719e+07 	
2.24734735e+06 	 4.729900e-07 	 1.311248e+07 	
2.24784785e+06 	 4.592306e-07 	 1.310781e+07 	
2.24834835e+06 	 4.457307e-07 	 1.310319e+07 	
2.24884885e+06 	 4.324897e-07 	 1.309861e+07 	
2.24934935e+06 	 4.195070e-07 	 1.309406e+07 	
2.24984985e+06 	 4.067820e-07 	 1.308956e+07 	
2.25035035e+06 	 3.943139e-07 	 1.308510e+07 	
2.25085085e+06 	 3.821017e-07 	 1.308069e+07 	
2.25135135e+06 	 3.701443e-07 	 1.307631e+07 	
2.25185185e+06 	 3.584407e-07 	 1.307197e+07 	
2.25235235e+06 	 3.469895e-07 	 1.306768e+07 	
2.25285285e+06 	 3.357893e-07 	 1.306343e+07 	
2.25335335e+06 	 3.248387e-07 	 1.305921e+07 	
2.25385385e+06 	 3.141522e-07 	 1.305502e+07 	
2.25435435e+06 	 3.036958e-07 	 1.305089e+07 	
2.25485485e+06 	 2.934839e-07 	 1.304680e+07 	
2.25535536e+06 	 2.835145e-07 	 1.304275e+07 	
2.25585586e+06 	 2.737855e-07 	 1.303874e+07 	
2.25635636e+06 	 2.642949e-07 	 1.303477e+07 	
2.25685686e+06 	 2.550403e-07 	 1.303084e+07 	
2.25735736e+06 	 2.460196e-07 	 1.302695e+07 	
2.25785786e+06 	 2.372302e-07 	 1.302310e+07 	
2.25835836e+06 	 2.286698e-07 	 1.301929e+07 	
2.25885886e+06 	 2.203356e-07 	 1.301552e+07 	
2.25935936e+06 	 2.122249e-07 	 1.301179e+07 	
2.25985986e+06 	 2.043352e-07 	 1.300810e+07 	
2.26036036e+06 	 1.966634e-07 	 1.300445e+07 	
2.26086086e+06 	 1.892067e-07 	 1.300084e+07 	
2.26136136e+06 	 1.819621e-07 	 1.299727e+07 	
2.26186186e+06 	 1.749266e-07 	 1.299373e+07 	
2.26236236e+06 	 1.681054e-07 	 1.299021e+07 	
2.26286286e+06 	 1.614785e-07 	 1.298675e+07 	
2.26336336e+06 	 1.550511e-07 	 1.298333e+07 	
2.26386386e+06 	 1.488200e-07 	 1.297995e+07 	
2.26436436e+06 	 1.427817e-07 	 1.297660e+07 	
2.26486486e+06 	 1.369328e-07 	 1.297329e+07 	
2.26536537e+06 	 1.312700e-07 	 1.297002e+07 	
2.26586587e+06 	 1.257898e-07 	 1.296679e+07 	
2.26636637e+06 	 1.204886e-07 	 1.296359e+07 	
2.26686687e+06 	 1.153630e-07 	 1.296042e+07 	
2.26736737e+06 	 1.104094e-07 	 1.295729e+07 	
2.26786787e+06 	 1.056242e-07 	 1.295420e+07 	
2.26836837e+06 	 1.010038e-07 	 1.295114e+07 	
2.26886887e+06 	 9.654454e-08 	 1.294812e+07 	
2.26936937e+06 	 9.224289e-08 	 1.294513e+07 	
2.26986987e+06 	 8.809970e-08 	 1.294215e+07 	
2.27037037e+06 	 8.410236e-08 	 1.293922e+07 	
2.27087087e+06 	 8.025171e-08 	 1.293633e+07 	
2.27137137e+06 	 7.654414e-08 	 1.293348e+07 	
2.27187187e+06 	 7.297604e-08 	 1.293065e+07 	
2.27237237e+06 	 6.954380e-08 	 1.292786e+07 	
2.27287287e+06 	 6.624386e-08 	 1.292510e+07 	
2.27337337e+06 	 6.307264e-08 	 1.292237e+07 	
2.27387387e+06 	 6.002661e-08 	 1.291967e+07 	
2.27437437e+06 	 5.710225e-08 	 1.291700e+07 	
2.27487487e+06 	 5.429610e-08 	 1.291436e+07 	
2.27537538e+06 	 5.160468e-08 	 1.291175e+07 	
2.27587588e+06 	 4.902204e-08 	 1.290921e+07 	
2.27637638e+06 	 4.654987e-08 	 1.290666e+07 	
2.27687688e+06 	 4.418231e-08 	 1.290414e+07 	
2.27737738e+06 	 4.191608e-08 	 1.290164e+07 	
2.27787788e+06 	 3.974793e-08 	 1.289918e+07 	
2.27837838e+06 	 3.767465e-08 	 1.289674e+07 	
2.27887888e+06 	 3.569310e-08 	 1.289432e+07 	
2.27937938e+06 	 3.380018e-08 	 1.289194e+07 	
2.27987988e+06 	 3.199286e-08 	 1.288958e+07 	
2.28038038e+06 	 3.026654e-08 	 1.288729e+07 	
2.28088088e+06 	 2.862143e-08 	 1.288498e+07 	
2.28138138e+06 	 2.705310e-08 	 1.288270e+07 	
2.28188188e+06 	 2.555874e-08 	 1.288044e+07 	
2.28238238e+06 	 2.413561e-08 	 1.287821e+07 	
2.28288288e+06 	 2.278099e-08 	 1.287599e+07 	
2.28338338e+06 	 2.149228e-08 	 1.287380e+07 	
2.28388388e+06 	 2.026582e-08 	 1.287170e+07 	
2.28438438e+06 	 1.910120e-08 	 1.286956e+07 	
2.28488488e+06 	 1.799494e-08 	 1.286745e+07 	
2.28538539e+06 	 1.694468e-08 	 1.286535e+07 	
2.28588589e+06 	 1.594810e-08 	 1.286328e+07 	
2.28638639e+06 	 1.500296e-08 	 1.286123e+07 	
2.28688689e+06 	 1.410786e-08 	 1.285911e+07 	
2.28738739e+06 	 1.325917e-08 	 1.285709e+07 	
2.28788789e+06 	 1.245555e-08 	 1.285508e+07 	
2.28838839e+06 	 1.169502e-08 	 1.285309e+07 	
2.28888889e+06 	 1.097505e-08 	 1.285122e+07 	
2.28938939e+06 	 1.029490e-08 	 1.284928e+07 	
2.28988989e+06 	 9.652223e-09 	 1.284737e+07 	
2.29039039e+06 	 9.045275e-09 	 1.284548e+07 	
2.29089089e+06 	 8.472883e-09 	 1.284347e+07 	
2.29139139e+06 	 7.932481e-09 	 1.284159e+07 	
2.29189189e+06 	 7.422946e-09 	 1.283972e+07 	
2.29239239e+06 	 6.942340e-09 	 1.283802e+07 	
2.29289289e+06 	 6.489981e-09 	 1.283623e+07 	
2.29339339e+06 	 6.064428e-09 	 1.283434e+07 	
2.29389389e+06 	 5.663769e-09 	 1.283258e+07 	
2.29439439e+06 	 5.286969e-09 	 1.283086e+07 	
2.29489489e+06 	 4.933116e-09 	 1.282897e+07 	
2.29539540e+06 	 4.600447e-09 	 1.282727e+07 	
2.29589590e+06 	 4.288527e-09 	 1.282526e+07 	
2.29639640e+06 	 3.995517e-09 	 1.282351e+07 	
2.29689690e+06 	 3.720715e-09 	 1.282175e+07 	
2.29739740e+06 	 3.463019e-09 	 1.282013e+07 	
2.29789790e+06 	 3.221646e-09 	 1.281847e+07 	
2.29839840e+06 	 2.995608e-09 	 1.281685e+07 	
2.29889890e+06 	 2.784338e-09 	 1.281481e+07 	
2.29939940e+06 	 2.586566e-09 	 1.281300e+07 	
2.29989990e+06 	 2.401467e-09 	 1.281163e+07 	
2.30040040e+06 	 2.228632e-09 	 1.281003e+07 	
2.30090090e+06 	 2.067269e-09 	 1.280833e+07 	
2.30140140e+06 	 1.916594e-09 	 1.280682e+07 	
2.30190190e+06 	 1.776168e-09 	 1.280489e+07 	
2.30240240e+06 	 1.645150e-09 	 1.280323e+07 	
2.30290290e+06 	 1.523012e-09 	 1.280174e+07 	
2.30340340e+06 	 1.409246e-09 	 1.280031e+07 	
2.30390390e+06 	 1.303461e-09 	 1.279829e+07 	
2.30440440e+06 	 1.204997e-09 	 1.279642e+07 	
2.30490490e+06 	 1.113356e-09 	 1.279507e+07 	
2.30540541e+06 	 1.028251e-09 	 1.279320e+07 	
2.30590591e+06 	 9.491256e-10 	 1.279190e+07 	
2.30640641e+06 	 8.757000e-10 	 1.279027e+07 	
2.30690691e+06 	 8.075553e-10 	 1.278868e+07 	
2.30740741e+06 	 7.443830e-10 	 1.278674e+07 	
2.30790791e+06 	 6.857672e-10 	 1.278552e+07 	
2.30840841e+06 	 6.314992e-10 	 1.278376e+07 	
2.30890891e+06 	 5.812210e-10 	 1.278237e+07 	
2.30940941e+06 	 5.347019e-10 	 1.278074e+07 	
2.30990991e+06 	 4.916625e-10 	 1.277922e+07 	
2.31041041e+06 	 4.518755e-10 	 1.277758e+07 	
2.31091091e+06 	 4.151018e-10 	 1.277609e+07 	
2.31141141e+06 	 3.811416e-10 	 1.277448e+07 	
2.31191191e+06 	 3.497880e-10 	 1.277296e+07 	
2.31241241e+06 	 3.208643e-10 	 1.277131e+07 	
2.31291291e+06 	 2.941854e-10 	 1.276985e+07 	
2.31341341e+06 	 2.696001e-10 	 1.276821e+07 	
2.31391391e+06 	 2.469472e-10 	 1.276675e+07 	
2.31441441e+06 	 2.260916e-10 	 1.276518e+07 	
2.31491491e+06 	 2.068977e-10 	 1.276365e+07 	
2.31541542e+06 	 1.892432e-10 	 1.276210e+07 	
2.31591592e+06 	 1.730126e-10 	 1.276056e+07 	
2.31641642e+06 	 1.580994e-10 	 1.275897e+07 	
2.31691692e+06 	 1.444017e-10 	 1.275748e+07 	
2.31741742e+06 	 1.318293e-10 	 1.275587e+07 	
2.31791792e+06 	 1.202931e-10 	 1.275440e+07 	
2.31841842e+06 	 1.097155e-10 	 1.275281e+07 	
2.62399748e+06 	 1.000000e-20 	 1.191216e+07 	
2.96985338e+06 	 1.000000e-20 	 1.113653e+07 	
3.36129481e+06 	 1.000000e-20 	 1.041897e+07 	
3.80433016e+06 	 1.000000e-20 	 9.753691e+06 	
4.30575977e+06 	 1.000000e-20 	 9.135721e+06 	
4.87328030e+06 	 1.000000e-20 	 8.560793e+06 	
5.51560285e+06 	 1.000000e-20 	 8.025188e+06 	
6.24258670e+06 	 1.000000e-20 	 7.525641e+06 	
7.06539063e+06 	 1.000000e-20 	 7.059261e+06 	
7.99664421e+06 	 1.000000e-20 	 6.623473e+06 	
9.05064164e+06 	 1.000000e-20 	 6.215968e+06 	
1.02435612e+07 	 1.000000e-20 	 5.834664e+06 	
1.15937134e+07 	 1.000000e-20 	 5.477678e+06 	
1.31218224e+07 	 1.000000e-20 	 5.143295e+06 	
1.48513438e+07 	 1.000000e-20 	 4.829950e+06 	
1.68088247e+07 	 1.000000e-20 	 4.536212e+06 	
1.90243112e+07 	 1.000000e-20 	 4.260762e+06 	
2.15318100e+07 	 1.000000e-20 	 4.002390e+06 	
2.43698095e+07 	 1.000000e-20 	 3.759975e+06 	
2.75818714e+07 	 1.000000e-20 	 3.532482e+06 	
3.12172990e+07 	 1.000000e-20 	 3.318950e+06 	
3.53318941e+07 	 1.000000e-20 	 3.118491e+06 	
3.99888133e+07 	 1.000000e-20 	 2.930274e+06 	
4.52595375e+07 	 1.000000e-20 	 2.753529e+06 	
5.12249693e+07 	 1.000000e-20 	 2.587538e+06 	
5.79766747e+07 	 1.000000e-20 	 2.431630e+06 	
6.56182884e+07 	 1.000000e-20 	 2.285180e+06 	
7.42671047e+07 	 1.000000e-20 	 2.147603e+06 	
8.40558780e+07 	 1.000000e-20 	 2.018353e+06 	
9.51348603e+07 	 1.000000e-20 	 1.896917e+06 	
1.07674107e+08 	 1.000000e-20 	 1.782818e+06 	
1.21866090e+08 	 1.000000e-20 	 1.675608e+06 	
1.37928645e+08 	 1.000000e-20 	 1.574865e+06 	
1.56108326e+08 	 1.000000e-20 	 1.480196e+06 	
1.76684179e+08 	 1.000000e-20 	 1.391232e+06 	
1.99972031e+08 	 1.000000e-20 	 1.307628e+06 	
2.26329338e+08 	 1.000000e-20 	 1.229057e+06 	
2.56160669e+08 	 1.000000e-20 	 1.155215e+06 	
2.89923918e+08 	 1.000000e-20 	 1.085817e+06 	
3.28137330e+08 	 1.000000e-20 	 1.020593e+06 	
3.71387460e+08 	 1.000000e-20 	 9.592917e+05 	
4.20338172e+08 	 1.000000e-20 	 9.016765e+05 	
4.75740831e+08 	 1.000000e-20 	 8.475248e+05 	
5.38445835e+08 	 1.000000e-20 	 7.966280e+05 	
6.09415671e+08 	 1.000000e-20 	 7.487899e+05 	
6.89739683e+08 	 1.000000e-20 	 7.038264e+05 	
7.80650800e+08 	 1.000000e-20 	 6.615644e+05 	
8.83544453e+08 	 1.000000e-20 	 6.218414e+05 	
1.00000000e+09 	 1.000000e-20 	 5.845045e+05 	
