r (cm)        	 rho (g/cm3) 	 T (K)       		 Linf = 3.408963e+38
1.19998526e+06 	 1.225384e+05 	 1.262027e+09 	
1.20005134e+06 	 1.122570e+05 	 1.234358e+09 	
1.20014765e+06 	 9.856444e+04 	 1.194428e+09 	
1.20024397e+06 	 8.629307e+04 	 1.154980e+09 	
1.20034028e+06 	 7.532519e+04 	 1.116029e+09 	
1.20043659e+06 	 6.554989e+04 	 1.077591e+09 	
1.20053290e+06 	 5.686289e+04 	 1.039683e+09 	
1.20062782e+06 	 4.927051e+04 	 1.002855e+09 	
1.20072275e+06 	 4.255263e+04 	 9.665746e+08 	
1.20081767e+06 	 3.662731e+04 	 9.308592e+08 	
1.20089603e+06 	 3.227882e+04 	 9.018149e+08 	
1.20097439e+06 	 2.837804e+04 	 8.731777e+08 	
1.20105275e+06 	 2.488715e+04 	 8.449579e+08 	
1.20113111e+06 	 2.177071e+04 	 8.171659e+08 	
1.20120947e+06 	 1.899554e+04 	 7.898126e+08 	
1.20128749e+06 	 1.654075e+04 	 7.630247e+08 	
1.20136551e+06 	 1.436500e+04 	 7.366931e+08 	
1.20144353e+06 	 1.244179e+04 	 7.108285e+08 	
1.20150775e+06 	 1.103066e+04 	 6.898948e+08 	
1.20157198e+06 	 9.761158e+03 	 6.692911e+08 	
1.20163620e+06 	 8.621300e+03 	 6.490234e+08 	
1.20170043e+06 	 7.599886e+03 	 6.290978e+08 	
1.20176465e+06 	 6.686466e+03 	 6.095203e+08 	
1.20182888e+06 	 5.871306e+03 	 5.902969e+08 	
1.20189357e+06 	 5.140391e+03 	 5.712975e+08 	
1.20195826e+06 	 4.491424e+03 	 5.526693e+08 	
1.20202295e+06 	 3.916479e+03 	 5.344178e+08 	
1.20207656e+06 	 3.490846e+03 	 5.195814e+08 	
1.20213018e+06 	 3.107162e+03 	 5.050108e+08 	
1.20218379e+06 	 2.761829e+03 	 4.907087e+08 	
1.20223740e+06 	 2.451501e+03 	 4.766782e+08 	
1.20229102e+06 	 2.173068e+03 	 4.629219e+08 	
1.20234463e+06 	 1.923647e+03 	 4.494424e+08 	
1.20239824e+06 	 1.700571e+03 	 4.362422e+08 	
1.20245382e+06 	 1.494517e+03 	 4.228566e+08 	
1.20250939e+06 	 1.311593e+03 	 4.097758e+08 	
1.20255512e+06 	 1.176774e+03 	 3.992419e+08 	
1.20260085e+06 	 1.054851e+03 	 3.889169e+08 	
1.20264658e+06 	 9.447164e+02 	 3.788015e+08 	
1.20269230e+06 	 8.453445e+02 	 3.688966e+08 	
1.20273803e+06 	 7.557849e+02 	 3.592028e+08 	
1.20278376e+06 	 6.751592e+02 	 3.497207e+08 	
1.20282949e+06 	 6.026567e+02 	 3.404506e+08 	
1.20287522e+06 	 5.375303e+02 	 3.313927e+08 	
1.20292095e+06 	 4.790925e+02 	 3.225472e+08 	
1.20296668e+06 	 4.267119e+02 	 3.139138e+08 	
1.20301509e+06 	 3.772200e+02 	 3.050056e+08 	
1.20305531e+06 	 3.403170e+02 	 2.977846e+08 	
1.20309553e+06 	 3.068877e+02 	 2.907268e+08 	
1.20313575e+06 	 2.766276e+02 	 2.838316e+08 	
1.20317596e+06 	 2.492559e+02 	 2.770984e+08 	
1.20321618e+06 	 2.245143e+02 	 2.705266e+08 	
1.20325640e+06 	 2.021650e+02 	 2.641153e+08 	
1.20329662e+06 	 1.819899e+02 	 2.578635e+08 	
1.20333684e+06 	 1.637888e+02 	 2.517701e+08 	
1.20337706e+06 	 1.473781e+02 	 2.458341e+08 	
1.20341728e+06 	 1.325902e+02 	 2.400541e+08 	
1.20345750e+06 	 1.192716e+02 	 2.344288e+08 	
1.20349772e+06 	 1.072822e+02 	 2.289566e+08 	
1.20353794e+06 	 9.649444e+01 	 2.236359e+08 	
1.20357816e+06 	 8.679194e+01 	 2.184652e+08 	
1.20361838e+06 	 7.806894e+01 	 2.134425e+08 	
1.20365860e+06 	 7.022930e+01 	 2.085660e+08 	
1.20369882e+06 	 6.318574e+01 	 2.038337e+08 	
1.20373973e+06 	 5.675624e+01 	 1.991659e+08 	
1.20378064e+06 	 5.099319e+01 	 1.946428e+08 	
1.20382155e+06 	 4.582852e+01 	 1.902620e+08 	
1.20386246e+06 	 4.120077e+01 	 1.860213e+08 	
1.20390337e+06 	 3.705454e+01 	 1.819179e+08 	
1.20394428e+06 	 3.333993e+01 	 1.779493e+08 	
1.20398519e+06 	 3.001203e+01 	 1.741129e+08 	
1.20402610e+06 	 2.703047e+01 	 1.704058e+08 	
1.20406701e+06 	 2.435897e+01 	 1.668253e+08 	
1.20410793e+06 	 2.196496e+01 	 1.633686e+08 	
1.20414884e+06 	 1.981924e+01 	 1.600327e+08 	
1.20418975e+06 	 1.789561e+01 	 1.568148e+08 	
1.20423066e+06 	 1.617063e+01 	 1.537119e+08 	
1.20427157e+06 	 1.462327e+01 	 1.507209e+08 	
1.20431248e+06 	 1.323476e+01 	 1.478390e+08 	
1.20435339e+06 	 1.198826e+01 	 1.450631e+08 	
1.20439430e+06 	 1.086876e+01 	 1.423902e+08 	
1.20443521e+06 	 9.862825e+00 	 1.398172e+08 	
1.20447612e+06 	 8.958446e+00 	 1.373413e+08 	
1.20452751e+06 	 7.949995e+00 	 1.343641e+08 	
1.20457890e+06 	 7.066248e+00 	 1.315294e+08 	
1.20463029e+06 	 6.290978e+00 	 1.288313e+08 	
1.20468167e+06 	 5.610120e+00 	 1.262641e+08 	
1.20473306e+06 	 5.011475e+00 	 1.238222e+08 	
1.20478445e+06 	 4.484472e+00 	 1.215001e+08 	
1.20483584e+06 	 4.019941e+00 	 1.192923e+08 	
1.20488723e+06 	 3.609933e+00 	 1.171937e+08 	
1.20493861e+06 	 3.247551e+00 	 1.151990e+08 	
1.20499000e+06 	 2.926808e+00 	 1.133034e+08 	
1.20504139e+06 	 2.642509e+00 	 1.115020e+08 	
1.20509278e+06 	 2.390140e+00 	 1.097901e+08 	
1.20514416e+06 	 2.165776e+00 	 1.081633e+08 	
1.20519555e+06 	 1.966003e+00 	 1.066173e+08 	
1.20524694e+06 	 1.787852e+00 	 1.051479e+08 	
1.20529833e+06 	 1.628733e+00 	 1.037512e+08 	
1.20536550e+06 	 1.445722e+00 	 1.020287e+08 	
1.20543267e+06 	 1.287086e+00 	 1.004158e+08 	
1.20549985e+06 	 1.149206e+00 	 9.890496e+07 	
1.20556702e+06 	 1.029041e+00 	 9.748905e+07 	
1.20563419e+06 	 9.240321e-01 	 9.616145e+07 	
1.20570136e+06 	 8.320213e-01 	 9.491595e+07 	
1.20576854e+06 	 7.511850e-01 	 9.374677e+07 	
1.20583571e+06 	 6.799793e-01 	 9.264852e+07 	
1.20591991e+06 	 6.023409e-01 	 9.136448e+07 	
1.20600410e+06 	 5.356346e-01 	 9.017499e+07 	
1.20608830e+06 	 4.780959e-01 	 8.907178e+07 	
1.20617250e+06 	 4.282742e-01 	 8.804736e+07 	
1.20625670e+06 	 3.849731e-01 	 8.709492e+07 	
1.20634089e+06 	 3.472020e-01 	 8.620828e+07 	
1.20644738e+06 	 3.060845e-01 	 8.517248e+07 	
1.20655386e+06 	 2.711482e-01 	 8.422285e+07 	
1.20666035e+06 	 2.413079e-01 	 8.335040e+07 	
1.20676683e+06 	 2.156913e-01 	 8.254721e+07 	
1.20687332e+06 	 1.935943e-01 	 8.180628e+07 	
1.20697980e+06 	 1.744448e-01 	 8.112138e+07 	
1.20713122e+06 	 1.513912e-01 	 8.023331e+07 	
1.20728264e+06 	 1.323058e-01 	 7.943384e+07 	
1.20743406e+06 	 1.163791e-01 	 7.871142e+07 	
1.20758548e+06 	 1.029887e-01 	 7.805621e+07 	
1.20776620e+06 	 8.966138e-02 	 7.735065e+07 	
1.20794692e+06 	 7.863364e-02 	 7.671708e+07 	
1.20812764e+06 	 6.942954e-02 	 7.614554e+07 	
1.20830836e+06 	 6.168564e-02 	 7.562775e+07 	
1.20857025e+06 	 5.249733e-02 	 7.495880e+07 	
1.20883214e+06 	 4.516322e-02 	 7.437098e+07 	
1.20909403e+06 	 3.923270e-02 	 7.385062e+07 	
1.20944692e+06 	 3.290131e-02 	 7.323729e+07 	
1.20979980e+06 	 2.797822e-02 	 7.270620e+07 	
1.21015268e+06 	 2.408502e-02 	 7.224163e+07 	
1.21066037e+06 	 1.978148e-02 	 7.166629e+07 	
1.21116806e+06 	 1.655990e-02 	 7.117741e+07 	
1.21167575e+06 	 1.409155e-02 	 7.075587e+07 	
1.21225825e+06 	 1.191377e-02 	 7.033729e+07 	
1.21284075e+06 	 1.023442e-02 	 6.997365e+07 	
1.21342326e+06 	 8.913663e-03 	 6.965363e+07 	
1.21431202e+06 	 7.384407e-03 	 6.923098e+07 	
1.21520079e+06 	 6.259819e-03 	 6.886928e+07 	
1.21622876e+06 	 5.294951e-03 	 6.850794e+07 	
1.21725674e+06 	 4.574368e-03 	 6.819304e+07 	
1.21828472e+06 	 4.022029e-03 	 6.791375e+07 	
1.21988825e+06 	 3.386706e-03 	 6.753171e+07 	
1.22087742e+06 	 3.090493e-03 	 6.732118e+07 	
1.22285340e+06 	 2.643686e-03 	 6.694334e+07 	
1.22449301e+06 	 2.373986e-03 	 6.666280e+07 	
1.22706859e+06 	 2.067938e-03 	 6.626553e+07 	
1.22921074e+06 	 1.885523e-03 	 6.596487e+07 	
1.23249553e+06 	 1.685341e-03 	 6.554090e+07 	
1.23578032e+06 	 1.546328e-03 	 6.514892e+07 	
1.23906510e+06 	 1.445559e-03 	 6.477950e+07 	
1.24456596e+06 	 1.328552e-03 	 6.419560e+07 	
1.24694564e+06 	 1.290870e-03 	 6.395285e+07 	
1.25377450e+06 	 1.208453e-03 	 6.327931e+07 	
1.25838378e+06 	 1.166590e-03 	 6.283929e+07 	
1.26801622e+06 	 1.098130e-03 	 6.194674e+07 	
1.27364472e+06 	 1.065033e-03 	 6.143855e+07 	
1.28750000e+06 	 9.946174e-04 	 6.022121e+07 	
1.30000000e+06 	 9.386985e-04 	 5.915861e+07 	
1.31250000e+06 	 8.874111e-04 	 5.812675e+07 	
1.32083333e+06 	 8.552608e-04 	 5.745500e+07 	
1.33333333e+06 	 8.097379e-04 	 5.647061e+07 	
1.34583333e+06 	 7.670859e-04 	 5.551297e+07 	
1.35833333e+06 	 7.271254e-04 	 5.458106e+07 	
1.36666667e+06 	 7.018598e-04 	 5.397357e+07 	
1.37916667e+06 	 6.658901e-04 	 5.308229e+07 	
1.39166667e+06 	 6.320658e-04 	 5.221413e+07 	
1.40416667e+06 	 6.002846e-04 	 5.136829e+07 	
1.41250000e+06 	 5.801456e-04 	 5.081636e+07 	
1.42500000e+06 	 5.514151e-04 	 5.000584e+07 	
1.43750000e+06 	 5.243368e-04 	 4.921547e+07 	
1.45000000e+06 	 4.988239e-04 	 4.844456e+07 	
1.46250000e+06 	 4.747663e-04 	 4.769243e+07 	
1.47500000e+06 	 4.520724e-04 	 4.695841e+07 	
1.48750000e+06 	 4.306407e-04 	 4.624187e+07 	
1.50000000e+06 	 4.103896e-04 	 4.554219e+07 	
1.51250000e+06 	 3.912503e-04 	 4.485883e+07 	
1.52500000e+06 	 3.731516e-04 	 4.419123e+07 	
1.53750000e+06 	 3.560274e-04 	 4.353888e+07 	
1.55000000e+06 	 3.398192e-04 	 4.290127e+07 	
1.56250000e+06 	 3.244664e-04 	 4.227791e+07 	
1.57500000e+06 	 3.099163e-04 	 4.166836e+07 	
1.58750000e+06 	 2.961232e-04 	 4.107217e+07 	
1.60000000e+06 	 2.830412e-04 	 4.048893e+07 	
1.61250000e+06 	 2.706291e-04 	 3.991822e+07 	
1.62500000e+06 	 2.588442e-04 	 3.935967e+07 	
1.63750000e+06 	 2.476532e-04 	 3.881290e+07 	
1.65000000e+06 	 2.370197e-04 	 3.827756e+07 	
1.66250000e+06 	 2.269119e-04 	 3.775329e+07 	
1.67500000e+06 	 2.172994e-04 	 3.723978e+07 	
1.68750000e+06 	 2.081560e-04 	 3.673671e+07 	
1.70000000e+06 	 1.994535e-04 	 3.624376e+07 	
1.71250000e+06 	 1.911686e-04 	 3.576066e+07 	
1.72500000e+06 	 1.832780e-04 	 3.528711e+07 	
1.73750000e+06 	 1.757605e-04 	 3.482285e+07 	
1.75000000e+06 	 1.685952e-04 	 3.436762e+07 	
1.76250000e+06 	 1.617629e-04 	 3.392115e+07 	
1.77500000e+06 	 1.552464e-04 	 3.348323e+07 	
1.78750000e+06 	 1.490293e-04 	 3.305360e+07 	
1.80000000e+06 	 1.430951e-04 	 3.263204e+07 	
1.81250000e+06 	 1.374292e-04 	 3.221834e+07 	
1.82500000e+06 	 1.320175e-04 	 3.181228e+07 	
1.83750000e+06 	 1.268473e-04 	 3.141367e+07 	
1.85000000e+06 	 1.219061e-04 	 3.102230e+07 	
1.86250000e+06 	 1.171821e-04 	 3.063800e+07 	
1.87500000e+06 	 1.126646e-04 	 3.026057e+07 	
1.88750000e+06 	 1.083434e-04 	 2.988984e+07 	
1.90000000e+06 	 1.042084e-04 	 2.952565e+07 	
1.91250000e+06 	 1.002503e-04 	 2.916782e+07 	
1.92500000e+06 	 9.646097e-05 	 2.881620e+07 	
1.93750000e+06 	 9.283153e-05 	 2.847063e+07 	
1.95000000e+06 	 8.935461e-05 	 2.813097e+07 	
1.96250000e+06 	 8.602317e-05 	 2.779707e+07 	
1.97500000e+06 	 8.282983e-05 	 2.746879e+07 	
1.98750000e+06 	 7.976797e-05 	 2.714600e+07 	
2.00000000e+06 	 7.683144e-05 	 2.682856e+07 	
2.01250000e+06 	 7.401457e-05 	 2.651635e+07 	
2.02500000e+06 	 7.131163e-05 	 2.620924e+07 	
2.03750000e+06 	 6.871708e-05 	 2.590712e+07 	
2.05000000e+06 	 6.622641e-05 	 2.560987e+07 	
2.06250000e+06 	 6.383467e-05 	 2.531738e+07 	
2.07500000e+06 	 6.153752e-05 	 2.502955e+07 	
2.08750000e+06 	 5.933030e-05 	 2.474625e+07 	
2.10000000e+06 	 5.720939e-05 	 2.446740e+07 	
2.11250000e+06 	 5.517060e-05 	 2.419290e+07 	
2.12500000e+06 	 5.321033e-05 	 2.392264e+07 	
2.13750000e+06 	 5.132525e-05 	 2.365653e+07 	
2.15000000e+06 	 4.951194e-05 	 2.339449e+07 	
2.16250000e+06 	 4.776712e-05 	 2.313642e+07 	
2.17500000e+06 	 4.608808e-05 	 2.288224e+07 	
2.18750000e+06 	 4.447186e-05 	 2.263187e+07 	
2.20000000e+06 	 4.291577e-05 	 2.238523e+07 	
2.21250000e+06 	 4.141716e-05 	 2.214223e+07 	
2.22500000e+06 	 3.997363e-05 	 2.190279e+07 	
2.23750000e+06 	 3.858289e-05 	 2.166686e+07 	
2.25000000e+06 	 3.724265e-05 	 2.143435e+07 	
2.26250000e+06 	 3.595068e-05 	 2.120519e+07 	
2.27500000e+06 	 3.470519e-05 	 2.097932e+07 	
2.28750000e+06 	 3.350405e-05 	 2.075666e+07 	
2.30000000e+06 	 3.234546e-05 	 2.053716e+07 	
2.31250000e+06 	 3.122775e-05 	 2.032075e+07 	
2.32500000e+06 	 3.014916e-05 	 2.010736e+07 	
2.33750000e+06 	 2.910801e-05 	 1.989695e+07 	
2.35000000e+06 	 2.810294e-05 	 1.968944e+07 	
2.36250000e+06 	 2.713240e-05 	 1.948479e+07 	
2.37500000e+06 	 2.619501e-05 	 1.928294e+07 	
2.38750000e+06 	 2.528942e-05 	 1.908383e+07 	
2.40000000e+06 	 2.441432e-05 	 1.888742e+07 	
2.41250000e+06 	 2.356856e-05 	 1.869365e+07 	
2.42500000e+06 	 2.275092e-05 	 1.850247e+07 	
2.43750000e+06 	 2.196024e-05 	 1.831383e+07 	
2.45000000e+06 	 2.119557e-05 	 1.812769e+07 	
2.46250000e+06 	 2.045572e-05 	 1.794400e+07 	
2.47500000e+06 	 1.973985e-05 	 1.776272e+07 	
2.50000000e+06 	 1.837614e-05 	 1.740719e+07 	
2.50050050e+06 	 1.834973e-05 	 1.740017e+07 	
2.50100100e+06 	 1.832335e-05 	 1.739315e+07 	
2.50150150e+06 	 1.829700e-05 	 1.738613e+07 	
2.50200200e+06 	 1.827069e-05 	 1.737912e+07 	
2.50250250e+06 	 1.824442e-05 	 1.737211e+07 	
2.50300300e+06 	 1.821817e-05 	 1.736510e+07 	
2.50350350e+06 	 1.819196e-05 	 1.735810e+07 	
2.50400400e+06 	 1.816579e-05 	 1.735110e+07 	
2.50450450e+06 	 1.813965e-05 	 1.734411e+07 	
2.50500501e+06 	 1.811354e-05 	 1.733712e+07 	
2.50550551e+06 	 1.808746e-05 	 1.733013e+07 	
2.50600601e+06 	 1.806142e-05 	 1.732315e+07 	
2.50650651e+06 	 1.803541e-05 	 1.731617e+07 	
2.50700701e+06 	 1.800944e-05 	 1.730919e+07 	
2.50750751e+06 	 1.798350e-05 	 1.730222e+07 	
2.50800801e+06 	 1.795759e-05 	 1.729525e+07 	
2.50850851e+06 	 1.793171e-05 	 1.728829e+07 	
2.50900901e+06 	 1.790587e-05 	 1.728132e+07 	
2.50950951e+06 	 1.788006e-05 	 1.727437e+07 	
2.51001001e+06 	 1.785428e-05 	 1.726741e+07 	
2.51051051e+06 	 1.782854e-05 	 1.726046e+07 	
2.51101101e+06 	 1.780283e-05 	 1.725351e+07 	
2.51151151e+06 	 1.777715e-05 	 1.724657e+07 	
2.51201201e+06 	 1.775150e-05 	 1.723963e+07 	
2.51251251e+06 	 1.772589e-05 	 1.723269e+07 	
2.51301301e+06 	 1.770031e-05 	 1.722576e+07 	
2.51351351e+06 	 1.767477e-05 	 1.721883e+07 	
2.51401401e+06 	 1.764925e-05 	 1.721190e+07 	
2.51451451e+06 	 1.762377e-05 	 1.720498e+07 	
2.51501502e+06 	 1.759832e-05 	 1.719806e+07 	
2.51551552e+06 	 1.757290e-05 	 1.719115e+07 	
2.51601602e+06 	 1.754752e-05 	 1.718424e+07 	
2.51651652e+06 	 1.752216e-05 	 1.717733e+07 	
2.51701702e+06 	 1.749684e-05 	 1.717042e+07 	
2.51751752e+06 	 1.747155e-05 	 1.716352e+07 	
2.51801802e+06 	 1.744630e-05 	 1.715662e+07 	
2.51851852e+06 	 1.742107e-05 	 1.714973e+07 	
2.51901902e+06 	 1.739588e-05 	 1.714284e+07 	
2.51951952e+06 	 1.737072e-05 	 1.713595e+07 	
2.52002002e+06 	 1.734559e-05 	 1.712907e+07 	
2.52052052e+06 	 1.732050e-05 	 1.712219e+07 	
2.52102102e+06 	 1.729543e-05 	 1.711531e+07 	
2.52152152e+06 	 1.727040e-05 	 1.710844e+07 	
2.52202202e+06 	 1.724540e-05 	 1.710157e+07 	
2.52252252e+06 	 1.722043e-05 	 1.709471e+07 	
2.52302302e+06 	 1.719549e-05 	 1.708785e+07 	
2.52352352e+06 	 1.717059e-05 	 1.708099e+07 	
2.52402402e+06 	 1.714571e-05 	 1.707413e+07 	
2.52452452e+06 	 1.712087e-05 	 1.706728e+07 	
2.52502503e+06 	 1.709606e-05 	 1.706043e+07 	
2.52552553e+06 	 1.707128e-05 	 1.705359e+07 	
2.52602603e+06 	 1.704653e-05 	 1.704675e+07 	
2.52652653e+06 	 1.702181e-05 	 1.703991e+07 	
2.52702703e+06 	 1.699713e-05 	 1.703308e+07 	
2.52752753e+06 	 1.697247e-05 	 1.702625e+07 	
2.52802803e+06 	 1.694785e-05 	 1.701942e+07 	
2.52852853e+06 	 1.692326e-05 	 1.701260e+07 	
2.52902903e+06 	 1.689869e-05 	 1.700578e+07 	
2.52952953e+06 	 1.687416e-05 	 1.699896e+07 	
2.53003003e+06 	 1.684966e-05 	 1.699215e+07 	
2.53053053e+06 	 1.682520e-05 	 1.698534e+07 	
2.53103103e+06 	 1.680076e-05 	 1.697854e+07 	
2.53153153e+06 	 1.677635e-05 	 1.697173e+07 	
2.53203203e+06 	 1.675197e-05 	 1.696493e+07 	
2.53253253e+06 	 1.672763e-05 	 1.695814e+07 	
2.53303303e+06 	 1.670331e-05 	 1.695135e+07 	
2.53353353e+06 	 1.667903e-05 	 1.694456e+07 	
2.53403403e+06 	 1.665478e-05 	 1.693777e+07 	
2.53453453e+06 	 1.663055e-05 	 1.693099e+07 	
2.53503504e+06 	 1.660636e-05 	 1.692422e+07 	
2.53553554e+06 	 1.658220e-05 	 1.691744e+07 	
2.53603604e+06 	 1.655806e-05 	 1.691067e+07 	
2.53653654e+06 	 1.653396e-05 	 1.690390e+07 	
2.53703704e+06 	 1.650989e-05 	 1.689714e+07 	
2.53753754e+06 	 1.648585e-05 	 1.689038e+07 	
2.53803804e+06 	 1.646184e-05 	 1.688362e+07 	
2.53853854e+06 	 1.643786e-05 	 1.687687e+07 	
2.53903904e+06 	 1.641391e-05 	 1.687012e+07 	
2.53953954e+06 	 1.638998e-05 	 1.686337e+07 	
2.54004004e+06 	 1.636609e-05 	 1.685663e+07 	
2.54054054e+06 	 1.634223e-05 	 1.684989e+07 	
2.54104104e+06 	 1.631840e-05 	 1.684315e+07 	
2.54154154e+06 	 1.629460e-05 	 1.683642e+07 	
2.54204204e+06 	 1.627083e-05 	 1.682969e+07 	
2.54254254e+06 	 1.624709e-05 	 1.682296e+07 	
2.54304304e+06 	 1.622337e-05 	 1.681624e+07 	
2.54354354e+06 	 1.619969e-05 	 1.680952e+07 	
2.54404404e+06 	 1.617604e-05 	 1.680281e+07 	
2.54454454e+06 	 1.615241e-05 	 1.679610e+07 	
2.54504505e+06 	 1.612882e-05 	 1.678939e+07 	
2.54554555e+06 	 1.610525e-05 	 1.678268e+07 	
2.54604605e+06 	 1.608172e-05 	 1.677598e+07 	
2.54654655e+06 	 1.605821e-05 	 1.676928e+07 	
2.54704705e+06 	 1.603474e-05 	 1.676259e+07 	
2.54754755e+06 	 1.601129e-05 	 1.675589e+07 	
2.54804805e+06 	 1.598787e-05 	 1.674921e+07 	
2.54854855e+06 	 1.596448e-05 	 1.674252e+07 	
2.54904905e+06 	 1.594112e-05 	 1.673584e+07 	
2.54954955e+06 	 1.591779e-05 	 1.672916e+07 	
2.55005005e+06 	 1.589449e-05 	 1.672249e+07 	
2.55055055e+06 	 1.587121e-05 	 1.671582e+07 	
2.55105105e+06 	 1.584797e-05 	 1.670915e+07 	
2.55155155e+06 	 1.582475e-05 	 1.670248e+07 	
2.55205205e+06 	 1.580156e-05 	 1.669582e+07 	
2.55255255e+06 	 1.577841e-05 	 1.668917e+07 	
2.55305305e+06 	 1.575528e-05 	 1.668251e+07 	
2.55355355e+06 	 1.573218e-05 	 1.667586e+07 	
2.55405405e+06 	 1.570910e-05 	 1.666921e+07 	
2.55455455e+06 	 1.568606e-05 	 1.666257e+07 	
2.55505506e+06 	 1.566305e-05 	 1.665593e+07 	
2.55555556e+06 	 1.564006e-05 	 1.664929e+07 	
2.55605606e+06 	 1.561710e-05 	 1.664266e+07 	
2.55655656e+06 	 1.559417e-05 	 1.663603e+07 	
2.55705706e+06 	 1.557127e-05 	 1.662940e+07 	
2.55755756e+06 	 1.554840e-05 	 1.662278e+07 	
2.55805806e+06 	 1.552556e-05 	 1.661616e+07 	
2.55855856e+06 	 1.550274e-05 	 1.660954e+07 	
2.55905906e+06 	 1.547995e-05 	 1.660292e+07 	
2.55955956e+06 	 1.545719e-05 	 1.659631e+07 	
2.56006006e+06 	 1.543446e-05 	 1.658971e+07 	
2.56056056e+06 	 1.541176e-05 	 1.658310e+07 	
2.56106106e+06 	 1.538908e-05 	 1.657650e+07 	
2.56156156e+06 	 1.536643e-05 	 1.656991e+07 	
2.56206206e+06 	 1.534381e-05 	 1.656331e+07 	
2.56256256e+06 	 1.532122e-05 	 1.655672e+07 	
2.56306306e+06 	 1.529866e-05 	 1.655014e+07 	
2.56356356e+06 	 1.527612e-05 	 1.654355e+07 	
2.56406406e+06 	 1.525361e-05 	 1.653697e+07 	
2.56456456e+06 	 1.523113e-05 	 1.653039e+07 	
2.56506507e+06 	 1.520868e-05 	 1.652382e+07 	
2.56556557e+06 	 1.518625e-05 	 1.651725e+07 	
2.56606607e+06 	 1.516386e-05 	 1.651068e+07 	
2.56656657e+06 	 1.514149e-05 	 1.650412e+07 	
2.56706707e+06 	 1.511914e-05 	 1.649756e+07 	
2.56756757e+06 	 1.509683e-05 	 1.649100e+07 	
2.56806807e+06 	 1.507454e-05 	 1.648445e+07 	
2.56856857e+06 	 1.505228e-05 	 1.647790e+07 	
2.56906907e+06 	 1.503005e-05 	 1.647135e+07 	
2.56956957e+06 	 1.500784e-05 	 1.646481e+07 	
2.57007007e+06 	 1.498566e-05 	 1.645827e+07 	
2.57057057e+06 	 1.496351e-05 	 1.645173e+07 	
2.57107107e+06 	 1.494139e-05 	 1.644520e+07 	
2.57157157e+06 	 1.491929e-05 	 1.643867e+07 	
2.57207207e+06 	 1.489722e-05 	 1.643214e+07 	
2.57257257e+06 	 1.487518e-05 	 1.642562e+07 	
2.57307307e+06 	 1.485316e-05 	 1.641910e+07 	
2.57357357e+06 	 1.483117e-05 	 1.641258e+07 	
2.57407407e+06 	 1.480921e-05 	 1.640607e+07 	
2.57457457e+06 	 1.478727e-05 	 1.639955e+07 	
2.57507508e+06 	 1.476536e-05 	 1.639305e+07 	
2.57557558e+06 	 1.474348e-05 	 1.638654e+07 	
2.57607608e+06 	 1.472163e-05 	 1.638004e+07 	
2.57657658e+06 	 1.469980e-05 	 1.637354e+07 	
2.57707708e+06 	 1.467800e-05 	 1.636705e+07 	
2.57757758e+06 	 1.465622e-05 	 1.636056e+07 	
2.57807808e+06 	 1.463447e-05 	 1.635407e+07 	
2.57857858e+06 	 1.461275e-05 	 1.634759e+07 	
2.57907908e+06 	 1.459105e-05 	 1.634111e+07 	
2.57957958e+06 	 1.456938e-05 	 1.633463e+07 	
2.58008008e+06 	 1.454774e-05 	 1.632815e+07 	
2.58058058e+06 	 1.452612e-05 	 1.632168e+07 	
2.58108108e+06 	 1.450453e-05 	 1.631522e+07 	
2.58158158e+06 	 1.448297e-05 	 1.630875e+07 	
2.58208208e+06 	 1.446143e-05 	 1.630229e+07 	
2.58258258e+06 	 1.443992e-05 	 1.629583e+07 	
2.58308308e+06 	 1.441843e-05 	 1.628938e+07 	
2.58358358e+06 	 1.439697e-05 	 1.628292e+07 	
2.58408408e+06 	 1.437554e-05 	 1.627648e+07 	
2.58458458e+06 	 1.435413e-05 	 1.627003e+07 	
2.58508509e+06 	 1.433274e-05 	 1.626359e+07 	
2.58558559e+06 	 1.431139e-05 	 1.625715e+07 	
2.58608609e+06 	 1.429006e-05 	 1.625071e+07 	
2.58658659e+06 	 1.426875e-05 	 1.624428e+07 	
2.58708709e+06 	 1.424747e-05 	 1.623785e+07 	
2.58758759e+06 	 1.422622e-05 	 1.623143e+07 	
2.58808809e+06 	 1.420499e-05 	 1.622500e+07 	
2.58858859e+06 	 1.418379e-05 	 1.621858e+07 	
2.58908909e+06 	 1.416262e-05 	 1.621217e+07 	
2.58958959e+06 	 1.414146e-05 	 1.620576e+07 	
2.59009009e+06 	 1.412034e-05 	 1.619935e+07 	
2.59059059e+06 	 1.409924e-05 	 1.619294e+07 	
2.59109109e+06 	 1.407816e-05 	 1.618654e+07 	
2.59159159e+06 	 1.405712e-05 	 1.618014e+07 	
2.59209209e+06 	 1.403609e-05 	 1.617374e+07 	
2.59259259e+06 	 1.401509e-05 	 1.616735e+07 	
2.59309309e+06 	 1.399412e-05 	 1.616096e+07 	
2.59359359e+06 	 1.397317e-05 	 1.615457e+07 	
2.59409409e+06 	 1.395225e-05 	 1.614818e+07 	
2.59459459e+06 	 1.393135e-05 	 1.614180e+07 	
2.59509510e+06 	 1.391048e-05 	 1.613543e+07 	
2.59559560e+06 	 1.388963e-05 	 1.612905e+07 	
2.59609610e+06 	 1.386881e-05 	 1.612268e+07 	
2.59659660e+06 	 1.384801e-05 	 1.611631e+07 	
2.59709710e+06 	 1.382724e-05 	 1.610995e+07 	
2.59759760e+06 	 1.380649e-05 	 1.610359e+07 	
2.59809810e+06 	 1.378577e-05 	 1.609723e+07 	
2.59859860e+06 	 1.376507e-05 	 1.609087e+07 	
2.59909910e+06 	 1.374440e-05 	 1.608452e+07 	
2.59959960e+06 	 1.372375e-05 	 1.607817e+07 	
2.60010010e+06 	 1.370312e-05 	 1.607183e+07 	
2.60060060e+06 	 1.368253e-05 	 1.606548e+07 	
2.60110110e+06 	 1.366195e-05 	 1.605914e+07 	
2.60160160e+06 	 1.364140e-05 	 1.605281e+07 	
2.60210210e+06 	 1.362088e-05 	 1.604647e+07 	
2.60260260e+06 	 1.360038e-05 	 1.604015e+07 	
2.60310310e+06 	 1.357990e-05 	 1.603382e+07 	
2.60360360e+06 	 1.355945e-05 	 1.602749e+07 	
2.60410410e+06 	 1.353902e-05 	 1.602117e+07 	
2.60460460e+06 	 1.351862e-05 	 1.601486e+07 	
2.60510511e+06 	 1.349824e-05 	 1.600854e+07 	
2.60560561e+06 	 1.347788e-05 	 1.600223e+07 	
2.60610611e+06 	 1.345755e-05 	 1.599593e+07 	
2.60660661e+06 	 1.343725e-05 	 1.598962e+07 	
2.60710711e+06 	 1.341696e-05 	 1.598332e+07 	
2.60760761e+06 	 1.339671e-05 	 1.597702e+07 	
2.60810811e+06 	 1.337647e-05 	 1.597073e+07 	
2.60860861e+06 	 1.335626e-05 	 1.596443e+07 	
2.60910911e+06 	 1.333608e-05 	 1.595815e+07 	
2.60960961e+06 	 1.331592e-05 	 1.595186e+07 	
2.61011011e+06 	 1.329578e-05 	 1.594558e+07 	
2.61061061e+06 	 1.327566e-05 	 1.593930e+07 	
2.61111111e+06 	 1.325557e-05 	 1.593302e+07 	
2.61161161e+06 	 1.323551e-05 	 1.592675e+07 	
2.61211211e+06 	 1.321546e-05 	 1.592048e+07 	
2.61261261e+06 	 1.319544e-05 	 1.591421e+07 	
2.61311311e+06 	 1.317545e-05 	 1.590795e+07 	
2.61361361e+06 	 1.315548e-05 	 1.590169e+07 	
2.61411411e+06 	 1.313553e-05 	 1.589543e+07 	
2.61461461e+06 	 1.311561e-05 	 1.588918e+07 	
2.61511512e+06 	 1.309570e-05 	 1.588292e+07 	
2.61561562e+06 	 1.307583e-05 	 1.587668e+07 	
2.61611612e+06 	 1.305597e-05 	 1.587043e+07 	
2.61661662e+06 	 1.303614e-05 	 1.586419e+07 	
2.61711712e+06 	 1.301634e-05 	 1.585795e+07 	
2.61761762e+06 	 1.299655e-05 	 1.585171e+07 	
2.61811812e+06 	 1.297679e-05 	 1.584548e+07 	
2.61861862e+06 	 1.295705e-05 	 1.583925e+07 	
2.61911912e+06 	 1.293734e-05 	 1.583303e+07 	
2.61961962e+06 	 1.291765e-05 	 1.582680e+07 	
2.62012012e+06 	 1.289798e-05 	 1.582058e+07 	
2.62062062e+06 	 1.287834e-05 	 1.581437e+07 	
2.62112112e+06 	 1.285872e-05 	 1.580815e+07 	
2.62162162e+06 	 1.283912e-05 	 1.580194e+07 	
2.62212212e+06 	 1.281954e-05 	 1.579573e+07 	
2.62262262e+06 	 1.279999e-05 	 1.578953e+07 	
2.62312312e+06 	 1.278110e-05 	 1.578331e+07 	
2.62362362e+06 	 1.276160e-05 	 1.577711e+07 	
2.62412412e+06 	 1.274213e-05 	 1.577091e+07 	
2.62462462e+06 	 1.272268e-05 	 1.576472e+07 	
2.62512513e+06 	 1.270325e-05 	 1.575853e+07 	
2.62562563e+06 	 1.268385e-05 	 1.575235e+07 	
2.62612613e+06 	 1.266447e-05 	 1.574616e+07 	
2.62662663e+06 	 1.264511e-05 	 1.573998e+07 	
2.62712713e+06 	 1.262577e-05 	 1.573380e+07 	
2.62762763e+06 	 1.260646e-05 	 1.572763e+07 	
2.62812813e+06 	 1.258717e-05 	 1.572146e+07 	
2.62862863e+06 	 1.256790e-05 	 1.571529e+07 	
2.62912913e+06 	 1.254865e-05 	 1.570913e+07 	
2.62962963e+06 	 1.252943e-05 	 1.570296e+07 	
2.63013013e+06 	 1.251023e-05 	 1.569680e+07 	
2.63063063e+06 	 1.249105e-05 	 1.569065e+07 	
2.63113113e+06 	 1.247190e-05 	 1.568450e+07 	
2.63163163e+06 	 1.245277e-05 	 1.567835e+07 	
2.63213213e+06 	 1.243366e-05 	 1.567220e+07 	
2.63263263e+06 	 1.241457e-05 	 1.566606e+07 	
2.63313313e+06 	 1.239550e-05 	 1.565991e+07 	
2.63363363e+06 	 1.237646e-05 	 1.565378e+07 	
2.63413413e+06 	 1.235744e-05 	 1.564764e+07 	
2.63463463e+06 	 1.233844e-05 	 1.564151e+07 	
2.63513514e+06 	 1.231946e-05 	 1.563538e+07 	
2.63563564e+06 	 1.230051e-05 	 1.562926e+07 	
2.63613614e+06 	 1.228158e-05 	 1.562313e+07 	
2.63663664e+06 	 1.226267e-05 	 1.561701e+07 	
2.63713714e+06 	 1.224378e-05 	 1.561090e+07 	
2.63763764e+06 	 1.222492e-05 	 1.560478e+07 	
2.63813814e+06 	 1.220607e-05 	 1.559867e+07 	
2.63863864e+06 	 1.218725e-05 	 1.559257e+07 	
2.63913914e+06 	 1.216845e-05 	 1.558646e+07 	
2.63963964e+06 	 1.214967e-05 	 1.558036e+07 	
2.64014014e+06 	 1.213092e-05 	 1.557426e+07 	
2.64064064e+06 	 1.211219e-05 	 1.556817e+07 	
2.64114114e+06 	 1.209347e-05 	 1.556207e+07 	
2.64164164e+06 	 1.207478e-05 	 1.555598e+07 	
2.64214214e+06 	 1.205612e-05 	 1.554990e+07 	
2.64264264e+06 	 1.203686e-05 	 1.554383e+07 	
2.64314314e+06 	 1.201823e-05 	 1.553775e+07 	
2.64364364e+06 	 1.199961e-05 	 1.553168e+07 	
2.64414414e+06 	 1.198102e-05 	 1.552560e+07 	
2.64464464e+06 	 1.196245e-05 	 1.551953e+07 	
2.64514515e+06 	 1.194390e-05 	 1.551346e+07 	
2.64564565e+06 	 1.192537e-05 	 1.550740e+07 	
2.64614615e+06 	 1.190687e-05 	 1.550134e+07 	
2.64664665e+06 	 1.188838e-05 	 1.549528e+07 	
2.64714715e+06 	 1.186992e-05 	 1.548922e+07 	
2.64764765e+06 	 1.185148e-05 	 1.548317e+07 	
2.64814815e+06 	 1.183306e-05 	 1.547712e+07 	
2.64864865e+06 	 1.181466e-05 	 1.547107e+07 	
2.64914915e+06 	 1.179628e-05 	 1.546503e+07 	
2.64964965e+06 	 1.177792e-05 	 1.545899e+07 	
2.65015015e+06 	 1.175958e-05 	 1.545295e+07 	
2.65065065e+06 	 1.174127e-05 	 1.544691e+07 	
2.65115115e+06 	 1.172297e-05 	 1.544088e+07 	
2.65165165e+06 	 1.170470e-05 	 1.543485e+07 	
2.65215215e+06 	 1.168645e-05 	 1.542882e+07 	
2.65265265e+06 	 1.166822e-05 	 1.542280e+07 	
2.65315315e+06 	 1.165001e-05 	 1.541678e+07 	
2.65365365e+06 	 1.163182e-05 	 1.541076e+07 	
2.65415415e+06 	 1.161365e-05 	 1.540475e+07 	
2.65465465e+06 	 1.159550e-05 	 1.539874e+07 	
2.65515516e+06 	 1.157737e-05 	 1.539273e+07 	
2.65565566e+06 	 1.155927e-05 	 1.538672e+07 	
2.65615616e+06 	 1.154118e-05 	 1.538072e+07 	
2.65665666e+06 	 1.152311e-05 	 1.537472e+07 	
2.65715716e+06 	 1.150507e-05 	 1.536872e+07 	
2.65765766e+06 	 1.148704e-05 	 1.536273e+07 	
2.65815816e+06 	 1.146904e-05 	 1.535674e+07 	
2.65865866e+06 	 1.145106e-05 	 1.535075e+07 	
2.65915916e+06 	 1.143310e-05 	 1.534477e+07 	
2.65965966e+06 	 1.141515e-05 	 1.533879e+07 	
2.66016016e+06 	 1.139723e-05 	 1.533281e+07 	
2.66066066e+06 	 1.137933e-05 	 1.532683e+07 	
2.66116116e+06 	 1.136145e-05 	 1.532086e+07 	
2.66166166e+06 	 1.134359e-05 	 1.531489e+07 	
2.66216216e+06 	 1.132518e-05 	 1.530894e+07 	
2.66266266e+06 	 1.130735e-05 	 1.530297e+07 	
2.66316316e+06 	 1.128954e-05 	 1.529701e+07 	
2.66366366e+06 	 1.127175e-05 	 1.529105e+07 	
2.66416416e+06 	 1.125398e-05 	 1.528510e+07 	
2.66466466e+06 	 1.123623e-05 	 1.527915e+07 	
2.66516517e+06 	 1.121850e-05 	 1.527320e+07 	
2.66566567e+06 	 1.120079e-05 	 1.526725e+07 	
2.66616617e+06 	 1.118310e-05 	 1.526131e+07 	
2.66666667e+06 	 1.116544e-05 	 1.525537e+07 	
2.66716717e+06 	 1.114779e-05 	 1.524943e+07 	
2.66766767e+06 	 1.113016e-05 	 1.524349e+07 	
2.66816817e+06 	 1.111254e-05 	 1.523756e+07 	
2.66866867e+06 	 1.109495e-05 	 1.523163e+07 	
2.66916917e+06 	 1.107738e-05 	 1.522571e+07 	
2.66966967e+06 	 1.105983e-05 	 1.521978e+07 	
2.67017017e+06 	 1.104230e-05 	 1.521386e+07 	
2.67067067e+06 	 1.102479e-05 	 1.520795e+07 	
2.67117117e+06 	 1.100730e-05 	 1.520203e+07 	
2.67167167e+06 	 1.098982e-05 	 1.519612e+07 	
2.67217217e+06 	 1.097237e-05 	 1.519021e+07 	
2.67267267e+06 	 1.095493e-05 	 1.518431e+07 	
2.67317317e+06 	 1.093752e-05 	 1.517840e+07 	
2.67367367e+06 	 1.092012e-05 	 1.517250e+07 	
2.67417417e+06 	 1.090275e-05 	 1.516661e+07 	
2.67467467e+06 	 1.088539e-05 	 1.516071e+07 	
2.67517518e+06 	 1.086805e-05 	 1.515482e+07 	
2.67567568e+06 	 1.085073e-05 	 1.514893e+07 	
2.67617618e+06 	 1.083344e-05 	 1.514305e+07 	
2.67667668e+06 	 1.081616e-05 	 1.513717e+07 	
2.67717718e+06 	 1.079889e-05 	 1.513129e+07 	
2.67767768e+06 	 1.078165e-05 	 1.512541e+07 	
2.67817818e+06 	 1.076443e-05 	 1.511954e+07 	
2.67867868e+06 	 1.074723e-05 	 1.511366e+07 	
2.67917918e+06 	 1.073004e-05 	 1.510780e+07 	
2.67967968e+06 	 1.071288e-05 	 1.510193e+07 	
2.68018018e+06 	 1.069573e-05 	 1.509607e+07 	
2.68068068e+06 	 1.067860e-05 	 1.509021e+07 	
2.68118118e+06 	 1.066149e-05 	 1.508435e+07 	
2.68168168e+06 	 1.064440e-05 	 1.507850e+07 	
2.68218218e+06 	 1.062787e-05 	 1.507263e+07 	
2.68268268e+06 	 1.061082e-05 	 1.506678e+07 	
2.68318318e+06 	 1.059380e-05 	 1.506094e+07 	
2.68368368e+06 	 1.057679e-05 	 1.505509e+07 	
2.68418418e+06 	 1.055980e-05 	 1.504925e+07 	
2.68468468e+06 	 1.054284e-05 	 1.504342e+07 	
2.68518519e+06 	 1.052589e-05 	 1.503758e+07 	
2.68568569e+06 	 1.050895e-05 	 1.503175e+07 	
2.68618619e+06 	 1.049204e-05 	 1.502592e+07 	
2.68668669e+06 	 1.047515e-05 	 1.502010e+07 	
2.68718719e+06 	 1.045827e-05 	 1.501428e+07 	
2.68768769e+06 	 1.044141e-05 	 1.500846e+07 	
2.68818819e+06 	 1.042457e-05 	 1.500264e+07 	
2.68868869e+06 	 1.040775e-05 	 1.499683e+07 	
2.68918919e+06 	 1.039095e-05 	 1.499101e+07 	
2.68968969e+06 	 1.037417e-05 	 1.498521e+07 	
2.69019019e+06 	 1.035741e-05 	 1.497940e+07 	
2.69069069e+06 	 1.034066e-05 	 1.497360e+07 	
2.69119119e+06 	 1.032393e-05 	 1.496780e+07 	
2.69169169e+06 	 1.030722e-05 	 1.496200e+07 	
2.69219219e+06 	 1.029053e-05 	 1.495621e+07 	
2.69269269e+06 	 1.027386e-05 	 1.495041e+07 	
2.69319319e+06 	 1.025720e-05 	 1.494463e+07 	
2.69369369e+06 	 1.024056e-05 	 1.493884e+07 	
2.69419419e+06 	 1.022395e-05 	 1.493306e+07 	
2.69469469e+06 	 1.020734e-05 	 1.492728e+07 	
2.69519520e+06 	 1.019076e-05 	 1.492150e+07 	
2.69569570e+06 	 1.017420e-05 	 1.491573e+07 	
2.69619620e+06 	 1.015765e-05 	 1.490995e+07 	
2.69669670e+06 	 1.014112e-05 	 1.490419e+07 	
2.69719720e+06 	 1.012461e-05 	 1.489842e+07 	
2.69769770e+06 	 1.010812e-05 	 1.489266e+07 	
2.69819820e+06 	 1.009165e-05 	 1.488690e+07 	
2.69869870e+06 	 1.007519e-05 	 1.488114e+07 	
2.69919920e+06 	 1.005875e-05 	 1.487538e+07 	
2.69969970e+06 	 1.004233e-05 	 1.486963e+07 	
2.70020020e+06 	 1.002593e-05 	 1.486388e+07 	
2.70070070e+06 	 1.000954e-05 	 1.485814e+07 	
2.70120120e+06 	 9.993172e-06 	 1.485239e+07 	
2.70170170e+06 	 9.977322e-06 	 1.484663e+07 	
2.70220220e+06 	 9.960997e-06 	 1.484090e+07 	
2.70270270e+06 	 9.944690e-06 	 1.483516e+07 	
2.70320320e+06 	 9.928401e-06 	 1.482943e+07 	
2.70370370e+06 	 9.912130e-06 	 1.482370e+07 	
2.70420420e+06 	 9.895876e-06 	 1.481797e+07 	
2.70470470e+06 	 9.879640e-06 	 1.481225e+07 	
2.70520521e+06 	 9.863421e-06 	 1.480653e+07 	
2.70570571e+06 	 9.847220e-06 	 1.480081e+07 	
2.70620621e+06 	 9.831037e-06 	 1.479509e+07 	
2.70670671e+06 	 9.814871e-06 	 1.478938e+07 	
2.70720721e+06 	 9.798723e-06 	 1.478367e+07 	
2.70770771e+06 	 9.782592e-06 	 1.477796e+07 	
2.70820821e+06 	 9.766479e-06 	 1.477225e+07 	
2.70870871e+06 	 9.750382e-06 	 1.476655e+07 	
2.70920921e+06 	 9.734304e-06 	 1.476085e+07 	
2.70970971e+06 	 9.718242e-06 	 1.475516e+07 	
2.71021021e+06 	 9.702198e-06 	 1.474946e+07 	
2.71071071e+06 	 9.686172e-06 	 1.474377e+07 	
2.71121121e+06 	 9.670162e-06 	 1.473808e+07 	
2.71171171e+06 	 9.654170e-06 	 1.473240e+07 	
2.71221221e+06 	 9.638195e-06 	 1.472672e+07 	
2.71271271e+06 	 9.622237e-06 	 1.472104e+07 	
2.71321321e+06 	 9.606296e-06 	 1.471536e+07 	
2.71371371e+06 	 9.590373e-06 	 1.470968e+07 	
2.71421421e+06 	 9.574466e-06 	 1.470401e+07 	
2.71471471e+06 	 9.558577e-06 	 1.469834e+07 	
2.71521522e+06 	 9.542704e-06 	 1.469268e+07 	
2.71571572e+06 	 9.526849e-06 	 1.468701e+07 	
2.71621622e+06 	 9.511011e-06 	 1.468135e+07 	
2.71671672e+06 	 9.495189e-06 	 1.467570e+07 	
2.71721722e+06 	 9.479385e-06 	 1.467004e+07 	
2.71771772e+06 	 9.463597e-06 	 1.466439e+07 	
2.71821822e+06 	 9.447826e-06 	 1.465874e+07 	
2.71871872e+06 	 9.432073e-06 	 1.465309e+07 	
2.71921922e+06 	 9.416336e-06 	 1.464745e+07 	
2.71971972e+06 	 9.400615e-06 	 1.464181e+07 	
2.72022022e+06 	 9.384912e-06 	 1.463617e+07 	
2.72072072e+06 	 9.369225e-06 	 1.463053e+07 	
2.72122122e+06 	 9.353555e-06 	 1.462490e+07 	
2.72172172e+06 	 9.337434e-06 	 1.461928e+07 	
2.72222222e+06 	 9.321790e-06 	 1.461366e+07 	
2.72272272e+06 	 9.306163e-06 	 1.460803e+07 	
2.72322322e+06 	 9.290551e-06 	 1.460241e+07 	
2.72372372e+06 	 9.274957e-06 	 1.459679e+07 	
2.72422422e+06 	 9.259379e-06 	 1.459117e+07 	
2.72472472e+06 	 9.243817e-06 	 1.458556e+07 	
2.72522523e+06 	 9.228271e-06 	 1.457995e+07 	
2.72572573e+06 	 9.212742e-06 	 1.457434e+07 	
2.72622623e+06 	 9.197230e-06 	 1.456874e+07 	
2.72672673e+06 	 9.181733e-06 	 1.456313e+07 	
2.72722723e+06 	 9.166253e-06 	 1.455753e+07 	
2.72772773e+06 	 9.150789e-06 	 1.455193e+07 	
2.72822823e+06 	 9.135341e-06 	 1.454634e+07 	
2.72872873e+06 	 9.119910e-06 	 1.454075e+07 	
2.72922923e+06 	 9.104494e-06 	 1.453516e+07 	
2.72972973e+06 	 9.089095e-06 	 1.452957e+07 	
2.73023023e+06 	 9.073711e-06 	 1.452399e+07 	
2.73073073e+06 	 9.058344e-06 	 1.451841e+07 	
2.73123123e+06 	 9.042993e-06 	 1.451283e+07 	
2.73173173e+06 	 9.027658e-06 	 1.450725e+07 	
2.73223223e+06 	 9.012339e-06 	 1.450168e+07 	
2.73273273e+06 	 8.997035e-06 	 1.449611e+07 	
2.73323323e+06 	 8.981748e-06 	 1.449054e+07 	
2.73373373e+06 	 8.966477e-06 	 1.448498e+07 	
2.73423423e+06 	 8.951221e-06 	 1.447941e+07 	
2.73473473e+06 	 8.935981e-06 	 1.447385e+07 	
2.73523524e+06 	 8.920757e-06 	 1.446830e+07 	
2.73573574e+06 	 8.905549e-06 	 1.446274e+07 	
2.73623624e+06 	 8.890357e-06 	 1.445719e+07 	
2.73673674e+06 	 8.875180e-06 	 1.445164e+07 	
2.73723724e+06 	 8.860019e-06 	 1.444610e+07 	
2.73773774e+06 	 8.844874e-06 	 1.444055e+07 	
2.73823824e+06 	 8.829744e-06 	 1.443501e+07 	
2.73873874e+06 	 8.814630e-06 	 1.442947e+07 	
2.73923924e+06 	 8.799531e-06 	 1.442394e+07 	
2.73973974e+06 	 8.784448e-06 	 1.441841e+07 	
2.74024024e+06 	 8.769381e-06 	 1.441288e+07 	
2.74074074e+06 	 8.754329e-06 	 1.440735e+07 	
2.74124124e+06 	 8.739293e-06 	 1.440182e+07 	
2.74174174e+06 	 8.724272e-06 	 1.439630e+07 	
2.74224224e+06 	 8.709708e-06 	 1.439077e+07 	
2.74274274e+06 	 8.694724e-06 	 1.438525e+07 	
2.74324324e+06 	 8.679756e-06 	 1.437974e+07 	
2.74374374e+06 	 8.664804e-06 	 1.437422e+07 	
2.74424424e+06 	 8.649867e-06 	 1.436871e+07 	
2.74474474e+06 	 8.634945e-06 	 1.436321e+07 	
2.74524525e+06 	 8.620039e-06 	 1.435770e+07 	
2.74574575e+06 	 8.605148e-06 	 1.435220e+07 	
2.74624625e+06 	 8.590272e-06 	 1.434671e+07 	
2.74674675e+06 	 8.575412e-06 	 1.434121e+07 	
2.74724725e+06 	 8.560567e-06 	 1.433572e+07 	
2.74774775e+06 	 8.545737e-06 	 1.433023e+07 	
2.74824825e+06 	 8.530922e-06 	 1.432474e+07 	
2.74874875e+06 	 8.516123e-06 	 1.431925e+07 	
2.74924925e+06 	 8.501339e-06 	 1.431377e+07 	
2.74974975e+06 	 8.486569e-06 	 1.430829e+07 	
2.75025025e+06 	 8.471815e-06 	 1.430282e+07 	
2.75075075e+06 	 8.457076e-06 	 1.429734e+07 	
2.75125125e+06 	 8.442352e-06 	 1.429187e+07 	
2.75175175e+06 	 8.427643e-06 	 1.428640e+07 	
2.75225225e+06 	 8.412950e-06 	 1.428093e+07 	
2.75275275e+06 	 8.398271e-06 	 1.427547e+07 	
2.75325325e+06 	 8.383607e-06 	 1.427001e+07 	
2.75375375e+06 	 8.368958e-06 	 1.426455e+07 	
2.75425425e+06 	 8.354323e-06 	 1.425909e+07 	
2.75475475e+06 	 8.339704e-06 	 1.425364e+07 	
2.75525526e+06 	 8.325100e-06 	 1.424819e+07 	
2.75575576e+06 	 8.310510e-06 	 1.424274e+07 	
2.75625626e+06 	 8.295935e-06 	 1.423730e+07 	
2.75675676e+06 	 8.281375e-06 	 1.423186e+07 	
2.75725726e+06 	 8.266830e-06 	 1.422642e+07 	
2.75775776e+06 	 8.252300e-06 	 1.422098e+07 	
2.75825826e+06 	 8.237784e-06 	 1.421554e+07 	
2.75875876e+06 	 8.223283e-06 	 1.421011e+07 	
2.75925926e+06 	 8.208796e-06 	 1.420468e+07 	
2.75975976e+06 	 8.194324e-06 	 1.419925e+07 	
2.76026026e+06 	 8.179867e-06 	 1.419383e+07 	
2.76076076e+06 	 8.165424e-06 	 1.418841e+07 	
2.76126126e+06 	 8.150996e-06 	 1.418299e+07 	
2.76176176e+06 	 8.136583e-06 	 1.417757e+07 	
2.76226226e+06 	 8.121775e-06 	 1.417218e+07 	
2.76276276e+06 	 8.107384e-06 	 1.416677e+07 	
2.76326326e+06 	 8.093008e-06 	 1.416136e+07 	
2.76376376e+06 	 8.078646e-06 	 1.415595e+07 	
2.76426426e+06 	 8.064298e-06 	 1.415055e+07 	
2.76476476e+06 	 8.049964e-06 	 1.414515e+07 	
2.76526527e+06 	 8.035645e-06 	 1.413975e+07 	
2.76576577e+06 	 8.021340e-06 	 1.413436e+07 	
2.76626627e+06 	 8.007049e-06 	 1.412896e+07 	
2.76676677e+06 	 7.992772e-06 	 1.412357e+07 	
2.76726727e+06 	 7.978510e-06 	 1.411819e+07 	
2.76776777e+06 	 7.964261e-06 	 1.411280e+07 	
2.76826827e+06 	 7.950027e-06 	 1.410742e+07 	
2.76876877e+06 	 7.935807e-06 	 1.410204e+07 	
2.76926927e+06 	 7.921601e-06 	 1.409666e+07 	
2.76976977e+06 	 7.907409e-06 	 1.409129e+07 	
2.77027027e+06 	 7.893231e-06 	 1.408592e+07 	
2.77077077e+06 	 7.879067e-06 	 1.408055e+07 	
2.77127127e+06 	 7.864916e-06 	 1.407518e+07 	
2.77177177e+06 	 7.850780e-06 	 1.406982e+07 	
2.77227227e+06 	 7.836658e-06 	 1.406446e+07 	
2.77277277e+06 	 7.822550e-06 	 1.405910e+07 	
2.77327327e+06 	 7.808455e-06 	 1.405374e+07 	
2.77377377e+06 	 7.794374e-06 	 1.404839e+07 	
2.77427427e+06 	 7.780307e-06 	 1.404304e+07 	
2.77477477e+06 	 7.766254e-06 	 1.403769e+07 	
2.77527528e+06 	 7.752215e-06 	 1.403234e+07 	
2.77577578e+06 	 7.738189e-06 	 1.402700e+07 	
2.77627628e+06 	 7.724177e-06 	 1.402166e+07 	
2.77677678e+06 	 7.710179e-06 	 1.401632e+07 	
2.77727728e+06 	 7.696195e-06 	 1.401098e+07 	
2.77777778e+06 	 7.682224e-06 	 1.400565e+07 	
2.77827828e+06 	 7.668266e-06 	 1.400032e+07 	
2.77877878e+06 	 7.654323e-06 	 1.399499e+07 	
2.77927928e+06 	 7.640393e-06 	 1.398967e+07 	
2.77977978e+06 	 7.626476e-06 	 1.398435e+07 	
2.78028028e+06 	 7.612573e-06 	 1.397903e+07 	
2.78078078e+06 	 7.598683e-06 	 1.397371e+07 	
2.78128128e+06 	 7.584807e-06 	 1.396839e+07 	
2.78178178e+06 	 7.570945e-06 	 1.396308e+07 	
2.78228228e+06 	 7.557095e-06 	 1.395777e+07 	
2.78278278e+06 	 7.542879e-06 	 1.395248e+07 	
2.78328328e+06 	 7.529050e-06 	 1.394718e+07 	
2.78378378e+06 	 7.515235e-06 	 1.394188e+07 	
2.78428428e+06 	 7.501434e-06 	 1.393658e+07 	
2.78478478e+06 	 7.487645e-06 	 1.393128e+07 	
2.78528529e+06 	 7.473870e-06 	 1.392599e+07 	
2.78578579e+06 	 7.460107e-06 	 1.392070e+07 	
2.78628629e+06 	 7.446358e-06 	 1.391541e+07 	
2.78678679e+06 	 7.432622e-06 	 1.391012e+07 	
2.78728729e+06 	 7.418899e-06 	 1.390484e+07 	
2.78778779e+06 	 7.405189e-06 	 1.389956e+07 	
2.78828829e+06 	 7.391493e-06 	 1.389428e+07 	
2.78878879e+06 	 7.377809e-06 	 1.388900e+07 	
2.78928929e+06 	 7.364138e-06 	 1.388373e+07 	
2.78978979e+06 	 7.350480e-06 	 1.387846e+07 	
2.79029029e+06 	 7.336835e-06 	 1.387319e+07 	
2.79079079e+06 	 7.323203e-06 	 1.386792e+07 	
2.79129129e+06 	 7.309584e-06 	 1.386266e+07 	
2.79179179e+06 	 7.295978e-06 	 1.385740e+07 	
2.79229229e+06 	 7.282384e-06 	 1.385214e+07 	
2.79279279e+06 	 7.268803e-06 	 1.384689e+07 	
2.79329329e+06 	 7.255236e-06 	 1.384163e+07 	
2.79379379e+06 	 7.241680e-06 	 1.383638e+07 	
2.79429429e+06 	 7.228138e-06 	 1.383114e+07 	
2.79479479e+06 	 7.214608e-06 	 1.382589e+07 	
2.79529530e+06 	 7.201091e-06 	 1.382065e+07 	
2.79579580e+06 	 7.187587e-06 	 1.381541e+07 	
2.79629630e+06 	 7.174095e-06 	 1.381017e+07 	
2.79679680e+06 	 7.160616e-06 	 1.380494e+07 	
2.79729730e+06 	 7.147150e-06 	 1.379970e+07 	
2.79779780e+06 	 7.133696e-06 	 1.379447e+07 	
2.79829830e+06 	 7.120254e-06 	 1.378925e+07 	
2.79879880e+06 	 7.106825e-06 	 1.378402e+07 	
2.79929930e+06 	 7.093409e-06 	 1.377880e+07 	
2.79979980e+06 	 7.080005e-06 	 1.377358e+07 	
2.80030030e+06 	 7.066613e-06 	 1.376836e+07 	
2.80080080e+06 	 7.053234e-06 	 1.376315e+07 	
2.80130130e+06 	 7.039867e-06 	 1.375794e+07 	
2.80180180e+06 	 7.026513e-06 	 1.375273e+07 	
2.80230230e+06 	 7.013171e-06 	 1.374752e+07 	
2.80280280e+06 	 6.999841e-06 	 1.374231e+07 	
2.80330330e+06 	 6.986171e-06 	 1.373713e+07 	
2.80380380e+06 	 6.972860e-06 	 1.373193e+07 	
2.80430430e+06 	 6.959562e-06 	 1.372673e+07 	
2.80480480e+06 	 6.946276e-06 	 1.372154e+07 	
2.80530531e+06 	 6.933002e-06 	 1.371635e+07 	
2.80580581e+06 	 6.919740e-06 	 1.371116e+07 	
2.80630631e+06 	 6.906490e-06 	 1.370597e+07 	
2.80680681e+06 	 6.893252e-06 	 1.370079e+07 	
2.80730731e+06 	 6.880026e-06 	 1.369561e+07 	
2.80780781e+06 	 6.866812e-06 	 1.369043e+07 	
2.80830831e+06 	 6.853610e-06 	 1.368525e+07 	
2.80880881e+06 	 6.840420e-06 	 1.368008e+07 	
2.80930931e+06 	 6.827241e-06 	 1.367491e+07 	
2.80980981e+06 	 6.814075e-06 	 1.366974e+07 	
2.81031031e+06 	 6.800921e-06 	 1.366457e+07 	
2.81081081e+06 	 6.787778e-06 	 1.365941e+07 	
2.81131131e+06 	 6.774647e-06 	 1.365425e+07 	
2.81181181e+06 	 6.761528e-06 	 1.364909e+07 	
2.81231231e+06 	 6.748421e-06 	 1.364393e+07 	
2.81281281e+06 	 6.735325e-06 	 1.363878e+07 	
2.81331331e+06 	 6.722241e-06 	 1.363363e+07 	
2.81381381e+06 	 6.709169e-06 	 1.362848e+07 	
2.81431431e+06 	 6.696108e-06 	 1.362334e+07 	
2.81481481e+06 	 6.683059e-06 	 1.361819e+07 	
2.81531532e+06 	 6.670022e-06 	 1.361305e+07 	
2.81581582e+06 	 6.656996e-06 	 1.360791e+07 	
2.81631632e+06 	 6.643982e-06 	 1.360278e+07 	
2.81681682e+06 	 6.630979e-06 	 1.359764e+07 	
2.81731732e+06 	 6.617987e-06 	 1.359251e+07 	
2.81781782e+06 	 6.605008e-06 	 1.358739e+07 	
2.81831832e+06 	 6.592039e-06 	 1.358226e+07 	
2.81881882e+06 	 6.579082e-06 	 1.357714e+07 	
2.81931932e+06 	 6.566137e-06 	 1.357202e+07 	
2.81981982e+06 	 6.553202e-06 	 1.356690e+07 	
2.82032032e+06 	 6.540280e-06 	 1.356178e+07 	
2.82082082e+06 	 6.527368e-06 	 1.355667e+07 	
2.82132132e+06 	 6.514468e-06 	 1.355156e+07 	
2.82182182e+06 	 6.501579e-06 	 1.354645e+07 	
2.82232232e+06 	 6.488701e-06 	 1.354135e+07 	
2.82282282e+06 	 6.475834e-06 	 1.353624e+07 	
2.82332332e+06 	 6.462979e-06 	 1.353114e+07 	
2.82382382e+06 	 6.450459e-06 	 1.352603e+07 	
2.82432432e+06 	 6.437630e-06 	 1.352093e+07 	
2.82482482e+06 	 6.424813e-06 	 1.351584e+07 	
2.82532533e+06 	 6.412007e-06 	 1.351075e+07 	
2.82582583e+06 	 6.399212e-06 	 1.350566e+07 	
2.82632633e+06 	 6.386429e-06 	 1.350057e+07 	
2.82682683e+06 	 6.373656e-06 	 1.349549e+07 	
2.82732733e+06 	 6.360894e-06 	 1.349041e+07 	
2.82782783e+06 	 6.348143e-06 	 1.348533e+07 	
2.82832833e+06 	 6.335404e-06 	 1.348026e+07 	
2.82882883e+06 	 6.322675e-06 	 1.347518e+07 	
2.82932933e+06 	 6.309957e-06 	 1.347011e+07 	
2.82982983e+06 	 6.297251e-06 	 1.346504e+07 	
2.83033033e+06 	 6.284555e-06 	 1.345998e+07 	
2.83083083e+06 	 6.271870e-06 	 1.345492e+07 	
2.83133133e+06 	 6.259195e-06 	 1.344986e+07 	
2.83183183e+06 	 6.246532e-06 	 1.344480e+07 	
2.83233233e+06 	 6.233879e-06 	 1.343974e+07 	
2.83283283e+06 	 6.221238e-06 	 1.343469e+07 	
2.83333333e+06 	 6.208607e-06 	 1.342964e+07 	
2.83383383e+06 	 6.195986e-06 	 1.342459e+07 	
2.83433433e+06 	 6.183377e-06 	 1.341955e+07 	
2.83483483e+06 	 6.170778e-06 	 1.341450e+07 	
2.83533534e+06 	 6.158189e-06 	 1.340946e+07 	
2.83583584e+06 	 6.145612e-06 	 1.340442e+07 	
2.83633634e+06 	 6.133045e-06 	 1.339939e+07 	
2.83683684e+06 	 6.120488e-06 	 1.339436e+07 	
2.83733734e+06 	 6.107942e-06 	 1.338932e+07 	
2.83783784e+06 	 6.095407e-06 	 1.338430e+07 	
2.83833834e+06 	 6.082882e-06 	 1.337927e+07 	
2.83883884e+06 	 6.070367e-06 	 1.337425e+07 	
2.83933934e+06 	 6.057863e-06 	 1.336923e+07 	
2.83983984e+06 	 6.045370e-06 	 1.336421e+07 	
2.84034034e+06 	 6.032886e-06 	 1.335919e+07 	
2.84084084e+06 	 6.020413e-06 	 1.335418e+07 	
2.84134134e+06 	 6.007951e-06 	 1.334917e+07 	
2.84184184e+06 	 5.995499e-06 	 1.334416e+07 	
2.84234234e+06 	 5.983057e-06 	 1.333916e+07 	
2.84284284e+06 	 5.970625e-06 	 1.333416e+07 	
2.84334334e+06 	 5.958204e-06 	 1.332915e+07 	
2.84384384e+06 	 5.945793e-06 	 1.332416e+07 	
2.84434434e+06 	 5.933392e-06 	 1.331916e+07 	
2.84484484e+06 	 5.921302e-06 	 1.331415e+07 	
2.84534535e+06 	 5.908926e-06 	 1.330916e+07 	
2.84584585e+06 	 5.896560e-06 	 1.330417e+07 	
2.84634635e+06 	 5.884204e-06 	 1.329919e+07 	
2.84684685e+06 	 5.871859e-06 	 1.329420e+07 	
2.84734735e+06 	 5.859523e-06 	 1.328922e+07 	
2.84784785e+06 	 5.847198e-06 	 1.328424e+07 	
2.84834835e+06 	 5.834882e-06 	 1.327927e+07 	
2.84884885e+06 	 5.822577e-06 	 1.327430e+07 	
2.84934935e+06 	 5.810282e-06 	 1.326932e+07 	
2.84984985e+06 	 5.797996e-06 	 1.326436e+07 	
2.85035035e+06 	 5.785721e-06 	 1.325939e+07 	
2.85085085e+06 	 5.773455e-06 	 1.325443e+07 	
2.85135135e+06 	 5.761200e-06 	 1.324947e+07 	
2.85185185e+06 	 5.748954e-06 	 1.324451e+07 	
2.85235235e+06 	 5.736719e-06 	 1.323955e+07 	
2.85285285e+06 	 5.724493e-06 	 1.323460e+07 	
2.85335335e+06 	 5.712277e-06 	 1.322965e+07 	
2.85385385e+06 	 5.700071e-06 	 1.322470e+07 	
2.85435435e+06 	 5.687874e-06 	 1.321975e+07 	
2.85485485e+06 	 5.675687e-06 	 1.321481e+07 	
2.85535536e+06 	 5.663511e-06 	 1.320987e+07 	
2.85585586e+06 	 5.651343e-06 	 1.320493e+07 	
2.85635636e+06 	 5.639186e-06 	 1.320000e+07 	
2.85685686e+06 	 5.627038e-06 	 1.319506e+07 	
2.85735736e+06 	 5.614900e-06 	 1.319013e+07 	
2.85785786e+06 	 5.602771e-06 	 1.318520e+07 	
2.85835836e+06 	 5.590652e-06 	 1.318028e+07 	
2.85885886e+06 	 5.578542e-06 	 1.317535e+07 	
2.85935936e+06 	 5.566442e-06 	 1.317043e+07 	
2.85985986e+06 	 5.554352e-06 	 1.316552e+07 	
2.86036036e+06 	 5.542271e-06 	 1.316060e+07 	
2.86086086e+06 	 5.530200e-06 	 1.315569e+07 	
2.86136136e+06 	 5.518138e-06 	 1.315078e+07 	
2.86186186e+06 	 5.506085e-06 	 1.314587e+07 	
2.86236236e+06 	 5.494042e-06 	 1.314096e+07 	
2.86286286e+06 	 5.482008e-06 	 1.313606e+07 	
2.86336336e+06 	 5.469984e-06 	 1.313116e+07 	
2.86386386e+06 	 5.457968e-06 	 1.312626e+07 	
2.86436436e+06 	 5.445963e-06 	 1.312136e+07 	
2.86486486e+06 	 5.433966e-06 	 1.311647e+07 	
2.86536537e+06 	 5.421706e-06 	 1.311160e+07 	
2.86586587e+06 	 5.409724e-06 	 1.310671e+07 	
2.86636637e+06 	 5.397751e-06 	 1.310182e+07 	
2.86686687e+06 	 5.385787e-06 	 1.309694e+07 	
2.86736737e+06 	 5.373833e-06 	 1.309206e+07 	
2.86786787e+06 	 5.361887e-06 	 1.308718e+07 	
2.86836837e+06 	 5.349951e-06 	 1.308231e+07 	
2.86886887e+06 	 5.338023e-06 	 1.307743e+07 	
2.86936937e+06 	 5.326105e-06 	 1.307256e+07 	
2.86986987e+06 	 5.314195e-06 	 1.306769e+07 	
2.87037037e+06 	 5.302295e-06 	 1.306283e+07 	
2.87087087e+06 	 5.290403e-06 	 1.305797e+07 	
2.87137137e+06 	 5.278520e-06 	 1.305310e+07 	
2.87187187e+06 	 5.266647e-06 	 1.304825e+07 	
2.87237237e+06 	 5.254782e-06 	 1.304339e+07 	
2.87287287e+06 	 5.242925e-06 	 1.303854e+07 	
2.87337337e+06 	 5.231078e-06 	 1.303369e+07 	
2.87387387e+06 	 5.219240e-06 	 1.302884e+07 	
2.87437437e+06 	 5.207410e-06 	 1.302399e+07 	
2.87487487e+06 	 5.195589e-06 	 1.301915e+07 	
2.87537538e+06 	 5.183777e-06 	 1.301431e+07 	
2.87587588e+06 	 5.171973e-06 	 1.300947e+07 	
2.87637638e+06 	 5.160178e-06 	 1.300464e+07 	
2.87687688e+06 	 5.148392e-06 	 1.299981e+07 	
2.87737738e+06 	 5.136614e-06 	 1.299497e+07 	
2.87787788e+06 	 5.124845e-06 	 1.299015e+07 	
2.87837838e+06 	 5.113084e-06 	 1.298532e+07 	
2.87887888e+06 	 5.101332e-06 	 1.298050e+07 	
2.87937938e+06 	 5.089589e-06 	 1.297568e+07 	
2.87987988e+06 	 5.077854e-06 	 1.297086e+07 	
2.88038038e+06 	 5.066127e-06 	 1.296605e+07 	
2.88088088e+06 	 5.054409e-06 	 1.296123e+07 	
2.88138138e+06 	 5.042699e-06 	 1.295642e+07 	
2.88188188e+06 	 5.030998e-06 	 1.295162e+07 	
2.88238238e+06 	 5.019305e-06 	 1.294681e+07 	
2.88288288e+06 	 5.007621e-06 	 1.294201e+07 	
2.88338338e+06 	 4.995944e-06 	 1.293721e+07 	
2.88388388e+06 	 4.984276e-06 	 1.293241e+07 	
2.88438438e+06 	 4.972617e-06 	 1.292762e+07 	
2.88488488e+06 	 4.960965e-06 	 1.292282e+07 	
2.88538539e+06 	 4.949322e-06 	 1.291803e+07 	
2.88588589e+06 	 4.937687e-06 	 1.291325e+07 	
2.88638639e+06 	 4.926309e-06 	 1.290844e+07 	
2.88688689e+06 	 4.914694e-06 	 1.290366e+07 	
2.88738739e+06 	 4.903087e-06 	 1.289888e+07 	
2.88788789e+06 	 4.891488e-06 	 1.289410e+07 	
2.88838839e+06 	 4.879897e-06 	 1.288933e+07 	
2.88888889e+06 	 4.868315e-06 	 1.288456e+07 	
2.88938939e+06 	 4.856740e-06 	 1.287979e+07 	
2.88988989e+06 	 4.845174e-06 	 1.287502e+07 	
2.89039039e+06 	 4.833616e-06 	 1.287026e+07 	
2.89089089e+06 	 4.822065e-06 	 1.286549e+07 	
2.89139139e+06 	 4.810523e-06 	 1.286073e+07 	
2.89189189e+06 	 4.798988e-06 	 1.285598e+07 	
2.89239239e+06 	 4.787462e-06 	 1.285122e+07 	
2.89289289e+06 	 4.775943e-06 	 1.284647e+07 	
2.89339339e+06 	 4.764432e-06 	 1.284172e+07 	
2.89389389e+06 	 4.752930e-06 	 1.283697e+07 	
2.89439439e+06 	 4.741435e-06 	 1.283223e+07 	
2.89489489e+06 	 4.729948e-06 	 1.282749e+07 	
2.89539540e+06 	 4.718468e-06 	 1.282275e+07 	
2.89589590e+06 	 4.706997e-06 	 1.281801e+07 	
2.89639640e+06 	 4.695533e-06 	 1.281328e+07 	
2.89689690e+06 	 4.684077e-06 	 1.280855e+07 	
2.89739740e+06 	 4.672628e-06 	 1.280382e+07 	
2.89789790e+06 	 4.661187e-06 	 1.279909e+07 	
2.89839840e+06 	 4.649754e-06 	 1.279437e+07 	
2.89889890e+06 	 4.638329e-06 	 1.278964e+07 	
2.89939940e+06 	 4.626911e-06 	 1.278493e+07 	
2.89989990e+06 	 4.615501e-06 	 1.278021e+07 	
2.90040040e+06 	 4.604098e-06 	 1.277550e+07 	
2.90090090e+06 	 4.592703e-06 	 1.277078e+07 	
2.90140140e+06 	 4.581315e-06 	 1.276608e+07 	
2.90190190e+06 	 4.569935e-06 	 1.276137e+07 	
2.90240240e+06 	 4.558563e-06 	 1.275667e+07 	
2.90290290e+06 	 4.547197e-06 	 1.275197e+07 	
2.90340340e+06 	 4.535840e-06 	 1.274727e+07 	
2.90390390e+06 	 4.524489e-06 	 1.274257e+07 	
2.90440440e+06 	 4.513146e-06 	 1.273788e+07 	
2.90490490e+06 	 4.501810e-06 	 1.273319e+07 	
2.90540541e+06 	 4.490482e-06 	 1.272850e+07 	
2.90590591e+06 	 4.479161e-06 	 1.272382e+07 	
2.90640641e+06 	 4.467847e-06 	 1.271913e+07 	
2.90690691e+06 	 4.456541e-06 	 1.271445e+07 	
2.90740741e+06 	 4.445467e-06 	 1.270976e+07 	
2.90790791e+06 	 4.434178e-06 	 1.270508e+07 	
2.90840841e+06 	 4.422896e-06 	 1.270041e+07 	
2.90890891e+06 	 4.411622e-06 	 1.269574e+07 	
2.90940941e+06 	 4.400355e-06 	 1.269107e+07 	
2.90990991e+06 	 4.389095e-06 	 1.268641e+07 	
2.91041041e+06 	 4.377842e-06 	 1.268175e+07 	
2.91091091e+06 	 4.366596e-06 	 1.267709e+07 	
2.91141141e+06 	 4.355357e-06 	 1.267243e+07 	
2.91191191e+06 	 4.344126e-06 	 1.266778e+07 	
2.91241241e+06 	 4.332901e-06 	 1.266313e+07 	
2.91291291e+06 	 4.321684e-06 	 1.265848e+07 	
2.91341341e+06 	 4.310473e-06 	 1.265383e+07 	
2.91391391e+06 	 4.299270e-06 	 1.264919e+07 	
2.91441441e+06 	 4.288074e-06 	 1.264454e+07 	
2.91491491e+06 	 4.276884e-06 	 1.263991e+07 	
2.91541542e+06 	 4.265702e-06 	 1.263527e+07 	
2.91591592e+06 	 4.254526e-06 	 1.263064e+07 	
2.91641642e+06 	 4.243357e-06 	 1.262601e+07 	
2.91691692e+06 	 4.232195e-06 	 1.262138e+07 	
2.91741742e+06 	 4.221040e-06 	 1.261675e+07 	
2.91791792e+06 	 4.209892e-06 	 1.261213e+07 	
2.91841842e+06 	 4.198751e-06 	 1.260751e+07 	
2.91891892e+06 	 4.187616e-06 	 1.260289e+07 	
2.91941942e+06 	 4.176488e-06 	 1.259828e+07 	
2.91991992e+06 	 4.165367e-06 	 1.259367e+07 	
2.92042042e+06 	 4.154253e-06 	 1.258906e+07 	
2.92092092e+06 	 4.143145e-06 	 1.258445e+07 	
2.92142142e+06 	 4.132044e-06 	 1.257985e+07 	
2.92192192e+06 	 4.120950e-06 	 1.257524e+07 	
2.92242242e+06 	 4.109862e-06 	 1.257064e+07 	
2.92292292e+06 	 4.098781e-06 	 1.256605e+07 	
2.92342342e+06 	 4.087706e-06 	 1.256146e+07 	
2.92392392e+06 	 4.076639e-06 	 1.255686e+07 	
2.92442442e+06 	 4.065577e-06 	 1.255228e+07 	
2.92492492e+06 	 4.054522e-06 	 1.254769e+07 	
2.92542543e+06 	 4.043474e-06 	 1.254311e+07 	
2.92592593e+06 	 4.032432e-06 	 1.253853e+07 	
2.92642643e+06 	 4.021397e-06 	 1.253395e+07 	
2.92692693e+06 	 4.010368e-06 	 1.252938e+07 	
2.92742743e+06 	 3.999346e-06 	 1.252480e+07 	
2.92792793e+06 	 3.988330e-06 	 1.252024e+07 	
2.92842843e+06 	 3.977119e-06 	 1.251569e+07 	
2.92892893e+06 	 3.966113e-06 	 1.251112e+07 	
2.92942943e+06 	 3.955113e-06 	 1.250656e+07 	
2.92992993e+06 	 3.944120e-06 	 1.250200e+07 	
2.93043043e+06 	 3.933133e-06 	 1.249745e+07 	
2.93093093e+06 	 3.922152e-06 	 1.249289e+07 	
2.93143143e+06 	 3.911178e-06 	 1.248834e+07 	
2.93193193e+06 	 3.900209e-06 	 1.248380e+07 	
2.93243243e+06 	 3.889247e-06 	 1.247925e+07 	
2.93293293e+06 	 3.878291e-06 	 1.247471e+07 	
2.93343343e+06 	 3.867342e-06 	 1.247017e+07 	
2.93393393e+06 	 3.856398e-06 	 1.246564e+07 	
2.93443443e+06 	 3.845461e-06 	 1.246110e+07 	
2.93493493e+06 	 3.834529e-06 	 1.245657e+07 	
2.93543544e+06 	 3.823604e-06 	 1.245204e+07 	
2.93593594e+06 	 3.812685e-06 	 1.244752e+07 	
2.93643644e+06 	 3.801772e-06 	 1.244300e+07 	
2.93693694e+06 	 3.790864e-06 	 1.243848e+07 	
2.93743744e+06 	 3.779963e-06 	 1.243396e+07 	
2.93793794e+06 	 3.769068e-06 	 1.242945e+07 	
2.93843844e+06 	 3.758179e-06 	 1.242493e+07 	
2.93893894e+06 	 3.747296e-06 	 1.242043e+07 	
2.93943944e+06 	 3.736419e-06 	 1.241592e+07 	
2.93993994e+06 	 3.725548e-06 	 1.241142e+07 	
2.94044044e+06 	 3.714683e-06 	 1.240692e+07 	
2.94094094e+06 	 3.703823e-06 	 1.240242e+07 	
2.94144144e+06 	 3.692970e-06 	 1.239793e+07 	
2.94194194e+06 	 3.682122e-06 	 1.239343e+07 	
2.94244244e+06 	 3.671280e-06 	 1.238895e+07 	
2.94294294e+06 	 3.660444e-06 	 1.238446e+07 	
2.94344344e+06 	 3.649614e-06 	 1.237998e+07 	
2.94394394e+06 	 3.638790e-06 	 1.237550e+07 	
2.94444444e+06 	 3.627971e-06 	 1.237102e+07 	
2.94494494e+06 	 3.617158e-06 	 1.236654e+07 	
2.94544545e+06 	 3.606351e-06 	 1.236207e+07 	
2.94594595e+06 	 3.595550e-06 	 1.235760e+07 	
2.94644645e+06 	 3.584755e-06 	 1.235314e+07 	
2.94694695e+06 	 3.573965e-06 	 1.234867e+07 	
2.94744745e+06 	 3.563181e-06 	 1.234421e+07 	
2.94794795e+06 	 3.552402e-06 	 1.233976e+07 	
2.94844845e+06 	 3.541629e-06 	 1.233530e+07 	
2.94894895e+06 	 3.530862e-06 	 1.233085e+07 	
2.94944945e+06 	 3.520278e-06 	 1.232639e+07 	
2.94994995e+06 	 3.509525e-06 	 1.232194e+07 	
2.95045045e+06 	 3.498777e-06 	 1.231750e+07 	
2.95095095e+06 	 3.488035e-06 	 1.231306e+07 	
2.95145145e+06 	 3.477298e-06 	 1.230862e+07 	
2.95195195e+06 	 3.466567e-06 	 1.230419e+07 	
2.95245245e+06 	 3.455841e-06 	 1.229975e+07 	
2.95295295e+06 	 3.445122e-06 	 1.229533e+07 	
2.95345345e+06 	 3.434407e-06 	 1.229090e+07 	
2.95395395e+06 	 3.423699e-06 	 1.228648e+07 	
2.95445445e+06 	 3.412995e-06 	 1.228206e+07 	
2.95495495e+06 	 3.402298e-06 	 1.227764e+07 	
2.95545546e+06 	 3.391605e-06 	 1.227323e+07 	
2.95595596e+06 	 3.380919e-06 	 1.226882e+07 	
2.95645646e+06 	 3.370238e-06 	 1.226441e+07 	
2.95695696e+06 	 3.359562e-06 	 1.226000e+07 	
2.95745746e+06 	 3.348892e-06 	 1.225560e+07 	
2.95795796e+06 	 3.338227e-06 	 1.225120e+07 	
2.95845846e+06 	 3.327568e-06 	 1.224681e+07 	
2.95895896e+06 	 3.316914e-06 	 1.224241e+07 	
2.95945946e+06 	 3.306265e-06 	 1.223802e+07 	
2.95995996e+06 	 3.295622e-06 	 1.223364e+07 	
2.96046046e+06 	 3.284985e-06 	 1.222925e+07 	
2.96096096e+06 	 3.274352e-06 	 1.222487e+07 	
2.96146146e+06 	 3.263726e-06 	 1.222050e+07 	
2.96196196e+06 	 3.253104e-06 	 1.221612e+07 	
2.96246246e+06 	 3.242488e-06 	 1.221175e+07 	
2.96296296e+06 	 3.231878e-06 	 1.220738e+07 	
2.96346346e+06 	 3.221272e-06 	 1.220301e+07 	
2.96396396e+06 	 3.210672e-06 	 1.219865e+07 	
2.96446446e+06 	 3.200078e-06 	 1.219429e+07 	
2.96496496e+06 	 3.189489e-06 	 1.218994e+07 	
2.96546547e+06 	 3.178905e-06 	 1.218558e+07 	
2.96596597e+06 	 3.168326e-06 	 1.218123e+07 	
2.96646647e+06 	 3.157753e-06 	 1.217689e+07 	
2.96696697e+06 	 3.147185e-06 	 1.217254e+07 	
2.96746747e+06 	 3.136623e-06 	 1.216820e+07 	
2.96796797e+06 	 3.126066e-06 	 1.216386e+07 	
2.96846847e+06 	 3.115514e-06 	 1.215953e+07 	
2.96896897e+06 	 3.104967e-06 	 1.215520e+07 	
2.96946947e+06 	 3.094426e-06 	 1.215087e+07 	
2.96996997e+06 	 3.083890e-06 	 1.214655e+07 	
2.97047047e+06 	 3.073205e-06 	 1.214224e+07 	
2.97097097e+06 	 3.062677e-06 	 1.213792e+07 	
2.97147147e+06 	 3.052155e-06 	 1.213361e+07 	
2.97197197e+06 	 3.041638e-06 	 1.212930e+07 	
2.97247247e+06 	 3.031127e-06 	 1.212499e+07 	
2.97297297e+06 	 3.020621e-06 	 1.212068e+07 	
2.97347347e+06 	 3.010120e-06 	 1.211638e+07 	
2.97397397e+06 	 2.999624e-06 	 1.211208e+07 	
2.97447447e+06 	 2.989134e-06 	 1.210778e+07 	
2.97497497e+06 	 2.978648e-06 	 1.210349e+07 	
2.97547548e+06 	 2.968169e-06 	 1.209920e+07 	
2.97597598e+06 	 2.957694e-06 	 1.209492e+07 	
2.97647648e+06 	 2.947225e-06 	 1.209063e+07 	
2.97697698e+06 	 2.936761e-06 	 1.208635e+07 	
2.97747748e+06 	 2.926302e-06 	 1.208208e+07 	
2.97797798e+06 	 2.915848e-06 	 1.207781e+07 	
2.97847848e+06 	 2.905400e-06 	 1.207354e+07 	
2.97897898e+06 	 2.894957e-06 	 1.206927e+07 	
2.97947948e+06 	 2.884520e-06 	 1.206501e+07 	
2.97997998e+06 	 2.874088e-06 	 1.206075e+07 	
2.98048048e+06 	 2.863661e-06 	 1.205649e+07 	
2.98098098e+06 	 2.853239e-06 	 1.205224e+07 	
2.98148148e+06 	 2.842823e-06 	 1.204799e+07 	
2.98198198e+06 	 2.832412e-06 	 1.204374e+07 	
2.98248248e+06 	 2.822006e-06 	 1.203950e+07 	
2.98298298e+06 	 2.811606e-06 	 1.203526e+07 	
2.98348348e+06 	 2.801211e-06 	 1.203103e+07 	
2.98398398e+06 	 2.790822e-06 	 1.202680e+07 	
2.98448448e+06 	 2.780437e-06 	 1.202257e+07 	
2.98498498e+06 	 2.770059e-06 	 1.201834e+07 	
2.98548549e+06 	 2.759685e-06 	 1.201412e+07 	
2.98598599e+06 	 2.749317e-06 	 1.200990e+07 	
2.98648649e+06 	 2.738955e-06 	 1.200569e+07 	
2.98698699e+06 	 2.728598e-06 	 1.200147e+07 	
2.98748749e+06 	 2.718246e-06 	 1.199727e+07 	
2.98798799e+06 	 2.707900e-06 	 1.199306e+07 	
2.98848849e+06 	 2.697559e-06 	 1.198886e+07 	
2.98898899e+06 	 2.687224e-06 	 1.198466e+07 	
2.98948949e+06 	 2.676895e-06 	 1.198047e+07 	
2.98998999e+06 	 2.666570e-06 	 1.197628e+07 	
2.99049049e+06 	 2.656252e-06 	 1.197209e+07 	
2.99099099e+06 	 2.645939e-06 	 1.196791e+07 	
2.99149149e+06 	 2.635499e-06 	 1.196375e+07 	
2.99199199e+06 	 2.625196e-06 	 1.195957e+07 	
2.99249249e+06 	 2.614898e-06 	 1.195540e+07 	
2.99299299e+06 	 2.604605e-06 	 1.195123e+07 	
2.99349349e+06 	 2.594319e-06 	 1.194707e+07 	
2.99399399e+06 	 2.584038e-06 	 1.194291e+07 	
2.99449449e+06 	 2.573762e-06 	 1.193875e+07 	
2.99499499e+06 	 2.563493e-06 	 1.193459e+07 	
2.99549550e+06 	 2.553229e-06 	 1.193044e+07 	
2.99599600e+06 	 2.542971e-06 	 1.192630e+07 	
2.99649650e+06 	 2.532718e-06 	 1.192216e+07 	
2.99699700e+06 	 2.522472e-06 	 1.191802e+07 	
2.99749750e+06 	 2.512231e-06 	 1.191388e+07 	
2.99799800e+06 	 2.501996e-06 	 1.190975e+07 	
2.99849850e+06 	 2.491767e-06 	 1.190562e+07 	
2.99899900e+06 	 2.481544e-06 	 1.190150e+07 	
2.99949950e+06 	 2.471327e-06 	 1.189738e+07 	
3.00000000e+06 	 2.461116e-06 	 1.189326e+07 	
3.01749569e+06 	 2.108407e-06 	 1.175187e+07 	
3.03509342e+06 	 1.763114e-06 	 1.161509e+07 	
3.05279377e+06 	 1.429328e-06 	 1.148388e+07 	
3.07059735e+06 	 1.113144e-06 	 1.135950e+07 	
3.08850476e+06 	 8.234311e-07 	 1.124332e+07 	
3.10651661e+06 	 5.703318e-07 	 1.113690e+07 	
3.12463349e+06 	 3.636720e-07 	 1.104164e+07 	
3.14285604e+06 	 2.094684e-07 	 1.095852e+07 	
3.16118485e+06 	 1.068075e-07 	 1.088784e+07 	
3.17962056e+06 	 4.729633e-08 	 1.082886e+07 	
3.19816378e+06 	 1.789068e-08 	 1.077977e+07 	
3.21681514e+06 	 5.708648e-09 	 1.073837e+07 	
3.23557528e+06 	 1.525565e-09 	 1.070166e+07 	
3.63721376e+06 	 1.000000e-20 	 1.005149e+07 	
4.08870842e+06 	 1.000000e-20 	 9.446815e+06 	
4.59624803e+06 	 1.000000e-20 	 8.882353e+06 	
5.16678956e+06 	 1.000000e-20 	 8.354751e+06 	
5.80815355e+06 	 1.000000e-20 	 7.861053e+06 	
6.52913135e+06 	 1.000000e-20 	 7.398635e+06 	
7.33960557e+06 	 1.000000e-20 	 6.965152e+06 	
8.25068559e+06 	 1.000000e-20 	 6.558498e+06 	
9.27485981e+06 	 1.000000e-20 	 6.176770e+06 	
1.04261668e+07 	 1.000000e-20 	 5.818239e+06 	
1.17203879e+07 	 1.000000e-20 	 5.481332e+06 	
1.31752633e+07 	 1.000000e-20 	 5.164608e+06 	
1.48107352e+07 	 1.000000e-20 	 4.866747e+06 	
1.66492216e+07 	 1.000000e-20 	 4.586532e+06 	
1.87159230e+07 	 1.000000e-20 	 4.322839e+06 	
2.10391683e+07 	 1.000000e-20 	 4.074632e+06 	
2.36508026e+07 	 1.000000e-20 	 3.840947e+06 	
2.65866244e+07 	 1.000000e-20 	 3.620890e+06 	
2.98868756e+07 	 1.000000e-20 	 3.413630e+06 	
3.35967936e+07 	 1.000000e-20 	 3.218390e+06 	
3.77672313e+07 	 1.000000e-20 	 3.034450e+06 	
4.24553538e+07 	 1.000000e-20 	 2.861132e+06 	
4.77254223e+07 	 1.000000e-20 	 2.697806e+06 	
5.36496751e+07 	 1.000000e-20 	 2.543881e+06 	
6.03093173e+07 	 1.000000e-20 	 2.398803e+06 	
6.77956343e+07 	 1.000000e-20 	 2.262053e+06 	
7.62112429e+07 	 1.000000e-20 	 2.133143e+06 	
8.56714980e+07 	 1.000000e-20 	 2.011619e+06 	
9.63060736e+07 	 1.000000e-20 	 1.897049e+06 	
1.08260740e+08 	 1.000000e-20 	 1.789031e+06 	
1.21699364e+08 	 1.000000e-20 	 1.687186e+06 	
1.36806151e+08 	 1.000000e-20 	 1.591158e+06 	
1.53788174e+08 	 1.000000e-20 	 1.500611e+06 	
1.72878210e+08 	 1.000000e-20 	 1.415230e+06 	
1.94337931e+08 	 1.000000e-20 	 1.334718e+06 	
2.18461489e+08 	 1.000000e-20 	 1.258795e+06 	
2.45579554e+08 	 1.000000e-20 	 1.187199e+06 	
2.76063839e+08 	 1.000000e-20 	 1.119682e+06 	
3.10332199e+08 	 1.000000e-20 	 1.056009e+06 	
3.48854360e+08 	 1.000000e-20 	 9.959627e+05 	
3.92158354e+08 	 1.000000e-20 	 9.393341e+05 	
4.40837760e+08 	 1.000000e-20 	 8.859286e+05 	
4.95559839e+08 	 1.000000e-20 	 8.355621e+05 	
5.57074680e+08 	 1.000000e-20 	 7.880613e+05 	
6.26225482e+08 	 1.000000e-20 	 7.432628e+05 	
7.03960112e+08 	 1.000000e-20 	 7.010125e+05 	
7.91344098e+08 	 1.000000e-20 	 6.611653e+05 	
8.89575235e+08 	 1.000000e-20 	 6.235842e+05 	
1.00000000e+09 	 1.000000e-20 	 5.881401e+05 	
