r (cm)        	 rho (g/cm3) 	 T (K)       		 Linf = 3.476298e+38
1.20003257e+06 	 1.206316e+05 	 1.267465e+09 	
1.20003842e+06 	 1.197175e+05 	 1.265036e+09 	
1.20013712e+06 	 1.051448e+05 	 1.224308e+09 	
1.20023582e+06 	 9.208408e+04 	 1.184079e+09 	
1.20033451e+06 	 8.040976e+04 	 1.144365e+09 	
1.20043321e+06 	 7.000377e+04 	 1.105181e+09 	
1.20053191e+06 	 6.075508e+04 	 1.066545e+09 	
1.20062925e+06 	 5.266522e+04 	 1.028992e+09 	
1.20072660e+06 	 4.550635e+04 	 9.920059e+08 	
1.20082394e+06 	 3.919112e+04 	 9.556042e+08 	
1.20090440e+06 	 3.455030e+04 	 9.259723e+08 	
1.20098485e+06 	 3.038705e+04 	 8.967626e+08 	
1.20106530e+06 	 2.666098e+04 	 8.679854e+08 	
1.20114576e+06 	 2.333422e+04 	 8.396518e+08 	
1.20122621e+06 	 2.037131e+04 	 8.117724e+08 	
1.20130639e+06 	 1.774782e+04 	 7.844535e+08 	
1.20138656e+06 	 1.542227e+04 	 7.576077e+08 	
1.20146674e+06 	 1.336630e+04 	 7.312462e+08 	
1.20153286e+06 	 1.185483e+04 	 7.098776e+08 	
1.20159898e+06 	 1.049503e+04 	 6.888522e+08 	
1.20166510e+06 	 9.274037e+03 	 6.681762e+08 	
1.20173122e+06 	 8.179826e+03 	 6.478557e+08 	
1.20179734e+06 	 7.201181e+03 	 6.278969e+08 	
1.20186346e+06 	 6.327666e+03 	 6.083058e+08 	
1.20193014e+06 	 5.543440e+03 	 5.889289e+08 	
1.20199681e+06 	 4.847043e+03 	 5.699378e+08 	
1.20206349e+06 	 4.229960e+03 	 5.513384e+08 	
1.20211889e+06 	 3.771838e+03 	 5.361840e+08 	
1.20217430e+06 	 3.358883e+03 	 5.213070e+08 	
1.20222971e+06 	 2.987204e+03 	 5.067104e+08 	
1.20228512e+06 	 2.653186e+03 	 4.923972e+08 	
1.20234053e+06 	 2.353472e+03 	 4.783699e+08 	
1.20239593e+06 	 2.084952e+03 	 4.646312e+08 	
1.20245134e+06 	 1.844747e+03 	 4.511834e+08 	
1.20250883e+06 	 1.622619e+03 	 4.375410e+08 	
1.20256632e+06 	 1.425384e+03 	 4.242162e+08 	
1.20261386e+06 	 1.279283e+03 	 4.134377e+08 	
1.20266140e+06 	 1.147188e+03 	 4.028789e+08 	
1.20270895e+06 	 1.027887e+03 	 3.925404e+08 	
1.20275649e+06 	 9.202601e+02 	 3.824231e+08 	
1.20280403e+06 	 8.232692e+02 	 3.725275e+08 	
1.20285158e+06 	 7.359568e+02 	 3.628539e+08 	
1.20289912e+06 	 6.574400e+02 	 3.534026e+08 	
1.20294666e+06 	 5.869056e+02 	 3.441737e+08 	
1.20299420e+06 	 5.236062e+02 	 3.351669e+08 	
1.20304175e+06 	 4.668560e+02 	 3.263822e+08 	
1.20308399e+06 	 4.214194e+02 	 3.187628e+08 	
1.20312623e+06 	 3.802505e+02 	 3.113179e+08 	
1.20316847e+06 	 3.429753e+02 	 3.040468e+08 	
1.20321071e+06 	 3.092489e+02 	 2.969489e+08 	
1.20325296e+06 	 2.787540e+02 	 2.900233e+08 	
1.20329520e+06 	 2.511988e+02 	 2.832691e+08 	
1.20333744e+06 	 2.263152e+02 	 2.766853e+08 	
1.20337968e+06 	 2.038574e+02 	 2.702707e+08 	
1.20342192e+06 	 1.836002e+02 	 2.640241e+08 	
1.20346416e+06 	 1.653377e+02 	 2.579440e+08 	
1.20350640e+06 	 1.488815e+02 	 2.520289e+08 	
1.20354865e+06 	 1.340597e+02 	 2.462772e+08 	
1.20359089e+06 	 1.207156e+02 	 2.406871e+08 	
1.20363313e+06 	 1.087065e+02 	 2.352567e+08 	
1.20367537e+06 	 9.790260e+01 	 2.299840e+08 	
1.20371761e+06 	 8.818587e+01 	 2.248671e+08 	
1.20375985e+06 	 7.944924e+01 	 2.199036e+08 	
1.20380210e+06 	 7.159559e+01 	 2.150912e+08 	
1.20384434e+06 	 6.453695e+01 	 2.104277e+08 	
1.20388841e+06 	 5.793319e+01 	 2.057175e+08 	
1.20393249e+06 	 5.202681e+01 	 2.011638e+08 	
1.20397657e+06 	 4.674442e+01 	 1.967634e+08 	
1.20402064e+06 	 4.202008e+01 	 1.925133e+08 	
1.20406472e+06 	 3.779463e+01 	 1.884103e+08 	
1.20410880e+06 	 3.401499e+01 	 1.844512e+08 	
1.20415287e+06 	 3.063361e+01 	 1.806327e+08 	
1.20419695e+06 	 2.760790e+01 	 1.769513e+08 	
1.20424103e+06 	 2.489975e+01 	 1.734038e+08 	
1.20428510e+06 	 2.247511e+01 	 1.699866e+08 	
1.20432918e+06 	 2.030352e+01 	 1.666963e+08 	
1.20437326e+06 	 1.835779e+01 	 1.635293e+08 	
1.20441733e+06 	 1.661365e+01 	 1.604822e+08 	
1.20446141e+06 	 1.504944e+01 	 1.575514e+08 	
1.20450549e+06 	 1.364585e+01 	 1.547333e+08 	
1.20454957e+06 	 1.238564e+01 	 1.520246e+08 	
1.20459364e+06 	 1.125347e+01 	 1.494216e+08 	
1.20463772e+06 	 1.023566e+01 	 1.469209e+08 	
1.20468180e+06 	 9.320004e+00 	 1.445192e+08 	
1.20473878e+06 	 8.270055e+00 	 1.415550e+08 	
1.20479577e+06 	 7.352256e+00 	 1.387431e+08 	
1.20485276e+06 	 6.548882e+00 	 1.360766e+08 	
1.20490974e+06 	 5.844663e+00 	 1.335485e+08 	
1.20496673e+06 	 5.226447e+00 	 1.311520e+08 	
1.20502372e+06 	 4.682898e+00 	 1.288806e+08 	
1.20508071e+06 	 4.204243e+00 	 1.267280e+08 	
1.20513769e+06 	 3.782052e+00 	 1.246880e+08 	
1.20519468e+06 	 3.409049e+00 	 1.227548e+08 	
1.20525167e+06 	 3.078949e+00 	 1.209227e+08 	
1.20530866e+06 	 2.786319e+00 	 1.191862e+08 	
1.20536564e+06 	 2.526459e+00 	 1.175401e+08 	
1.20542263e+06 	 2.295297e+00 	 1.159795e+08 	
1.20547962e+06 	 2.089305e+00 	 1.144996e+08 	
1.20553661e+06 	 1.905421e+00 	 1.130959e+08 	
1.20559359e+06 	 1.740984e+00 	 1.117641e+08 	
1.20566874e+06 	 1.549999e+00 	 1.101109e+08 	
1.20574389e+06 	 1.384308e+00 	 1.085669e+08 	
1.20581904e+06 	 1.240129e+00 	 1.071240e+08 	
1.20589419e+06 	 1.114294e+00 	 1.057747e+08 	
1.20596934e+06 	 1.004144e+00 	 1.045118e+08 	
1.20604449e+06 	 9.074459e-01 	 1.033289e+08 	
1.20611964e+06 	 8.223130e-01 	 1.022200e+08 	
1.20619478e+06 	 7.471522e-01 	 1.011797e+08 	
1.20628937e+06 	 6.646605e-01 	 9.995985e+07 	
1.20638396e+06 	 5.935976e-01 	 9.883124e+07 	
1.20647855e+06 	 5.321274e-01 	 9.778553e+07 	
1.20657313e+06 	 4.787419e-01 	 9.681522e+07 	
1.20666772e+06 	 4.321980e-01 	 9.591353e+07 	
1.20676231e+06 	 3.914668e-01 	 9.507436e+07 	
1.20688195e+06 	 3.469538e-01 	 9.409396e+07 	
1.20700160e+06 	 3.089710e-01 	 9.319497e+07 	
1.20712124e+06 	 2.763878e-01 	 9.236872e+07 	
1.20724089e+06 	 2.482947e-01 	 9.160760e+07 	
1.20736053e+06 	 2.239555e-01 	 9.090492e+07 	
1.20748018e+06 	 2.027713e-01 	 9.025476e+07 	
1.20764930e+06 	 1.772750e-01 	 8.941537e+07 	
1.20781843e+06 	 1.560180e-01 	 8.865796e+07 	
1.20798755e+06 	 1.381577e-01 	 8.797184e+07 	
1.20815668e+06 	 1.230424e-01 	 8.734796e+07 	
1.20835816e+06 	 1.079191e-01 	 8.667537e+07 	
1.20855964e+06 	 9.531053e-02 	 8.606937e+07 	
1.20876113e+06 	 8.471129e-02 	 8.552087e+07 	
1.20896261e+06 	 7.573261e-02 	 8.502229e+07 	
1.20925213e+06 	 6.507686e-02 	 8.438070e+07 	
1.20954166e+06 	 5.648224e-02 	 8.381373e+07 	
1.20983118e+06 	 4.946531e-02 	 8.330912e+07 	
1.21021985e+06 	 4.192208e-02 	 8.271288e+07 	
1.21060851e+06 	 3.598814e-02 	 8.219298e+07 	
1.21099717e+06 	 3.124615e-02 	 8.173524e+07 	
1.21155640e+06 	 2.594473e-02 	 8.116419e+07 	
1.21211562e+06 	 2.192868e-02 	 8.067512e+07 	
1.21267485e+06 	 1.881937e-02 	 8.025038e+07 	
1.21331748e+06 	 1.604531e-02 	 7.982504e+07 	
1.21396012e+06 	 1.388704e-02 	 7.945306e+07 	
1.21460276e+06 	 1.217629e-02 	 7.912372e+07 	
1.21559544e+06 	 1.015751e-02 	 7.868071e+07 	
1.21658812e+06 	 8.664567e-03 	 7.829933e+07 	
1.21774709e+06 	 7.366608e-03 	 7.791271e+07 	
1.21890605e+06 	 6.394960e-03 	 7.757413e+07 	
1.22006501e+06 	 5.648590e-03 	 7.727246e+07 	
1.22187270e+06 	 4.788157e-03 	 7.685751e+07 	
1.22298954e+06 	 4.385590e-03 	 7.662729e+07 	
1.22524670e+06 	 3.771527e-03 	 7.620735e+07 	
1.22711632e+06 	 3.402101e-03 	 7.589451e+07 	
1.23008402e+06 	 2.979750e-03 	 7.544459e+07 	
1.23246858e+06 	 2.736472e-03 	 7.511359e+07 	
1.23654873e+06 	 2.442521e-03 	 7.459129e+07 	
1.23863058e+06 	 2.332340e-03 	 7.434070e+07 	
1.24371994e+06 	 2.133586e-03 	 7.376003e+07 	
1.24742699e+06 	 2.030593e-03 	 7.335819e+07 	
1.25426169e+06 	 1.894301e-03 	 7.264918e+07 	
1.25899217e+06 	 1.824939e-03 	 7.217605e+07 	
1.26848547e+06 	 1.719090e-03 	 7.125707e+07 	
1.27439431e+06 	 1.666303e-03 	 7.070099e+07 	
1.28333333e+06 	 1.596903e-03 	 6.987831e+07 	
1.30083333e+06 	 1.481093e-03 	 6.832240e+07 	
1.31250000e+06 	 1.412249e-03 	 6.732061e+07 	
1.33000000e+06 	 1.317411e-03 	 6.586666e+07 	
1.34166667e+06 	 1.258871e-03 	 6.492815e+07 	
1.35916667e+06 	 1.177024e-03 	 6.356401e+07 	
1.37083333e+06 	 1.126132e-03 	 6.268245e+07 	
1.38833333e+06 	 1.054888e-03 	 6.139997e+07 	
1.40000000e+06 	 1.010465e-03 	 6.057041e+07 	
1.41750000e+06 	 9.481700e-04 	 5.936258e+07 	
1.43500000e+06 	 8.905292e-04 	 5.819646e+07 	
1.44666667e+06 	 8.545088e-04 	 5.744121e+07 	
1.46416667e+06 	 8.038050e-04 	 5.634013e+07 	
1.47583333e+06 	 7.720489e-04 	 5.562643e+07 	
1.49333333e+06 	 7.273310e-04 	 5.458523e+07 	
1.51083333e+06 	 6.857565e-04 	 5.357765e+07 	
1.52250000e+06 	 6.596663e-04 	 5.292384e+07 	
1.54000000e+06 	 6.227926e-04 	 5.196889e+07 	
1.55750000e+06 	 5.884209e-04 	 5.104360e+07 	
1.56916667e+06 	 5.668298e-04 	 5.044260e+07 	
1.58666667e+06 	 5.362205e-04 	 4.956385e+07 	
1.60416667e+06 	 5.076263e-04 	 4.871140e+07 	
1.61583333e+06 	 4.896173e-04 	 4.815716e+07 	
1.63333333e+06 	 4.640244e-04 	 4.734602e+07 	
1.65083333e+06 	 4.400848e-04 	 4.655832e+07 	
1.66833333e+06 	 4.176367e-04 	 4.579302e+07 	
1.68000000e+06 	 4.034726e-04 	 4.529487e+07 	
1.69750000e+06 	 3.832814e-04 	 4.456493e+07 	
1.71500000e+06 	 3.643281e-04 	 4.385508e+07 	
1.73250000e+06 	 3.465192e-04 	 4.316452e+07 	
1.75000000e+06 	 3.297783e-04 	 4.249252e+07 	
1.76750000e+06 	 3.140081e-04 	 4.183829e+07 	
1.78500000e+06 	 2.991628e-04 	 4.120121e+07 	
1.80250000e+06 	 2.851667e-04 	 4.058061e+07 	
1.82000000e+06 	 2.719642e-04 	 3.997587e+07 	
1.83750000e+06 	 2.595032e-04 	 3.938641e+07 	
1.85500000e+06 	 2.477311e-04 	 3.881167e+07 	
1.87250000e+06 	 2.366112e-04 	 3.825113e+07 	
1.89000000e+06 	 2.260952e-04 	 3.770427e+07 	
1.90750000e+06 	 2.161422e-04 	 3.717061e+07 	
1.92500000e+06 	 2.067232e-04 	 3.664971e+07 	
1.94250000e+06 	 1.977977e-04 	 3.614110e+07 	
1.96000000e+06 	 1.893412e-04 	 3.564438e+07 	
1.97750000e+06 	 1.813191e-04 	 3.515914e+07 	
1.99500000e+06 	 1.737084e-04 	 3.468501e+07 	
2.01250000e+06 	 1.664849e-04 	 3.422161e+07 	
2.03000000e+06 	 1.596221e-04 	 3.376859e+07 	
2.04750000e+06 	 1.531011e-04 	 3.332562e+07 	
2.06500000e+06 	 1.469018e-04 	 3.289238e+07 	
2.08250000e+06 	 1.410041e-04 	 3.246856e+07 	
2.10000000e+06 	 1.353918e-04 	 3.205386e+07 	
2.11750000e+06 	 1.300485e-04 	 3.164799e+07 	
2.13500000e+06 	 1.249584e-04 	 3.125070e+07 	
2.15250000e+06 	 1.201081e-04 	 3.086171e+07 	
2.17000000e+06 	 1.154835e-04 	 3.048077e+07 	
2.18750000e+06 	 1.110730e-04 	 3.010766e+07 	
2.20500000e+06 	 1.068641e-04 	 2.974212e+07 	
2.22250000e+06 	 1.028468e-04 	 2.938395e+07 	
2.24000000e+06 	 9.900986e-05 	 2.903292e+07 	
2.25750000e+06 	 9.534427e-05 	 2.868883e+07 	
2.27500000e+06 	 9.184123e-05 	 2.835149e+07 	
2.29250000e+06 	 8.849233e-05 	 2.802070e+07 	
2.31000000e+06 	 8.528910e-05 	 2.769628e+07 	
2.32750000e+06 	 8.222428e-05 	 2.737805e+07 	
2.34500000e+06 	 7.929016e-05 	 2.706584e+07 	
2.36250000e+06 	 7.648107e-05 	 2.675949e+07 	
2.38000000e+06 	 7.379072e-05 	 2.645884e+07 	
2.39750000e+06 	 7.121270e-05 	 2.616373e+07 	
2.41500000e+06 	 6.874166e-05 	 2.587402e+07 	
2.43250000e+06 	 6.637251e-05 	 2.558957e+07 	
2.45000000e+06 	 6.409993e-05 	 2.531024e+07 	
2.46750000e+06 	 6.191969e-05 	 2.503589e+07 	
2.48500000e+06 	 5.982725e-05 	 2.476640e+07 	
2.50250000e+06 	 5.781839e-05 	 2.450164e+07 	
2.52000000e+06 	 5.588917e-05 	 2.424149e+07 	
2.53750000e+06 	 5.403589e-05 	 2.398584e+07 	
2.55500000e+06 	 5.225502e-05 	 2.373458e+07 	
2.57250000e+06 	 5.054324e-05 	 2.348760e+07 	
2.59000000e+06 	 4.889742e-05 	 2.324478e+07 	
2.60750000e+06 	 4.731453e-05 	 2.300604e+07 	
2.62500000e+06 	 4.579166e-05 	 2.277127e+07 	
2.64250000e+06 	 4.432611e-05 	 2.254037e+07 	
2.66000000e+06 	 4.291543e-05 	 2.231326e+07 	
2.67750000e+06 	 4.155728e-05 	 2.208984e+07 	
2.69500000e+06 	 4.024915e-05 	 2.187003e+07 	
2.71250000e+06 	 3.898909e-05 	 2.165375e+07 	
2.73000000e+06 	 3.777475e-05 	 2.144091e+07 	
2.74750000e+06 	 3.660441e-05 	 2.123143e+07 	
2.76500000e+06 	 3.547611e-05 	 2.102525e+07 	
2.78250000e+06 	 3.438801e-05 	 2.082227e+07 	
2.80000000e+06 	 3.333851e-05 	 2.062244e+07 	
2.81750000e+06 	 3.232587e-05 	 2.042567e+07 	
2.83500000e+06 	 3.134872e-05 	 2.023191e+07 	
2.85250000e+06 	 3.040539e-05 	 2.004109e+07 	
2.87000000e+06 	 2.949467e-05 	 1.985314e+07 	
2.88750000e+06 	 2.861518e-05 	 1.966800e+07 	
2.90500000e+06 	 2.776560e-05 	 1.948561e+07 	
2.92250000e+06 	 2.694477e-05 	 1.930591e+07 	
2.94000000e+06 	 2.615158e-05 	 1.912885e+07 	
2.95750000e+06 	 2.538487e-05 	 1.895436e+07 	
2.97500000e+06 	 2.464356e-05 	 1.878241e+07 	
2.99250000e+06 	 2.392666e-05 	 1.861292e+07 	
3.01000000e+06 	 2.323326e-05 	 1.844585e+07 	
3.02750000e+06 	 2.256248e-05 	 1.828116e+07 	
3.04500000e+06 	 2.191334e-05 	 1.811878e+07 	
3.06250000e+06 	 2.128513e-05 	 1.795869e+07 	
3.08000000e+06 	 2.067691e-05 	 1.780082e+07 	
3.09750000e+06 	 2.008803e-05 	 1.764514e+07 	
3.11500000e+06 	 1.951777e-05 	 1.749160e+07 	
3.13250000e+06 	 1.896532e-05 	 1.734016e+07 	
3.15000000e+06 	 1.843010e-05 	 1.719078e+07 	
3.16750000e+06 	 1.791149e-05 	 1.704342e+07 	
3.18500000e+06 	 1.740878e-05 	 1.689804e+07 	
3.20250000e+06 	 1.692146e-05 	 1.675460e+07 	
3.22000000e+06 	 1.644898e-05 	 1.661306e+07 	
3.23750000e+06 	 1.599072e-05 	 1.647339e+07 	
3.25500000e+06 	 1.554623e-05 	 1.633556e+07 	
3.27250000e+06 	 1.511502e-05 	 1.619952e+07 	
3.29000000e+06 	 1.469657e-05 	 1.606525e+07 	
3.30750000e+06 	 1.429044e-05 	 1.593270e+07 	
3.32500000e+06 	 1.389620e-05 	 1.580186e+07 	
3.34250000e+06 	 1.351344e-05 	 1.567269e+07 	
3.36000000e+06 	 1.314172e-05 	 1.554515e+07 	
3.37750000e+06 	 1.278069e-05 	 1.541922e+07 	
3.39500000e+06 	 1.242999e-05 	 1.529488e+07 	
3.41250000e+06 	 1.208921e-05 	 1.517208e+07 	
3.43000000e+06 	 1.175805e-05 	 1.505081e+07 	
3.44750000e+06 	 1.143617e-05 	 1.493103e+07 	
3.46500000e+06 	 1.112324e-05 	 1.481273e+07 	
3.50000000e+06 	 1.052307e-05 	 1.458043e+07 	
3.50050050e+06 	 1.051470e-05 	 1.457715e+07 	
3.50100100e+06 	 1.050637e-05 	 1.457387e+07 	
3.50150150e+06 	 1.049804e-05 	 1.457059e+07 	
3.50200200e+06 	 1.048971e-05 	 1.456731e+07 	
3.50250250e+06 	 1.048140e-05 	 1.456403e+07 	
3.50300300e+06 	 1.047309e-05 	 1.456076e+07 	
3.50350350e+06 	 1.046479e-05 	 1.455748e+07 	
3.50400400e+06 	 1.045649e-05 	 1.455421e+07 	
3.50450450e+06 	 1.044820e-05 	 1.455094e+07 	
3.50500501e+06 	 1.043992e-05 	 1.454767e+07 	
3.50550551e+06 	 1.043164e-05 	 1.454440e+07 	
3.50600601e+06 	 1.042337e-05 	 1.454113e+07 	
3.50650651e+06 	 1.041510e-05 	 1.453786e+07 	
3.50700701e+06 	 1.040685e-05 	 1.453460e+07 	
3.50750751e+06 	 1.039860e-05 	 1.453133e+07 	
3.50800801e+06 	 1.039035e-05 	 1.452807e+07 	
3.50850851e+06 	 1.038211e-05 	 1.452481e+07 	
3.50900901e+06 	 1.037388e-05 	 1.452154e+07 	
3.50950951e+06 	 1.036566e-05 	 1.451828e+07 	
3.51001001e+06 	 1.035744e-05 	 1.451502e+07 	
3.51051051e+06 	 1.034923e-05 	 1.451177e+07 	
3.51101101e+06 	 1.034102e-05 	 1.450851e+07 	
3.51151151e+06 	 1.033282e-05 	 1.450525e+07 	
3.51201201e+06 	 1.032463e-05 	 1.450200e+07 	
3.51251251e+06 	 1.031644e-05 	 1.449874e+07 	
3.51301301e+06 	 1.030826e-05 	 1.449549e+07 	
3.51351351e+06 	 1.030009e-05 	 1.449224e+07 	
3.51401401e+06 	 1.029192e-05 	 1.448899e+07 	
3.51451451e+06 	 1.028376e-05 	 1.448574e+07 	
3.51501502e+06 	 1.027561e-05 	 1.448249e+07 	
3.51551552e+06 	 1.026746e-05 	 1.447925e+07 	
3.51601602e+06 	 1.025932e-05 	 1.447600e+07 	
3.51651652e+06 	 1.025119e-05 	 1.447275e+07 	
3.51701702e+06 	 1.024306e-05 	 1.446951e+07 	
3.51751752e+06 	 1.023494e-05 	 1.446627e+07 	
3.51801802e+06 	 1.022682e-05 	 1.446303e+07 	
3.51851852e+06 	 1.021871e-05 	 1.445979e+07 	
3.51901902e+06 	 1.021061e-05 	 1.445655e+07 	
3.51951952e+06 	 1.020251e-05 	 1.445331e+07 	
3.52002002e+06 	 1.019442e-05 	 1.445007e+07 	
3.52052052e+06 	 1.018634e-05 	 1.444684e+07 	
3.52102102e+06 	 1.017826e-05 	 1.444360e+07 	
3.52152152e+06 	 1.017019e-05 	 1.444037e+07 	
3.52202202e+06 	 1.016213e-05 	 1.443714e+07 	
3.52252252e+06 	 1.015407e-05 	 1.443391e+07 	
3.52302302e+06 	 1.014602e-05 	 1.443068e+07 	
3.52352352e+06 	 1.013797e-05 	 1.442745e+07 	
3.52402402e+06 	 1.012993e-05 	 1.442422e+07 	
3.52452452e+06 	 1.012190e-05 	 1.442099e+07 	
3.52502503e+06 	 1.011387e-05 	 1.441777e+07 	
3.52552553e+06 	 1.010585e-05 	 1.441454e+07 	
3.52602603e+06 	 1.009784e-05 	 1.441132e+07 	
3.52652653e+06 	 1.008983e-05 	 1.440810e+07 	
3.52702703e+06 	 1.008183e-05 	 1.440487e+07 	
3.52752753e+06 	 1.007383e-05 	 1.440165e+07 	
3.52802803e+06 	 1.006584e-05 	 1.439843e+07 	
3.52852853e+06 	 1.005786e-05 	 1.439522e+07 	
3.52902903e+06 	 1.004988e-05 	 1.439200e+07 	
3.52952953e+06 	 1.004191e-05 	 1.438878e+07 	
3.53003003e+06 	 1.003395e-05 	 1.438557e+07 	
3.53053053e+06 	 1.002599e-05 	 1.438236e+07 	
3.53103103e+06 	 1.001804e-05 	 1.437914e+07 	
3.53153153e+06 	 1.001009e-05 	 1.437593e+07 	
3.53203203e+06 	 1.000215e-05 	 1.437272e+07 	
3.53253253e+06 	 9.994221e-06 	 1.436951e+07 	
3.53303303e+06 	 9.986294e-06 	 1.436631e+07 	
3.53353353e+06 	 9.978373e-06 	 1.436310e+07 	
3.53403403e+06 	 9.970459e-06 	 1.435989e+07 	
3.53453453e+06 	 9.962551e-06 	 1.435669e+07 	
3.53503504e+06 	 9.954648e-06 	 1.435348e+07 	
3.53553554e+06 	 9.946752e-06 	 1.435028e+07 	
3.53603604e+06 	 9.938863e-06 	 1.434708e+07 	
3.53653654e+06 	 9.930979e-06 	 1.434388e+07 	
3.53703704e+06 	 9.923102e-06 	 1.434068e+07 	
3.53753754e+06 	 9.915230e-06 	 1.433748e+07 	
3.53803804e+06 	 9.907365e-06 	 1.433429e+07 	
3.53853854e+06 	 9.899506e-06 	 1.433109e+07 	
3.53903904e+06 	 9.891653e-06 	 1.432790e+07 	
3.53953954e+06 	 9.883807e-06 	 1.432470e+07 	
3.54004004e+06 	 9.875966e-06 	 1.432151e+07 	
3.54054054e+06 	 9.868131e-06 	 1.431832e+07 	
3.54104104e+06 	 9.860303e-06 	 1.431513e+07 	
3.54154154e+06 	 9.852481e-06 	 1.431194e+07 	
3.54204204e+06 	 9.844664e-06 	 1.430875e+07 	
3.54254254e+06 	 9.836854e-06 	 1.430556e+07 	
3.54304304e+06 	 9.829050e-06 	 1.430238e+07 	
3.54354354e+06 	 9.821252e-06 	 1.429919e+07 	
3.54404404e+06 	 9.813460e-06 	 1.429601e+07 	
3.54454454e+06 	 9.805674e-06 	 1.429283e+07 	
3.54504505e+06 	 9.797894e-06 	 1.428964e+07 	
3.54554555e+06 	 9.790121e-06 	 1.428646e+07 	
3.54604605e+06 	 9.782353e-06 	 1.428328e+07 	
3.54654655e+06 	 9.774591e-06 	 1.428011e+07 	
3.54704705e+06 	 9.766836e-06 	 1.427693e+07 	
3.54754755e+06 	 9.759086e-06 	 1.427375e+07 	
3.54804805e+06 	 9.751343e-06 	 1.427058e+07 	
3.54854855e+06 	 9.743606e-06 	 1.426740e+07 	
3.54904905e+06 	 9.735874e-06 	 1.426423e+07 	
3.54954955e+06 	 9.728149e-06 	 1.426106e+07 	
3.55005005e+06 	 9.720430e-06 	 1.425789e+07 	
3.55055055e+06 	 9.712716e-06 	 1.425472e+07 	
3.55105105e+06 	 9.705009e-06 	 1.425155e+07 	
3.55155155e+06 	 9.697307e-06 	 1.424838e+07 	
3.55205205e+06 	 9.689612e-06 	 1.424522e+07 	
3.55255255e+06 	 9.681922e-06 	 1.424205e+07 	
3.55305305e+06 	 9.674239e-06 	 1.423889e+07 	
3.55355355e+06 	 9.666561e-06 	 1.423572e+07 	
3.55405405e+06 	 9.658889e-06 	 1.423256e+07 	
3.55455455e+06 	 9.651223e-06 	 1.422940e+07 	
3.55505506e+06 	 9.643564e-06 	 1.422624e+07 	
3.55555556e+06 	 9.635910e-06 	 1.422308e+07 	
3.55605606e+06 	 9.628262e-06 	 1.421993e+07 	
3.55655656e+06 	 9.620619e-06 	 1.421677e+07 	
3.55705706e+06 	 9.612983e-06 	 1.421361e+07 	
3.55755756e+06 	 9.605353e-06 	 1.421046e+07 	
3.55805806e+06 	 9.597728e-06 	 1.420731e+07 	
3.55855856e+06 	 9.590110e-06 	 1.420415e+07 	
3.55905906e+06 	 9.582497e-06 	 1.420100e+07 	
3.55955956e+06 	 9.574890e-06 	 1.419785e+07 	
3.56006006e+06 	 9.567289e-06 	 1.419470e+07 	
3.56056056e+06 	 9.559694e-06 	 1.419155e+07 	
3.56106106e+06 	 9.552105e-06 	 1.418841e+07 	
3.56156156e+06 	 9.544522e-06 	 1.418526e+07 	
3.56206206e+06 	 9.536944e-06 	 1.418212e+07 	
3.56256256e+06 	 9.529373e-06 	 1.417897e+07 	
3.56306306e+06 	 9.521807e-06 	 1.417583e+07 	
3.56356356e+06 	 9.514247e-06 	 1.417269e+07 	
3.56406406e+06 	 9.506693e-06 	 1.416955e+07 	
3.56456456e+06 	 9.499144e-06 	 1.416641e+07 	
3.56506507e+06 	 9.491602e-06 	 1.416327e+07 	
3.56556557e+06 	 9.484065e-06 	 1.416013e+07 	
3.56606607e+06 	 9.476534e-06 	 1.415700e+07 	
3.56656657e+06 	 9.469009e-06 	 1.415386e+07 	
3.56706707e+06 	 9.461490e-06 	 1.415073e+07 	
3.56756757e+06 	 9.453976e-06 	 1.414760e+07 	
3.56806807e+06 	 9.446469e-06 	 1.414446e+07 	
3.56856857e+06 	 9.438967e-06 	 1.414133e+07 	
3.56906907e+06 	 9.431470e-06 	 1.413820e+07 	
3.56956957e+06 	 9.423980e-06 	 1.413507e+07 	
3.57007007e+06 	 9.416495e-06 	 1.413195e+07 	
3.57057057e+06 	 9.409017e-06 	 1.412882e+07 	
3.57107107e+06 	 9.401544e-06 	 1.412569e+07 	
3.57157157e+06 	 9.394076e-06 	 1.412257e+07 	
3.57207207e+06 	 9.386615e-06 	 1.411945e+07 	
3.57257257e+06 	 9.379159e-06 	 1.411632e+07 	
3.57307307e+06 	 9.371709e-06 	 1.411320e+07 	
3.57357357e+06 	 9.364264e-06 	 1.411008e+07 	
3.57407407e+06 	 9.356826e-06 	 1.410696e+07 	
3.57457457e+06 	 9.349393e-06 	 1.410385e+07 	
3.57507508e+06 	 9.341965e-06 	 1.410073e+07 	
3.57557558e+06 	 9.334544e-06 	 1.409761e+07 	
3.57607608e+06 	 9.327128e-06 	 1.409450e+07 	
3.57657658e+06 	 9.319718e-06 	 1.409138e+07 	
3.57707708e+06 	 9.312313e-06 	 1.408827e+07 	
3.57757758e+06 	 9.304915e-06 	 1.408516e+07 	
3.57807808e+06 	 9.297522e-06 	 1.408205e+07 	
3.57857858e+06 	 9.290134e-06 	 1.407894e+07 	
3.57907908e+06 	 9.282752e-06 	 1.407583e+07 	
3.57957958e+06 	 9.275376e-06 	 1.407272e+07 	
3.58008008e+06 	 9.268006e-06 	 1.406962e+07 	
3.58058058e+06 	 9.260641e-06 	 1.406651e+07 	
3.58108108e+06 	 9.253282e-06 	 1.406341e+07 	
3.58158158e+06 	 9.245929e-06 	 1.406030e+07 	
3.58208208e+06 	 9.238581e-06 	 1.405720e+07 	
3.58258258e+06 	 9.231239e-06 	 1.405410e+07 	
3.58308308e+06 	 9.223902e-06 	 1.405100e+07 	
3.58358358e+06 	 9.216571e-06 	 1.404790e+07 	
3.58408408e+06 	 9.209246e-06 	 1.404480e+07 	
3.58458458e+06 	 9.201926e-06 	 1.404171e+07 	
3.58508509e+06 	 9.194612e-06 	 1.403861e+07 	
3.58558559e+06 	 9.187304e-06 	 1.403552e+07 	
3.58608609e+06 	 9.180001e-06 	 1.403242e+07 	
3.58658659e+06 	 9.172704e-06 	 1.402933e+07 	
3.58708709e+06 	 9.165412e-06 	 1.402624e+07 	
3.58758759e+06 	 9.158126e-06 	 1.402315e+07 	
3.58808809e+06 	 9.150846e-06 	 1.402006e+07 	
3.58858859e+06 	 9.143571e-06 	 1.401697e+07 	
3.58908909e+06 	 9.136301e-06 	 1.401388e+07 	
3.58958959e+06 	 9.129037e-06 	 1.401079e+07 	
3.59009009e+06 	 9.121779e-06 	 1.400771e+07 	
3.59059059e+06 	 9.114526e-06 	 1.400462e+07 	
3.59109109e+06 	 9.107279e-06 	 1.400154e+07 	
3.59159159e+06 	 9.100038e-06 	 1.399846e+07 	
3.59209209e+06 	 9.092802e-06 	 1.399538e+07 	
3.59259259e+06 	 9.085571e-06 	 1.399230e+07 	
3.59309309e+06 	 9.078346e-06 	 1.398922e+07 	
3.59359359e+06 	 9.071126e-06 	 1.398614e+07 	
3.59409409e+06 	 9.063912e-06 	 1.398306e+07 	
3.59459459e+06 	 9.056704e-06 	 1.397999e+07 	
3.59509510e+06 	 9.049501e-06 	 1.397691e+07 	
3.59559560e+06 	 9.042304e-06 	 1.397384e+07 	
3.59609610e+06 	 9.035112e-06 	 1.397077e+07 	
3.59659660e+06 	 9.027925e-06 	 1.396769e+07 	
3.59709710e+06 	 9.020744e-06 	 1.396462e+07 	
3.59759760e+06 	 9.013568e-06 	 1.396155e+07 	
3.59809810e+06 	 9.006398e-06 	 1.395848e+07 	
3.59859860e+06 	 8.999234e-06 	 1.395542e+07 	
3.59909910e+06 	 8.992075e-06 	 1.395235e+07 	
3.59959960e+06 	 8.984921e-06 	 1.394928e+07 	
3.60010010e+06 	 8.977773e-06 	 1.394622e+07 	
3.60060060e+06 	 8.970630e-06 	 1.394316e+07 	
3.60110110e+06 	 8.963493e-06 	 1.394009e+07 	
3.60160160e+06 	 8.956361e-06 	 1.393703e+07 	
3.60210210e+06 	 8.949234e-06 	 1.393397e+07 	
3.60260260e+06 	 8.942113e-06 	 1.393091e+07 	
3.60310310e+06 	 8.934998e-06 	 1.392785e+07 	
3.60360360e+06 	 8.927887e-06 	 1.392480e+07 	
3.60410410e+06 	 8.920783e-06 	 1.392174e+07 	
3.60460460e+06 	 8.913683e-06 	 1.391868e+07 	
3.60510511e+06 	 8.906589e-06 	 1.391563e+07 	
3.60560561e+06 	 8.899501e-06 	 1.391258e+07 	
3.60610611e+06 	 8.892417e-06 	 1.390952e+07 	
3.60660661e+06 	 8.885340e-06 	 1.390647e+07 	
3.60710711e+06 	 8.878267e-06 	 1.390342e+07 	
3.60760761e+06 	 8.871200e-06 	 1.390037e+07 	
3.60810811e+06 	 8.864138e-06 	 1.389733e+07 	
3.60860861e+06 	 8.857082e-06 	 1.389428e+07 	
3.60910911e+06 	 8.850031e-06 	 1.389123e+07 	
3.60960961e+06 	 8.842985e-06 	 1.388819e+07 	
3.61011011e+06 	 8.835945e-06 	 1.388514e+07 	
3.61061061e+06 	 8.828910e-06 	 1.388210e+07 	
3.61111111e+06 	 8.821880e-06 	 1.387906e+07 	
3.61161161e+06 	 8.814856e-06 	 1.387602e+07 	
3.61211211e+06 	 8.807837e-06 	 1.387298e+07 	
3.61261261e+06 	 8.800824e-06 	 1.386994e+07 	
3.61311311e+06 	 8.793815e-06 	 1.386690e+07 	
3.61361361e+06 	 8.786812e-06 	 1.386387e+07 	
3.61411411e+06 	 8.779815e-06 	 1.386083e+07 	
3.61461461e+06 	 8.772822e-06 	 1.385779e+07 	
3.61511512e+06 	 8.765835e-06 	 1.385476e+07 	
3.61561562e+06 	 8.758853e-06 	 1.385173e+07 	
3.61611612e+06 	 8.751877e-06 	 1.384870e+07 	
3.61661662e+06 	 8.744905e-06 	 1.384567e+07 	
3.61711712e+06 	 8.737939e-06 	 1.384264e+07 	
3.61761762e+06 	 8.730979e-06 	 1.383961e+07 	
3.61811812e+06 	 8.724023e-06 	 1.383658e+07 	
3.61861862e+06 	 8.717073e-06 	 1.383355e+07 	
3.61911912e+06 	 8.710128e-06 	 1.383053e+07 	
3.61961962e+06 	 8.703188e-06 	 1.382750e+07 	
3.62012012e+06 	 8.696254e-06 	 1.382448e+07 	
3.62062062e+06 	 8.689325e-06 	 1.382146e+07 	
3.62112112e+06 	 8.682401e-06 	 1.381844e+07 	
3.62162162e+06 	 8.675482e-06 	 1.381542e+07 	
3.62212212e+06 	 8.668568e-06 	 1.381240e+07 	
3.62262262e+06 	 8.661660e-06 	 1.380938e+07 	
3.62312312e+06 	 8.654757e-06 	 1.380636e+07 	
3.62362362e+06 	 8.647859e-06 	 1.380334e+07 	
3.62412412e+06 	 8.640966e-06 	 1.380033e+07 	
3.62462462e+06 	 8.634079e-06 	 1.379731e+07 	
3.62512513e+06 	 8.627196e-06 	 1.379430e+07 	
3.62562563e+06 	 8.620319e-06 	 1.379129e+07 	
3.62612613e+06 	 8.613447e-06 	 1.378828e+07 	
3.62662663e+06 	 8.606581e-06 	 1.378527e+07 	
3.62712713e+06 	 8.599719e-06 	 1.378226e+07 	
3.62762763e+06 	 8.592862e-06 	 1.377925e+07 	
3.62812813e+06 	 8.586011e-06 	 1.377624e+07 	
3.62862863e+06 	 8.579165e-06 	 1.377323e+07 	
3.62912913e+06 	 8.572324e-06 	 1.377023e+07 	
3.62962963e+06 	 8.565488e-06 	 1.376722e+07 	
3.63013013e+06 	 8.558657e-06 	 1.376422e+07 	
3.63063063e+06 	 8.551832e-06 	 1.376122e+07 	
3.63113113e+06 	 8.545011e-06 	 1.375822e+07 	
3.63163163e+06 	 8.538196e-06 	 1.375522e+07 	
3.63213213e+06 	 8.531386e-06 	 1.375222e+07 	
3.63263263e+06 	 8.524581e-06 	 1.374922e+07 	
3.63313313e+06 	 8.517781e-06 	 1.374622e+07 	
3.63363363e+06 	 8.510986e-06 	 1.374323e+07 	
3.63413413e+06 	 8.504196e-06 	 1.374023e+07 	
3.63463463e+06 	 8.497411e-06 	 1.373724e+07 	
3.63513514e+06 	 8.490632e-06 	 1.373424e+07 	
3.63563564e+06 	 8.483857e-06 	 1.373125e+07 	
3.63613614e+06 	 8.477088e-06 	 1.372826e+07 	
3.63663664e+06 	 8.470323e-06 	 1.372527e+07 	
3.63713714e+06 	 8.463564e-06 	 1.372228e+07 	
3.63763764e+06 	 8.456809e-06 	 1.371929e+07 	
3.63813814e+06 	 8.450060e-06 	 1.371630e+07 	
3.63863864e+06 	 8.443316e-06 	 1.371332e+07 	
3.63913914e+06 	 8.436577e-06 	 1.371033e+07 	
3.63963964e+06 	 8.429843e-06 	 1.370735e+07 	
3.64014014e+06 	 8.423114e-06 	 1.370437e+07 	
3.64064064e+06 	 8.416390e-06 	 1.370138e+07 	
3.64114114e+06 	 8.409671e-06 	 1.369840e+07 	
3.64164164e+06 	 8.402957e-06 	 1.369542e+07 	
3.64214214e+06 	 8.396248e-06 	 1.369244e+07 	
3.64264264e+06 	 8.389544e-06 	 1.368946e+07 	
3.64314314e+06 	 8.382845e-06 	 1.368649e+07 	
3.64364364e+06 	 8.376151e-06 	 1.368351e+07 	
3.64414414e+06 	 8.369462e-06 	 1.368054e+07 	
3.64464464e+06 	 8.362778e-06 	 1.367756e+07 	
3.64514515e+06 	 8.356098e-06 	 1.367459e+07 	
3.64564565e+06 	 8.349424e-06 	 1.367162e+07 	
3.64614615e+06 	 8.342755e-06 	 1.366864e+07 	
3.64664665e+06 	 8.336091e-06 	 1.366567e+07 	
3.64714715e+06 	 8.329432e-06 	 1.366270e+07 	
3.64764765e+06 	 8.322778e-06 	 1.365974e+07 	
3.64814815e+06 	 8.316129e-06 	 1.365677e+07 	
3.64864865e+06 	 8.309484e-06 	 1.365380e+07 	
3.64914915e+06 	 8.302845e-06 	 1.365084e+07 	
3.64964965e+06 	 8.296210e-06 	 1.364787e+07 	
3.65015015e+06 	 8.289581e-06 	 1.364491e+07 	
3.65065065e+06 	 8.282956e-06 	 1.364195e+07 	
3.65115115e+06 	 8.276337e-06 	 1.363899e+07 	
3.65165165e+06 	 8.269722e-06 	 1.363603e+07 	
3.65215215e+06 	 8.263112e-06 	 1.363307e+07 	
3.65265265e+06 	 8.256507e-06 	 1.363011e+07 	
3.65315315e+06 	 8.249907e-06 	 1.362715e+07 	
3.65365365e+06 	 8.243312e-06 	 1.362419e+07 	
3.65415415e+06 	 8.236722e-06 	 1.362124e+07 	
3.65465465e+06 	 8.230137e-06 	 1.361828e+07 	
3.65515516e+06 	 8.223556e-06 	 1.361533e+07 	
3.65565566e+06 	 8.216981e-06 	 1.361238e+07 	
3.65615616e+06 	 8.210410e-06 	 1.360943e+07 	
3.65665666e+06 	 8.203845e-06 	 1.360647e+07 	
3.65715716e+06 	 8.197284e-06 	 1.360353e+07 	
3.65765766e+06 	 8.190728e-06 	 1.360058e+07 	
3.65815816e+06 	 8.184177e-06 	 1.359763e+07 	
3.65865866e+06 	 8.177630e-06 	 1.359468e+07 	
3.65915916e+06 	 8.171089e-06 	 1.359174e+07 	
3.65965966e+06 	 8.164552e-06 	 1.358879e+07 	
3.66016016e+06 	 8.158020e-06 	 1.358585e+07 	
3.66066066e+06 	 8.151494e-06 	 1.358291e+07 	
3.66116116e+06 	 8.144972e-06 	 1.357996e+07 	
3.66166166e+06 	 8.138454e-06 	 1.357702e+07 	
3.66216216e+06 	 8.131942e-06 	 1.357408e+07 	
3.66266266e+06 	 8.125434e-06 	 1.357114e+07 	
3.66316316e+06 	 8.118931e-06 	 1.356821e+07 	
3.66366366e+06 	 8.112434e-06 	 1.356527e+07 	
3.66416416e+06 	 8.105940e-06 	 1.356233e+07 	
3.66466466e+06 	 8.099452e-06 	 1.355940e+07 	
3.66516517e+06 	 8.092968e-06 	 1.355646e+07 	
3.66566567e+06 	 8.086490e-06 	 1.355353e+07 	
3.66616617e+06 	 8.080016e-06 	 1.355060e+07 	
3.66666667e+06 	 8.073547e-06 	 1.354767e+07 	
3.66716717e+06 	 8.067082e-06 	 1.354474e+07 	
3.66766767e+06 	 8.060623e-06 	 1.354181e+07 	
3.66816817e+06 	 8.054168e-06 	 1.353888e+07 	
3.66866867e+06 	 8.047718e-06 	 1.353595e+07 	
3.66916917e+06 	 8.041272e-06 	 1.353303e+07 	
3.66966967e+06 	 8.034832e-06 	 1.353010e+07 	
3.67017017e+06 	 8.028396e-06 	 1.352718e+07 	
3.67067067e+06 	 8.021965e-06 	 1.352425e+07 	
3.67117117e+06 	 8.015539e-06 	 1.352133e+07 	
3.67167167e+06 	 8.009117e-06 	 1.351841e+07 	
3.67217217e+06 	 8.002700e-06 	 1.351549e+07 	
3.67267267e+06 	 7.996288e-06 	 1.351257e+07 	
3.67317317e+06 	 7.989881e-06 	 1.350965e+07 	
3.67367367e+06 	 7.983478e-06 	 1.350674e+07 	
3.67417417e+06 	 7.977080e-06 	 1.350382e+07 	
3.67467467e+06 	 7.970687e-06 	 1.350090e+07 	
3.67517518e+06 	 7.964298e-06 	 1.349799e+07 	
3.67567568e+06 	 7.957915e-06 	 1.349507e+07 	
3.67617618e+06 	 7.951536e-06 	 1.349216e+07 	
3.67667668e+06 	 7.945161e-06 	 1.348925e+07 	
3.67717718e+06 	 7.938791e-06 	 1.348634e+07 	
3.67767768e+06 	 7.932426e-06 	 1.348343e+07 	
3.67817818e+06 	 7.926066e-06 	 1.348052e+07 	
3.67867868e+06 	 7.919710e-06 	 1.347761e+07 	
3.67917918e+06 	 7.913359e-06 	 1.347471e+07 	
3.67967968e+06 	 7.907013e-06 	 1.347180e+07 	
3.68018018e+06 	 7.900671e-06 	 1.346890e+07 	
3.68068068e+06 	 7.894334e-06 	 1.346599e+07 	
3.68118118e+06 	 7.888002e-06 	 1.346309e+07 	
3.68168168e+06 	 7.881674e-06 	 1.346019e+07 	
3.68218218e+06 	 7.875351e-06 	 1.345729e+07 	
3.68268268e+06 	 7.869033e-06 	 1.345439e+07 	
3.68318318e+06 	 7.862719e-06 	 1.345149e+07 	
3.68368368e+06 	 7.856410e-06 	 1.344859e+07 	
3.68418418e+06 	 7.850106e-06 	 1.344569e+07 	
3.68468468e+06 	 7.843806e-06 	 1.344279e+07 	
3.68518519e+06 	 7.837510e-06 	 1.343990e+07 	
3.68568569e+06 	 7.831220e-06 	 1.343700e+07 	
3.68618619e+06 	 7.824934e-06 	 1.343411e+07 	
3.68668669e+06 	 7.818652e-06 	 1.343122e+07 	
3.68718719e+06 	 7.812375e-06 	 1.342833e+07 	
3.68768769e+06 	 7.806103e-06 	 1.342544e+07 	
3.68818819e+06 	 7.799836e-06 	 1.342255e+07 	
3.68868869e+06 	 7.793573e-06 	 1.341966e+07 	
3.68918919e+06 	 7.787314e-06 	 1.341677e+07 	
3.68968969e+06 	 7.781060e-06 	 1.341388e+07 	
3.69019019e+06 	 7.774811e-06 	 1.341100e+07 	
3.69069069e+06 	 7.768566e-06 	 1.340811e+07 	
3.69119119e+06 	 7.762326e-06 	 1.340523e+07 	
3.69169169e+06 	 7.756090e-06 	 1.340235e+07 	
3.69219219e+06 	 7.749859e-06 	 1.339946e+07 	
3.69269269e+06 	 7.743633e-06 	 1.339658e+07 	
3.69319319e+06 	 7.737411e-06 	 1.339370e+07 	
3.69369369e+06 	 7.731193e-06 	 1.339082e+07 	
3.69419419e+06 	 7.724981e-06 	 1.338795e+07 	
3.69469469e+06 	 7.718772e-06 	 1.338507e+07 	
3.69519520e+06 	 7.712568e-06 	 1.338219e+07 	
3.69569570e+06 	 7.706369e-06 	 1.337932e+07 	
3.69619620e+06 	 7.700174e-06 	 1.337644e+07 	
3.69669670e+06 	 7.693984e-06 	 1.337357e+07 	
3.69719720e+06 	 7.687798e-06 	 1.337070e+07 	
3.69769770e+06 	 7.681617e-06 	 1.336782e+07 	
3.69819820e+06 	 7.675440e-06 	 1.336495e+07 	
3.69869870e+06 	 7.669268e-06 	 1.336208e+07 	
3.69919920e+06 	 7.663100e-06 	 1.335922e+07 	
3.69969970e+06 	 7.656937e-06 	 1.335635e+07 	
3.70020020e+06 	 7.650778e-06 	 1.335348e+07 	
3.70070070e+06 	 7.644624e-06 	 1.335061e+07 	
3.70120120e+06 	 7.638474e-06 	 1.334775e+07 	
3.70170170e+06 	 7.632329e-06 	 1.334489e+07 	
3.70220220e+06 	 7.626188e-06 	 1.334202e+07 	
3.70270270e+06 	 7.620052e-06 	 1.333916e+07 	
3.70320320e+06 	 7.613920e-06 	 1.333630e+07 	
3.70370370e+06 	 7.607792e-06 	 1.333344e+07 	
3.70420420e+06 	 7.601669e-06 	 1.333058e+07 	
3.70470470e+06 	 7.595551e-06 	 1.332772e+07 	
3.70520521e+06 	 7.589437e-06 	 1.332486e+07 	
3.70570571e+06 	 7.583327e-06 	 1.332201e+07 	
3.70620621e+06 	 7.577222e-06 	 1.331915e+07 	
3.70670671e+06 	 7.571121e-06 	 1.331630e+07 	
3.70720721e+06 	 7.565024e-06 	 1.331344e+07 	
3.70770771e+06 	 7.558932e-06 	 1.331059e+07 	
3.70820821e+06 	 7.552845e-06 	 1.330774e+07 	
3.70870871e+06 	 7.546761e-06 	 1.330489e+07 	
3.70920921e+06 	 7.540683e-06 	 1.330204e+07 	
3.70970971e+06 	 7.534608e-06 	 1.329919e+07 	
3.71021021e+06 	 7.528538e-06 	 1.329634e+07 	
3.71071071e+06 	 7.522473e-06 	 1.329349e+07 	
3.71121121e+06 	 7.516411e-06 	 1.329065e+07 	
3.71171171e+06 	 7.510355e-06 	 1.328780e+07 	
3.71221221e+06 	 7.504302e-06 	 1.328496e+07 	
3.71271271e+06 	 7.498254e-06 	 1.328212e+07 	
3.71321321e+06 	 7.492210e-06 	 1.327927e+07 	
3.71371371e+06 	 7.486171e-06 	 1.327643e+07 	
3.71421421e+06 	 7.480136e-06 	 1.327359e+07 	
3.71471471e+06 	 7.474105e-06 	 1.327075e+07 	
3.71521522e+06 	 7.468079e-06 	 1.326791e+07 	
3.71571572e+06 	 7.462057e-06 	 1.326507e+07 	
3.71621622e+06 	 7.456039e-06 	 1.326224e+07 	
3.71671672e+06 	 7.450026e-06 	 1.325940e+07 	
3.71721722e+06 	 7.444017e-06 	 1.325657e+07 	
3.71771772e+06 	 7.438013e-06 	 1.325373e+07 	
3.71821822e+06 	 7.432012e-06 	 1.325090e+07 	
3.71871872e+06 	 7.426016e-06 	 1.324807e+07 	
3.71921922e+06 	 7.420025e-06 	 1.324524e+07 	
3.71971972e+06 	 7.414037e-06 	 1.324241e+07 	
3.72022022e+06 	 7.408054e-06 	 1.323958e+07 	
3.72072072e+06 	 7.402075e-06 	 1.323675e+07 	
3.72122122e+06 	 7.396101e-06 	 1.323392e+07 	
3.72172172e+06 	 7.390131e-06 	 1.323109e+07 	
3.72222222e+06 	 7.384165e-06 	 1.322827e+07 	
3.72272272e+06 	 7.378203e-06 	 1.322544e+07 	
3.72322322e+06 	 7.372246e-06 	 1.322262e+07 	
3.72372372e+06 	 7.366293e-06 	 1.321980e+07 	
3.72422422e+06 	 7.360344e-06 	 1.321698e+07 	
3.72472472e+06 	 7.354400e-06 	 1.321415e+07 	
3.72522523e+06 	 7.348460e-06 	 1.321133e+07 	
3.72572573e+06 	 7.342524e-06 	 1.320851e+07 	
3.72622623e+06 	 7.336592e-06 	 1.320570e+07 	
3.72672673e+06 	 7.330664e-06 	 1.320288e+07 	
3.72722723e+06 	 7.324741e-06 	 1.320006e+07 	
3.72772773e+06 	 7.318822e-06 	 1.319725e+07 	
3.72822823e+06 	 7.312907e-06 	 1.319443e+07 	
3.72872873e+06 	 7.306997e-06 	 1.319162e+07 	
3.72922923e+06 	 7.301090e-06 	 1.318881e+07 	
3.72972973e+06 	 7.295188e-06 	 1.318599e+07 	
3.73023023e+06 	 7.289291e-06 	 1.318318e+07 	
3.73073073e+06 	 7.283397e-06 	 1.318037e+07 	
3.73123123e+06 	 7.277507e-06 	 1.317756e+07 	
3.73173173e+06 	 7.271622e-06 	 1.317476e+07 	
3.73223223e+06 	 7.265741e-06 	 1.317195e+07 	
3.73273273e+06 	 7.259864e-06 	 1.316914e+07 	
3.73323323e+06 	 7.253991e-06 	 1.316634e+07 	
3.73373373e+06 	 7.248123e-06 	 1.316353e+07 	
3.73423423e+06 	 7.242259e-06 	 1.316073e+07 	
3.73473473e+06 	 7.236761e-06 	 1.315791e+07 	
3.73523524e+06 	 7.230908e-06 	 1.315511e+07 	
3.73573574e+06 	 7.225059e-06 	 1.315231e+07 	
3.73623624e+06 	 7.219214e-06 	 1.314951e+07 	
3.73673674e+06 	 7.213374e-06 	 1.314671e+07 	
3.73723724e+06 	 7.207538e-06 	 1.314391e+07 	
3.73773774e+06 	 7.201706e-06 	 1.314111e+07 	
3.73823824e+06 	 7.195878e-06 	 1.313832e+07 	
3.73873874e+06 	 7.190054e-06 	 1.313552e+07 	
3.73923924e+06 	 7.184234e-06 	 1.313273e+07 	
3.73973974e+06 	 7.178419e-06 	 1.312993e+07 	
3.74024024e+06 	 7.172608e-06 	 1.312714e+07 	
3.74074074e+06 	 7.166801e-06 	 1.312435e+07 	
3.74124124e+06 	 7.160998e-06 	 1.312156e+07 	
3.74174174e+06 	 7.155199e-06 	 1.311877e+07 	
3.74224224e+06 	 7.149404e-06 	 1.311598e+07 	
3.74274274e+06 	 7.143614e-06 	 1.311319e+07 	
3.74324324e+06 	 7.137827e-06 	 1.311040e+07 	
3.74374374e+06 	 7.132045e-06 	 1.310762e+07 	
3.74424424e+06 	 7.126267e-06 	 1.310483e+07 	
3.74474474e+06 	 7.120493e-06 	 1.310205e+07 	
3.74524525e+06 	 7.114723e-06 	 1.309926e+07 	
3.74574575e+06 	 7.108957e-06 	 1.309648e+07 	
3.74624625e+06 	 7.103196e-06 	 1.309370e+07 	
3.74674675e+06 	 7.097438e-06 	 1.309092e+07 	
3.74724725e+06 	 7.091685e-06 	 1.308814e+07 	
3.74774775e+06 	 7.085935e-06 	 1.308536e+07 	
3.74824825e+06 	 7.080190e-06 	 1.308258e+07 	
3.74874875e+06 	 7.074449e-06 	 1.307980e+07 	
3.74924925e+06 	 7.068712e-06 	 1.307702e+07 	
3.74974975e+06 	 7.062979e-06 	 1.307425e+07 	
3.75025025e+06 	 7.057250e-06 	 1.307147e+07 	
3.75075075e+06 	 7.051525e-06 	 1.306870e+07 	
3.75125125e+06 	 7.045804e-06 	 1.306593e+07 	
3.75175175e+06 	 7.040087e-06 	 1.306316e+07 	
3.75225225e+06 	 7.034374e-06 	 1.306038e+07 	
3.75275275e+06 	 7.028666e-06 	 1.305761e+07 	
3.75325325e+06 	 7.022961e-06 	 1.305485e+07 	
3.75375375e+06 	 7.017261e-06 	 1.305208e+07 	
3.75425425e+06 	 7.011564e-06 	 1.304931e+07 	
3.75475475e+06 	 7.005872e-06 	 1.304654e+07 	
3.75525526e+06 	 7.000183e-06 	 1.304378e+07 	
3.75575576e+06 	 6.994499e-06 	 1.304101e+07 	
3.75625626e+06 	 6.988818e-06 	 1.303825e+07 	
3.75675676e+06 	 6.983142e-06 	 1.303549e+07 	
3.75725726e+06 	 6.977470e-06 	 1.303272e+07 	
3.75775776e+06 	 6.971801e-06 	 1.302996e+07 	
3.75825826e+06 	 6.966137e-06 	 1.302720e+07 	
3.75875876e+06 	 6.960477e-06 	 1.302444e+07 	
3.75925926e+06 	 6.954821e-06 	 1.302168e+07 	
3.75975976e+06 	 6.949168e-06 	 1.301893e+07 	
3.76026026e+06 	 6.943520e-06 	 1.301617e+07 	
3.76076076e+06 	 6.937876e-06 	 1.301341e+07 	
3.76126126e+06 	 6.932235e-06 	 1.301066e+07 	
3.76176176e+06 	 6.926599e-06 	 1.300791e+07 	
3.76226226e+06 	 6.920967e-06 	 1.300515e+07 	
3.76276276e+06 	 6.915338e-06 	 1.300240e+07 	
3.76326326e+06 	 6.909714e-06 	 1.299965e+07 	
3.76376376e+06 	 6.904093e-06 	 1.299690e+07 	
3.76426426e+06 	 6.898477e-06 	 1.299415e+07 	
3.76476476e+06 	 6.892864e-06 	 1.299140e+07 	
3.76526527e+06 	 6.887256e-06 	 1.298865e+07 	
3.76576577e+06 	 6.881651e-06 	 1.298591e+07 	
3.76626627e+06 	 6.876050e-06 	 1.298316e+07 	
3.76676677e+06 	 6.870454e-06 	 1.298041e+07 	
3.76726727e+06 	 6.864861e-06 	 1.297767e+07 	
3.76776777e+06 	 6.859272e-06 	 1.297493e+07 	
3.76826827e+06 	 6.853687e-06 	 1.297218e+07 	
3.76876877e+06 	 6.848106e-06 	 1.296944e+07 	
3.76926927e+06 	 6.842529e-06 	 1.296670e+07 	
3.76976977e+06 	 6.836956e-06 	 1.296396e+07 	
3.77027027e+06 	 6.831386e-06 	 1.296122e+07 	
3.77077077e+06 	 6.825821e-06 	 1.295849e+07 	
3.77127127e+06 	 6.820260e-06 	 1.295575e+07 	
3.77177177e+06 	 6.814702e-06 	 1.295301e+07 	
3.77227227e+06 	 6.809148e-06 	 1.295028e+07 	
3.77277277e+06 	 6.803941e-06 	 1.294753e+07 	
3.77327327e+06 	 6.798398e-06 	 1.294479e+07 	
3.77377377e+06 	 6.792859e-06 	 1.294206e+07 	
3.77427427e+06 	 6.787323e-06 	 1.293933e+07 	
3.77477477e+06 	 6.781792e-06 	 1.293660e+07 	
3.77527528e+06 	 6.776265e-06 	 1.293387e+07 	
3.77577578e+06 	 6.770741e-06 	 1.293114e+07 	
3.77627628e+06 	 6.765221e-06 	 1.292841e+07 	
3.77677678e+06 	 6.759706e-06 	 1.292568e+07 	
3.77727728e+06 	 6.754194e-06 	 1.292296e+07 	
3.77777778e+06 	 6.748686e-06 	 1.292023e+07 	
3.77827828e+06 	 6.743182e-06 	 1.291750e+07 	
3.77877878e+06 	 6.737681e-06 	 1.291478e+07 	
3.77927928e+06 	 6.732185e-06 	 1.291206e+07 	
3.77977978e+06 	 6.726693e-06 	 1.290934e+07 	
3.78028028e+06 	 6.721204e-06 	 1.290661e+07 	
3.78078078e+06 	 6.715719e-06 	 1.290389e+07 	
3.78128128e+06 	 6.710238e-06 	 1.290117e+07 	
3.78178178e+06 	 6.704761e-06 	 1.289846e+07 	
3.78228228e+06 	 6.699288e-06 	 1.289574e+07 	
3.78278278e+06 	 6.693818e-06 	 1.289302e+07 	
3.78328328e+06 	 6.688353e-06 	 1.289030e+07 	
3.78378378e+06 	 6.682891e-06 	 1.288759e+07 	
3.78428428e+06 	 6.677433e-06 	 1.288487e+07 	
3.78478478e+06 	 6.671979e-06 	 1.288216e+07 	
3.78528529e+06 	 6.666529e-06 	 1.287945e+07 	
3.78578579e+06 	 6.661082e-06 	 1.287674e+07 	
3.78628629e+06 	 6.655639e-06 	 1.287403e+07 	
3.78678679e+06 	 6.650201e-06 	 1.287132e+07 	
3.78728729e+06 	 6.644766e-06 	 1.286861e+07 	
3.78778779e+06 	 6.639334e-06 	 1.286590e+07 	
3.78828829e+06 	 6.633907e-06 	 1.286319e+07 	
3.78878879e+06 	 6.628483e-06 	 1.286048e+07 	
3.78928929e+06 	 6.623063e-06 	 1.285778e+07 	
3.78978979e+06 	 6.617647e-06 	 1.285507e+07 	
3.79029029e+06 	 6.612235e-06 	 1.285237e+07 	
3.79079079e+06 	 6.606827e-06 	 1.284967e+07 	
3.79129129e+06 	 6.601422e-06 	 1.284697e+07 	
3.79179179e+06 	 6.596021e-06 	 1.284426e+07 	
3.79229229e+06 	 6.590624e-06 	 1.284156e+07 	
3.79279279e+06 	 6.585230e-06 	 1.283886e+07 	
3.79329329e+06 	 6.579841e-06 	 1.283617e+07 	
3.79379379e+06 	 6.574455e-06 	 1.283347e+07 	
3.79429429e+06 	 6.569073e-06 	 1.283077e+07 	
3.79479479e+06 	 6.563694e-06 	 1.282807e+07 	
3.79529530e+06 	 6.558320e-06 	 1.282538e+07 	
3.79579580e+06 	 6.552949e-06 	 1.282269e+07 	
3.79629630e+06 	 6.547582e-06 	 1.281999e+07 	
3.79679680e+06 	 6.542218e-06 	 1.281730e+07 	
3.79729730e+06 	 6.536859e-06 	 1.281461e+07 	
3.79779780e+06 	 6.531503e-06 	 1.281192e+07 	
3.79829830e+06 	 6.526150e-06 	 1.280923e+07 	
3.79879880e+06 	 6.520802e-06 	 1.280654e+07 	
3.79929930e+06 	 6.515457e-06 	 1.280385e+07 	
3.79979980e+06 	 6.510116e-06 	 1.280116e+07 	
3.80030030e+06 	 6.504779e-06 	 1.279848e+07 	
3.80080080e+06 	 6.499445e-06 	 1.279579e+07 	
3.80130130e+06 	 6.494115e-06 	 1.279310e+07 	
3.80180180e+06 	 6.488789e-06 	 1.279042e+07 	
3.80230230e+06 	 6.483466e-06 	 1.278774e+07 	
3.80280280e+06 	 6.478147e-06 	 1.278506e+07 	
3.80330330e+06 	 6.472832e-06 	 1.278237e+07 	
3.80380380e+06 	 6.467521e-06 	 1.277969e+07 	
3.80430430e+06 	 6.462213e-06 	 1.277701e+07 	
3.80480480e+06 	 6.456909e-06 	 1.277434e+07 	
3.80530531e+06 	 6.451608e-06 	 1.277166e+07 	
3.80580581e+06 	 6.446311e-06 	 1.276898e+07 	
3.80630631e+06 	 6.441018e-06 	 1.276630e+07 	
3.80680681e+06 	 6.435729e-06 	 1.276363e+07 	
3.80730731e+06 	 6.430443e-06 	 1.276095e+07 	
3.80780781e+06 	 6.425161e-06 	 1.275828e+07 	
3.80830831e+06 	 6.419882e-06 	 1.275561e+07 	
3.80880881e+06 	 6.414607e-06 	 1.275294e+07 	
3.80930931e+06 	 6.409336e-06 	 1.275026e+07 	
3.80980981e+06 	 6.404068e-06 	 1.274759e+07 	
3.81031031e+06 	 6.398805e-06 	 1.274493e+07 	
3.81081081e+06 	 6.393544e-06 	 1.274226e+07 	
3.81131131e+06 	 6.388288e-06 	 1.273959e+07 	
3.81181181e+06 	 6.383356e-06 	 1.273691e+07 	
3.81231231e+06 	 6.378109e-06 	 1.273424e+07 	
3.81281281e+06 	 6.372866e-06 	 1.273157e+07 	
3.81331331e+06 	 6.367626e-06 	 1.272891e+07 	
3.81381381e+06 	 6.362391e-06 	 1.272625e+07 	
3.81431431e+06 	 6.357158e-06 	 1.272358e+07 	
3.81481481e+06 	 6.351930e-06 	 1.272092e+07 	
3.81531532e+06 	 6.346705e-06 	 1.271826e+07 	
3.81581582e+06 	 6.341483e-06 	 1.271560e+07 	
3.81631632e+06 	 6.336266e-06 	 1.271294e+07 	
3.81681682e+06 	 6.331051e-06 	 1.271028e+07 	
3.81731732e+06 	 6.325841e-06 	 1.270763e+07 	
3.81781782e+06 	 6.320634e-06 	 1.270497e+07 	
3.81831832e+06 	 6.315431e-06 	 1.270231e+07 	
3.81881882e+06 	 6.310231e-06 	 1.269966e+07 	
3.81931932e+06 	 6.305035e-06 	 1.269700e+07 	
3.81981982e+06 	 6.299842e-06 	 1.269435e+07 	
3.82032032e+06 	 6.294653e-06 	 1.269170e+07 	
3.82082082e+06 	 6.289468e-06 	 1.268905e+07 	
3.82132132e+06 	 6.284286e-06 	 1.268640e+07 	
3.82182182e+06 	 6.279108e-06 	 1.268375e+07 	
3.82232232e+06 	 6.273933e-06 	 1.268110e+07 	
3.82282282e+06 	 6.268762e-06 	 1.267845e+07 	
3.82332332e+06 	 6.263594e-06 	 1.267580e+07 	
3.82382382e+06 	 6.258430e-06 	 1.267316e+07 	
3.82432432e+06 	 6.253270e-06 	 1.267051e+07 	
3.82482482e+06 	 6.248113e-06 	 1.266786e+07 	
3.82532533e+06 	 6.242960e-06 	 1.266522e+07 	
3.82582583e+06 	 6.237810e-06 	 1.266258e+07 	
3.82632633e+06 	 6.232664e-06 	 1.265994e+07 	
3.82682683e+06 	 6.227521e-06 	 1.265729e+07 	
3.82732733e+06 	 6.222382e-06 	 1.265465e+07 	
3.82782783e+06 	 6.217247e-06 	 1.265201e+07 	
3.82832833e+06 	 6.212114e-06 	 1.264937e+07 	
3.82882883e+06 	 6.206986e-06 	 1.264674e+07 	
3.82932933e+06 	 6.201861e-06 	 1.264410e+07 	
3.82982983e+06 	 6.196739e-06 	 1.264146e+07 	
3.83033033e+06 	 6.191621e-06 	 1.263883e+07 	
3.83083083e+06 	 6.186507e-06 	 1.263619e+07 	
3.83133133e+06 	 6.181396e-06 	 1.263356e+07 	
3.83183183e+06 	 6.176289e-06 	 1.263093e+07 	
3.83233233e+06 	 6.171185e-06 	 1.262829e+07 	
3.83283283e+06 	 6.166084e-06 	 1.262566e+07 	
3.83333333e+06 	 6.160987e-06 	 1.262303e+07 	
3.83383383e+06 	 6.155894e-06 	 1.262040e+07 	
3.83433433e+06 	 6.150804e-06 	 1.261777e+07 	
3.83483483e+06 	 6.145717e-06 	 1.261514e+07 	
3.83533534e+06 	 6.140634e-06 	 1.261252e+07 	
3.83583584e+06 	 6.135555e-06 	 1.260989e+07 	
3.83633634e+06 	 6.130479e-06 	 1.260727e+07 	
3.83683684e+06 	 6.125406e-06 	 1.260464e+07 	
3.83733734e+06 	 6.120337e-06 	 1.260202e+07 	
3.83783784e+06 	 6.115271e-06 	 1.259939e+07 	
3.83833834e+06 	 6.110209e-06 	 1.259677e+07 	
3.83883884e+06 	 6.105150e-06 	 1.259415e+07 	
3.83933934e+06 	 6.100095e-06 	 1.259153e+07 	
3.83983984e+06 	 6.095043e-06 	 1.258891e+07 	
3.84034034e+06 	 6.089995e-06 	 1.258629e+07 	
3.84084084e+06 	 6.084950e-06 	 1.258367e+07 	
3.84134134e+06 	 6.079908e-06 	 1.258106e+07 	
3.84184184e+06 	 6.074870e-06 	 1.257844e+07 	
3.84234234e+06 	 6.069836e-06 	 1.257582e+07 	
3.84284284e+06 	 6.064805e-06 	 1.257321e+07 	
3.84334334e+06 	 6.059777e-06 	 1.257060e+07 	
3.84384384e+06 	 6.054752e-06 	 1.256798e+07 	
3.84434434e+06 	 6.049731e-06 	 1.256537e+07 	
3.84484484e+06 	 6.044714e-06 	 1.256276e+07 	
3.84534535e+06 	 6.039700e-06 	 1.256015e+07 	
3.84584585e+06 	 6.034689e-06 	 1.255754e+07 	
3.84634635e+06 	 6.029682e-06 	 1.255493e+07 	
3.84684685e+06 	 6.024678e-06 	 1.255232e+07 	
3.84734735e+06 	 6.019678e-06 	 1.254972e+07 	
3.84784785e+06 	 6.014681e-06 	 1.254711e+07 	
3.84834835e+06 	 6.009687e-06 	 1.254450e+07 	
3.84884885e+06 	 6.004697e-06 	 1.254190e+07 	
3.84934935e+06 	 6.000010e-06 	 1.253928e+07 	
3.84984985e+06 	 5.995028e-06 	 1.253668e+07 	
3.85035035e+06 	 5.990051e-06 	 1.253407e+07 	
3.85085085e+06 	 5.985076e-06 	 1.253147e+07 	
3.85135135e+06 	 5.980105e-06 	 1.252887e+07 	
3.85185185e+06 	 5.975138e-06 	 1.252627e+07 	
3.85235235e+06 	 5.970174e-06 	 1.252367e+07 	
3.85285285e+06 	 5.965213e-06 	 1.252107e+07 	
3.85335335e+06 	 5.960256e-06 	 1.251848e+07 	
3.85385385e+06 	 5.955301e-06 	 1.251588e+07 	
3.85435435e+06 	 5.950351e-06 	 1.251328e+07 	
3.85485485e+06 	 5.945404e-06 	 1.251069e+07 	
3.85535536e+06 	 5.940460e-06 	 1.250810e+07 	
3.85585586e+06 	 5.935519e-06 	 1.250550e+07 	
3.85635636e+06 	 5.930582e-06 	 1.250291e+07 	
3.85685686e+06 	 5.925648e-06 	 1.250032e+07 	
3.85735736e+06 	 5.920718e-06 	 1.249773e+07 	
3.85785786e+06 	 5.915790e-06 	 1.249514e+07 	
3.85835836e+06 	 5.910867e-06 	 1.249255e+07 	
3.85885886e+06 	 5.905946e-06 	 1.248996e+07 	
3.85935936e+06 	 5.901029e-06 	 1.248737e+07 	
3.85985986e+06 	 5.896115e-06 	 1.248479e+07 	
3.86036036e+06 	 5.891205e-06 	 1.248220e+07 	
3.86086086e+06 	 5.886298e-06 	 1.247961e+07 	
3.86136136e+06 	 5.881394e-06 	 1.247703e+07 	
3.86186186e+06 	 5.876494e-06 	 1.247445e+07 	
3.86236236e+06 	 5.871597e-06 	 1.247186e+07 	
3.86286286e+06 	 5.866703e-06 	 1.246928e+07 	
3.86336336e+06 	 5.861812e-06 	 1.246670e+07 	
3.86386386e+06 	 5.856925e-06 	 1.246412e+07 	
3.86436436e+06 	 5.852041e-06 	 1.246154e+07 	
3.86486486e+06 	 5.847161e-06 	 1.245896e+07 	
3.86536537e+06 	 5.842283e-06 	 1.245639e+07 	
3.86586587e+06 	 5.837409e-06 	 1.245381e+07 	
3.86636637e+06 	 5.832539e-06 	 1.245123e+07 	
3.86686687e+06 	 5.827671e-06 	 1.244866e+07 	
3.86736737e+06 	 5.822807e-06 	 1.244608e+07 	
3.86786787e+06 	 5.817947e-06 	 1.244351e+07 	
3.86836837e+06 	 5.813089e-06 	 1.244094e+07 	
3.86886887e+06 	 5.808235e-06 	 1.243836e+07 	
3.86936937e+06 	 5.803384e-06 	 1.243579e+07 	
3.86986987e+06 	 5.798536e-06 	 1.243322e+07 	
3.87037037e+06 	 5.793692e-06 	 1.243065e+07 	
3.87087087e+06 	 5.788851e-06 	 1.242808e+07 	
3.87137137e+06 	 5.784013e-06 	 1.242552e+07 	
3.87187187e+06 	 5.779178e-06 	 1.242295e+07 	
3.87237237e+06 	 5.774347e-06 	 1.242038e+07 	
3.87287287e+06 	 5.769519e-06 	 1.241782e+07 	
3.87337337e+06 	 5.764694e-06 	 1.241525e+07 	
3.87387387e+06 	 5.759872e-06 	 1.241269e+07 	
3.87437437e+06 	 5.755054e-06 	 1.241012e+07 	
3.87487487e+06 	 5.750239e-06 	 1.240756e+07 	
3.87537538e+06 	 5.745427e-06 	 1.240500e+07 	
3.87587588e+06 	 5.740619e-06 	 1.240244e+07 	
3.87637638e+06 	 5.735813e-06 	 1.239988e+07 	
3.87687688e+06 	 5.731011e-06 	 1.239732e+07 	
3.87737738e+06 	 5.726212e-06 	 1.239476e+07 	
3.87787788e+06 	 5.721416e-06 	 1.239221e+07 	
3.87837838e+06 	 5.716624e-06 	 1.238965e+07 	
3.87887888e+06 	 5.711835e-06 	 1.238709e+07 	
3.87937938e+06 	 5.707049e-06 	 1.238454e+07 	
3.87987988e+06 	 5.702266e-06 	 1.238198e+07 	
3.88038038e+06 	 5.697486e-06 	 1.237943e+07 	
3.88088088e+06 	 5.692710e-06 	 1.237688e+07 	
3.88138138e+06 	 5.687937e-06 	 1.237433e+07 	
3.88188188e+06 	 5.683167e-06 	 1.237177e+07 	
3.88238238e+06 	 5.678400e-06 	 1.236922e+07 	
3.88288288e+06 	 5.673636e-06 	 1.236667e+07 	
3.88338338e+06 	 5.668876e-06 	 1.236413e+07 	
3.88388388e+06 	 5.664118e-06 	 1.236158e+07 	
3.88438438e+06 	 5.659364e-06 	 1.235903e+07 	
3.88488488e+06 	 5.654613e-06 	 1.235649e+07 	
3.88538539e+06 	 5.649866e-06 	 1.235394e+07 	
3.88588589e+06 	 5.645121e-06 	 1.235140e+07 	
3.88638639e+06 	 5.640380e-06 	 1.234885e+07 	
3.88688689e+06 	 5.635642e-06 	 1.234631e+07 	
3.88738739e+06 	 5.630907e-06 	 1.234377e+07 	
3.88788789e+06 	 5.626175e-06 	 1.234122e+07 	
3.88838839e+06 	 5.621446e-06 	 1.233868e+07 	
3.88888889e+06 	 5.616721e-06 	 1.233614e+07 	
3.88938939e+06 	 5.612279e-06 	 1.233359e+07 	
3.88988989e+06 	 5.607562e-06 	 1.233105e+07 	
3.89039039e+06 	 5.602848e-06 	 1.232851e+07 	
3.89089089e+06 	 5.598138e-06 	 1.232598e+07 	
3.89139139e+06 	 5.593430e-06 	 1.232344e+07 	
3.89189189e+06 	 5.588726e-06 	 1.232091e+07 	
3.89239239e+06 	 5.584025e-06 	 1.231837e+07 	
3.89289289e+06 	 5.579327e-06 	 1.231584e+07 	
3.89339339e+06 	 5.574632e-06 	 1.231331e+07 	
3.89389389e+06 	 5.569940e-06 	 1.231077e+07 	
3.89439439e+06 	 5.565251e-06 	 1.230824e+07 	
3.89489489e+06 	 5.560566e-06 	 1.230571e+07 	
3.89539540e+06 	 5.555883e-06 	 1.230318e+07 	
3.89589590e+06 	 5.551204e-06 	 1.230065e+07 	
3.89639640e+06 	 5.546528e-06 	 1.229813e+07 	
3.89689690e+06 	 5.541855e-06 	 1.229560e+07 	
3.89739740e+06 	 5.537185e-06 	 1.229307e+07 	
3.89789790e+06 	 5.532519e-06 	 1.229055e+07 	
3.89839840e+06 	 5.527855e-06 	 1.228802e+07 	
3.89889890e+06 	 5.523195e-06 	 1.228550e+07 	
3.89939940e+06 	 5.518537e-06 	 1.228297e+07 	
3.89989990e+06 	 5.513883e-06 	 1.228045e+07 	
3.90040040e+06 	 5.509232e-06 	 1.227793e+07 	
3.90090090e+06 	 5.504584e-06 	 1.227541e+07 	
3.90140140e+06 	 5.499939e-06 	 1.227289e+07 	
3.90190190e+06 	 5.495297e-06 	 1.227037e+07 	
3.90240240e+06 	 5.490658e-06 	 1.226785e+07 	
3.90290290e+06 	 5.486023e-06 	 1.226533e+07 	
3.90340340e+06 	 5.481390e-06 	 1.226282e+07 	
3.90390390e+06 	 5.476760e-06 	 1.226030e+07 	
3.90440440e+06 	 5.472134e-06 	 1.225778e+07 	
3.90490490e+06 	 5.467511e-06 	 1.225527e+07 	
3.90540541e+06 	 5.462891e-06 	 1.225276e+07 	
3.90590591e+06 	 5.458273e-06 	 1.225024e+07 	
3.90640641e+06 	 5.453659e-06 	 1.224773e+07 	
3.90690691e+06 	 5.449048e-06 	 1.224522e+07 	
3.90740741e+06 	 5.444440e-06 	 1.224271e+07 	
3.90790791e+06 	 5.439835e-06 	 1.224020e+07 	
3.90840841e+06 	 5.435233e-06 	 1.223769e+07 	
3.90890891e+06 	 5.430635e-06 	 1.223518e+07 	
3.90940941e+06 	 5.426039e-06 	 1.223267e+07 	
3.90990991e+06 	 5.421446e-06 	 1.223017e+07 	
3.91041041e+06 	 5.416857e-06 	 1.222766e+07 	
3.91091091e+06 	 5.412270e-06 	 1.222516e+07 	
3.91141141e+06 	 5.407687e-06 	 1.222265e+07 	
3.91191191e+06 	 5.403106e-06 	 1.222015e+07 	
3.91241241e+06 	 5.398529e-06 	 1.221765e+07 	
3.91291291e+06 	 5.393954e-06 	 1.221514e+07 	
3.91341341e+06 	 5.389383e-06 	 1.221264e+07 	
3.91391391e+06 	 5.384814e-06 	 1.221014e+07 	
3.91441441e+06 	 5.380249e-06 	 1.220764e+07 	
3.91491491e+06 	 5.375687e-06 	 1.220514e+07 	
3.91541542e+06 	 5.371127e-06 	 1.220265e+07 	
3.91591592e+06 	 5.366571e-06 	 1.220015e+07 	
3.91641642e+06 	 5.362018e-06 	 1.219765e+07 	
3.91691692e+06 	 5.357468e-06 	 1.219516e+07 	
3.91741742e+06 	 5.352920e-06 	 1.219266e+07 	
3.91791792e+06 	 5.348376e-06 	 1.219017e+07 	
3.91841842e+06 	 5.343835e-06 	 1.218767e+07 	
3.91891892e+06 	 5.339297e-06 	 1.218518e+07 	
3.91941942e+06 	 5.334761e-06 	 1.218269e+07 	
3.91991992e+06 	 5.330229e-06 	 1.218020e+07 	
3.92042042e+06 	 5.325700e-06 	 1.217771e+07 	
3.92092092e+06 	 5.321174e-06 	 1.217522e+07 	
3.92142142e+06 	 5.316650e-06 	 1.217273e+07 	
3.92192192e+06 	 5.312130e-06 	 1.217024e+07 	
3.92242242e+06 	 5.307613e-06 	 1.216775e+07 	
3.92292292e+06 	 5.303098e-06 	 1.216527e+07 	
3.92342342e+06 	 5.298587e-06 	 1.216278e+07 	
3.92392392e+06 	 5.294079e-06 	 1.216030e+07 	
3.92442442e+06 	 5.289573e-06 	 1.215781e+07 	
3.92492492e+06 	 5.285071e-06 	 1.215533e+07 	
3.92542543e+06 	 5.280571e-06 	 1.215285e+07 	
3.92592593e+06 	 5.276075e-06 	 1.215037e+07 	
3.92642643e+06 	 5.271581e-06 	 1.214788e+07 	
3.92692693e+06 	 5.267091e-06 	 1.214540e+07 	
3.92742743e+06 	 5.262603e-06 	 1.214293e+07 	
3.92792793e+06 	 5.258118e-06 	 1.214045e+07 	
3.92842843e+06 	 5.253636e-06 	 1.213797e+07 	
3.92892893e+06 	 5.249158e-06 	 1.213549e+07 	
3.92942943e+06 	 5.244946e-06 	 1.213300e+07 	
3.92992993e+06 	 5.240475e-06 	 1.213052e+07 	
3.93043043e+06 	 5.236007e-06 	 1.212805e+07 	
3.93093093e+06 	 5.231542e-06 	 1.212557e+07 	
3.93143143e+06 	 5.227080e-06 	 1.212310e+07 	
3.93193193e+06 	 5.222621e-06 	 1.212063e+07 	
3.93243243e+06 	 5.218165e-06 	 1.211816e+07 	
3.93293293e+06 	 5.213712e-06 	 1.211569e+07 	
3.93343343e+06 	 5.209262e-06 	 1.211322e+07 	
3.93393393e+06 	 5.204815e-06 	 1.211075e+07 	
3.93443443e+06 	 5.200370e-06 	 1.210828e+07 	
3.93493493e+06 	 5.195929e-06 	 1.210581e+07 	
3.93543544e+06 	 5.191490e-06 	 1.210334e+07 	
3.93593594e+06 	 5.187055e-06 	 1.210088e+07 	
3.93643644e+06 	 5.182622e-06 	 1.209841e+07 	
3.93693694e+06 	 5.178192e-06 	 1.209594e+07 	
3.93743744e+06 	 5.173765e-06 	 1.209348e+07 	
3.93793794e+06 	 5.169341e-06 	 1.209102e+07 	
3.93843844e+06 	 5.164920e-06 	 1.208855e+07 	
3.93893894e+06 	 5.160502e-06 	 1.208609e+07 	
3.93943944e+06 	 5.156087e-06 	 1.208363e+07 	
3.93993994e+06 	 5.151675e-06 	 1.208117e+07 	
3.94044044e+06 	 5.147266e-06 	 1.207871e+07 	
3.94094094e+06 	 5.142859e-06 	 1.207625e+07 	
3.94144144e+06 	 5.138455e-06 	 1.207379e+07 	
3.94194194e+06 	 5.134055e-06 	 1.207134e+07 	
3.94244244e+06 	 5.129657e-06 	 1.206888e+07 	
3.94294294e+06 	 5.125262e-06 	 1.206643e+07 	
3.94344344e+06 	 5.120870e-06 	 1.206397e+07 	
3.94394394e+06 	 5.116481e-06 	 1.206152e+07 	
3.94444444e+06 	 5.112095e-06 	 1.205906e+07 	
3.94494494e+06 	 5.107711e-06 	 1.205661e+07 	
3.94544545e+06 	 5.103331e-06 	 1.205416e+07 	
3.94594595e+06 	 5.098953e-06 	 1.205171e+07 	
3.94644645e+06 	 5.094578e-06 	 1.204926e+07 	
3.94694695e+06 	 5.090206e-06 	 1.204681e+07 	
3.94744745e+06 	 5.085837e-06 	 1.204436e+07 	
3.94794795e+06 	 5.081471e-06 	 1.204191e+07 	
3.94844845e+06 	 5.077108e-06 	 1.203946e+07 	
3.94894895e+06 	 5.072747e-06 	 1.203702e+07 	
3.94944945e+06 	 5.068390e-06 	 1.203457e+07 	
3.94994995e+06 	 5.064035e-06 	 1.203212e+07 	
3.95045045e+06 	 5.059683e-06 	 1.202968e+07 	
3.95095095e+06 	 5.055334e-06 	 1.202724e+07 	
3.95145145e+06 	 5.050988e-06 	 1.202479e+07 	
3.95195195e+06 	 5.046644e-06 	 1.202235e+07 	
3.95245245e+06 	 5.042304e-06 	 1.201991e+07 	
3.95295295e+06 	 5.037966e-06 	 1.201747e+07 	
3.95345345e+06 	 5.033631e-06 	 1.201503e+07 	
3.95395395e+06 	 5.029299e-06 	 1.201259e+07 	
3.95445445e+06 	 5.024970e-06 	 1.201015e+07 	
3.95495495e+06 	 5.020644e-06 	 1.200771e+07 	
3.95545546e+06 	 5.016320e-06 	 1.200528e+07 	
3.95595596e+06 	 5.011999e-06 	 1.200284e+07 	
3.95645646e+06 	 5.007681e-06 	 1.200041e+07 	
3.95695696e+06 	 5.003366e-06 	 1.199797e+07 	
3.95745746e+06 	 4.999054e-06 	 1.199554e+07 	
3.95795796e+06 	 4.994745e-06 	 1.199311e+07 	
3.95845846e+06 	 4.990438e-06 	 1.199067e+07 	
3.95895896e+06 	 4.986134e-06 	 1.198824e+07 	
3.95945946e+06 	 4.981833e-06 	 1.198581e+07 	
3.95995996e+06 	 4.977535e-06 	 1.198338e+07 	
3.96046046e+06 	 4.973239e-06 	 1.198095e+07 	
3.96096096e+06 	 4.968947e-06 	 1.197852e+07 	
3.96146146e+06 	 4.964657e-06 	 1.197609e+07 	
3.96196196e+06 	 4.960370e-06 	 1.197367e+07 	
3.96246246e+06 	 4.956086e-06 	 1.197124e+07 	
3.96296296e+06 	 4.951804e-06 	 1.196882e+07 	
3.96346346e+06 	 4.947526e-06 	 1.196639e+07 	
3.96396396e+06 	 4.943250e-06 	 1.196397e+07 	
3.96446446e+06 	 4.938977e-06 	 1.196154e+07 	
3.96496496e+06 	 4.934706e-06 	 1.195912e+07 	
3.96546547e+06 	 4.930439e-06 	 1.195670e+07 	
3.96596597e+06 	 4.926174e-06 	 1.195428e+07 	
3.96646647e+06 	 4.921912e-06 	 1.195186e+07 	
3.96696697e+06 	 4.917653e-06 	 1.194944e+07 	
3.96746747e+06 	 4.913396e-06 	 1.194702e+07 	
3.96796797e+06 	 4.909142e-06 	 1.194460e+07 	
3.96846847e+06 	 4.904891e-06 	 1.194218e+07 	
3.96896897e+06 	 4.900643e-06 	 1.193977e+07 	
3.96946947e+06 	 4.896151e-06 	 1.193737e+07 	
3.96996997e+06 	 4.891907e-06 	 1.193495e+07 	
3.97047047e+06 	 4.887665e-06 	 1.193254e+07 	
3.97097097e+06 	 4.883426e-06 	 1.193013e+07 	
3.97147147e+06 	 4.879190e-06 	 1.192771e+07 	
3.97197197e+06 	 4.874956e-06 	 1.192530e+07 	
3.97247247e+06 	 4.870725e-06 	 1.192289e+07 	
3.97297297e+06 	 4.866497e-06 	 1.192048e+07 	
3.97347347e+06 	 4.862271e-06 	 1.191807e+07 	
3.97397397e+06 	 4.858049e-06 	 1.191566e+07 	
3.97447447e+06 	 4.853828e-06 	 1.191325e+07 	
3.97497497e+06 	 4.849611e-06 	 1.191084e+07 	
3.97547548e+06 	 4.845397e-06 	 1.190844e+07 	
3.97597598e+06 	 4.841185e-06 	 1.190603e+07 	
3.97647648e+06 	 4.836975e-06 	 1.190363e+07 	
3.97697698e+06 	 4.832769e-06 	 1.190122e+07 	
3.97747748e+06 	 4.828565e-06 	 1.189882e+07 	
3.97797798e+06 	 4.824364e-06 	 1.189642e+07 	
3.97847848e+06 	 4.820166e-06 	 1.189401e+07 	
3.97897898e+06 	 4.815970e-06 	 1.189161e+07 	
3.97947948e+06 	 4.811777e-06 	 1.188921e+07 	
3.97997998e+06 	 4.807587e-06 	 1.188681e+07 	
3.98048048e+06 	 4.803399e-06 	 1.188441e+07 	
3.98098098e+06 	 4.799214e-06 	 1.188201e+07 	
3.98148148e+06 	 4.795032e-06 	 1.187962e+07 	
3.98198198e+06 	 4.790852e-06 	 1.187722e+07 	
3.98248248e+06 	 4.786675e-06 	 1.187482e+07 	
3.98298298e+06 	 4.782501e-06 	 1.187243e+07 	
3.98348348e+06 	 4.778330e-06 	 1.187003e+07 	
3.98398398e+06 	 4.774161e-06 	 1.186764e+07 	
3.98448448e+06 	 4.769995e-06 	 1.186524e+07 	
3.98498498e+06 	 4.765831e-06 	 1.186285e+07 	
3.98548549e+06 	 4.761670e-06 	 1.186046e+07 	
3.98598599e+06 	 4.757512e-06 	 1.185807e+07 	
3.98648649e+06 	 4.753356e-06 	 1.185568e+07 	
3.98698699e+06 	 4.749204e-06 	 1.185329e+07 	
3.98748749e+06 	 4.745053e-06 	 1.185090e+07 	
3.98798799e+06 	 4.740906e-06 	 1.184851e+07 	
3.98848849e+06 	 4.736761e-06 	 1.184612e+07 	
3.98898899e+06 	 4.732619e-06 	 1.184374e+07 	
3.98948949e+06 	 4.728479e-06 	 1.184135e+07 	
3.98998999e+06 	 4.724342e-06 	 1.183896e+07 	
3.99049049e+06 	 4.720208e-06 	 1.183658e+07 	
3.99099099e+06 	 4.716076e-06 	 1.183420e+07 	
3.99149149e+06 	 4.711947e-06 	 1.183181e+07 	
3.99199199e+06 	 4.707820e-06 	 1.182943e+07 	
3.99249249e+06 	 4.703697e-06 	 1.182705e+07 	
3.99299299e+06 	 4.699575e-06 	 1.182467e+07 	
3.99349349e+06 	 4.695457e-06 	 1.182229e+07 	
3.99399399e+06 	 4.691341e-06 	 1.181991e+07 	
3.99449449e+06 	 4.687228e-06 	 1.181753e+07 	
3.99499499e+06 	 4.683117e-06 	 1.181515e+07 	
3.99549550e+06 	 4.679009e-06 	 1.181278e+07 	
3.99599600e+06 	 4.674903e-06 	 1.181040e+07 	
3.99649650e+06 	 4.670800e-06 	 1.180802e+07 	
3.99699700e+06 	 4.666700e-06 	 1.180565e+07 	
3.99749750e+06 	 4.662603e-06 	 1.180327e+07 	
3.99799800e+06 	 4.658508e-06 	 1.180090e+07 	
3.99849850e+06 	 4.654415e-06 	 1.179853e+07 	
3.99899900e+06 	 4.650325e-06 	 1.179615e+07 	
3.99949950e+06 	 4.646238e-06 	 1.179378e+07 	
4.00000000e+06 	 4.642153e-06 	 1.179141e+07 	
4.02216916e+06 	 4.463522e-06 	 1.168715e+07 	
4.04446119e+06 	 4.288999e-06 	 1.158372e+07 	
4.06687676e+06 	 4.117992e-06 	 1.148115e+07 	
4.08941657e+06 	 3.950808e-06 	 1.137940e+07 	
4.11208131e+06 	 3.787511e-06 	 1.127846e+07 	
4.13487165e+06 	 3.627331e-06 	 1.117838e+07 	
4.15778831e+06 	 3.470421e-06 	 1.107913e+07 	
4.18083198e+06 	 3.316831e-06 	 1.098070e+07 	
4.20400336e+06 	 3.166145e-06 	 1.088311e+07 	
4.22730317e+06 	 3.018536e-06 	 1.078636e+07 	
4.25073210e+06 	 2.873599e-06 	 1.069046e+07 	
4.27429089e+06 	 2.731500e-06 	 1.059539e+07 	
4.29798025e+06 	 2.591850e-06 	 1.050120e+07 	
4.32180091e+06 	 2.454495e-06 	 1.040790e+07 	
4.34575358e+06 	 2.319574e-06 	 1.031548e+07 	
4.36983901e+06 	 2.186711e-06 	 1.022398e+07 	
4.39405792e+06 	 2.056035e-06 	 1.013342e+07 	
4.41841106e+06 	 1.927537e-06 	 1.004379e+07 	
4.44289918e+06 	 1.800777e-06 	 9.955204e+06 	
4.46752301e+06 	 1.675826e-06 	 9.867673e+06 	
4.49228332e+06 	 1.552541e-06 	 9.781280e+06 	
4.51718086e+06 	 1.431042e-06 	 9.696075e+06 	
4.54221638e+06 	 1.311363e-06 	 9.612143e+06 	
4.56739066e+06 	 1.193451e-06 	 9.529623e+06 	
4.59270447e+06 	 1.077600e-06 	 9.448617e+06 	
4.61815857e+06 	 9.639589e-07 	 9.369312e+06 	
4.64375374e+06 	 8.530734e-07 	 9.291851e+06 	
4.66949077e+06 	 7.453412e-07 	 9.216498e+06 	
4.69537044e+06 	 6.415653e-07 	 9.143477e+06 	
4.72139354e+06 	 5.426921e-07 	 9.073040e+06 	
4.74756088e+06 	 4.497406e-07 	 9.005511e+06 	
4.77387323e+06 	 3.638874e-07 	 8.941211e+06 	
4.80033142e+06 	 2.864077e-07 	 8.880390e+06 	
4.82693625e+06 	 2.183557e-07 	 8.823341e+06 	
4.85368853e+06 	 1.605450e-07 	 8.770240e+06 	
4.88058908e+06 	 1.132858e-07 	 8.721265e+06 	
4.90763872e+06 	 7.635526e-08 	 8.676441e+06 	
4.93483828e+06 	 4.893682e-08 	 8.635601e+06 	
4.96218858e+06 	 2.969324e-08 	 8.598553e+06 	
4.98969047e+06 	 1.699417e-08 	 8.564885e+06 	
5.01734478e+06 	 9.146417e-09 	 8.533998e+06 	
5.04515236e+06 	 4.617659e-09 	 8.505642e+06 	
5.07311405e+06 	 2.184137e-09 	 8.478607e+06 	
5.10123072e+06 	 9.669590e-10 	 8.453038e+06 	
5.68142281e+06 	 1.000000e-20 	 7.990644e+06 	
6.32760344e+06 	 1.000000e-20 	 7.556466e+06 	
7.04727789e+06 	 1.000000e-20 	 7.147443e+06 	
7.84880503e+06 	 1.000000e-20 	 6.761869e+06 	
8.74149441e+06 	 1.000000e-20 	 6.398192e+06 	
9.73571446e+06 	 1.000000e-20 	 6.054997e+06 	
1.08430128e+07 	 1.000000e-20 	 5.730986e+06 	
1.20762506e+07 	 1.000000e-20 	 5.424967e+06 	
1.34497514e+07 	 1.000000e-20 	 5.135839e+06 	
1.49794684e+07 	 1.000000e-20 	 4.862585e+06 	
1.66831689e+07 	 1.000000e-20 	 4.604263e+06 	
1.85806409e+07 	 1.000000e-20 	 4.359995e+06 	
2.06939232e+07 	 1.000000e-20 	 4.128967e+06 	
2.30475612e+07 	 1.000000e-20 	 3.910419e+06 	
2.56688918e+07 	 1.000000e-20 	 3.703640e+06 	
2.85883614e+07 	 1.000000e-20 	 3.507965e+06 	
3.18398789e+07 	 1.000000e-20 	 3.322773e+06 	
3.54612100e+07 	 1.000000e-20 	 3.147480e+06 	
3.94944158e+07 	 1.000000e-20 	 2.981539e+06 	
4.39863411e+07 	 1.000000e-20 	 2.824435e+06 	
4.89891587e+07 	 1.000000e-20 	 2.675683e+06 	
5.45609752e+07 	 1.000000e-20 	 2.534830e+06 	
6.07665063e+07 	 1.000000e-20 	 2.401445e+06 	
6.76778279e+07 	 1.000000e-20 	 2.275124e+06 	
7.53752135e+07 	 1.000000e-20 	 2.155488e+06 	
8.39480666e+07 	 1.000000e-20 	 2.042175e+06 	
9.34959593e+07 	 1.000000e-20 	 1.934848e+06 	
1.04129788e+08 	 1.000000e-20 	 1.833185e+06 	
1.15973063e+08 	 1.000000e-20 	 1.736883e+06 	
1.29163342e+08 	 1.000000e-20 	 1.645659e+06 	
1.43853826e+08 	 1.000000e-20 	 1.559240e+06 	
1.60215142e+08 	 1.000000e-20 	 1.477371e+06 	
1.78437325e+08 	 1.000000e-20 	 1.399812e+06 	
1.98732020e+08 	 1.000000e-20 	 1.326334e+06 	
2.21334947e+08 	 1.000000e-20 	 1.256720e+06 	
2.46508633e+08 	 1.000000e-20 	 1.190766e+06 	
2.74545467e+08 	 1.000000e-20 	 1.128280e+06 	
3.05771090e+08 	 1.000000e-20 	 1.069077e+06 	
3.40548181e+08 	 1.000000e-20 	 1.012984e+06 	
3.79280669e+08 	 1.000000e-20 	 9.598382e+05 	
4.22418424e+08 	 1.000000e-20 	 9.094835e+05 	
4.70462482e+08 	 1.000000e-20 	 8.617729e+05 	
5.23970865e+08 	 1.000000e-20 	 8.165672e+05 	
5.83565061e+08 	 1.000000e-20 	 7.737347e+05 	
6.49937246e+08 	 1.000000e-20 	 7.331504e+05 	
7.23858318e+08 	 1.000000e-20 	 6.946962e+05 	
8.06186856e+08 	 1.000000e-20 	 6.582600e+05 	
8.97879087e+08 	 1.000000e-20 	 6.237358e+05 	
1.00000000e+09 	 1.000000e-20 	 5.910231e+05 	
