r (cm)        	 rho (g/cm3) 	 T (K)       		 Linf = 3.509330e+38
1.20005391e+06 	 1.197060e+05 	 1.270103e+09 	
1.20013113e+06 	 1.082574e+05 	 1.238360e+09 	
1.20023630e+06 	 9.414886e+04 	 1.195618e+09 	
1.20034146e+06 	 8.161483e+04 	 1.153457e+09 	
1.20044498e+06 	 7.067746e+04 	 1.112543e+09 	
1.20054850e+06 	 6.100227e+04 	 1.072230e+09 	
1.20065201e+06 	 5.247115e+04 	 1.032537e+09 	
1.20073730e+06 	 4.622411e+04 	 1.000317e+09 	
1.20082258e+06 	 4.062098e+04 	 9.685434e+08 	
1.20090787e+06 	 3.560749e+04 	 9.372283e+08 	
1.20099315e+06 	 3.113274e+04 	 9.063838e+08 	
1.20107843e+06 	 2.714903e+04 	 8.760224e+08 	
1.20116325e+06 	 2.363020e+04 	 8.463201e+08 	
1.20124806e+06 	 2.051204e+04 	 8.171204e+08 	
1.20133287e+06 	 1.775651e+04 	 7.884357e+08 	
1.20140255e+06 	 1.573900e+04 	 7.652631e+08 	
1.20147223e+06 	 1.392412e+04 	 7.424538e+08 	
1.20154191e+06 	 1.229475e+04 	 7.200149e+08 	
1.20161159e+06 	 1.083489e+04 	 6.979536e+08 	
1.20168127e+06 	 9.529603e+03 	 6.762768e+08 	
1.20175096e+06 	 8.364961e+03 	 6.549916e+08 	
1.20182108e+06 	 7.321822e+03 	 6.339735e+08 	
1.20189120e+06 	 6.395782e+03 	 6.133659e+08 	
1.20196133e+06 	 5.575523e+03 	 5.931756e+08 	
1.20201936e+06 	 4.969241e+03 	 5.767875e+08 	
1.20207739e+06 	 4.422739e+03 	 5.606934e+08 	
1.20213542e+06 	 3.930896e+03 	 5.448968e+08 	
1.20219345e+06 	 3.488944e+03 	 5.294012e+08 	
1.20225148e+06 	 3.092455e+03 	 5.142097e+08 	
1.20230951e+06 	 2.737320e+03 	 4.993255e+08 	
1.20236754e+06 	 2.419736e+03 	 4.847515e+08 	
1.20242767e+06 	 2.126522e+03 	 4.699803e+08 	
1.20248780e+06 	 1.866252e+03 	 4.555480e+08 	
1.20253776e+06 	 1.672673e+03 	 4.438159e+08 	
1.20258772e+06 	 1.497803e+03 	 4.323209e+08 	
1.20263768e+06 	 1.340019e+03 	 4.210641e+08 	
1.20268765e+06 	 1.197818e+03 	 4.100465e+08 	
1.20273761e+06 	 1.069809e+03 	 3.992691e+08 	
1.20278757e+06 	 9.547068e+02 	 3.887325e+08 	
1.20283753e+06 	 8.513268e+02 	 3.784372e+08 	
1.20288749e+06 	 7.585782e+02 	 3.683837e+08 	
1.20293746e+06 	 6.754583e+02 	 3.585720e+08 	
1.20299033e+06 	 5.969656e+02 	 3.484525e+08 	
1.20303409e+06 	 5.386537e+02 	 3.402802e+08 	
1.20307786e+06 	 4.858221e+02 	 3.322929e+08 	
1.20312162e+06 	 4.379918e+02 	 3.244902e+08 	
1.20316539e+06 	 3.947213e+02 	 3.168716e+08 	
1.20320916e+06 	 3.556036e+02 	 3.094363e+08 	
1.20325292e+06 	 3.202645e+02 	 3.021836e+08 	
1.20329669e+06 	 2.883600e+02 	 2.951125e+08 	
1.20334045e+06 	 2.595743e+02 	 2.882219e+08 	
1.20338422e+06 	 2.336182e+02 	 2.815105e+08 	
1.20342799e+06 	 2.102268e+02 	 2.749771e+08 	
1.20347175e+06 	 1.891579e+02 	 2.686201e+08 	
1.20351552e+06 	 1.701903e+02 	 2.624379e+08 	
1.20355928e+06 	 1.531224e+02 	 2.564289e+08 	
1.20360305e+06 	 1.377705e+02 	 2.505910e+08 	
1.20364682e+06 	 1.239672e+02 	 2.449224e+08 	
1.20369058e+06 	 1.115607e+02 	 2.394208e+08 	
1.20373435e+06 	 1.004130e+02 	 2.340841e+08 	
1.20377872e+06 	 9.026802e+01 	 2.288395e+08 	
1.20382309e+06 	 8.117026e+01 	 2.237594e+08 	
1.20386746e+06 	 7.301301e+01 	 2.188411e+08 	
1.20391183e+06 	 6.569999e+01 	 2.140817e+08 	
1.20395620e+06 	 5.914436e+01 	 2.094785e+08 	
1.20400057e+06 	 5.326785e+01 	 2.050283e+08 	
1.20404494e+06 	 4.800003e+01 	 2.007282e+08 	
1.20408931e+06 	 4.327754e+01 	 1.965751e+08 	
1.20413368e+06 	 3.904345e+01 	 1.925656e+08 	
1.20417805e+06 	 3.524664e+01 	 1.886966e+08 	
1.20422242e+06 	 3.184123e+01 	 1.849648e+08 	
1.20426679e+06 	 2.878607e+01 	 1.813666e+08 	
1.20431116e+06 	 2.604432e+01 	 1.778988e+08 	
1.20435553e+06 	 2.358295e+01 	 1.745579e+08 	
1.20439991e+06 	 2.137242e+01 	 1.713405e+08 	
1.20444428e+06 	 1.938628e+01 	 1.682429e+08 	
1.20448865e+06 	 1.760089e+01 	 1.652619e+08 	
1.20453302e+06 	 1.599512e+01 	 1.623938e+08 	
1.20457739e+06 	 1.455008e+01 	 1.596353e+08 	
1.20462819e+06 	 1.307117e+01 	 1.566067e+08 	
1.20467900e+06 	 1.175847e+01 	 1.537120e+08 	
1.20472981e+06 	 1.059226e+01 	 1.509462e+08 	
1.20478061e+06 	 9.555200e+00 	 1.483041e+08 	
1.20483142e+06 	 8.632066e+00 	 1.457809e+08 	
1.20488223e+06 	 7.809489e+00 	 1.433718e+08 	
1.20493303e+06 	 7.075720e+00 	 1.410719e+08 	
1.20498384e+06 	 6.420438e+00 	 1.388766e+08 	
1.20503464e+06 	 5.834573e+00 	 1.367815e+08 	
1.20509694e+06 	 5.199297e+00 	 1.343424e+08 	
1.20515924e+06 	 4.643709e+00 	 1.320394e+08 	
1.20522154e+06 	 4.156905e+00 	 1.298649e+08 	
1.20528384e+06 	 3.729556e+00 	 1.278114e+08 	
1.20534614e+06 	 3.353672e+00 	 1.258723e+08 	
1.20540844e+06 	 3.022409e+00 	 1.240407e+08 	
1.20547074e+06 	 2.729892e+00 	 1.223104e+08 	
1.20553304e+06 	 2.471076e+00 	 1.206753e+08 	
1.20559534e+06 	 2.241622e+00 	 1.191299e+08 	
1.20565764e+06 	 2.037792e+00 	 1.176687e+08 	
1.20571994e+06 	 1.856366e+00 	 1.162866e+08 	
1.20578224e+06 	 1.694559e+00 	 1.149788e+08 	
1.20584454e+06 	 1.549967e+00 	 1.137408e+08 	
1.20592480e+06 	 1.385736e+00 	 1.122419e+08 	
1.20600506e+06 	 1.242846e+00 	 1.108434e+08 	
1.20608532e+06 	 1.118131e+00 	 1.095372e+08 	
1.20616557e+06 	 1.008941e+00 	 1.083164e+08 	
1.20624583e+06 	 9.130512e-01 	 1.071742e+08 	
1.20632609e+06 	 8.285905e-01 	 1.061045e+08 	
1.20640635e+06 	 7.539792e-01 	 1.051017e+08 	
1.20650806e+06 	 6.714997e-01 	 1.039191e+08 	
1.20660978e+06 	 6.004464e-01 	 1.028264e+08 	
1.20671150e+06 	 5.389725e-01 	 1.018150e+08 	
1.20681322e+06 	 4.855652e-01 	 1.008775e+08 	
1.20691493e+06 	 4.389797e-01 	 1.000069e+08 	
1.20701665e+06 	 3.981876e-01 	 9.919729e+07 	
1.20714570e+06 	 3.534486e-01 	 9.824921e+07 	
1.20727475e+06 	 3.152514e-01 	 9.738050e+07 	
1.20740380e+06 	 2.824612e-01 	 9.658252e+07 	
1.20753285e+06 	 2.541664e-01 	 9.584775e+07 	
1.20766191e+06 	 2.296301e-01 	 9.516955e+07 	
1.20779096e+06 	 2.082532e-01 	 9.454214e+07 	
1.20797391e+06 	 1.824237e-01 	 9.372988e+07 	
1.20815686e+06 	 1.608658e-01 	 9.299704e+07 	
1.20833982e+06 	 1.427312e-01 	 9.233314e+07 	
1.20852277e+06 	 1.273644e-01 	 9.172934e+07 	
1.20874089e+06 	 1.119567e-01 	 9.107768e+07 	
1.20895902e+06 	 9.909191e-02 	 9.049025e+07 	
1.20917714e+06 	 8.826082e-02 	 8.995824e+07 	
1.20939527e+06 	 7.907162e-02 	 8.947430e+07 	
1.20970910e+06 	 6.813357e-02 	 8.885019e+07 	
1.21002293e+06 	 5.929401e-02 	 8.829803e+07 	
1.21033676e+06 	 5.206311e-02 	 8.780597e+07 	
1.21075856e+06 	 4.426420e-02 	 8.722296e+07 	
1.21118037e+06 	 3.811554e-02 	 8.671366e+07 	
1.21160217e+06 	 3.319137e-02 	 8.626440e+07 	
1.21221085e+06 	 2.765870e-02 	 8.570108e+07 	
1.21281953e+06 	 2.345870e-02 	 8.521740e+07 	
1.21342821e+06 	 2.020034e-02 	 8.479622e+07 	
1.21412781e+06 	 1.728676e-02 	 8.437316e+07 	
1.21482741e+06 	 1.501522e-02 	 8.400200e+07 	
1.21552701e+06 	 1.321115e-02 	 8.367236e+07 	
1.21661650e+06 	 1.106255e-02 	 8.322386e+07 	
1.21770599e+06 	 9.473005e-03 	 8.283632e+07 	
1.21898271e+06 	 8.085893e-03 	 8.244046e+07 	
1.22025944e+06 	 7.047845e-03 	 8.209238e+07 	
1.22153617e+06 	 6.250593e-03 	 8.178096e+07 	
1.22353493e+06 	 5.328722e-03 	 8.134889e+07 	
1.22476670e+06 	 4.898811e-03 	 8.110863e+07 	
1.22727866e+06 	 4.238265e-03 	 8.066422e+07 	
1.22935493e+06 	 3.842754e-03 	 8.033201e+07 	
1.23267463e+06 	 3.388798e-03 	 7.984793e+07 	
1.23533169e+06 	 3.129233e-03 	 7.949108e+07 	
1.23992115e+06 	 2.813812e-03 	 7.891921e+07 	
1.24221130e+06 	 2.698326e-03 	 7.864946e+07 	
1.24795008e+06 	 2.484611e-03 	 7.800566e+07 	
1.25208564e+06 	 2.374647e-03 	 7.756282e+07 	
1.25986193e+06 	 2.224823e-03 	 7.676300e+07 	
1.26507076e+06 	 2.149606e-03 	 7.624498e+07 	
1.27613656e+06 	 2.025071e-03 	 7.517847e+07 	
1.28246298e+06 	 1.966314e-03 	 7.458540e+07 	
1.29000000e+06 	 1.903034e-03 	 7.389213e+07 	
1.31250000e+06 	 1.739345e-03 	 7.189771e+07 	
1.32750000e+06 	 1.642798e-03 	 7.062425e+07 	
1.34250000e+06 	 1.553542e-03 	 6.939226e+07 	
1.35750000e+06 	 1.470562e-03 	 6.819959e+07 	
1.38000000e+06 	 1.356424e-03 	 6.648014e+07 	
1.39500000e+06 	 1.286546e-03 	 6.537776e+07 	
1.41000000e+06 	 1.221208e-03 	 6.430871e+07 	
1.42500000e+06 	 1.159967e-03 	 6.327147e+07 	
1.44750000e+06 	 1.075266e-03 	 6.177236e+07 	
1.46250000e+06 	 1.023115e-03 	 6.080890e+07 	
1.48500000e+06 	 9.507980e-04 	 5.941469e+07 	
1.50000000e+06 	 9.061896e-04 	 5.851759e+07 	
1.52250000e+06 	 8.440701e-04 	 5.721780e+07 	
1.53750000e+06 	 8.056721e-04 	 5.638050e+07 	
1.56000000e+06 	 7.520945e-04 	 5.516606e+07 	
1.57500000e+06 	 7.188711e-04 	 5.438288e+07 	
1.59750000e+06 	 6.724324e-04 	 5.324578e+07 	
1.61250000e+06 	 6.435889e-04 	 5.251176e+07 	
1.63500000e+06 	 6.031767e-04 	 5.144499e+07 	
1.65000000e+06 	 5.780406e-04 	 5.075575e+07 	
1.67250000e+06 	 5.427184e-04 	 4.975310e+07 	
1.69500000e+06 	 5.101104e-04 	 4.878628e+07 	
1.71000000e+06 	 4.897210e-04 	 4.816067e+07 	
1.73250000e+06 	 4.610683e-04 	 4.724949e+07 	
1.75500000e+06 	 4.344860e-04 	 4.636942e+07 	
1.77000000e+06 	 4.178542e-04 	 4.579928e+07 	
1.79250000e+06 	 3.943540e-04 	 4.496774e+07 	
1.81500000e+06 	 3.725097e-04 	 4.416349e+07 	
1.83000000e+06 	 3.587923e-04 	 4.364182e+07 	
1.85250000e+06 	 3.394038e-04 	 4.288021e+07 	
1.87500000e+06 	 3.213051e-04 	 4.214255e+07 	
1.89750000e+06 	 3.044139e-04 	 4.142781e+07 	
1.91250000e+06 	 2.937795e-04 	 4.096354e+07 	
1.93500000e+06 	 2.786898e-04 	 4.028473e+07 	
1.95750000e+06 	 2.645545e-04 	 3.962619e+07 	
1.98000000e+06 	 2.513170e-04 	 3.898708e+07 	
2.00250000e+06 	 2.389059e-04 	 3.836657e+07 	
2.02500000e+06 	 2.272593e-04 	 3.776386e+07 	
2.04750000e+06 	 2.163239e-04 	 3.717823e+07 	
2.07000000e+06 	 2.060417e-04 	 3.660897e+07 	
2.09250000e+06 	 1.963677e-04 	 3.605542e+07 	
2.11500000e+06 	 1.872568e-04 	 3.551694e+07 	
2.13750000e+06 	 1.786758e-04 	 3.499296e+07 	
2.16000000e+06 	 1.705818e-04 	 3.448290e+07 	
2.18250000e+06 	 1.629452e-04 	 3.398623e+07 	
2.20500000e+06 	 1.557359e-04 	 3.350244e+07 	
2.22750000e+06 	 1.489220e-04 	 3.303105e+07 	
2.25000000e+06 	 1.424806e-04 	 3.257160e+07 	
2.27250000e+06 	 1.363846e-04 	 3.212365e+07 	
2.29500000e+06 	 1.306144e-04 	 3.168679e+07 	
2.31750000e+06 	 1.251478e-04 	 3.126061e+07 	
2.34000000e+06 	 1.199645e-04 	 3.084474e+07 	
2.36250000e+06 	 1.150497e-04 	 3.043882e+07 	
2.38500000e+06 	 1.103848e-04 	 3.004250e+07 	
2.40750000e+06 	 1.059552e-04 	 2.965546e+07 	
2.43000000e+06 	 1.017454e-04 	 2.927737e+07 	
2.45250000e+06 	 9.774412e-05 	 2.890795e+07 	
2.47500000e+06 	 9.393899e-05 	 2.854691e+07 	
2.49750000e+06 	 9.031755e-05 	 2.819396e+07 	
2.52000000e+06 	 8.686962e-05 	 2.784885e+07 	
2.54250000e+06 	 8.358433e-05 	 2.751131e+07 	
2.56500000e+06 	 8.045367e-05 	 2.718112e+07 	
2.58750000e+06 	 7.746882e-05 	 2.685805e+07 	
2.61000000e+06 	 7.462113e-05 	 2.654186e+07 	
2.63250000e+06 	 7.190340e-05 	 2.623235e+07 	
2.65500000e+06 	 6.930787e-05 	 2.592931e+07 	
2.67750000e+06 	 6.682903e-05 	 2.563255e+07 	
2.70000000e+06 	 6.445939e-05 	 2.534188e+07 	
2.72250000e+06 	 6.219406e-05 	 2.505711e+07 	
2.74500000e+06 	 6.002756e-05 	 2.477808e+07 	
2.76750000e+06 	 5.795405e-05 	 2.450461e+07 	
2.79000000e+06 	 5.596931e-05 	 2.423655e+07 	
2.81250000e+06 	 5.406866e-05 	 2.397374e+07 	
2.83500000e+06 	 5.224763e-05 	 2.371604e+07 	
2.85750000e+06 	 5.050250e-05 	 2.346329e+07 	
2.88000000e+06 	 4.882930e-05 	 2.321536e+07 	
2.90250000e+06 	 4.722442e-05 	 2.297211e+07 	
2.92500000e+06 	 4.568453e-05 	 2.273343e+07 	
2.94750000e+06 	 4.420664e-05 	 2.249918e+07 	
2.97000000e+06 	 4.278743e-05 	 2.226924e+07 	
2.99250000e+06 	 4.142443e-05 	 2.204350e+07 	
3.01500000e+06 	 4.011493e-05 	 2.182186e+07 	
3.03750000e+06 	 3.885628e-05 	 2.160419e+07 	
3.06000000e+06 	 3.764612e-05 	 2.139041e+07 	
3.08250000e+06 	 3.648230e-05 	 2.118040e+07 	
3.10500000e+06 	 3.536256e-05 	 2.097407e+07 	
3.12750000e+06 	 3.428505e-05 	 2.077133e+07 	
3.15000000e+06 	 3.324773e-05 	 2.057209e+07 	
3.17250000e+06 	 3.224881e-05 	 2.037625e+07 	
3.19500000e+06 	 3.128665e-05 	 2.018375e+07 	
3.21750000e+06 	 3.035951e-05 	 1.999448e+07 	
3.24000000e+06 	 2.946598e-05 	 1.980838e+07 	
3.26250000e+06 	 2.860456e-05 	 1.962537e+07 	
3.28500000e+06 	 2.777382e-05 	 1.944537e+07 	
3.30750000e+06 	 2.697251e-05 	 1.926831e+07 	
3.33000000e+06 	 2.619931e-05 	 1.909413e+07 	
3.35250000e+06 	 2.545304e-05 	 1.892274e+07 	
3.37500000e+06 	 2.473263e-05 	 1.875410e+07 	
3.39750000e+06 	 2.403691e-05 	 1.858813e+07 	
3.42000000e+06 	 2.336494e-05 	 1.842478e+07 	
3.44250000e+06 	 2.271573e-05 	 1.826398e+07 	
3.46500000e+06 	 2.208831e-05 	 1.810568e+07 	
3.48750000e+06 	 2.148186e-05 	 1.794981e+07 	
3.51000000e+06 	 2.089548e-05 	 1.779634e+07 	
3.53250000e+06 	 2.032838e-05 	 1.764519e+07 	
3.55500000e+06 	 1.977982e-05 	 1.749633e+07 	
3.57750000e+06 	 1.924904e-05 	 1.734970e+07 	
3.60000000e+06 	 1.873536e-05 	 1.720525e+07 	
3.62250000e+06 	 1.823813e-05 	 1.706294e+07 	
3.64500000e+06 	 1.775670e-05 	 1.692272e+07 	
3.66750000e+06 	 1.729045e-05 	 1.678454e+07 	
3.69000000e+06 	 1.683881e-05 	 1.664837e+07 	
3.71250000e+06 	 1.640124e-05 	 1.651415e+07 	
3.73500000e+06 	 1.597719e-05 	 1.638186e+07 	
3.75750000e+06 	 1.556618e-05 	 1.625145e+07 	
3.78000000e+06 	 1.516770e-05 	 1.612287e+07 	
3.80250000e+06 	 1.478130e-05 	 1.599610e+07 	
3.82500000e+06 	 1.440654e-05 	 1.587110e+07 	
3.84750000e+06 	 1.404299e-05 	 1.574783e+07 	
3.87000000e+06 	 1.369025e-05 	 1.562626e+07 	
3.89250000e+06 	 1.334791e-05 	 1.550634e+07 	
3.91500000e+06 	 1.301562e-05 	 1.538806e+07 	
3.93750000e+06 	 1.269303e-05 	 1.527138e+07 	
3.96000000e+06 	 1.237978e-05 	 1.515626e+07 	
3.98250000e+06 	 1.207553e-05 	 1.504268e+07 	
4.00500000e+06 	 1.178000e-05 	 1.493060e+07 	
4.02750000e+06 	 1.149285e-05 	 1.482000e+07 	
4.05000000e+06 	 1.121382e-05 	 1.471085e+07 	
4.07250000e+06 	 1.094262e-05 	 1.460313e+07 	
4.09500000e+06 	 1.067899e-05 	 1.449679e+07 	
4.11750000e+06 	 1.042265e-05 	 1.439183e+07 	
4.14000000e+06 	 1.017338e-05 	 1.428821e+07 	
4.16250000e+06 	 9.930934e-06 	 1.418591e+07 	
4.18500000e+06 	 9.695080e-06 	 1.408490e+07 	
4.20750000e+06 	 9.465607e-06 	 1.398517e+07 	
4.23000000e+06 	 9.242298e-06 	 1.388668e+07 	
4.25250000e+06 	 9.024952e-06 	 1.378941e+07 	
4.27500000e+06 	 8.813379e-06 	 1.369335e+07 	
4.29750000e+06 	 8.607386e-06 	 1.359847e+07 	
4.32000000e+06 	 8.406800e-06 	 1.350475e+07 	
4.34250000e+06 	 8.211438e-06 	 1.341217e+07 	
4.36500000e+06 	 8.021141e-06 	 1.332071e+07 	
4.38750000e+06 	 7.835748e-06 	 1.323035e+07 	
4.41000000e+06 	 7.655102e-06 	 1.314107e+07 	
4.43250000e+06 	 7.479052e-06 	 1.305286e+07 	
4.45500000e+06 	 7.307455e-06 	 1.296569e+07 	
4.50000000e+06 	 6.977077e-06 	 1.279441e+07 	
4.50050050e+06 	 6.973496e-06 	 1.279252e+07 	
4.50100100e+06 	 6.969916e-06 	 1.279064e+07 	
4.50150150e+06 	 6.966339e-06 	 1.278876e+07 	
4.50200200e+06 	 6.962763e-06 	 1.278688e+07 	
4.50250250e+06 	 6.959190e-06 	 1.278500e+07 	
4.50300300e+06 	 6.955618e-06 	 1.278312e+07 	
4.50350350e+06 	 6.952049e-06 	 1.278124e+07 	
4.50400400e+06 	 6.948482e-06 	 1.277936e+07 	
4.50450450e+06 	 6.944916e-06 	 1.277748e+07 	
4.50500501e+06 	 6.941353e-06 	 1.277560e+07 	
4.50550551e+06 	 6.937791e-06 	 1.277373e+07 	
4.50600601e+06 	 6.934231e-06 	 1.277185e+07 	
4.50650651e+06 	 6.930674e-06 	 1.276997e+07 	
4.50700701e+06 	 6.927118e-06 	 1.276810e+07 	
4.50750751e+06 	 6.923565e-06 	 1.276622e+07 	
4.50800801e+06 	 6.920013e-06 	 1.276435e+07 	
4.50850851e+06 	 6.916464e-06 	 1.276247e+07 	
4.50900901e+06 	 6.912916e-06 	 1.276060e+07 	
4.50950951e+06 	 6.909371e-06 	 1.275872e+07 	
4.51001001e+06 	 6.905827e-06 	 1.275685e+07 	
4.51051051e+06 	 6.902285e-06 	 1.275498e+07 	
4.51101101e+06 	 6.898745e-06 	 1.275311e+07 	
4.51151151e+06 	 6.895208e-06 	 1.275123e+07 	
4.51201201e+06 	 6.891672e-06 	 1.274936e+07 	
4.51251251e+06 	 6.888138e-06 	 1.274749e+07 	
4.51301301e+06 	 6.884606e-06 	 1.274562e+07 	
4.51351351e+06 	 6.881077e-06 	 1.274375e+07 	
4.51401401e+06 	 6.877549e-06 	 1.274188e+07 	
4.51451451e+06 	 6.874023e-06 	 1.274001e+07 	
4.51501502e+06 	 6.870499e-06 	 1.273815e+07 	
4.51551552e+06 	 6.866977e-06 	 1.273628e+07 	
4.51601602e+06 	 6.863457e-06 	 1.273441e+07 	
4.51651652e+06 	 6.859939e-06 	 1.273254e+07 	
4.51701702e+06 	 6.856423e-06 	 1.273068e+07 	
4.51751752e+06 	 6.852909e-06 	 1.272881e+07 	
4.51801802e+06 	 6.849397e-06 	 1.272695e+07 	
4.51851852e+06 	 6.845886e-06 	 1.272508e+07 	
4.51901902e+06 	 6.842378e-06 	 1.272322e+07 	
4.51951952e+06 	 6.838872e-06 	 1.272135e+07 	
4.52002002e+06 	 6.835367e-06 	 1.271949e+07 	
4.52052052e+06 	 6.831865e-06 	 1.271763e+07 	
4.52102102e+06 	 6.828365e-06 	 1.271576e+07 	
4.52152152e+06 	 6.824866e-06 	 1.271390e+07 	
4.52202202e+06 	 6.821369e-06 	 1.271204e+07 	
4.52252252e+06 	 6.817875e-06 	 1.271018e+07 	
4.52302302e+06 	 6.814382e-06 	 1.270832e+07 	
4.52352352e+06 	 6.810891e-06 	 1.270646e+07 	
4.52402402e+06 	 6.807403e-06 	 1.270460e+07 	
4.52452452e+06 	 6.803916e-06 	 1.270274e+07 	
4.52502503e+06 	 6.800431e-06 	 1.270088e+07 	
4.52552553e+06 	 6.796948e-06 	 1.269902e+07 	
4.52602603e+06 	 6.793467e-06 	 1.269717e+07 	
4.52652653e+06 	 6.789988e-06 	 1.269531e+07 	
4.52702703e+06 	 6.786511e-06 	 1.269345e+07 	
4.52752753e+06 	 6.783035e-06 	 1.269160e+07 	
4.52802803e+06 	 6.779562e-06 	 1.268974e+07 	
4.52852853e+06 	 6.776091e-06 	 1.268789e+07 	
4.52902903e+06 	 6.772621e-06 	 1.268603e+07 	
4.52952953e+06 	 6.769154e-06 	 1.268418e+07 	
4.53003003e+06 	 6.765688e-06 	 1.268232e+07 	
4.53053053e+06 	 6.762225e-06 	 1.268047e+07 	
4.53103103e+06 	 6.758763e-06 	 1.267862e+07 	
4.53153153e+06 	 6.755303e-06 	 1.267676e+07 	
4.53203203e+06 	 6.751845e-06 	 1.267491e+07 	
4.53253253e+06 	 6.748389e-06 	 1.267306e+07 	
4.53303303e+06 	 6.744935e-06 	 1.267121e+07 	
4.53353353e+06 	 6.741483e-06 	 1.266936e+07 	
4.53403403e+06 	 6.738033e-06 	 1.266751e+07 	
4.53453453e+06 	 6.734584e-06 	 1.266566e+07 	
4.53503504e+06 	 6.731138e-06 	 1.266381e+07 	
4.53553554e+06 	 6.727693e-06 	 1.266196e+07 	
4.53603604e+06 	 6.724251e-06 	 1.266011e+07 	
4.53653654e+06 	 6.720810e-06 	 1.265827e+07 	
4.53703704e+06 	 6.717371e-06 	 1.265642e+07 	
4.53753754e+06 	 6.713935e-06 	 1.265457e+07 	
4.53803804e+06 	 6.710500e-06 	 1.265273e+07 	
4.53853854e+06 	 6.707066e-06 	 1.265088e+07 	
4.53903904e+06 	 6.703635e-06 	 1.264904e+07 	
4.53953954e+06 	 6.700206e-06 	 1.264719e+07 	
4.54004004e+06 	 6.696779e-06 	 1.264535e+07 	
4.54054054e+06 	 6.693353e-06 	 1.264350e+07 	
4.54104104e+06 	 6.689930e-06 	 1.264166e+07 	
4.54154154e+06 	 6.686508e-06 	 1.263982e+07 	
4.54204204e+06 	 6.683088e-06 	 1.263797e+07 	
4.54254254e+06 	 6.679670e-06 	 1.263613e+07 	
4.54304304e+06 	 6.676254e-06 	 1.263429e+07 	
4.54354354e+06 	 6.672840e-06 	 1.263245e+07 	
4.54404404e+06 	 6.669428e-06 	 1.263061e+07 	
4.54454454e+06 	 6.666018e-06 	 1.262877e+07 	
4.54504505e+06 	 6.662609e-06 	 1.262693e+07 	
4.54554555e+06 	 6.659203e-06 	 1.262509e+07 	
4.54604605e+06 	 6.655798e-06 	 1.262325e+07 	
4.54654655e+06 	 6.652395e-06 	 1.262141e+07 	
4.54704705e+06 	 6.648994e-06 	 1.261958e+07 	
4.54754755e+06 	 6.645595e-06 	 1.261774e+07 	
4.54804805e+06 	 6.642198e-06 	 1.261590e+07 	
4.54854855e+06 	 6.638803e-06 	 1.261407e+07 	
4.54904905e+06 	 6.635410e-06 	 1.261223e+07 	
4.54954955e+06 	 6.632018e-06 	 1.261040e+07 	
4.55005005e+06 	 6.628628e-06 	 1.260856e+07 	
4.55055055e+06 	 6.625241e-06 	 1.260673e+07 	
4.55105105e+06 	 6.621855e-06 	 1.260489e+07 	
4.55155155e+06 	 6.618471e-06 	 1.260306e+07 	
4.55205205e+06 	 6.615088e-06 	 1.260123e+07 	
4.55255255e+06 	 6.611708e-06 	 1.259940e+07 	
4.55305305e+06 	 6.608330e-06 	 1.259756e+07 	
4.55355355e+06 	 6.604953e-06 	 1.259573e+07 	
4.55405405e+06 	 6.601579e-06 	 1.259390e+07 	
4.55455455e+06 	 6.598206e-06 	 1.259207e+07 	
4.55505506e+06 	 6.594835e-06 	 1.259024e+07 	
4.55555556e+06 	 6.591466e-06 	 1.258841e+07 	
4.55605606e+06 	 6.588099e-06 	 1.258658e+07 	
4.55655656e+06 	 6.584733e-06 	 1.258475e+07 	
4.55705706e+06 	 6.581370e-06 	 1.258292e+07 	
4.55755756e+06 	 6.578008e-06 	 1.258110e+07 	
4.55805806e+06 	 6.574648e-06 	 1.257927e+07 	
4.55855856e+06 	 6.571290e-06 	 1.257744e+07 	
4.55905906e+06 	 6.567934e-06 	 1.257562e+07 	
4.55955956e+06 	 6.564580e-06 	 1.257379e+07 	
4.56006006e+06 	 6.561228e-06 	 1.257197e+07 	
4.56056056e+06 	 6.557877e-06 	 1.257014e+07 	
4.56106106e+06 	 6.554528e-06 	 1.256832e+07 	
4.56156156e+06 	 6.551181e-06 	 1.256649e+07 	
4.56206206e+06 	 6.547836e-06 	 1.256467e+07 	
4.56256256e+06 	 6.544493e-06 	 1.256285e+07 	
4.56306306e+06 	 6.541152e-06 	 1.256102e+07 	
4.56356356e+06 	 6.537812e-06 	 1.255920e+07 	
4.56406406e+06 	 6.534474e-06 	 1.255738e+07 	
4.56456456e+06 	 6.531138e-06 	 1.255556e+07 	
4.56506507e+06 	 6.527804e-06 	 1.255374e+07 	
4.56556557e+06 	 6.524472e-06 	 1.255192e+07 	
4.56606607e+06 	 6.521142e-06 	 1.255010e+07 	
4.56656657e+06 	 6.517813e-06 	 1.254828e+07 	
4.56706707e+06 	 6.514486e-06 	 1.254646e+07 	
4.56756757e+06 	 6.511162e-06 	 1.254464e+07 	
4.56806807e+06 	 6.507838e-06 	 1.254282e+07 	
4.56856857e+06 	 6.504517e-06 	 1.254101e+07 	
4.56906907e+06 	 6.501198e-06 	 1.253919e+07 	
4.56956957e+06 	 6.497880e-06 	 1.253737e+07 	
4.57007007e+06 	 6.494564e-06 	 1.253556e+07 	
4.57057057e+06 	 6.491250e-06 	 1.253374e+07 	
4.57107107e+06 	 6.487938e-06 	 1.253193e+07 	
4.57157157e+06 	 6.484628e-06 	 1.253011e+07 	
4.57207207e+06 	 6.481319e-06 	 1.252830e+07 	
4.57257257e+06 	 6.478013e-06 	 1.252648e+07 	
4.57307307e+06 	 6.474708e-06 	 1.252467e+07 	
4.57357357e+06 	 6.471405e-06 	 1.252286e+07 	
4.57407407e+06 	 6.468103e-06 	 1.252105e+07 	
4.57457457e+06 	 6.464804e-06 	 1.251923e+07 	
4.57507508e+06 	 6.461506e-06 	 1.251742e+07 	
4.57557558e+06 	 6.458210e-06 	 1.251561e+07 	
4.57607608e+06 	 6.454916e-06 	 1.251380e+07 	
4.57657658e+06 	 6.451624e-06 	 1.251199e+07 	
4.57707708e+06 	 6.448334e-06 	 1.251018e+07 	
4.57757758e+06 	 6.445045e-06 	 1.250837e+07 	
4.57807808e+06 	 6.441758e-06 	 1.250657e+07 	
4.57857858e+06 	 6.438473e-06 	 1.250476e+07 	
4.57907908e+06 	 6.435190e-06 	 1.250295e+07 	
4.57957958e+06 	 6.431909e-06 	 1.250114e+07 	
4.58008008e+06 	 6.428629e-06 	 1.249934e+07 	
4.58058058e+06 	 6.425351e-06 	 1.249753e+07 	
4.58108108e+06 	 6.422075e-06 	 1.249572e+07 	
4.58158158e+06 	 6.418801e-06 	 1.249392e+07 	
4.58208208e+06 	 6.415528e-06 	 1.249211e+07 	
4.58258258e+06 	 6.412258e-06 	 1.249031e+07 	
4.58308308e+06 	 6.408989e-06 	 1.248851e+07 	
4.58358358e+06 	 6.405722e-06 	 1.248670e+07 	
4.58408408e+06 	 6.402457e-06 	 1.248490e+07 	
4.58458458e+06 	 6.399193e-06 	 1.248310e+07 	
4.58508509e+06 	 6.395931e-06 	 1.248129e+07 	
4.58558559e+06 	 6.392671e-06 	 1.247949e+07 	
4.58608609e+06 	 6.389413e-06 	 1.247769e+07 	
4.58658659e+06 	 6.386157e-06 	 1.247589e+07 	
4.58708709e+06 	 6.382902e-06 	 1.247409e+07 	
4.58758759e+06 	 6.379650e-06 	 1.247229e+07 	
4.58808809e+06 	 6.376399e-06 	 1.247049e+07 	
4.58858859e+06 	 6.373149e-06 	 1.246869e+07 	
4.58908909e+06 	 6.369902e-06 	 1.246689e+07 	
4.58958959e+06 	 6.366656e-06 	 1.246510e+07 	
4.59009009e+06 	 6.363412e-06 	 1.246330e+07 	
4.59059059e+06 	 6.360170e-06 	 1.246150e+07 	
4.59109109e+06 	 6.356930e-06 	 1.245971e+07 	
4.59159159e+06 	 6.353691e-06 	 1.245791e+07 	
4.59209209e+06 	 6.350454e-06 	 1.245611e+07 	
4.59259259e+06 	 6.347219e-06 	 1.245432e+07 	
4.59309309e+06 	 6.343986e-06 	 1.245252e+07 	
4.59359359e+06 	 6.340754e-06 	 1.245073e+07 	
4.59409409e+06 	 6.337525e-06 	 1.244894e+07 	
4.59459459e+06 	 6.334296e-06 	 1.244714e+07 	
4.59509510e+06 	 6.331070e-06 	 1.244535e+07 	
4.59559560e+06 	 6.327846e-06 	 1.244356e+07 	
4.59609610e+06 	 6.324623e-06 	 1.244176e+07 	
4.59659660e+06 	 6.321402e-06 	 1.243997e+07 	
4.59709710e+06 	 6.318183e-06 	 1.243818e+07 	
4.59759760e+06 	 6.314965e-06 	 1.243639e+07 	
4.59809810e+06 	 6.311750e-06 	 1.243460e+07 	
4.59859860e+06 	 6.308536e-06 	 1.243281e+07 	
4.59909910e+06 	 6.305324e-06 	 1.243102e+07 	
4.59959960e+06 	 6.302113e-06 	 1.242923e+07 	
4.60010010e+06 	 6.298904e-06 	 1.242745e+07 	
4.60060060e+06 	 6.295697e-06 	 1.242566e+07 	
4.60110110e+06 	 6.292492e-06 	 1.242387e+07 	
4.60160160e+06 	 6.289289e-06 	 1.242208e+07 	
4.60210210e+06 	 6.286087e-06 	 1.242030e+07 	
4.60260260e+06 	 6.282887e-06 	 1.241851e+07 	
4.60310310e+06 	 6.279689e-06 	 1.241672e+07 	
4.60360360e+06 	 6.276493e-06 	 1.241494e+07 	
4.60410410e+06 	 6.273298e-06 	 1.241316e+07 	
4.60460460e+06 	 6.270105e-06 	 1.241137e+07 	
4.60510511e+06 	 6.266914e-06 	 1.240959e+07 	
4.60560561e+06 	 6.263724e-06 	 1.240780e+07 	
4.60610611e+06 	 6.260536e-06 	 1.240602e+07 	
4.60660661e+06 	 6.257350e-06 	 1.240424e+07 	
4.60710711e+06 	 6.254166e-06 	 1.240246e+07 	
4.60760761e+06 	 6.250983e-06 	 1.240067e+07 	
4.60810811e+06 	 6.247803e-06 	 1.239889e+07 	
4.60860861e+06 	 6.244623e-06 	 1.239711e+07 	
4.60910911e+06 	 6.241446e-06 	 1.239533e+07 	
4.60960961e+06 	 6.238270e-06 	 1.239355e+07 	
4.61011011e+06 	 6.235096e-06 	 1.239177e+07 	
4.61061061e+06 	 6.231924e-06 	 1.239000e+07 	
4.61111111e+06 	 6.228754e-06 	 1.238822e+07 	
4.61161161e+06 	 6.225585e-06 	 1.238644e+07 	
4.61211211e+06 	 6.222418e-06 	 1.238466e+07 	
4.61261261e+06 	 6.219253e-06 	 1.238288e+07 	
4.61311311e+06 	 6.216089e-06 	 1.238111e+07 	
4.61361361e+06 	 6.212927e-06 	 1.237933e+07 	
4.61411411e+06 	 6.209767e-06 	 1.237756e+07 	
4.61461461e+06 	 6.206609e-06 	 1.237578e+07 	
4.61511512e+06 	 6.203452e-06 	 1.237401e+07 	
4.61561562e+06 	 6.200297e-06 	 1.237223e+07 	
4.61611612e+06 	 6.197144e-06 	 1.237046e+07 	
4.61661662e+06 	 6.193992e-06 	 1.236869e+07 	
4.61711712e+06 	 6.190842e-06 	 1.236691e+07 	
4.61761762e+06 	 6.187694e-06 	 1.236514e+07 	
4.61811812e+06 	 6.184548e-06 	 1.236337e+07 	
4.61861862e+06 	 6.181403e-06 	 1.236160e+07 	
4.61911912e+06 	 6.178260e-06 	 1.235982e+07 	
4.61961962e+06 	 6.175119e-06 	 1.235805e+07 	
4.62012012e+06 	 6.171979e-06 	 1.235628e+07 	
4.62062062e+06 	 6.168841e-06 	 1.235451e+07 	
4.62112112e+06 	 6.165705e-06 	 1.235274e+07 	
4.62162162e+06 	 6.162570e-06 	 1.235098e+07 	
4.62212212e+06 	 6.159437e-06 	 1.234921e+07 	
4.62262262e+06 	 6.156306e-06 	 1.234744e+07 	
4.62312312e+06 	 6.153177e-06 	 1.234567e+07 	
4.62362362e+06 	 6.150049e-06 	 1.234390e+07 	
4.62412412e+06 	 6.146923e-06 	 1.234214e+07 	
4.62462462e+06 	 6.143799e-06 	 1.234037e+07 	
4.62512513e+06 	 6.140676e-06 	 1.233861e+07 	
4.62562563e+06 	 6.137555e-06 	 1.233684e+07 	
4.62612613e+06 	 6.134436e-06 	 1.233508e+07 	
4.62662663e+06 	 6.131318e-06 	 1.233331e+07 	
4.62712713e+06 	 6.128202e-06 	 1.233155e+07 	
4.62762763e+06 	 6.125088e-06 	 1.232978e+07 	
4.62812813e+06 	 6.121976e-06 	 1.232802e+07 	
4.62862863e+06 	 6.118865e-06 	 1.232626e+07 	
4.62912913e+06 	 6.115756e-06 	 1.232450e+07 	
4.62962963e+06 	 6.112648e-06 	 1.232273e+07 	
4.63013013e+06 	 6.109542e-06 	 1.232097e+07 	
4.63063063e+06 	 6.106438e-06 	 1.231921e+07 	
4.63113113e+06 	 6.103336e-06 	 1.231745e+07 	
4.63163163e+06 	 6.100235e-06 	 1.231569e+07 	
4.63213213e+06 	 6.097136e-06 	 1.231393e+07 	
4.63263263e+06 	 6.094039e-06 	 1.231217e+07 	
4.63313313e+06 	 6.090943e-06 	 1.231042e+07 	
4.63363363e+06 	 6.087849e-06 	 1.230866e+07 	
4.63413413e+06 	 6.084756e-06 	 1.230690e+07 	
4.63463463e+06 	 6.081666e-06 	 1.230514e+07 	
4.63513514e+06 	 6.078577e-06 	 1.230339e+07 	
4.63563564e+06 	 6.075489e-06 	 1.230163e+07 	
4.63613614e+06 	 6.072403e-06 	 1.229987e+07 	
4.63663664e+06 	 6.069319e-06 	 1.229812e+07 	
4.63713714e+06 	 6.066237e-06 	 1.229636e+07 	
4.63763764e+06 	 6.063156e-06 	 1.229461e+07 	
4.63813814e+06 	 6.060077e-06 	 1.229285e+07 	
4.63863864e+06 	 6.057000e-06 	 1.229110e+07 	
4.63913914e+06 	 6.053924e-06 	 1.228935e+07 	
4.63963964e+06 	 6.050850e-06 	 1.228759e+07 	
4.64014014e+06 	 6.047777e-06 	 1.228584e+07 	
4.64064064e+06 	 6.044707e-06 	 1.228409e+07 	
4.64114114e+06 	 6.041638e-06 	 1.228234e+07 	
4.64164164e+06 	 6.038570e-06 	 1.228059e+07 	
4.64214214e+06 	 6.035504e-06 	 1.227884e+07 	
4.64264264e+06 	 6.032440e-06 	 1.227709e+07 	
4.64314314e+06 	 6.029378e-06 	 1.227534e+07 	
4.64364364e+06 	 6.026317e-06 	 1.227359e+07 	
4.64414414e+06 	 6.023257e-06 	 1.227184e+07 	
4.64464464e+06 	 6.020200e-06 	 1.227009e+07 	
4.64514515e+06 	 6.017144e-06 	 1.226834e+07 	
4.64564565e+06 	 6.014090e-06 	 1.226659e+07 	
4.64614615e+06 	 6.011037e-06 	 1.226485e+07 	
4.64664665e+06 	 6.007986e-06 	 1.226310e+07 	
4.64714715e+06 	 6.004937e-06 	 1.226135e+07 	
4.64764765e+06 	 6.001889e-06 	 1.225961e+07 	
4.64814815e+06 	 5.998843e-06 	 1.225786e+07 	
4.64864865e+06 	 5.995798e-06 	 1.225612e+07 	
4.64914915e+06 	 5.992756e-06 	 1.225437e+07 	
4.64964965e+06 	 5.989714e-06 	 1.225263e+07 	
4.65015015e+06 	 5.986675e-06 	 1.225089e+07 	
4.65065065e+06 	 5.983637e-06 	 1.224914e+07 	
4.65115115e+06 	 5.980601e-06 	 1.224740e+07 	
4.65165165e+06 	 5.977566e-06 	 1.224566e+07 	
4.65215215e+06 	 5.974533e-06 	 1.224392e+07 	
4.65265265e+06 	 5.971502e-06 	 1.224217e+07 	
4.65315315e+06 	 5.968472e-06 	 1.224043e+07 	
4.65365365e+06 	 5.965444e-06 	 1.223869e+07 	
4.65415415e+06 	 5.962417e-06 	 1.223695e+07 	
4.65465465e+06 	 5.959393e-06 	 1.223521e+07 	
4.65515516e+06 	 5.956369e-06 	 1.223347e+07 	
4.65565566e+06 	 5.953348e-06 	 1.223174e+07 	
4.65615616e+06 	 5.950328e-06 	 1.223000e+07 	
4.65665666e+06 	 5.947310e-06 	 1.222826e+07 	
4.65715716e+06 	 5.944293e-06 	 1.222652e+07 	
4.65765766e+06 	 5.941278e-06 	 1.222478e+07 	
4.65815816e+06 	 5.938264e-06 	 1.222305e+07 	
4.65865866e+06 	 5.935252e-06 	 1.222131e+07 	
4.65915916e+06 	 5.932242e-06 	 1.221958e+07 	
4.65965966e+06 	 5.929233e-06 	 1.221784e+07 	
4.66016016e+06 	 5.926226e-06 	 1.221611e+07 	
4.66066066e+06 	 5.923221e-06 	 1.221437e+07 	
4.66116116e+06 	 5.920217e-06 	 1.221264e+07 	
4.66166166e+06 	 5.917215e-06 	 1.221090e+07 	
4.66216216e+06 	 5.914214e-06 	 1.220917e+07 	
4.66266266e+06 	 5.911215e-06 	 1.220744e+07 	
4.66316316e+06 	 5.908218e-06 	 1.220571e+07 	
4.66366366e+06 	 5.905222e-06 	 1.220397e+07 	
4.66416416e+06 	 5.902228e-06 	 1.220224e+07 	
4.66466466e+06 	 5.899235e-06 	 1.220051e+07 	
4.66516517e+06 	 5.896244e-06 	 1.219878e+07 	
4.66566567e+06 	 5.893255e-06 	 1.219705e+07 	
4.66616617e+06 	 5.890267e-06 	 1.219532e+07 	
4.66666667e+06 	 5.887281e-06 	 1.219359e+07 	
4.66716717e+06 	 5.884296e-06 	 1.219186e+07 	
4.66766767e+06 	 5.881313e-06 	 1.219014e+07 	
4.66816817e+06 	 5.878332e-06 	 1.218841e+07 	
4.66866867e+06 	 5.875352e-06 	 1.218668e+07 	
4.66916917e+06 	 5.872373e-06 	 1.218495e+07 	
4.66966967e+06 	 5.869397e-06 	 1.218323e+07 	
4.67017017e+06 	 5.866422e-06 	 1.218150e+07 	
4.67067067e+06 	 5.863448e-06 	 1.217978e+07 	
4.67117117e+06 	 5.860476e-06 	 1.217805e+07 	
4.67167167e+06 	 5.857506e-06 	 1.217633e+07 	
4.67217217e+06 	 5.854537e-06 	 1.217460e+07 	
4.67267267e+06 	 5.851570e-06 	 1.217288e+07 	
4.67317317e+06 	 5.848605e-06 	 1.217115e+07 	
4.67367367e+06 	 5.845641e-06 	 1.216943e+07 	
4.67417417e+06 	 5.842678e-06 	 1.216771e+07 	
4.67467467e+06 	 5.839718e-06 	 1.216599e+07 	
4.67517518e+06 	 5.836758e-06 	 1.216426e+07 	
4.67567568e+06 	 5.833801e-06 	 1.216254e+07 	
4.67617618e+06 	 5.830845e-06 	 1.216082e+07 	
4.67667668e+06 	 5.827890e-06 	 1.215910e+07 	
4.67717718e+06 	 5.824937e-06 	 1.215738e+07 	
4.67767768e+06 	 5.821986e-06 	 1.215566e+07 	
4.67817818e+06 	 5.819036e-06 	 1.215394e+07 	
4.67867868e+06 	 5.816088e-06 	 1.215222e+07 	
4.67917918e+06 	 5.813142e-06 	 1.215050e+07 	
4.67967968e+06 	 5.810197e-06 	 1.214879e+07 	
4.68018018e+06 	 5.807253e-06 	 1.214707e+07 	
4.68068068e+06 	 5.804311e-06 	 1.214535e+07 	
4.68118118e+06 	 5.801371e-06 	 1.214364e+07 	
4.68168168e+06 	 5.798432e-06 	 1.214192e+07 	
4.68218218e+06 	 5.795495e-06 	 1.214020e+07 	
4.68268268e+06 	 5.792559e-06 	 1.213849e+07 	
4.68318318e+06 	 5.789625e-06 	 1.213677e+07 	
4.68368368e+06 	 5.786693e-06 	 1.213506e+07 	
4.68418418e+06 	 5.783762e-06 	 1.213334e+07 	
4.68468468e+06 	 5.780833e-06 	 1.213163e+07 	
4.68518519e+06 	 5.777905e-06 	 1.212992e+07 	
4.68568569e+06 	 5.774978e-06 	 1.212821e+07 	
4.68618619e+06 	 5.772054e-06 	 1.212649e+07 	
4.68668669e+06 	 5.769131e-06 	 1.212478e+07 	
4.68718719e+06 	 5.766209e-06 	 1.212307e+07 	
4.68768769e+06 	 5.763289e-06 	 1.212136e+07 	
4.68818819e+06 	 5.760371e-06 	 1.211965e+07 	
4.68868869e+06 	 5.757454e-06 	 1.211794e+07 	
4.68918919e+06 	 5.754538e-06 	 1.211623e+07 	
4.68968969e+06 	 5.751625e-06 	 1.211452e+07 	
4.69019019e+06 	 5.748712e-06 	 1.211281e+07 	
4.69069069e+06 	 5.745802e-06 	 1.211110e+07 	
4.69119119e+06 	 5.742892e-06 	 1.210939e+07 	
4.69169169e+06 	 5.739985e-06 	 1.210768e+07 	
4.69219219e+06 	 5.737079e-06 	 1.210598e+07 	
4.69269269e+06 	 5.734174e-06 	 1.210427e+07 	
4.69319319e+06 	 5.731271e-06 	 1.210256e+07 	
4.69369369e+06 	 5.728370e-06 	 1.210086e+07 	
4.69419419e+06 	 5.725470e-06 	 1.209915e+07 	
4.69469469e+06 	 5.722572e-06 	 1.209745e+07 	
4.69519520e+06 	 5.719675e-06 	 1.209574e+07 	
4.69569570e+06 	 5.716779e-06 	 1.209404e+07 	
4.69619620e+06 	 5.713886e-06 	 1.209234e+07 	
4.69669670e+06 	 5.710994e-06 	 1.209063e+07 	
4.69719720e+06 	 5.708103e-06 	 1.208893e+07 	
4.69769770e+06 	 5.705214e-06 	 1.208723e+07 	
4.69819820e+06 	 5.702326e-06 	 1.208552e+07 	
4.69869870e+06 	 5.699440e-06 	 1.208382e+07 	
4.69919920e+06 	 5.696556e-06 	 1.208212e+07 	
4.69969970e+06 	 5.693673e-06 	 1.208042e+07 	
4.70020020e+06 	 5.690791e-06 	 1.207872e+07 	
4.70070070e+06 	 5.687911e-06 	 1.207702e+07 	
4.70120120e+06 	 5.685033e-06 	 1.207532e+07 	
4.70170170e+06 	 5.682156e-06 	 1.207362e+07 	
4.70220220e+06 	 5.679281e-06 	 1.207192e+07 	
4.70270270e+06 	 5.676407e-06 	 1.207022e+07 	
4.70320320e+06 	 5.673535e-06 	 1.206853e+07 	
4.70370370e+06 	 5.670664e-06 	 1.206683e+07 	
4.70420420e+06 	 5.667795e-06 	 1.206513e+07 	
4.70470470e+06 	 5.664927e-06 	 1.206343e+07 	
4.70520521e+06 	 5.662061e-06 	 1.206174e+07 	
4.70570571e+06 	 5.659196e-06 	 1.206004e+07 	
4.70620621e+06 	 5.656333e-06 	 1.205835e+07 	
4.70670671e+06 	 5.653471e-06 	 1.205665e+07 	
4.70720721e+06 	 5.650611e-06 	 1.205496e+07 	
4.70770771e+06 	 5.647752e-06 	 1.205326e+07 	
4.70820821e+06 	 5.644895e-06 	 1.205157e+07 	
4.70870871e+06 	 5.642040e-06 	 1.204988e+07 	
4.70920921e+06 	 5.639186e-06 	 1.204818e+07 	
4.70970971e+06 	 5.636333e-06 	 1.204649e+07 	
4.71021021e+06 	 5.633482e-06 	 1.204480e+07 	
4.71071071e+06 	 5.630632e-06 	 1.204311e+07 	
4.71121121e+06 	 5.627784e-06 	 1.204142e+07 	
4.71171171e+06 	 5.624938e-06 	 1.203973e+07 	
4.71221221e+06 	 5.622093e-06 	 1.203804e+07 	
4.71271271e+06 	 5.619249e-06 	 1.203635e+07 	
4.71321321e+06 	 5.616407e-06 	 1.203466e+07 	
4.71371371e+06 	 5.613567e-06 	 1.203297e+07 	
4.71421421e+06 	 5.610728e-06 	 1.203128e+07 	
4.71471471e+06 	 5.607890e-06 	 1.202959e+07 	
4.71521522e+06 	 5.605054e-06 	 1.202790e+07 	
4.71571572e+06 	 5.602220e-06 	 1.202622e+07 	
4.71621622e+06 	 5.599387e-06 	 1.202453e+07 	
4.71671672e+06 	 5.596555e-06 	 1.202284e+07 	
4.71721722e+06 	 5.593725e-06 	 1.202116e+07 	
4.71771772e+06 	 5.590897e-06 	 1.201947e+07 	
4.71821822e+06 	 5.588070e-06 	 1.201779e+07 	
4.71871872e+06 	 5.585244e-06 	 1.201610e+07 	
4.71921922e+06 	 5.582420e-06 	 1.201442e+07 	
4.71971972e+06 	 5.579597e-06 	 1.201273e+07 	
4.72022022e+06 	 5.576776e-06 	 1.201105e+07 	
4.72072072e+06 	 5.573957e-06 	 1.200937e+07 	
4.72122122e+06 	 5.571139e-06 	 1.200768e+07 	
4.72172172e+06 	 5.568322e-06 	 1.200600e+07 	
4.72222222e+06 	 5.565507e-06 	 1.200432e+07 	
4.72272272e+06 	 5.562693e-06 	 1.200264e+07 	
4.72322322e+06 	 5.559881e-06 	 1.200096e+07 	
4.72372372e+06 	 5.557071e-06 	 1.199927e+07 	
4.72422422e+06 	 5.554261e-06 	 1.199759e+07 	
4.72472472e+06 	 5.551454e-06 	 1.199591e+07 	
4.72522523e+06 	 5.548648e-06 	 1.199424e+07 	
4.72572573e+06 	 5.545843e-06 	 1.199256e+07 	
4.72622623e+06 	 5.543040e-06 	 1.199088e+07 	
4.72672673e+06 	 5.540238e-06 	 1.198920e+07 	
4.72722723e+06 	 5.537438e-06 	 1.198752e+07 	
4.72772773e+06 	 5.534639e-06 	 1.198584e+07 	
4.72822823e+06 	 5.531841e-06 	 1.198417e+07 	
4.72872873e+06 	 5.529045e-06 	 1.198249e+07 	
4.72922923e+06 	 5.526251e-06 	 1.198081e+07 	
4.72972973e+06 	 5.523458e-06 	 1.197914e+07 	
4.73023023e+06 	 5.520667e-06 	 1.197746e+07 	
4.73073073e+06 	 5.517877e-06 	 1.197579e+07 	
4.73123123e+06 	 5.515088e-06 	 1.197411e+07 	
4.73173173e+06 	 5.512301e-06 	 1.197244e+07 	
4.73223223e+06 	 5.509515e-06 	 1.197077e+07 	
4.73273273e+06 	 5.506731e-06 	 1.196909e+07 	
4.73323323e+06 	 5.503949e-06 	 1.196742e+07 	
4.73373373e+06 	 5.501167e-06 	 1.196575e+07 	
4.73423423e+06 	 5.498388e-06 	 1.196408e+07 	
4.73473473e+06 	 5.495609e-06 	 1.196240e+07 	
4.73523524e+06 	 5.492833e-06 	 1.196073e+07 	
4.73573574e+06 	 5.490057e-06 	 1.195906e+07 	
4.73623624e+06 	 5.487283e-06 	 1.195739e+07 	
4.73673674e+06 	 5.484511e-06 	 1.195572e+07 	
4.73723724e+06 	 5.481740e-06 	 1.195405e+07 	
4.73773774e+06 	 5.478970e-06 	 1.195238e+07 	
4.73823824e+06 	 5.476202e-06 	 1.195072e+07 	
4.73873874e+06 	 5.473436e-06 	 1.194905e+07 	
4.73923924e+06 	 5.470671e-06 	 1.194738e+07 	
4.73973974e+06 	 5.467907e-06 	 1.194571e+07 	
4.74024024e+06 	 5.465145e-06 	 1.194405e+07 	
4.74074074e+06 	 5.462384e-06 	 1.194238e+07 	
4.74124124e+06 	 5.459624e-06 	 1.194071e+07 	
4.74174174e+06 	 5.456867e-06 	 1.193905e+07 	
4.74224224e+06 	 5.454110e-06 	 1.193738e+07 	
4.74274274e+06 	 5.451355e-06 	 1.193572e+07 	
4.74324324e+06 	 5.448601e-06 	 1.193405e+07 	
4.74374374e+06 	 5.445849e-06 	 1.193239e+07 	
4.74424424e+06 	 5.443099e-06 	 1.193072e+07 	
4.74474474e+06 	 5.440349e-06 	 1.192906e+07 	
4.74524525e+06 	 5.437602e-06 	 1.192740e+07 	
4.74574575e+06 	 5.434855e-06 	 1.192574e+07 	
4.74624625e+06 	 5.432110e-06 	 1.192407e+07 	
4.74674675e+06 	 5.429367e-06 	 1.192241e+07 	
4.74724725e+06 	 5.426625e-06 	 1.192075e+07 	
4.74774775e+06 	 5.423884e-06 	 1.191909e+07 	
4.74824825e+06 	 5.421145e-06 	 1.191743e+07 	
4.74874875e+06 	 5.418407e-06 	 1.191577e+07 	
4.74924925e+06 	 5.415671e-06 	 1.191411e+07 	
4.74974975e+06 	 5.412936e-06 	 1.191245e+07 	
4.75025025e+06 	 5.410202e-06 	 1.191079e+07 	
4.75075075e+06 	 5.407470e-06 	 1.190913e+07 	
4.75125125e+06 	 5.404740e-06 	 1.190747e+07 	
4.75175175e+06 	 5.402010e-06 	 1.190582e+07 	
4.75225225e+06 	 5.399283e-06 	 1.190416e+07 	
4.75275275e+06 	 5.396556e-06 	 1.190250e+07 	
4.75325325e+06 	 5.393832e-06 	 1.190085e+07 	
4.75375375e+06 	 5.391108e-06 	 1.189919e+07 	
4.75425425e+06 	 5.388386e-06 	 1.189754e+07 	
4.75475475e+06 	 5.385665e-06 	 1.189588e+07 	
4.75525526e+06 	 5.382946e-06 	 1.189423e+07 	
4.75575576e+06 	 5.380229e-06 	 1.189257e+07 	
4.75625626e+06 	 5.377512e-06 	 1.189092e+07 	
4.75675676e+06 	 5.374797e-06 	 1.188926e+07 	
4.75725726e+06 	 5.372084e-06 	 1.188761e+07 	
4.75775776e+06 	 5.369372e-06 	 1.188596e+07 	
4.75825826e+06 	 5.366661e-06 	 1.188431e+07 	
4.75875876e+06 	 5.363952e-06 	 1.188265e+07 	
4.75925926e+06 	 5.361244e-06 	 1.188100e+07 	
4.75975976e+06 	 5.358537e-06 	 1.187935e+07 	
4.76026026e+06 	 5.355832e-06 	 1.187770e+07 	
4.76076076e+06 	 5.353129e-06 	 1.187605e+07 	
4.76126126e+06 	 5.350426e-06 	 1.187440e+07 	
4.76176176e+06 	 5.347726e-06 	 1.187275e+07 	
4.76226226e+06 	 5.345026e-06 	 1.187110e+07 	
4.76276276e+06 	 5.342328e-06 	 1.186945e+07 	
4.76326326e+06 	 5.339632e-06 	 1.186781e+07 	
4.76376376e+06 	 5.336936e-06 	 1.186616e+07 	
4.76426426e+06 	 5.334243e-06 	 1.186451e+07 	
4.76476476e+06 	 5.331550e-06 	 1.186286e+07 	
4.76526527e+06 	 5.328859e-06 	 1.186122e+07 	
4.76576577e+06 	 5.326170e-06 	 1.185957e+07 	
4.76626627e+06 	 5.323481e-06 	 1.185792e+07 	
4.76676677e+06 	 5.320795e-06 	 1.185628e+07 	
4.76726727e+06 	 5.318109e-06 	 1.185463e+07 	
4.76776777e+06 	 5.315425e-06 	 1.185299e+07 	
4.76826827e+06 	 5.312743e-06 	 1.185135e+07 	
4.76876877e+06 	 5.310061e-06 	 1.184970e+07 	
4.76926927e+06 	 5.307382e-06 	 1.184806e+07 	
4.76976977e+06 	 5.304703e-06 	 1.184642e+07 	
4.77027027e+06 	 5.302026e-06 	 1.184477e+07 	
4.77077077e+06 	 5.299351e-06 	 1.184313e+07 	
4.77127127e+06 	 5.296676e-06 	 1.184149e+07 	
4.77177177e+06 	 5.294003e-06 	 1.183985e+07 	
4.77227227e+06 	 5.291332e-06 	 1.183821e+07 	
4.77277277e+06 	 5.288662e-06 	 1.183657e+07 	
4.77327327e+06 	 5.285993e-06 	 1.183493e+07 	
4.77377377e+06 	 5.283326e-06 	 1.183329e+07 	
4.77427427e+06 	 5.280660e-06 	 1.183165e+07 	
4.77477477e+06 	 5.277996e-06 	 1.183001e+07 	
4.77527528e+06 	 5.275332e-06 	 1.182837e+07 	
4.77577578e+06 	 5.272671e-06 	 1.182673e+07 	
4.77627628e+06 	 5.270010e-06 	 1.182509e+07 	
4.77677678e+06 	 5.267351e-06 	 1.182346e+07 	
4.77727728e+06 	 5.264694e-06 	 1.182182e+07 	
4.77777778e+06 	 5.262037e-06 	 1.182018e+07 	
4.77827828e+06 	 5.259383e-06 	 1.181855e+07 	
4.77877878e+06 	 5.256729e-06 	 1.181691e+07 	
4.77927928e+06 	 5.254077e-06 	 1.181528e+07 	
4.77977978e+06 	 5.251426e-06 	 1.181364e+07 	
4.78028028e+06 	 5.248777e-06 	 1.181201e+07 	
4.78078078e+06 	 5.246129e-06 	 1.181037e+07 	
4.78128128e+06 	 5.243483e-06 	 1.180874e+07 	
4.78178178e+06 	 5.240837e-06 	 1.180710e+07 	
4.78228228e+06 	 5.238193e-06 	 1.180547e+07 	
4.78278278e+06 	 5.235551e-06 	 1.180384e+07 	
4.78328328e+06 	 5.232910e-06 	 1.180221e+07 	
4.78378378e+06 	 5.230270e-06 	 1.180058e+07 	
4.78428428e+06 	 5.227632e-06 	 1.179894e+07 	
4.78478478e+06 	 5.224995e-06 	 1.179731e+07 	
4.78528529e+06 	 5.222359e-06 	 1.179568e+07 	
4.78578579e+06 	 5.219725e-06 	 1.179405e+07 	
4.78628629e+06 	 5.217092e-06 	 1.179242e+07 	
4.78678679e+06 	 5.214460e-06 	 1.179079e+07 	
4.78728729e+06 	 5.211830e-06 	 1.178916e+07 	
4.78778779e+06 	 5.209202e-06 	 1.178754e+07 	
4.78828829e+06 	 5.206574e-06 	 1.178591e+07 	
4.78878879e+06 	 5.203948e-06 	 1.178428e+07 	
4.78928929e+06 	 5.201323e-06 	 1.178265e+07 	
4.78978979e+06 	 5.198700e-06 	 1.178103e+07 	
4.79029029e+06 	 5.196078e-06 	 1.177940e+07 	
4.79079079e+06 	 5.193457e-06 	 1.177777e+07 	
4.79129129e+06 	 5.190838e-06 	 1.177615e+07 	
4.79179179e+06 	 5.188220e-06 	 1.177452e+07 	
4.79229229e+06 	 5.185603e-06 	 1.177290e+07 	
4.79279279e+06 	 5.182988e-06 	 1.177127e+07 	
4.79329329e+06 	 5.180374e-06 	 1.176965e+07 	
4.79379379e+06 	 5.177762e-06 	 1.176802e+07 	
4.79429429e+06 	 5.175151e-06 	 1.176640e+07 	
4.79479479e+06 	 5.172541e-06 	 1.176478e+07 	
4.79529530e+06 	 5.169932e-06 	 1.176316e+07 	
4.79579580e+06 	 5.167325e-06 	 1.176153e+07 	
4.79629630e+06 	 5.164720e-06 	 1.175991e+07 	
4.79679680e+06 	 5.162115e-06 	 1.175829e+07 	
4.79729730e+06 	 5.159512e-06 	 1.175667e+07 	
4.79779780e+06 	 5.156910e-06 	 1.175505e+07 	
4.79829830e+06 	 5.154310e-06 	 1.175343e+07 	
4.79879880e+06 	 5.151711e-06 	 1.175181e+07 	
4.79929930e+06 	 5.149113e-06 	 1.175019e+07 	
4.79979980e+06 	 5.146517e-06 	 1.174857e+07 	
4.80030030e+06 	 5.143922e-06 	 1.174695e+07 	
4.80080080e+06 	 5.141328e-06 	 1.174533e+07 	
4.80130130e+06 	 5.138736e-06 	 1.174372e+07 	
4.80180180e+06 	 5.136145e-06 	 1.174210e+07 	
4.80230230e+06 	 5.133555e-06 	 1.174048e+07 	
4.80280280e+06 	 5.130967e-06 	 1.173886e+07 	
4.80330330e+06 	 5.128380e-06 	 1.173725e+07 	
4.80380380e+06 	 5.125794e-06 	 1.173563e+07 	
4.80430430e+06 	 5.123210e-06 	 1.173402e+07 	
4.80480480e+06 	 5.120627e-06 	 1.173240e+07 	
4.80530531e+06 	 5.118045e-06 	 1.173079e+07 	
4.80580581e+06 	 5.115465e-06 	 1.172917e+07 	
4.80630631e+06 	 5.112886e-06 	 1.172756e+07 	
4.80680681e+06 	 5.110308e-06 	 1.172595e+07 	
4.80730731e+06 	 5.107732e-06 	 1.172433e+07 	
4.80780781e+06 	 5.105157e-06 	 1.172272e+07 	
4.80830831e+06 	 5.102583e-06 	 1.172111e+07 	
4.80880881e+06 	 5.100011e-06 	 1.171950e+07 	
4.80930931e+06 	 5.097440e-06 	 1.171788e+07 	
4.80980981e+06 	 5.094870e-06 	 1.171627e+07 	
4.81031031e+06 	 5.092302e-06 	 1.171466e+07 	
4.81081081e+06 	 5.089735e-06 	 1.171305e+07 	
4.81131131e+06 	 5.087169e-06 	 1.171144e+07 	
4.81181181e+06 	 5.084605e-06 	 1.170983e+07 	
4.81231231e+06 	 5.082042e-06 	 1.170822e+07 	
4.81281281e+06 	 5.079480e-06 	 1.170661e+07 	
4.81331331e+06 	 5.076920e-06 	 1.170501e+07 	
4.81381381e+06 	 5.074360e-06 	 1.170340e+07 	
4.81431431e+06 	 5.071803e-06 	 1.170179e+07 	
4.81481481e+06 	 5.069246e-06 	 1.170018e+07 	
4.81531532e+06 	 5.066691e-06 	 1.169858e+07 	
4.81581582e+06 	 5.064137e-06 	 1.169697e+07 	
4.81631632e+06 	 5.061584e-06 	 1.169536e+07 	
4.81681682e+06 	 5.059033e-06 	 1.169376e+07 	
4.81731732e+06 	 5.056483e-06 	 1.169215e+07 	
4.81781782e+06 	 5.053935e-06 	 1.169055e+07 	
4.81831832e+06 	 5.051387e-06 	 1.168894e+07 	
4.81881882e+06 	 5.048841e-06 	 1.168734e+07 	
4.81931932e+06 	 5.046297e-06 	 1.168574e+07 	
4.81981982e+06 	 5.043753e-06 	 1.168413e+07 	
4.82032032e+06 	 5.041211e-06 	 1.168253e+07 	
4.82082082e+06 	 5.038671e-06 	 1.168093e+07 	
4.82132132e+06 	 5.036131e-06 	 1.167932e+07 	
4.82182182e+06 	 5.033593e-06 	 1.167772e+07 	
4.82232232e+06 	 5.031056e-06 	 1.167612e+07 	
4.82282282e+06 	 5.028520e-06 	 1.167452e+07 	
4.82332332e+06 	 5.025986e-06 	 1.167292e+07 	
4.82382382e+06 	 5.023453e-06 	 1.167132e+07 	
4.82432432e+06 	 5.020922e-06 	 1.166972e+07 	
4.82482482e+06 	 5.018391e-06 	 1.166812e+07 	
4.82532533e+06 	 5.015862e-06 	 1.166652e+07 	
4.82582583e+06 	 5.013334e-06 	 1.166492e+07 	
4.82632633e+06 	 5.010808e-06 	 1.166332e+07 	
4.82682683e+06 	 5.008283e-06 	 1.166173e+07 	
4.82732733e+06 	 5.005759e-06 	 1.166013e+07 	
4.82782783e+06 	 5.003236e-06 	 1.165853e+07 	
4.82832833e+06 	 5.000715e-06 	 1.165693e+07 	
4.82882883e+06 	 4.998195e-06 	 1.165534e+07 	
4.82932933e+06 	 4.995676e-06 	 1.165374e+07 	
4.82982983e+06 	 4.993159e-06 	 1.165215e+07 	
4.83033033e+06 	 4.990643e-06 	 1.165055e+07 	
4.83083083e+06 	 4.988128e-06 	 1.164896e+07 	
4.83133133e+06 	 4.985614e-06 	 1.164736e+07 	
4.83183183e+06 	 4.983102e-06 	 1.164577e+07 	
4.83233233e+06 	 4.980591e-06 	 1.164417e+07 	
4.83283283e+06 	 4.978082e-06 	 1.164258e+07 	
4.83333333e+06 	 4.975573e-06 	 1.164099e+07 	
4.83383383e+06 	 4.973066e-06 	 1.163940e+07 	
4.83433433e+06 	 4.970560e-06 	 1.163780e+07 	
4.83483483e+06 	 4.968056e-06 	 1.163621e+07 	
4.83533534e+06 	 4.965552e-06 	 1.163462e+07 	
4.83583584e+06 	 4.963050e-06 	 1.163303e+07 	
4.83633634e+06 	 4.960550e-06 	 1.163144e+07 	
4.83683684e+06 	 4.958050e-06 	 1.162985e+07 	
4.83733734e+06 	 4.955552e-06 	 1.162826e+07 	
4.83783784e+06 	 4.953055e-06 	 1.162667e+07 	
4.83833834e+06 	 4.950560e-06 	 1.162508e+07 	
4.83883884e+06 	 4.948065e-06 	 1.162349e+07 	
4.83933934e+06 	 4.945572e-06 	 1.162190e+07 	
4.83983984e+06 	 4.943080e-06 	 1.162032e+07 	
4.84034034e+06 	 4.940590e-06 	 1.161873e+07 	
4.84084084e+06 	 4.938101e-06 	 1.161714e+07 	
4.84134134e+06 	 4.935613e-06 	 1.161556e+07 	
4.84184184e+06 	 4.933126e-06 	 1.161397e+07 	
4.84234234e+06 	 4.930640e-06 	 1.161238e+07 	
4.84284284e+06 	 4.928156e-06 	 1.161080e+07 	
4.84334334e+06 	 4.925673e-06 	 1.160921e+07 	
4.84384384e+06 	 4.923192e-06 	 1.160763e+07 	
4.84434434e+06 	 4.920711e-06 	 1.160604e+07 	
4.84484484e+06 	 4.918232e-06 	 1.160446e+07 	
4.84534535e+06 	 4.915754e-06 	 1.160288e+07 	
4.84584585e+06 	 4.913278e-06 	 1.160129e+07 	
4.84634635e+06 	 4.910802e-06 	 1.159971e+07 	
4.84684685e+06 	 4.908328e-06 	 1.159813e+07 	
4.84734735e+06 	 4.905856e-06 	 1.159654e+07 	
4.84784785e+06 	 4.903384e-06 	 1.159496e+07 	
4.84834835e+06 	 4.900914e-06 	 1.159338e+07 	
4.84884885e+06 	 4.898445e-06 	 1.159180e+07 	
4.84934935e+06 	 4.895977e-06 	 1.159022e+07 	
4.84984985e+06 	 4.893510e-06 	 1.158864e+07 	
4.85035035e+06 	 4.891045e-06 	 1.158706e+07 	
4.85085085e+06 	 4.888581e-06 	 1.158548e+07 	
4.85135135e+06 	 4.886118e-06 	 1.158390e+07 	
4.85185185e+06 	 4.883657e-06 	 1.158232e+07 	
4.85235235e+06 	 4.881197e-06 	 1.158074e+07 	
4.85285285e+06 	 4.878738e-06 	 1.157917e+07 	
4.85335335e+06 	 4.876280e-06 	 1.157759e+07 	
4.85385385e+06 	 4.873824e-06 	 1.157601e+07 	
4.85435435e+06 	 4.871368e-06 	 1.157444e+07 	
4.85485485e+06 	 4.868914e-06 	 1.157286e+07 	
4.85535536e+06 	 4.866462e-06 	 1.157128e+07 	
4.85585586e+06 	 4.864010e-06 	 1.156971e+07 	
4.85635636e+06 	 4.861560e-06 	 1.156813e+07 	
4.85685686e+06 	 4.859111e-06 	 1.156656e+07 	
4.85735736e+06 	 4.856663e-06 	 1.156498e+07 	
4.85785786e+06 	 4.854217e-06 	 1.156341e+07 	
4.85835836e+06 	 4.851771e-06 	 1.156183e+07 	
4.85885886e+06 	 4.849327e-06 	 1.156026e+07 	
4.85935936e+06 	 4.846885e-06 	 1.155869e+07 	
4.85985986e+06 	 4.844443e-06 	 1.155712e+07 	
4.86036036e+06 	 4.842003e-06 	 1.155554e+07 	
4.86086086e+06 	 4.839564e-06 	 1.155397e+07 	
4.86136136e+06 	 4.837126e-06 	 1.155240e+07 	
4.86186186e+06 	 4.834689e-06 	 1.155083e+07 	
4.86236236e+06 	 4.832254e-06 	 1.154926e+07 	
4.86286286e+06 	 4.829820e-06 	 1.154769e+07 	
4.86336336e+06 	 4.827387e-06 	 1.154612e+07 	
4.86386386e+06 	 4.824955e-06 	 1.154455e+07 	
4.86436436e+06 	 4.822525e-06 	 1.154298e+07 	
4.86486486e+06 	 4.820095e-06 	 1.154141e+07 	
4.86536537e+06 	 4.817667e-06 	 1.153984e+07 	
4.86586587e+06 	 4.815241e-06 	 1.153827e+07 	
4.86636637e+06 	 4.812815e-06 	 1.153671e+07 	
4.86686687e+06 	 4.810391e-06 	 1.153514e+07 	
4.86736737e+06 	 4.807968e-06 	 1.153357e+07 	
4.86786787e+06 	 4.805546e-06 	 1.153201e+07 	
4.86836837e+06 	 4.803125e-06 	 1.153044e+07 	
4.86886887e+06 	 4.800706e-06 	 1.152887e+07 	
4.86936937e+06 	 4.798288e-06 	 1.152731e+07 	
4.86986987e+06 	 4.795871e-06 	 1.152574e+07 	
4.87037037e+06 	 4.793455e-06 	 1.152418e+07 	
4.87087087e+06 	 4.791041e-06 	 1.152261e+07 	
4.87137137e+06 	 4.788627e-06 	 1.152105e+07 	
4.87187187e+06 	 4.786215e-06 	 1.151949e+07 	
4.87237237e+06 	 4.783804e-06 	 1.151792e+07 	
4.87287287e+06 	 4.781395e-06 	 1.151636e+07 	
4.87337337e+06 	 4.778986e-06 	 1.151480e+07 	
4.87387387e+06 	 4.776579e-06 	 1.151324e+07 	
4.87437437e+06 	 4.774173e-06 	 1.151167e+07 	
4.87487487e+06 	 4.771769e-06 	 1.151011e+07 	
4.87537538e+06 	 4.769365e-06 	 1.150855e+07 	
4.87587588e+06 	 4.766963e-06 	 1.150699e+07 	
4.87637638e+06 	 4.764562e-06 	 1.150543e+07 	
4.87687688e+06 	 4.762162e-06 	 1.150387e+07 	
4.87737738e+06 	 4.759763e-06 	 1.150231e+07 	
4.87787788e+06 	 4.757366e-06 	 1.150075e+07 	
4.87837838e+06 	 4.754969e-06 	 1.149919e+07 	
4.87887888e+06 	 4.752574e-06 	 1.149764e+07 	
4.87937938e+06 	 4.750419e-06 	 1.149606e+07 	
4.87987988e+06 	 4.748028e-06 	 1.149451e+07 	
4.88038038e+06 	 4.745638e-06 	 1.149295e+07 	
4.88088088e+06 	 4.743249e-06 	 1.149139e+07 	
4.88138138e+06 	 4.740861e-06 	 1.148984e+07 	
4.88188188e+06 	 4.738474e-06 	 1.148828e+07 	
4.88238238e+06 	 4.736089e-06 	 1.148672e+07 	
4.88288288e+06 	 4.733705e-06 	 1.148517e+07 	
4.88338338e+06 	 4.731322e-06 	 1.148361e+07 	
4.88388388e+06 	 4.728940e-06 	 1.148206e+07 	
4.88438438e+06 	 4.726560e-06 	 1.148050e+07 	
4.88488488e+06 	 4.724181e-06 	 1.147895e+07 	
4.88538539e+06 	 4.721803e-06 	 1.147740e+07 	
4.88588589e+06 	 4.719426e-06 	 1.147584e+07 	
4.88638639e+06 	 4.717050e-06 	 1.147429e+07 	
4.88688689e+06 	 4.714676e-06 	 1.147274e+07 	
4.88738739e+06 	 4.712302e-06 	 1.147119e+07 	
4.88788789e+06 	 4.709930e-06 	 1.146963e+07 	
4.88838839e+06 	 4.707559e-06 	 1.146808e+07 	
4.88888889e+06 	 4.705190e-06 	 1.146653e+07 	
4.88938939e+06 	 4.702821e-06 	 1.146498e+07 	
4.88988989e+06 	 4.700454e-06 	 1.146343e+07 	
4.89039039e+06 	 4.698088e-06 	 1.146188e+07 	
4.89089089e+06 	 4.695723e-06 	 1.146033e+07 	
4.89139139e+06 	 4.693360e-06 	 1.145878e+07 	
4.89189189e+06 	 4.690997e-06 	 1.145723e+07 	
4.89239239e+06 	 4.688636e-06 	 1.145569e+07 	
4.89289289e+06 	 4.686276e-06 	 1.145414e+07 	
4.89339339e+06 	 4.683917e-06 	 1.145259e+07 	
4.89389389e+06 	 4.681559e-06 	 1.145104e+07 	
4.89439439e+06 	 4.679203e-06 	 1.144950e+07 	
4.89489489e+06 	 4.676847e-06 	 1.144795e+07 	
4.89539540e+06 	 4.674493e-06 	 1.144640e+07 	
4.89589590e+06 	 4.672140e-06 	 1.144486e+07 	
4.89639640e+06 	 4.669789e-06 	 1.144331e+07 	
4.89689690e+06 	 4.667438e-06 	 1.144177e+07 	
4.89739740e+06 	 4.665089e-06 	 1.144022e+07 	
4.89789790e+06 	 4.662741e-06 	 1.143868e+07 	
4.89839840e+06 	 4.660394e-06 	 1.143713e+07 	
4.89889890e+06 	 4.658048e-06 	 1.143559e+07 	
4.89939940e+06 	 4.655703e-06 	 1.143405e+07 	
4.89989990e+06 	 4.653360e-06 	 1.143251e+07 	
4.90040040e+06 	 4.651018e-06 	 1.143096e+07 	
4.90090090e+06 	 4.648677e-06 	 1.142942e+07 	
4.90140140e+06 	 4.646337e-06 	 1.142788e+07 	
4.90190190e+06 	 4.643998e-06 	 1.142634e+07 	
4.90240240e+06 	 4.641661e-06 	 1.142480e+07 	
4.90290290e+06 	 4.639324e-06 	 1.142326e+07 	
4.90340340e+06 	 4.636989e-06 	 1.142172e+07 	
4.90390390e+06 	 4.634655e-06 	 1.142018e+07 	
4.90440440e+06 	 4.632322e-06 	 1.141864e+07 	
4.90490490e+06 	 4.629991e-06 	 1.141710e+07 	
4.90540541e+06 	 4.627660e-06 	 1.141556e+07 	
4.90590591e+06 	 4.625331e-06 	 1.141402e+07 	
4.90640641e+06 	 4.623003e-06 	 1.141248e+07 	
4.90690691e+06 	 4.620676e-06 	 1.141094e+07 	
4.90740741e+06 	 4.618350e-06 	 1.140941e+07 	
4.90790791e+06 	 4.616026e-06 	 1.140787e+07 	
4.90840841e+06 	 4.613702e-06 	 1.140633e+07 	
4.90890891e+06 	 4.611380e-06 	 1.140480e+07 	
4.90940941e+06 	 4.609059e-06 	 1.140326e+07 	
4.90990991e+06 	 4.606739e-06 	 1.140173e+07 	
4.91041041e+06 	 4.604421e-06 	 1.140019e+07 	
4.91091091e+06 	 4.602103e-06 	 1.139866e+07 	
4.91141141e+06 	 4.599787e-06 	 1.139712e+07 	
4.91191191e+06 	 4.597472e-06 	 1.139559e+07 	
4.91241241e+06 	 4.595158e-06 	 1.139405e+07 	
4.91291291e+06 	 4.592845e-06 	 1.139252e+07 	
4.91341341e+06 	 4.590533e-06 	 1.139099e+07 	
4.91391391e+06 	 4.588222e-06 	 1.138946e+07 	
4.91441441e+06 	 4.585913e-06 	 1.138792e+07 	
4.91491491e+06 	 4.583605e-06 	 1.138639e+07 	
4.91541542e+06 	 4.581298e-06 	 1.138486e+07 	
4.91591592e+06 	 4.578992e-06 	 1.138333e+07 	
4.91641642e+06 	 4.576687e-06 	 1.138180e+07 	
4.91691692e+06 	 4.574384e-06 	 1.138027e+07 	
4.91741742e+06 	 4.572081e-06 	 1.137874e+07 	
4.91791792e+06 	 4.569780e-06 	 1.137721e+07 	
4.91841842e+06 	 4.567480e-06 	 1.137568e+07 	
4.91891892e+06 	 4.565181e-06 	 1.137415e+07 	
4.91941942e+06 	 4.562883e-06 	 1.137262e+07 	
4.91991992e+06 	 4.560587e-06 	 1.137109e+07 	
4.92042042e+06 	 4.558291e-06 	 1.136957e+07 	
4.92092092e+06 	 4.555997e-06 	 1.136804e+07 	
4.92142142e+06 	 4.553704e-06 	 1.136651e+07 	
4.92192192e+06 	 4.551412e-06 	 1.136498e+07 	
4.92242242e+06 	 4.549121e-06 	 1.136346e+07 	
4.92292292e+06 	 4.546831e-06 	 1.136193e+07 	
4.92342342e+06 	 4.544543e-06 	 1.136041e+07 	
4.92392392e+06 	 4.542255e-06 	 1.135888e+07 	
4.92442442e+06 	 4.539969e-06 	 1.135736e+07 	
4.92492492e+06 	 4.537684e-06 	 1.135583e+07 	
4.92542543e+06 	 4.535400e-06 	 1.135431e+07 	
4.92592593e+06 	 4.533117e-06 	 1.135278e+07 	
4.92642643e+06 	 4.530836e-06 	 1.135126e+07 	
4.92692693e+06 	 4.528555e-06 	 1.134974e+07 	
4.92742743e+06 	 4.526276e-06 	 1.134821e+07 	
4.92792793e+06 	 4.523998e-06 	 1.134669e+07 	
4.92842843e+06 	 4.521721e-06 	 1.134517e+07 	
4.92892893e+06 	 4.519445e-06 	 1.134365e+07 	
4.92942943e+06 	 4.517170e-06 	 1.134213e+07 	
4.92992993e+06 	 4.514896e-06 	 1.134061e+07 	
4.93043043e+06 	 4.512624e-06 	 1.133909e+07 	
4.93093093e+06 	 4.510352e-06 	 1.133756e+07 	
4.93143143e+06 	 4.508082e-06 	 1.133604e+07 	
4.93193193e+06 	 4.505813e-06 	 1.133453e+07 	
4.93243243e+06 	 4.503545e-06 	 1.133301e+07 	
4.93293293e+06 	 4.501278e-06 	 1.133149e+07 	
4.93343343e+06 	 4.499013e-06 	 1.132997e+07 	
4.93393393e+06 	 4.496748e-06 	 1.132845e+07 	
4.93443443e+06 	 4.494485e-06 	 1.132693e+07 	
4.93493493e+06 	 4.492223e-06 	 1.132542e+07 	
4.93543544e+06 	 4.489962e-06 	 1.132390e+07 	
4.93593594e+06 	 4.487702e-06 	 1.132238e+07 	
4.93643644e+06 	 4.485443e-06 	 1.132087e+07 	
4.93693694e+06 	 4.483185e-06 	 1.131935e+07 	
4.93743744e+06 	 4.480928e-06 	 1.131783e+07 	
4.93793794e+06 	 4.478673e-06 	 1.131632e+07 	
4.93843844e+06 	 4.476419e-06 	 1.131480e+07 	
4.93893894e+06 	 4.474165e-06 	 1.131329e+07 	
4.93943944e+06 	 4.471913e-06 	 1.131178e+07 	
4.93993994e+06 	 4.469662e-06 	 1.131026e+07 	
4.94044044e+06 	 4.467413e-06 	 1.130875e+07 	
4.94094094e+06 	 4.465164e-06 	 1.130724e+07 	
4.94144144e+06 	 4.462692e-06 	 1.130574e+07 	
4.94194194e+06 	 4.460445e-06 	 1.130423e+07 	
4.94244244e+06 	 4.458198e-06 	 1.130271e+07 	
4.94294294e+06 	 4.455953e-06 	 1.130120e+07 	
4.94344344e+06 	 4.453709e-06 	 1.129969e+07 	
4.94394394e+06 	 4.451466e-06 	 1.129818e+07 	
4.94444444e+06 	 4.449224e-06 	 1.129667e+07 	
4.94494494e+06 	 4.446983e-06 	 1.129516e+07 	
4.94544545e+06 	 4.444743e-06 	 1.129365e+07 	
4.94594595e+06 	 4.442505e-06 	 1.129214e+07 	
4.94644645e+06 	 4.440267e-06 	 1.129063e+07 	
4.94694695e+06 	 4.438031e-06 	 1.128912e+07 	
4.94744745e+06 	 4.435796e-06 	 1.128761e+07 	
4.94794795e+06 	 4.433561e-06 	 1.128611e+07 	
4.94844845e+06 	 4.431328e-06 	 1.128460e+07 	
4.94894895e+06 	 4.429096e-06 	 1.128309e+07 	
4.94944945e+06 	 4.426866e-06 	 1.128158e+07 	
4.94994995e+06 	 4.424636e-06 	 1.128008e+07 	
4.95045045e+06 	 4.422407e-06 	 1.127857e+07 	
4.95095095e+06 	 4.420180e-06 	 1.127707e+07 	
4.95145145e+06 	 4.417953e-06 	 1.127556e+07 	
4.95195195e+06 	 4.415728e-06 	 1.127406e+07 	
4.95245245e+06 	 4.413504e-06 	 1.127255e+07 	
4.95295295e+06 	 4.411281e-06 	 1.127105e+07 	
4.95345345e+06 	 4.409059e-06 	 1.126954e+07 	
4.95395395e+06 	 4.406838e-06 	 1.126804e+07 	
4.95445445e+06 	 4.404618e-06 	 1.126654e+07 	
4.95495495e+06 	 4.402400e-06 	 1.126503e+07 	
4.95545546e+06 	 4.400182e-06 	 1.126353e+07 	
4.95595596e+06 	 4.397966e-06 	 1.126203e+07 	
4.95645646e+06 	 4.395750e-06 	 1.126053e+07 	
4.95695696e+06 	 4.393536e-06 	 1.125902e+07 	
4.95745746e+06 	 4.391323e-06 	 1.125752e+07 	
4.95795796e+06 	 4.389111e-06 	 1.125602e+07 	
4.95845846e+06 	 4.386900e-06 	 1.125452e+07 	
4.95895896e+06 	 4.384690e-06 	 1.125302e+07 	
4.95945946e+06 	 4.382481e-06 	 1.125152e+07 	
4.95995996e+06 	 4.380273e-06 	 1.125002e+07 	
4.96046046e+06 	 4.378067e-06 	 1.124852e+07 	
4.96096096e+06 	 4.375861e-06 	 1.124702e+07 	
4.96146146e+06 	 4.373657e-06 	 1.124553e+07 	
4.96196196e+06 	 4.371454e-06 	 1.124403e+07 	
4.96246246e+06 	 4.369251e-06 	 1.124253e+07 	
4.96296296e+06 	 4.367050e-06 	 1.124103e+07 	
4.96346346e+06 	 4.364850e-06 	 1.123954e+07 	
4.96396396e+06 	 4.362651e-06 	 1.123804e+07 	
4.96446446e+06 	 4.360453e-06 	 1.123654e+07 	
4.96496496e+06 	 4.358257e-06 	 1.123505e+07 	
4.96546547e+06 	 4.356061e-06 	 1.123355e+07 	
4.96596597e+06 	 4.353866e-06 	 1.123206e+07 	
4.96646647e+06 	 4.351673e-06 	 1.123056e+07 	
4.96696697e+06 	 4.349480e-06 	 1.122907e+07 	
4.96746747e+06 	 4.347289e-06 	 1.122757e+07 	
4.96796797e+06 	 4.345099e-06 	 1.122608e+07 	
4.96846847e+06 	 4.342910e-06 	 1.122459e+07 	
4.96896897e+06 	 4.340722e-06 	 1.122309e+07 	
4.96946947e+06 	 4.338535e-06 	 1.122160e+07 	
4.96996997e+06 	 4.336349e-06 	 1.122011e+07 	
4.97047047e+06 	 4.334164e-06 	 1.121862e+07 	
4.97097097e+06 	 4.331980e-06 	 1.121712e+07 	
4.97147147e+06 	 4.329798e-06 	 1.121563e+07 	
4.97197197e+06 	 4.327616e-06 	 1.121414e+07 	
4.97247247e+06 	 4.325435e-06 	 1.121265e+07 	
4.97297297e+06 	 4.323256e-06 	 1.121116e+07 	
4.97347347e+06 	 4.321078e-06 	 1.120967e+07 	
4.97397397e+06 	 4.318900e-06 	 1.120818e+07 	
4.97447447e+06 	 4.316724e-06 	 1.120669e+07 	
4.97497497e+06 	 4.314549e-06 	 1.120520e+07 	
4.97547548e+06 	 4.312375e-06 	 1.120371e+07 	
4.97597598e+06 	 4.310202e-06 	 1.120223e+07 	
4.97647648e+06 	 4.308030e-06 	 1.120074e+07 	
4.97697698e+06 	 4.305859e-06 	 1.119925e+07 	
4.97747748e+06 	 4.303689e-06 	 1.119776e+07 	
4.97797798e+06 	 4.301521e-06 	 1.119628e+07 	
4.97847848e+06 	 4.299353e-06 	 1.119479e+07 	
4.97897898e+06 	 4.297187e-06 	 1.119330e+07 	
4.97947948e+06 	 4.295021e-06 	 1.119182e+07 	
4.97997998e+06 	 4.292857e-06 	 1.119033e+07 	
4.98048048e+06 	 4.290693e-06 	 1.118885e+07 	
4.98098098e+06 	 4.288531e-06 	 1.118736e+07 	
4.98148148e+06 	 4.286370e-06 	 1.118588e+07 	
4.98198198e+06 	 4.284210e-06 	 1.118439e+07 	
4.98248248e+06 	 4.282051e-06 	 1.118291e+07 	
4.98298298e+06 	 4.279893e-06 	 1.118143e+07 	
4.98348348e+06 	 4.277736e-06 	 1.117994e+07 	
4.98398398e+06 	 4.275580e-06 	 1.117846e+07 	
4.98448448e+06 	 4.273425e-06 	 1.117698e+07 	
4.98498498e+06 	 4.271271e-06 	 1.117550e+07 	
4.98548549e+06 	 4.269119e-06 	 1.117402e+07 	
4.98598599e+06 	 4.266967e-06 	 1.117254e+07 	
4.98648649e+06 	 4.264816e-06 	 1.117105e+07 	
4.98698699e+06 	 4.262667e-06 	 1.116957e+07 	
4.98748749e+06 	 4.260518e-06 	 1.116809e+07 	
4.98798799e+06 	 4.258371e-06 	 1.116661e+07 	
4.98848849e+06 	 4.256225e-06 	 1.116513e+07 	
4.98898899e+06 	 4.254079e-06 	 1.116366e+07 	
4.98948949e+06 	 4.251935e-06 	 1.116218e+07 	
4.98998999e+06 	 4.249792e-06 	 1.116070e+07 	
4.99049049e+06 	 4.247650e-06 	 1.115922e+07 	
4.99099099e+06 	 4.245509e-06 	 1.115774e+07 	
4.99149149e+06 	 4.243369e-06 	 1.115626e+07 	
4.99199199e+06 	 4.241230e-06 	 1.115479e+07 	
4.99249249e+06 	 4.239092e-06 	 1.115331e+07 	
4.99299299e+06 	 4.236955e-06 	 1.115183e+07 	
4.99349349e+06 	 4.234819e-06 	 1.115036e+07 	
4.99399399e+06 	 4.232684e-06 	 1.114888e+07 	
4.99449449e+06 	 4.230551e-06 	 1.114741e+07 	
4.99499499e+06 	 4.228418e-06 	 1.114593e+07 	
4.99549550e+06 	 4.226286e-06 	 1.114446e+07 	
4.99599600e+06 	 4.224156e-06 	 1.114298e+07 	
4.99649650e+06 	 4.222026e-06 	 1.114151e+07 	
4.99699700e+06 	 4.219898e-06 	 1.114004e+07 	
4.99749750e+06 	 4.217771e-06 	 1.113856e+07 	
4.99799800e+06 	 4.215644e-06 	 1.113709e+07 	
4.99849850e+06 	 4.213519e-06 	 1.113562e+07 	
4.99899900e+06 	 4.211395e-06 	 1.113415e+07 	
4.99949950e+06 	 4.209271e-06 	 1.113267e+07 	
5.00000000e+06 	 4.207149e-06 	 1.113120e+07 	
5.02658855e+06 	 4.095631e-06 	 1.105354e+07 	
5.05331849e+06 	 3.986574e-06 	 1.097641e+07 	
5.08019057e+06 	 3.879945e-06 	 1.089981e+07 	
5.10720555e+06 	 3.775314e-06 	 1.082377e+07 	
5.13436419e+06 	 3.672617e-06 	 1.074828e+07 	
5.16166725e+06 	 3.572121e-06 	 1.067332e+07 	
5.18911550e+06 	 3.473635e-06 	 1.059888e+07 	
5.21670971e+06 	 3.377308e-06 	 1.052496e+07 	
5.24445066e+06 	 3.282748e-06 	 1.045158e+07 	
5.27233913e+06 	 3.190233e-06 	 1.037870e+07 	
5.30037590e+06 	 3.099430e-06 	 1.030635e+07 	
5.32856177e+06 	 3.010427e-06 	 1.023452e+07 	
5.35689751e+06 	 2.923004e-06 	 1.016321e+07 	
5.38538394e+06 	 2.837429e-06 	 1.009240e+07 	
5.41402185e+06 	 2.753670e-06 	 1.002208e+07 	
5.44281205e+06 	 2.671432e-06 	 9.952269e+06 	
5.47175535e+06 	 2.590792e-06 	 9.882961e+06 	
5.50085255e+06 	 2.511556e-06 	 9.814166e+06 	
5.53010449e+06 	 2.433962e-06 	 9.745853e+06 	
5.55951199e+06 	 2.357719e-06 	 9.678046e+06 	
5.58907586e+06 	 2.283017e-06 	 9.610719e+06 	
5.61879694e+06 	 2.209719e-06 	 9.543881e+06 	
5.64867608e+06 	 2.137651e-06 	 9.477546e+06 	
5.67871410e+06 	 2.067016e-06 	 9.411685e+06 	
5.70891185e+06 	 1.997782e-06 	 9.346294e+06 	
5.73927019e+06 	 1.929720e-06 	 9.281398e+06 	
5.76978997e+06 	 1.862883e-06 	 9.216985e+06 	
5.80047204e+06 	 1.797355e-06 	 9.153038e+06 	
5.83131727e+06 	 1.732900e-06 	 9.089584e+06 	
5.86232652e+06 	 1.669482e-06 	 9.026627e+06 	
5.89350067e+06 	 1.607235e-06 	 8.964141e+06 	
5.92484060e+06 	 1.546054e-06 	 8.902139e+06 	
5.95634719e+06 	 1.486004e-06 	 8.840607e+06 	
5.98802131e+06 	 1.426885e-06 	 8.779574e+06 	
6.01986388e+06 	 1.368668e-06 	 8.719046e+06 	
6.05187577e+06 	 1.311461e-06 	 8.659002e+06 	
6.08405789e+06 	 1.255112e-06 	 8.599469e+06 	
6.11641114e+06 	 1.199703e-06 	 8.540433e+06 	
6.14893644e+06 	 1.145159e-06 	 8.481911e+06 	
6.18163471e+06 	 1.091393e-06 	 8.423925e+06 	
6.21450685e+06 	 1.038494e-06 	 8.366460e+06 	
6.24755379e+06 	 9.864411e-07 	 8.309528e+06 	
6.28077647e+06 	 9.351293e-07 	 8.253164e+06 	
6.31417582e+06 	 8.845859e-07 	 8.197374e+06 	
6.34775278e+06 	 8.347529e-07 	 8.142193e+06 	
6.38150829e+06 	 7.857146e-07 	 8.087617e+06 	
6.41544330e+06 	 7.374736e-07 	 8.033670e+06 	
6.44955876e+06 	 6.899740e-07 	 7.980402e+06 	
6.48385565e+06 	 6.432689e-07 	 7.927836e+06 	
6.51833491e+06 	 5.974285e-07 	 7.875994e+06 	
6.55299753e+06 	 5.524347e-07 	 7.824943e+06 	
6.58784447e+06 	 5.083516e-07 	 7.774731e+06 	
6.62287672e+06 	 4.653084e-07 	 7.725387e+06 	
6.65809525e+06 	 4.233800e-07 	 7.676976e+06 	
6.69350107e+06 	 3.826582e-07 	 7.629579e+06 	
6.72909517e+06 	 3.433256e-07 	 7.583231e+06 	
6.76487855e+06 	 3.054982e-07 	 7.538032e+06 	
6.80085221e+06 	 2.693813e-07 	 7.494029e+06 	
6.83701717e+06 	 2.351292e-07 	 7.451323e+06 	
6.87337445e+06 	 2.029549e-07 	 7.409963e+06 	
6.90992506e+06 	 1.730411e-07 	 7.370018e+06 	
6.94667004e+06 	 1.455405e-07 	 7.331577e+06 	
6.98361042e+06 	 1.205968e-07 	 7.294704e+06 	
7.02074723e+06 	 9.832465e-08 	 7.259414e+06 	
7.05808153e+06 	 7.876354e-08 	 7.225770e+06 	
7.09561436e+06 	 6.191072e-08 	 7.193749e+06 	
7.13334678e+06 	 4.768587e-08 	 7.163337e+06 	
7.17127985e+06 	 3.594155e-08 	 7.134525e+06 	
7.20941464e+06 	 2.647857e-08 	 7.107193e+06 	
7.24775222e+06 	 1.904248e-08 	 7.081338e+06 	
7.28629366e+06 	 1.335681e-08 	 7.056744e+06 	
7.32504006e+06 	 9.128271e-09 	 7.033422e+06 	
7.36399250e+06 	 6.075002e-09 	 7.011018e+06 	
7.40315207e+06 	 3.934342e-09 	 6.989622e+06 	
7.44251989e+06 	 2.478905e-09 	 6.968839e+06 	
7.48209705e+06 	 1.519162e-09 	 6.948576e+06 	
7.52188468e+06 	 9.054284e-10 	 6.928994e+06 	
7.56188388e+06 	 5.249359e-10 	 6.909309e+06 	
8.35455398e+06 	 1.000000e-20 	 6.563971e+06 	
9.23031526e+06 	 1.000000e-20 	 6.237088e+06 	
1.01978777e+07 	 1.000000e-20 	 5.927212e+06 	
1.12668643e+07 	 1.000000e-20 	 5.633352e+06 	
1.24479069e+07 	 1.000000e-20 	 5.354591e+06 	
1.37527515e+07 	 1.000000e-20 	 5.090076e+06 	
1.51943757e+07 	 1.000000e-20 	 4.839015e+06 	
1.67871173e+07 	 1.000000e-20 	 4.600668e+06 	
1.85468172e+07 	 1.000000e-20 	 4.374345e+06 	
2.04909765e+07 	 1.000000e-20 	 4.159397e+06 	
2.26389313e+07 	 1.000000e-20 	 3.955220e+06 	
2.50120442e+07 	 1.000000e-20 	 3.761244e+06 	
2.76339172e+07 	 1.000000e-20 	 3.576933e+06 	
3.05306266e+07 	 1.000000e-20 	 3.401786e+06 	
3.37309818e+07 	 1.000000e-20 	 3.235327e+06 	
3.72668124e+07 	 1.000000e-20 	 3.077111e+06 	
4.11732845e+07 	 1.000000e-20 	 2.926714e+06 	
4.54892502e+07 	 1.000000e-20 	 2.783740e+06 	
5.02576345e+07 	 1.000000e-20 	 2.647811e+06 	
5.55258619e+07 	 1.000000e-20 	 2.518573e+06 	
6.13463282e+07 	 1.000000e-20 	 2.395688e+06 	
6.77769215e+07 	 1.000000e-20 	 2.278837e+06 	
7.48815981e+07 	 1.000000e-20 	 2.167720e+06 	
8.27310182e+07 	 1.000000e-20 	 2.062049e+06 	
9.14032493e+07 	 1.000000e-20 	 1.961554e+06 	
1.00984542e+08 	 1.000000e-20 	 1.865978e+06 	
1.11570188e+08 	 1.000000e-20 	 1.775078e+06 	
1.23265468e+08 	 1.000000e-20 	 1.688621e+06 	
1.36186700e+08 	 1.000000e-20 	 1.606389e+06 	
1.50462392e+08 	 1.000000e-20 	 1.528173e+06 	
1.66234525e+08 	 1.000000e-20 	 1.453776e+06 	
1.83659962e+08 	 1.000000e-20 	 1.383009e+06 	
2.02912012e+08 	 1.000000e-20 	 1.315694e+06 	
2.24182146e+08 	 1.000000e-20 	 1.251662e+06 	
2.47681909e+08 	 1.000000e-20 	 1.190752e+06 	
2.73645022e+08 	 1.000000e-20 	 1.132811e+06 	
3.02329703e+08 	 1.000000e-20 	 1.077693e+06 	
3.34021239e+08 	 1.000000e-20 	 1.025261e+06 	
3.69034822e+08 	 1.000000e-20 	 9.753823e+05 	
4.07718683e+08 	 1.000000e-20 	 9.279330e+05 	
4.50457558e+08 	 1.000000e-20 	 8.827942e+05 	
4.97676511e+08 	 1.000000e-20 	 8.398531e+05 	
5.49845163e+08 	 1.000000e-20 	 7.990024e+05 	
6.07482363e+08 	 1.000000e-20 	 7.601401e+05 	
6.71161350e+08 	 1.000000e-20 	 7.231692e+05 	
7.41515450e+08 	 1.000000e-20 	 6.879976e+05 	
8.19244378e+08 	 1.000000e-20 	 6.545375e+05 	
9.05121195e+08 	 1.000000e-20 	 6.227054e+05 	
1.00000000e+09 	 1.000000e-20 	 5.924221e+05 	
