r (cm)        	 rho (g/cm3) 	 T (K)       		 Linf = 3.519936e+38
1.20009237e+06 	 1.194108e+05 	 1.270944e+09 	
1.20018382e+06 	 1.060158e+05 	 1.233457e+09 	
1.20028875e+06 	 9.221832e+04 	 1.190973e+09 	
1.20039368e+06 	 7.995964e+04 	 1.149070e+09 	
1.20049700e+06 	 6.925785e+04 	 1.108395e+09 	
1.20060032e+06 	 5.979045e+04 	 1.068320e+09 	
1.20070364e+06 	 5.144185e+04 	 1.028867e+09 	
1.20078881e+06 	 4.532434e+04 	 9.968245e+08 	
1.20087398e+06 	 3.983720e+04 	 9.652288e+08 	
1.20095916e+06 	 3.492728e+04 	 9.340920e+08 	
1.20104433e+06 	 3.054470e+04 	 9.034260e+08 	
1.20112950e+06 	 2.664274e+04 	 8.732432e+08 	
1.20121424e+06 	 2.319447e+04 	 8.437066e+08 	
1.20129898e+06 	 2.013864e+04 	 8.146728e+08 	
1.20138372e+06 	 1.743796e+04 	 7.861543e+08 	
1.20145339e+06 	 1.545892e+04 	 7.630998e+08 	
1.20152307e+06 	 1.367861e+04 	 7.404091e+08 	
1.20159274e+06 	 1.208024e+04 	 7.180894e+08 	
1.20166242e+06 	 1.064808e+04 	 6.961475e+08 	
1.20173209e+06 	 9.367492e+03 	 6.745905e+08 	
1.20180177e+06 	 8.224798e+03 	 6.534253e+08 	
1.20187192e+06 	 7.200781e+03 	 6.325187e+08 	
1.20194207e+06 	 6.291660e+03 	 6.120229e+08 	
1.20201222e+06 	 5.486320e+03 	 5.919446e+08 	
1.20207033e+06 	 4.890423e+03 	 5.756327e+08 	
1.20212844e+06 	 4.353284e+03 	 5.596154e+08 	
1.20218655e+06 	 3.869864e+03 	 5.438961e+08 	
1.20224466e+06 	 3.435471e+03 	 5.284783e+08 	
1.20230278e+06 	 3.045748e+03 	 5.133651e+08 	
1.20236089e+06 	 2.696654e+03 	 4.985596e+08 	
1.20241900e+06 	 2.384449e+03 	 4.840647e+08 	
1.20247924e+06 	 2.096082e+03 	 4.693708e+08 	
1.20253947e+06 	 1.840094e+03 	 4.550161e+08 	
1.20258959e+06 	 1.649413e+03 	 4.433315e+08 	
1.20263972e+06 	 1.477170e+03 	 4.318849e+08 	
1.20268984e+06 	 1.321763e+03 	 4.206772e+08 	
1.20273996e+06 	 1.181706e+03 	 4.097095e+08 	
1.20279009e+06 	 1.055627e+03 	 3.989826e+08 	
1.20284021e+06 	 9.422589e+02 	 3.884971e+08 	
1.20289033e+06 	 8.404333e+02 	 3.782535e+08 	
1.20294046e+06 	 7.490747e+02 	 3.682520e+08 	
1.20299058e+06 	 6.671946e+02 	 3.584928e+08 	
1.20304363e+06 	 5.898524e+02 	 3.484273e+08 	
1.20308769e+06 	 5.322124e+02 	 3.402739e+08 	
1.20313175e+06 	 4.800011e+02 	 3.323069e+08 	
1.20317581e+06 	 4.327423e+02 	 3.245259e+08 	
1.20321986e+06 	 3.899970e+02 	 3.169301e+08 	
1.20326392e+06 	 3.513611e+02 	 3.095190e+08 	
1.20330798e+06 	 3.164629e+02 	 3.022915e+08 	
1.20335204e+06 	 2.849610e+02 	 2.952466e+08 	
1.20339609e+06 	 2.565423e+02 	 2.883832e+08 	
1.20344015e+06 	 2.309199e+02 	 2.817001e+08 	
1.20348421e+06 	 2.078313e+02 	 2.751957e+08 	
1.20352827e+06 	 1.870366e+02 	 2.688686e+08 	
1.20357233e+06 	 1.683168e+02 	 2.627170e+08 	
1.20361638e+06 	 1.514723e+02 	 2.567391e+08 	
1.20366044e+06 	 1.363214e+02 	 2.509330e+08 	
1.20370450e+06 	 1.226986e+02 	 2.452965e+08 	
1.20374856e+06 	 1.104538e+02 	 2.398276e+08 	
1.20379262e+06 	 9.945071e+01 	 2.345238e+08 	
1.20383750e+06 	 8.939072e+01 	 2.292881e+08 	
1.20388238e+06 	 8.037282e+01 	 2.242187e+08 	
1.20392726e+06 	 7.229029e+01 	 2.193127e+08 	
1.20397214e+06 	 6.504684e+01 	 2.145672e+08 	
1.20401702e+06 	 5.855571e+01 	 2.099792e+08 	
1.20406191e+06 	 5.273880e+01 	 2.055456e+08 	
1.20410679e+06 	 4.752583e+01 	 2.012633e+08 	
1.20415167e+06 	 4.285366e+01 	 1.971289e+08 	
1.20419655e+06 	 3.866559e+01 	 1.931392e+08 	
1.20424143e+06 	 3.491074e+01 	 1.892908e+08 	
1.20428632e+06 	 3.154348e+01 	 1.855803e+08 	
1.20433120e+06 	 2.852294e+01 	 1.820042e+08 	
1.20437608e+06 	 2.581250e+01 	 1.785589e+08 	
1.20442096e+06 	 2.337939e+01 	 1.752409e+08 	
1.20446584e+06 	 2.119431e+01 	 1.720467e+08 	
1.20451072e+06 	 1.923104e+01 	 1.689728e+08 	
1.20455561e+06 	 1.746616e+01 	 1.660154e+08 	
1.20460049e+06 	 1.587873e+01 	 1.631712e+08 	
1.20464537e+06 	 1.445007e+01 	 1.604365e+08 	
1.20469689e+06 	 1.298429e+01 	 1.574277e+08 	
1.20474841e+06 	 1.168340e+01 	 1.545533e+08 	
1.20479993e+06 	 1.052777e+01 	 1.518081e+08 	
1.20485145e+06 	 9.500169e+00 	 1.491870e+08 	
1.20490297e+06 	 8.585458e+00 	 1.466849e+08 	
1.20495450e+06 	 7.770357e+00 	 1.442968e+08 	
1.20500602e+06 	 7.043206e+00 	 1.420180e+08 	
1.20505754e+06 	 6.393764e+00 	 1.398436e+08 	
1.20510906e+06 	 5.813039e+00 	 1.377690e+08 	
1.20517259e+06 	 5.179945e+00 	 1.353420e+08 	
1.20523611e+06 	 4.626529e+00 	 1.330518e+08 	
1.20529964e+06 	 4.141826e+00 	 1.308908e+08 	
1.20536317e+06 	 3.716469e+00 	 1.288516e+08 	
1.20542670e+06 	 3.342446e+00 	 1.269269e+08 	
1.20549022e+06 	 3.012898e+00 	 1.251101e+08 	
1.20555375e+06 	 2.721947e+00 	 1.233947e+08 	
1.20561728e+06 	 2.464549e+00 	 1.217745e+08 	
1.20568081e+06 	 2.236370e+00 	 1.202439e+08 	
1.20574433e+06 	 2.033680e+00 	 1.187973e+08 	
1.20580786e+06 	 1.853266e+00 	 1.174295e+08 	
1.20587139e+06 	 1.692356e+00 	 1.161358e+08 	
1.20593491e+06 	 1.548553e+00 	 1.149116e+08 	
1.20601691e+06 	 1.384904e+00 	 1.134272e+08 	
1.20609890e+06 	 1.242530e+00 	 1.120428e+08 	
1.20618090e+06 	 1.118266e+00 	 1.107504e+08 	
1.20626290e+06 	 1.009465e+00 	 1.095429e+08 	
1.20634489e+06 	 9.139094e-01 	 1.084136e+08 	
1.20642689e+06 	 8.297315e-01 	 1.073563e+08 	
1.20650888e+06 	 7.553575e-01 	 1.063654e+08 	
1.20661304e+06 	 6.729475e-01 	 1.051945e+08 	
1.20671720e+06 	 6.019562e-01 	 1.041131e+08 	
1.20682135e+06 	 5.405343e-01 	 1.031125e+08 	
1.20692551e+06 	 4.871681e-01 	 1.021853e+08 	
1.20702967e+06 	 4.406128e-01 	 1.013245e+08 	
1.20713382e+06 	 3.998407e-01 	 1.005242e+08 	
1.20726610e+06 	 3.550724e-01 	 9.958617e+07 	
1.20739838e+06 	 3.168452e-01 	 9.872692e+07 	
1.20753066e+06 	 2.840234e-01 	 9.793779e+07 	
1.20766294e+06 	 2.556952e-01 	 9.721123e+07 	
1.20779522e+06 	 2.311239e-01 	 9.654069e+07 	
1.20792750e+06 	 2.097106e-01 	 9.592038e+07 	
1.20811523e+06 	 1.838033e-01 	 9.511652e+07 	
1.20830296e+06 	 1.621747e-01 	 9.439130e+07 	
1.20849068e+06 	 1.439751e-01 	 9.373431e+07 	
1.20867841e+06 	 1.285481e-01 	 9.313675e+07 	
1.20890229e+06 	 1.130700e-01 	 9.249159e+07 	
1.20912617e+06 	 1.001415e-01 	 9.190994e+07 	
1.20935005e+06 	 8.925219e-02 	 9.138306e+07 	
1.20957393e+06 	 8.000972e-02 	 9.090369e+07 	
1.20989620e+06 	 6.899761e-02 	 9.028499e+07 	
1.21021846e+06 	 6.009361e-02 	 8.973743e+07 	
1.21054073e+06 	 5.280619e-02 	 8.924929e+07 	
1.21097407e+06 	 4.493861e-02 	 8.867038e+07 	
1.21140741e+06 	 3.873212e-02 	 8.816439e+07 	
1.21184074e+06 	 3.375872e-02 	 8.771779e+07 	
1.21246661e+06 	 2.816263e-02 	 8.715691e+07 	
1.21309248e+06 	 2.391205e-02 	 8.667493e+07 	
1.21371834e+06 	 2.061260e-02 	 8.625487e+07 	
1.21443772e+06 	 1.766045e-02 	 8.583252e+07 	
1.21515710e+06 	 1.535747e-02 	 8.546162e+07 	
1.21587648e+06 	 1.352739e-02 	 8.513186e+07 	
1.21699947e+06 	 1.134186e-02 	 8.468160e+07 	
1.21812246e+06 	 9.724836e-03 	 8.429206e+07 	
1.21943993e+06 	 8.312144e-03 	 8.389317e+07 	
1.22075741e+06 	 7.255066e-03 	 8.354194e+07 	
1.22207488e+06 	 6.443243e-03 	 8.322725e+07 	
1.22413973e+06 	 5.503684e-03 	 8.278943e+07 	
1.22541121e+06 	 5.065978e-03 	 8.254576e+07 	
1.22801152e+06 	 4.391922e-03 	 8.209304e+07 	
1.23015939e+06 	 3.988933e-03 	 8.175420e+07 	
1.23360149e+06 	 3.525816e-03 	 8.125835e+07 	
1.23635286e+06 	 3.261648e-03 	 8.089260e+07 	
1.24112048e+06 	 2.939950e-03 	 8.030344e+07 	
1.24347850e+06 	 2.823213e-03 	 8.002754e+07 	
1.24944417e+06 	 2.604930e-03 	 7.936169e+07 	
1.25372530e+06 	 2.492864e-03 	 7.890496e+07 	
1.26183785e+06 	 2.338364e-03 	 7.807276e+07 	
1.26719770e+06 	 2.261294e-03 	 7.754070e+07 	
1.27885817e+06 	 2.129503e-03 	 7.641872e+07 	
1.28528847e+06 	 2.068955e-03 	 7.581688e+07 	
1.30000000e+06 	 1.947298e-03 	 7.447747e+07 	
1.31666667e+06 	 1.826142e-03 	 7.301592e+07 	
1.33333333e+06 	 1.716238e-03 	 7.160829e+07 	
1.35000000e+06 	 1.615175e-03 	 7.025102e+07 	
1.37500000e+06 	 1.477634e-03 	 6.830350e+07 	
1.39166667e+06 	 1.394199e-03 	 6.706054e+07 	
1.40833333e+06 	 1.316710e-03 	 6.585932e+07 	
1.42500000e+06 	 1.244645e-03 	 6.469782e+07 	
1.45000000e+06 	 1.145801e-03 	 6.302596e+07 	
1.46666667e+06 	 1.085411e-03 	 6.195569e+07 	
1.48333333e+06 	 1.029028e-03 	 6.091897e+07 	
1.50833333e+06 	 9.512582e-04 	 5.942348e+07 	
1.52500000e+06 	 9.035582e-04 	 5.846417e+07 	
1.54166667e+06 	 8.588507e-04 	 5.753344e+07 	
1.56666667e+06 	 7.969960e-04 	 5.618833e+07 	
1.58333333e+06 	 7.588921e-04 	 5.532387e+07 	
1.60833333e+06 	 7.060049e-04 	 5.407295e+07 	
1.62500000e+06 	 6.733365e-04 	 5.326803e+07 	
1.65000000e+06 	 6.278487e-04 	 5.210186e+07 	
1.66666667e+06 	 5.996814e-04 	 5.135063e+07 	
1.69166667e+06 	 5.604242e-04 	 5.026111e+07 	
1.70833333e+06 	 5.360347e-04 	 4.955848e+07 	
1.73333333e+06 	 5.019606e-04 	 4.853839e+07 	
1.75833333e+06 	 4.706043e-04 	 4.755689e+07 	
1.77500000e+06 	 4.510787e-04 	 4.692294e+07 	
1.80000000e+06 	 4.236961e-04 	 4.600116e+07 	
1.81666667e+06 	 4.066197e-04 	 4.540526e+07 	
1.84166667e+06 	 3.825846e-04 	 4.453796e+07 	
1.86666667e+06 	 3.603445e-04 	 4.370116e+07 	
1.88333333e+06 	 3.464452e-04 	 4.315948e+07 	
1.90833333e+06 	 3.268333e-04 	 4.237008e+07 	
1.93333333e+06 	 3.086154e-04 	 4.160725e+07 	
1.95833333e+06 	 2.916681e-04 	 4.086969e+07 	
1.97500000e+06 	 2.810394e-04 	 4.039145e+07 	
2.00000000e+06 	 2.659917e-04 	 3.969339e+07 	
2.02500000e+06 	 2.519566e-04 	 3.901754e+07 	
2.05000000e+06 	 2.388474e-04 	 3.836287e+07 	
2.07500000e+06 	 2.266042e-04 	 3.772846e+07 	
2.10000000e+06 	 2.151450e-04 	 3.711336e+07 	
2.12500000e+06 	 2.044164e-04 	 3.651675e+07 	
2.15000000e+06 	 1.943641e-04 	 3.593783e+07 	
2.17500000e+06 	 1.849326e-04 	 3.537582e+07 	
2.20000000e+06 	 1.760745e-04 	 3.483001e+07 	
2.22500000e+06 	 1.677508e-04 	 3.429972e+07 	
2.25000000e+06 	 1.599226e-04 	 3.378433e+07 	
2.27500000e+06 	 1.525563e-04 	 3.328323e+07 	
2.30000000e+06 	 1.456148e-04 	 3.279583e+07 	
2.32500000e+06 	 1.390723e-04 	 3.232161e+07 	
2.35000000e+06 	 1.328990e-04 	 3.186004e+07 	
2.37500000e+06 	 1.270707e-04 	 3.141063e+07 	
2.40000000e+06 	 1.215634e-04 	 3.097292e+07 	
2.42500000e+06 	 1.163568e-04 	 3.054647e+07 	
2.45000000e+06 	 1.114317e-04 	 3.013086e+07 	
2.47500000e+06 	 1.067687e-04 	 2.972570e+07 	
2.50000000e+06 	 1.023510e-04 	 2.933059e+07 	
2.52500000e+06 	 9.816341e-05 	 2.894519e+07 	
2.55000000e+06 	 9.419120e-05 	 2.856914e+07 	
2.57500000e+06 	 9.042177e-05 	 2.820211e+07 	
2.60000000e+06 	 8.684200e-05 	 2.784380e+07 	
2.62500000e+06 	 8.344034e-05 	 2.749390e+07 	
2.65000000e+06 	 8.020646e-05 	 2.715212e+07 	
2.67500000e+06 	 7.713011e-05 	 2.681820e+07 	
2.70000000e+06 	 7.420239e-05 	 2.649186e+07 	
2.72500000e+06 	 7.141426e-05 	 2.617287e+07 	
2.75000000e+06 	 6.875799e-05 	 2.586098e+07 	
2.77500000e+06 	 6.622590e-05 	 2.555597e+07 	
2.80000000e+06 	 6.381111e-05 	 2.525760e+07 	
2.82500000e+06 	 6.150706e-05 	 2.496568e+07 	
2.85000000e+06 	 5.930734e-05 	 2.468000e+07 	
2.87500000e+06 	 5.720656e-05 	 2.440036e+07 	
2.90000000e+06 	 5.519942e-05 	 2.412659e+07 	
2.92500000e+06 	 5.328056e-05 	 2.385850e+07 	
2.95000000e+06 	 5.144563e-05 	 2.359593e+07 	
2.97500000e+06 	 4.968997e-05 	 2.333870e+07 	
3.00000000e+06 	 4.800943e-05 	 2.308666e+07 	
3.02500000e+06 	 4.640026e-05 	 2.283966e+07 	
3.05000000e+06 	 4.485862e-05 	 2.259755e+07 	
3.07500000e+06 	 4.338128e-05 	 2.236019e+07 	
3.10000000e+06 	 4.196501e-05 	 2.212745e+07 	
3.12500000e+06 	 4.060664e-05 	 2.189920e+07 	
3.15000000e+06 	 3.930331e-05 	 2.167530e+07 	
3.17500000e+06 	 3.805239e-05 	 2.145565e+07 	
3.20000000e+06 	 3.685127e-05 	 2.124012e+07 	
3.22500000e+06 	 3.569764e-05 	 2.102860e+07 	
3.25000000e+06 	 3.458914e-05 	 2.082098e+07 	
3.27500000e+06 	 3.352370e-05 	 2.061716e+07 	
3.30000000e+06 	 3.249921e-05 	 2.041703e+07 	
3.32500000e+06 	 3.151386e-05 	 2.022051e+07 	
3.35000000e+06 	 3.056583e-05 	 2.002749e+07 	
3.37500000e+06 	 2.965335e-05 	 1.983789e+07 	
3.40000000e+06 	 2.877488e-05 	 1.965161e+07 	
3.42500000e+06 	 2.792881e-05 	 1.946858e+07 	
3.45000000e+06 	 2.711375e-05 	 1.928871e+07 	
3.47500000e+06 	 2.632827e-05 	 1.911192e+07 	
3.50000000e+06 	 2.557111e-05 	 1.893813e+07 	
3.52500000e+06 	 2.484105e-05 	 1.876727e+07 	
3.55000000e+06 	 2.413686e-05 	 1.859928e+07 	
3.57500000e+06 	 2.345748e-05 	 1.843407e+07 	
3.60000000e+06 	 2.280180e-05 	 1.827158e+07 	
3.62500000e+06 	 2.216886e-05 	 1.811176e+07 	
3.65000000e+06 	 2.155770e-05 	 1.795452e+07 	
3.67500000e+06 	 2.096740e-05 	 1.779982e+07 	
3.70000000e+06 	 2.039708e-05 	 1.764759e+07 	
3.72500000e+06 	 1.984594e-05 	 1.749778e+07 	
3.75000000e+06 	 1.931318e-05 	 1.735033e+07 	
3.77500000e+06 	 1.879807e-05 	 1.720518e+07 	
3.80000000e+06 	 1.829991e-05 	 1.706229e+07 	
3.82500000e+06 	 1.781801e-05 	 1.692160e+07 	
3.85000000e+06 	 1.735171e-05 	 1.678307e+07 	
3.87500000e+06 	 1.690042e-05 	 1.664664e+07 	
3.90000000e+06 	 1.646354e-05 	 1.651227e+07 	
3.92500000e+06 	 1.604052e-05 	 1.637992e+07 	
3.95000000e+06 	 1.563082e-05 	 1.624953e+07 	
3.97500000e+06 	 1.523392e-05 	 1.612108e+07 	
4.00000000e+06 	 1.484936e-05 	 1.599451e+07 	
4.02500000e+06 	 1.447664e-05 	 1.586978e+07 	
4.05000000e+06 	 1.411534e-05 	 1.574687e+07 	
4.07500000e+06 	 1.376503e-05 	 1.562572e+07 	
4.10000000e+06 	 1.342530e-05 	 1.550630e+07 	
4.12500000e+06 	 1.309576e-05 	 1.538859e+07 	
4.15000000e+06 	 1.277604e-05 	 1.527253e+07 	
4.17500000e+06 	 1.246578e-05 	 1.515810e+07 	
4.20000000e+06 	 1.216464e-05 	 1.504526e+07 	
4.22500000e+06 	 1.187229e-05 	 1.493398e+07 	
4.25000000e+06 	 1.158842e-05 	 1.482424e+07 	
4.27500000e+06 	 1.131274e-05 	 1.471600e+07 	
4.30000000e+06 	 1.104494e-05 	 1.460922e+07 	
4.32500000e+06 	 1.078477e-05 	 1.450389e+07 	
4.35000000e+06 	 1.053194e-05 	 1.439997e+07 	
4.37500000e+06 	 1.028622e-05 	 1.429743e+07 	
4.40000000e+06 	 1.004735e-05 	 1.419625e+07 	
4.42500000e+06 	 9.815097e-06 	 1.409641e+07 	
4.45000000e+06 	 9.589244e-06 	 1.399787e+07 	
4.47500000e+06 	 9.369574e-06 	 1.390061e+07 	
4.50000000e+06 	 9.155879e-06 	 1.380462e+07 	
4.52500000e+06 	 8.947957e-06 	 1.370985e+07 	
4.55000000e+06 	 8.745621e-06 	 1.361630e+07 	
4.57500000e+06 	 8.548685e-06 	 1.352394e+07 	
4.60000000e+06 	 8.356975e-06 	 1.343274e+07 	
4.62500000e+06 	 8.170317e-06 	 1.334269e+07 	
4.65000000e+06 	 7.988551e-06 	 1.325376e+07 	
4.67500000e+06 	 7.811520e-06 	 1.316594e+07 	
4.70000000e+06 	 7.639072e-06 	 1.307920e+07 	
4.72500000e+06 	 7.471059e-06 	 1.299353e+07 	
4.75000000e+06 	 7.307344e-06 	 1.290890e+07 	
4.77500000e+06 	 7.147789e-06 	 1.282530e+07 	
4.80000000e+06 	 6.992268e-06 	 1.274271e+07 	
4.82500000e+06 	 6.840653e-06 	 1.266111e+07 	
4.85000000e+06 	 6.692823e-06 	 1.258049e+07 	
4.87500000e+06 	 6.548664e-06 	 1.250082e+07 	
4.90000000e+06 	 6.408063e-06 	 1.242209e+07 	
4.92500000e+06 	 6.270910e-06 	 1.234429e+07 	
4.95000000e+06 	 6.137102e-06 	 1.226740e+07 	
5.00000000e+06 	 5.879122e-06 	 1.211628e+07 	
5.00050050e+06 	 5.876589e-06 	 1.211479e+07 	
5.00100100e+06 	 5.874071e-06 	 1.211329e+07 	
5.00150150e+06 	 5.871554e-06 	 1.211180e+07 	
5.00200200e+06 	 5.869039e-06 	 1.211030e+07 	
5.00250250e+06 	 5.866524e-06 	 1.210881e+07 	
5.00300300e+06 	 5.864011e-06 	 1.210732e+07 	
5.00350350e+06 	 5.861499e-06 	 1.210582e+07 	
5.00400400e+06 	 5.858988e-06 	 1.210433e+07 	
5.00450450e+06 	 5.856478e-06 	 1.210284e+07 	
5.00500501e+06 	 5.853970e-06 	 1.210135e+07 	
5.00550551e+06 	 5.851463e-06 	 1.209986e+07 	
5.00600601e+06 	 5.848957e-06 	 1.209837e+07 	
5.00650651e+06 	 5.846452e-06 	 1.209687e+07 	
5.00700701e+06 	 5.843948e-06 	 1.209538e+07 	
5.00750751e+06 	 5.841446e-06 	 1.209389e+07 	
5.00800801e+06 	 5.838945e-06 	 1.209240e+07 	
5.00850851e+06 	 5.836445e-06 	 1.209091e+07 	
5.00900901e+06 	 5.833946e-06 	 1.208943e+07 	
5.00950951e+06 	 5.831449e-06 	 1.208794e+07 	
5.01001001e+06 	 5.828952e-06 	 1.208645e+07 	
5.01051051e+06 	 5.826457e-06 	 1.208496e+07 	
5.01101101e+06 	 5.823963e-06 	 1.208347e+07 	
5.01151151e+06 	 5.821471e-06 	 1.208198e+07 	
5.01201201e+06 	 5.818979e-06 	 1.208050e+07 	
5.01251251e+06 	 5.816489e-06 	 1.207901e+07 	
5.01301301e+06 	 5.814000e-06 	 1.207752e+07 	
5.01351351e+06 	 5.811512e-06 	 1.207604e+07 	
5.01401401e+06 	 5.809026e-06 	 1.207455e+07 	
5.01451451e+06 	 5.806540e-06 	 1.207307e+07 	
5.01501502e+06 	 5.804056e-06 	 1.207158e+07 	
5.01551552e+06 	 5.801573e-06 	 1.207010e+07 	
5.01601602e+06 	 5.799091e-06 	 1.206861e+07 	
5.01651652e+06 	 5.796610e-06 	 1.206713e+07 	
5.01701702e+06 	 5.794131e-06 	 1.206565e+07 	
5.01751752e+06 	 5.791653e-06 	 1.206416e+07 	
5.01801802e+06 	 5.789176e-06 	 1.206268e+07 	
5.01851852e+06 	 5.786700e-06 	 1.206120e+07 	
5.01901902e+06 	 5.784225e-06 	 1.205971e+07 	
5.01951952e+06 	 5.781752e-06 	 1.205823e+07 	
5.02002002e+06 	 5.779280e-06 	 1.205675e+07 	
5.02052052e+06 	 5.776808e-06 	 1.205527e+07 	
5.02102102e+06 	 5.774339e-06 	 1.205379e+07 	
5.02152152e+06 	 5.771870e-06 	 1.205231e+07 	
5.02202202e+06 	 5.769402e-06 	 1.205083e+07 	
5.02252252e+06 	 5.766936e-06 	 1.204935e+07 	
5.02302302e+06 	 5.764471e-06 	 1.204787e+07 	
5.02352352e+06 	 5.762007e-06 	 1.204639e+07 	
5.02402402e+06 	 5.759544e-06 	 1.204491e+07 	
5.02452452e+06 	 5.757083e-06 	 1.204343e+07 	
5.02502503e+06 	 5.754623e-06 	 1.204195e+07 	
5.02552553e+06 	 5.752163e-06 	 1.204048e+07 	
5.02602603e+06 	 5.749705e-06 	 1.203900e+07 	
5.02652653e+06 	 5.747249e-06 	 1.203752e+07 	
5.02702703e+06 	 5.744793e-06 	 1.203604e+07 	
5.02752753e+06 	 5.742339e-06 	 1.203457e+07 	
5.02802803e+06 	 5.739885e-06 	 1.203309e+07 	
5.02852853e+06 	 5.737433e-06 	 1.203162e+07 	
5.02902903e+06 	 5.734983e-06 	 1.203014e+07 	
5.02952953e+06 	 5.732533e-06 	 1.202867e+07 	
5.03003003e+06 	 5.730084e-06 	 1.202719e+07 	
5.03053053e+06 	 5.727637e-06 	 1.202572e+07 	
5.03103103e+06 	 5.725191e-06 	 1.202424e+07 	
5.03153153e+06 	 5.722746e-06 	 1.202277e+07 	
5.03203203e+06 	 5.720302e-06 	 1.202129e+07 	
5.03253253e+06 	 5.717860e-06 	 1.201982e+07 	
5.03303303e+06 	 5.715418e-06 	 1.201835e+07 	
5.03353353e+06 	 5.712978e-06 	 1.201688e+07 	
5.03403403e+06 	 5.710539e-06 	 1.201540e+07 	
5.03453453e+06 	 5.708101e-06 	 1.201393e+07 	
5.03503504e+06 	 5.705664e-06 	 1.201246e+07 	
5.03553554e+06 	 5.703229e-06 	 1.201099e+07 	
5.03603604e+06 	 5.700794e-06 	 1.200952e+07 	
5.03653654e+06 	 5.698361e-06 	 1.200805e+07 	
5.03703704e+06 	 5.695929e-06 	 1.200658e+07 	
5.03753754e+06 	 5.693498e-06 	 1.200511e+07 	
5.03803804e+06 	 5.691068e-06 	 1.200364e+07 	
5.03853854e+06 	 5.688640e-06 	 1.200217e+07 	
5.03903904e+06 	 5.686213e-06 	 1.200070e+07 	
5.03953954e+06 	 5.683786e-06 	 1.199923e+07 	
5.04004004e+06 	 5.681361e-06 	 1.199777e+07 	
5.04054054e+06 	 5.678938e-06 	 1.199630e+07 	
5.04104104e+06 	 5.676515e-06 	 1.199483e+07 	
5.04154154e+06 	 5.674093e-06 	 1.199336e+07 	
5.04204204e+06 	 5.671673e-06 	 1.199190e+07 	
5.04254254e+06 	 5.669254e-06 	 1.199043e+07 	
5.04304304e+06 	 5.666836e-06 	 1.198897e+07 	
5.04354354e+06 	 5.664419e-06 	 1.198750e+07 	
5.04404404e+06 	 5.662003e-06 	 1.198603e+07 	
5.04454454e+06 	 5.659589e-06 	 1.198457e+07 	
5.04504505e+06 	 5.657175e-06 	 1.198310e+07 	
5.04554555e+06 	 5.654763e-06 	 1.198164e+07 	
5.04604605e+06 	 5.652352e-06 	 1.198018e+07 	
5.04654655e+06 	 5.649942e-06 	 1.197871e+07 	
5.04704705e+06 	 5.647533e-06 	 1.197725e+07 	
5.04754755e+06 	 5.645126e-06 	 1.197579e+07 	
5.04804805e+06 	 5.642719e-06 	 1.197432e+07 	
5.04854855e+06 	 5.640314e-06 	 1.197286e+07 	
5.04904905e+06 	 5.637910e-06 	 1.197140e+07 	
5.04954955e+06 	 5.635507e-06 	 1.196994e+07 	
5.05005005e+06 	 5.633105e-06 	 1.196848e+07 	
5.05055055e+06 	 5.630704e-06 	 1.196702e+07 	
5.05105105e+06 	 5.628305e-06 	 1.196555e+07 	
5.05155155e+06 	 5.625906e-06 	 1.196409e+07 	
5.05205205e+06 	 5.623509e-06 	 1.196263e+07 	
5.05255255e+06 	 5.621113e-06 	 1.196117e+07 	
5.05305305e+06 	 5.618718e-06 	 1.195972e+07 	
5.05355355e+06 	 5.616324e-06 	 1.195826e+07 	
5.05405405e+06 	 5.613932e-06 	 1.195680e+07 	
5.05455455e+06 	 5.611540e-06 	 1.195534e+07 	
5.05505506e+06 	 5.609150e-06 	 1.195388e+07 	
5.05555556e+06 	 5.606761e-06 	 1.195242e+07 	
5.05605606e+06 	 5.604373e-06 	 1.195097e+07 	
5.05655656e+06 	 5.601986e-06 	 1.194951e+07 	
5.05705706e+06 	 5.599600e-06 	 1.194805e+07 	
5.05755756e+06 	 5.597215e-06 	 1.194660e+07 	
5.05805806e+06 	 5.594832e-06 	 1.194514e+07 	
5.05855856e+06 	 5.592450e-06 	 1.194369e+07 	
5.05905906e+06 	 5.590068e-06 	 1.194223e+07 	
5.05955956e+06 	 5.587688e-06 	 1.194078e+07 	
5.06006006e+06 	 5.585310e-06 	 1.193932e+07 	
5.06056056e+06 	 5.582932e-06 	 1.193787e+07 	
5.06106106e+06 	 5.580555e-06 	 1.193641e+07 	
5.06156156e+06 	 5.578180e-06 	 1.193496e+07 	
5.06206206e+06 	 5.575805e-06 	 1.193351e+07 	
5.06256256e+06 	 5.573432e-06 	 1.193205e+07 	
5.06306306e+06 	 5.571060e-06 	 1.193060e+07 	
5.06356356e+06 	 5.568689e-06 	 1.192915e+07 	
5.06406406e+06 	 5.566319e-06 	 1.192770e+07 	
5.06456456e+06 	 5.563950e-06 	 1.192624e+07 	
5.06506507e+06 	 5.561583e-06 	 1.192479e+07 	
5.06556557e+06 	 5.559217e-06 	 1.192334e+07 	
5.06606607e+06 	 5.556851e-06 	 1.192189e+07 	
5.06656657e+06 	 5.554487e-06 	 1.192044e+07 	
5.06706707e+06 	 5.552124e-06 	 1.191899e+07 	
5.06756757e+06 	 5.549762e-06 	 1.191754e+07 	
5.06806807e+06 	 5.547401e-06 	 1.191609e+07 	
5.06856857e+06 	 5.545042e-06 	 1.191464e+07 	
5.06906907e+06 	 5.542683e-06 	 1.191319e+07 	
5.06956957e+06 	 5.540326e-06 	 1.191175e+07 	
5.07007007e+06 	 5.537969e-06 	 1.191030e+07 	
5.07057057e+06 	 5.535614e-06 	 1.190885e+07 	
5.07107107e+06 	 5.533260e-06 	 1.190740e+07 	
5.07157157e+06 	 5.530907e-06 	 1.190596e+07 	
5.07207207e+06 	 5.528555e-06 	 1.190451e+07 	
5.07257257e+06 	 5.526205e-06 	 1.190306e+07 	
5.07307307e+06 	 5.523855e-06 	 1.190162e+07 	
5.07357357e+06 	 5.521507e-06 	 1.190017e+07 	
5.07407407e+06 	 5.519160e-06 	 1.189873e+07 	
5.07457457e+06 	 5.516813e-06 	 1.189728e+07 	
5.07507508e+06 	 5.514468e-06 	 1.189584e+07 	
5.07557558e+06 	 5.512124e-06 	 1.189439e+07 	
5.07607608e+06 	 5.509781e-06 	 1.189295e+07 	
5.07657658e+06 	 5.507440e-06 	 1.189150e+07 	
5.07707708e+06 	 5.505099e-06 	 1.189006e+07 	
5.07757758e+06 	 5.502760e-06 	 1.188862e+07 	
5.07807808e+06 	 5.500421e-06 	 1.188718e+07 	
5.07857858e+06 	 5.498084e-06 	 1.188573e+07 	
5.07907908e+06 	 5.495748e-06 	 1.188429e+07 	
5.07957958e+06 	 5.493413e-06 	 1.188285e+07 	
5.08008008e+06 	 5.491079e-06 	 1.188141e+07 	
5.08058058e+06 	 5.488746e-06 	 1.187997e+07 	
5.08108108e+06 	 5.486414e-06 	 1.187853e+07 	
5.08158158e+06 	 5.484084e-06 	 1.187709e+07 	
5.08208208e+06 	 5.481754e-06 	 1.187565e+07 	
5.08258258e+06 	 5.479426e-06 	 1.187421e+07 	
5.08308308e+06 	 5.477099e-06 	 1.187277e+07 	
5.08358358e+06 	 5.474773e-06 	 1.187133e+07 	
5.08408408e+06 	 5.472447e-06 	 1.186989e+07 	
5.08458458e+06 	 5.470124e-06 	 1.186845e+07 	
5.08508509e+06 	 5.467801e-06 	 1.186701e+07 	
5.08558559e+06 	 5.465479e-06 	 1.186557e+07 	
5.08608609e+06 	 5.463158e-06 	 1.186414e+07 	
5.08658659e+06 	 5.460839e-06 	 1.186270e+07 	
5.08708709e+06 	 5.458520e-06 	 1.186126e+07 	
5.08758759e+06 	 5.456203e-06 	 1.185983e+07 	
5.08808809e+06 	 5.453887e-06 	 1.185839e+07 	
5.08858859e+06 	 5.451572e-06 	 1.185695e+07 	
5.08908909e+06 	 5.449258e-06 	 1.185552e+07 	
5.08958959e+06 	 5.446945e-06 	 1.185408e+07 	
5.09009009e+06 	 5.444633e-06 	 1.185265e+07 	
5.09059059e+06 	 5.442322e-06 	 1.185121e+07 	
5.09109109e+06 	 5.440013e-06 	 1.184978e+07 	
5.09159159e+06 	 5.437704e-06 	 1.184835e+07 	
5.09209209e+06 	 5.435397e-06 	 1.184691e+07 	
5.09259259e+06 	 5.433090e-06 	 1.184548e+07 	
5.09309309e+06 	 5.430785e-06 	 1.184405e+07 	
5.09359359e+06 	 5.428481e-06 	 1.184261e+07 	
5.09409409e+06 	 5.426178e-06 	 1.184118e+07 	
5.09459459e+06 	 5.423876e-06 	 1.183975e+07 	
5.09509510e+06 	 5.421575e-06 	 1.183832e+07 	
5.09559560e+06 	 5.419275e-06 	 1.183689e+07 	
5.09609610e+06 	 5.416977e-06 	 1.183546e+07 	
5.09659660e+06 	 5.414679e-06 	 1.183402e+07 	
5.09709710e+06 	 5.412383e-06 	 1.183259e+07 	
5.09759760e+06 	 5.410087e-06 	 1.183116e+07 	
5.09809810e+06 	 5.407793e-06 	 1.182973e+07 	
5.09859860e+06 	 5.405500e-06 	 1.182831e+07 	
5.09909910e+06 	 5.403208e-06 	 1.182688e+07 	
5.09959960e+06 	 5.400917e-06 	 1.182545e+07 	
5.10010010e+06 	 5.398627e-06 	 1.182402e+07 	
5.10060060e+06 	 5.396338e-06 	 1.182259e+07 	
5.10110110e+06 	 5.394050e-06 	 1.182116e+07 	
5.10160160e+06 	 5.391763e-06 	 1.181974e+07 	
5.10210210e+06 	 5.389478e-06 	 1.181831e+07 	
5.10260260e+06 	 5.387193e-06 	 1.181688e+07 	
5.10310310e+06 	 5.384910e-06 	 1.181546e+07 	
5.10360360e+06 	 5.382627e-06 	 1.181403e+07 	
5.10410410e+06 	 5.380346e-06 	 1.181260e+07 	
5.10460460e+06 	 5.378066e-06 	 1.181118e+07 	
5.10510511e+06 	 5.375787e-06 	 1.180975e+07 	
5.10560561e+06 	 5.373509e-06 	 1.180833e+07 	
5.10610611e+06 	 5.371232e-06 	 1.180690e+07 	
5.10660661e+06 	 5.368956e-06 	 1.180548e+07 	
5.10710711e+06 	 5.366681e-06 	 1.180406e+07 	
5.10760761e+06 	 5.364407e-06 	 1.180263e+07 	
5.10810811e+06 	 5.362135e-06 	 1.180121e+07 	
5.10860861e+06 	 5.359863e-06 	 1.179979e+07 	
5.10910911e+06 	 5.357593e-06 	 1.179836e+07 	
5.10960961e+06 	 5.355323e-06 	 1.179694e+07 	
5.11011011e+06 	 5.353055e-06 	 1.179552e+07 	
5.11061061e+06 	 5.350788e-06 	 1.179410e+07 	
5.11111111e+06 	 5.348521e-06 	 1.179268e+07 	
5.11161161e+06 	 5.346256e-06 	 1.179126e+07 	
5.11211211e+06 	 5.343992e-06 	 1.178984e+07 	
5.11261261e+06 	 5.341729e-06 	 1.178842e+07 	
5.11311311e+06 	 5.339467e-06 	 1.178700e+07 	
5.11361361e+06 	 5.337206e-06 	 1.178558e+07 	
5.11411411e+06 	 5.334947e-06 	 1.178416e+07 	
5.11461461e+06 	 5.332688e-06 	 1.178274e+07 	
5.11511512e+06 	 5.330430e-06 	 1.178132e+07 	
5.11561562e+06 	 5.328174e-06 	 1.177990e+07 	
5.11611612e+06 	 5.325918e-06 	 1.177848e+07 	
5.11661662e+06 	 5.323664e-06 	 1.177707e+07 	
5.11711712e+06 	 5.321410e-06 	 1.177565e+07 	
5.11761762e+06 	 5.319158e-06 	 1.177423e+07 	
5.11811812e+06 	 5.316907e-06 	 1.177281e+07 	
5.11861862e+06 	 5.314657e-06 	 1.177140e+07 	
5.11911912e+06 	 5.312407e-06 	 1.176998e+07 	
5.11961962e+06 	 5.310159e-06 	 1.176857e+07 	
5.12012012e+06 	 5.307912e-06 	 1.176715e+07 	
5.12062062e+06 	 5.305666e-06 	 1.176573e+07 	
5.12112112e+06 	 5.303422e-06 	 1.176432e+07 	
5.12162162e+06 	 5.301178e-06 	 1.176291e+07 	
5.12212212e+06 	 5.298935e-06 	 1.176149e+07 	
5.12262262e+06 	 5.296693e-06 	 1.176008e+07 	
5.12312312e+06 	 5.294453e-06 	 1.175866e+07 	
5.12362362e+06 	 5.292213e-06 	 1.175725e+07 	
5.12412412e+06 	 5.289975e-06 	 1.175584e+07 	
5.12462462e+06 	 5.287737e-06 	 1.175443e+07 	
5.12512513e+06 	 5.285501e-06 	 1.175301e+07 	
5.12562563e+06 	 5.283265e-06 	 1.175160e+07 	
5.12612613e+06 	 5.281031e-06 	 1.175019e+07 	
5.12662663e+06 	 5.278798e-06 	 1.174878e+07 	
5.12712713e+06 	 5.276565e-06 	 1.174737e+07 	
5.12762763e+06 	 5.274334e-06 	 1.174596e+07 	
5.12812813e+06 	 5.272104e-06 	 1.174455e+07 	
5.12862863e+06 	 5.269875e-06 	 1.174314e+07 	
5.12912913e+06 	 5.267647e-06 	 1.174173e+07 	
5.12962963e+06 	 5.265420e-06 	 1.174032e+07 	
5.13013013e+06 	 5.263194e-06 	 1.173891e+07 	
5.13063063e+06 	 5.260969e-06 	 1.173750e+07 	
5.13113113e+06 	 5.258746e-06 	 1.173609e+07 	
5.13163163e+06 	 5.256523e-06 	 1.173468e+07 	
5.13213213e+06 	 5.254301e-06 	 1.173327e+07 	
5.13263263e+06 	 5.252080e-06 	 1.173187e+07 	
5.13313313e+06 	 5.249861e-06 	 1.173046e+07 	
5.13363363e+06 	 5.247642e-06 	 1.172905e+07 	
5.13413413e+06 	 5.245425e-06 	 1.172765e+07 	
5.13463463e+06 	 5.243208e-06 	 1.172624e+07 	
5.13513514e+06 	 5.240993e-06 	 1.172483e+07 	
5.13563564e+06 	 5.238778e-06 	 1.172343e+07 	
5.13613614e+06 	 5.236565e-06 	 1.172202e+07 	
5.13663664e+06 	 5.234353e-06 	 1.172062e+07 	
5.13713714e+06 	 5.232141e-06 	 1.171921e+07 	
5.13763764e+06 	 5.229931e-06 	 1.171781e+07 	
5.13813814e+06 	 5.227722e-06 	 1.171641e+07 	
5.13863864e+06 	 5.225514e-06 	 1.171500e+07 	
5.13913914e+06 	 5.223307e-06 	 1.171360e+07 	
5.13963964e+06 	 5.221101e-06 	 1.171219e+07 	
5.14014014e+06 	 5.218895e-06 	 1.171079e+07 	
5.14064064e+06 	 5.216691e-06 	 1.170939e+07 	
5.14114114e+06 	 5.214488e-06 	 1.170799e+07 	
5.14164164e+06 	 5.212286e-06 	 1.170659e+07 	
5.14214214e+06 	 5.210086e-06 	 1.170518e+07 	
5.14264264e+06 	 5.207886e-06 	 1.170378e+07 	
5.14314314e+06 	 5.205687e-06 	 1.170238e+07 	
5.14364364e+06 	 5.203489e-06 	 1.170098e+07 	
5.14414414e+06 	 5.201292e-06 	 1.169958e+07 	
5.14464464e+06 	 5.199096e-06 	 1.169818e+07 	
5.14514515e+06 	 5.196902e-06 	 1.169678e+07 	
5.14564565e+06 	 5.194708e-06 	 1.169538e+07 	
5.14614615e+06 	 5.192515e-06 	 1.169398e+07 	
5.14664665e+06 	 5.190324e-06 	 1.169258e+07 	
5.14714715e+06 	 5.188133e-06 	 1.169119e+07 	
5.14764765e+06 	 5.185943e-06 	 1.168979e+07 	
5.14814815e+06 	 5.183755e-06 	 1.168839e+07 	
5.14864865e+06 	 5.181567e-06 	 1.168699e+07 	
5.14914915e+06 	 5.179381e-06 	 1.168560e+07 	
5.14964965e+06 	 5.177195e-06 	 1.168420e+07 	
5.15015015e+06 	 5.175011e-06 	 1.168280e+07 	
5.15065065e+06 	 5.172827e-06 	 1.168141e+07 	
5.15115115e+06 	 5.170645e-06 	 1.168001e+07 	
5.15165165e+06 	 5.168464e-06 	 1.167862e+07 	
5.15215215e+06 	 5.166283e-06 	 1.167722e+07 	
5.15265265e+06 	 5.164104e-06 	 1.167583e+07 	
5.15315315e+06 	 5.161925e-06 	 1.167443e+07 	
5.15365365e+06 	 5.159748e-06 	 1.167304e+07 	
5.15415415e+06 	 5.157572e-06 	 1.167164e+07 	
5.15465465e+06 	 5.155397e-06 	 1.167025e+07 	
5.15515516e+06 	 5.153222e-06 	 1.166886e+07 	
5.15565566e+06 	 5.151049e-06 	 1.166746e+07 	
5.15615616e+06 	 5.148877e-06 	 1.166607e+07 	
5.15665666e+06 	 5.146706e-06 	 1.166468e+07 	
5.15715716e+06 	 5.144536e-06 	 1.166329e+07 	
5.15765766e+06 	 5.142366e-06 	 1.166189e+07 	
5.15815816e+06 	 5.140198e-06 	 1.166050e+07 	
5.15865866e+06 	 5.138031e-06 	 1.165911e+07 	
5.15915916e+06 	 5.135865e-06 	 1.165772e+07 	
5.15965966e+06 	 5.133700e-06 	 1.165633e+07 	
5.16016016e+06 	 5.131536e-06 	 1.165494e+07 	
5.16066066e+06 	 5.129373e-06 	 1.165355e+07 	
5.16116116e+06 	 5.127211e-06 	 1.165216e+07 	
5.16166166e+06 	 5.125050e-06 	 1.165077e+07 	
5.16216216e+06 	 5.122889e-06 	 1.164938e+07 	
5.16266266e+06 	 5.120730e-06 	 1.164799e+07 	
5.16316316e+06 	 5.118572e-06 	 1.164660e+07 	
5.16366366e+06 	 5.116415e-06 	 1.164522e+07 	
5.16416416e+06 	 5.114259e-06 	 1.164383e+07 	
5.16466466e+06 	 5.112104e-06 	 1.164244e+07 	
5.16516517e+06 	 5.109950e-06 	 1.164105e+07 	
5.16566567e+06 	 5.107797e-06 	 1.163967e+07 	
5.16616617e+06 	 5.105645e-06 	 1.163828e+07 	
5.16666667e+06 	 5.103494e-06 	 1.163689e+07 	
5.16716717e+06 	 5.101344e-06 	 1.163551e+07 	
5.16766767e+06 	 5.099195e-06 	 1.163412e+07 	
5.16816817e+06 	 5.097047e-06 	 1.163274e+07 	
5.16866867e+06 	 5.094900e-06 	 1.163135e+07 	
5.16916917e+06 	 5.092754e-06 	 1.162997e+07 	
5.16966967e+06 	 5.090609e-06 	 1.162858e+07 	
5.17017017e+06 	 5.088465e-06 	 1.162720e+07 	
5.17067067e+06 	 5.086322e-06 	 1.162582e+07 	
5.17117117e+06 	 5.084180e-06 	 1.162443e+07 	
5.17167167e+06 	 5.082039e-06 	 1.162305e+07 	
5.17217217e+06 	 5.079899e-06 	 1.162167e+07 	
5.17267267e+06 	 5.077760e-06 	 1.162028e+07 	
5.17317317e+06 	 5.075622e-06 	 1.161890e+07 	
5.17367367e+06 	 5.073485e-06 	 1.161752e+07 	
5.17417417e+06 	 5.071349e-06 	 1.161614e+07 	
5.17467467e+06 	 5.069214e-06 	 1.161476e+07 	
5.17517518e+06 	 5.067080e-06 	 1.161338e+07 	
5.17567568e+06 	 5.064947e-06 	 1.161200e+07 	
5.17617618e+06 	 5.062815e-06 	 1.161062e+07 	
5.17667668e+06 	 5.060684e-06 	 1.160924e+07 	
5.17717718e+06 	 5.058554e-06 	 1.160786e+07 	
5.17767768e+06 	 5.056425e-06 	 1.160648e+07 	
5.17817818e+06 	 5.054297e-06 	 1.160510e+07 	
5.17867868e+06 	 5.052169e-06 	 1.160372e+07 	
5.17917918e+06 	 5.050043e-06 	 1.160234e+07 	
5.17967968e+06 	 5.047918e-06 	 1.160096e+07 	
5.18018018e+06 	 5.045794e-06 	 1.159959e+07 	
5.18068068e+06 	 5.043671e-06 	 1.159821e+07 	
5.18118118e+06 	 5.041549e-06 	 1.159683e+07 	
5.18168168e+06 	 5.039428e-06 	 1.159545e+07 	
5.18218218e+06 	 5.037307e-06 	 1.159408e+07 	
5.18268268e+06 	 5.035188e-06 	 1.159270e+07 	
5.18318318e+06 	 5.033070e-06 	 1.159132e+07 	
5.18368368e+06 	 5.030953e-06 	 1.158995e+07 	
5.18418418e+06 	 5.028837e-06 	 1.158857e+07 	
5.18468468e+06 	 5.026721e-06 	 1.158720e+07 	
5.18518519e+06 	 5.024607e-06 	 1.158582e+07 	
5.18568569e+06 	 5.022494e-06 	 1.158445e+07 	
5.18618619e+06 	 5.020381e-06 	 1.158307e+07 	
5.18668669e+06 	 5.018270e-06 	 1.158170e+07 	
5.18718719e+06 	 5.016160e-06 	 1.158033e+07 	
5.18768769e+06 	 5.014050e-06 	 1.157895e+07 	
5.18818819e+06 	 5.011942e-06 	 1.157758e+07 	
5.18868869e+06 	 5.009835e-06 	 1.157621e+07 	
5.18918919e+06 	 5.007728e-06 	 1.157484e+07 	
5.18968969e+06 	 5.005623e-06 	 1.157346e+07 	
5.19019019e+06 	 5.003518e-06 	 1.157209e+07 	
5.19069069e+06 	 5.001415e-06 	 1.157072e+07 	
5.19119119e+06 	 4.999312e-06 	 1.156935e+07 	
5.19169169e+06 	 4.997211e-06 	 1.156798e+07 	
5.19219219e+06 	 4.995110e-06 	 1.156661e+07 	
5.19269269e+06 	 4.993011e-06 	 1.156524e+07 	
5.19319319e+06 	 4.990912e-06 	 1.156387e+07 	
5.19369369e+06 	 4.988814e-06 	 1.156250e+07 	
5.19419419e+06 	 4.986718e-06 	 1.156113e+07 	
5.19469469e+06 	 4.984622e-06 	 1.155976e+07 	
5.19519520e+06 	 4.982527e-06 	 1.155839e+07 	
5.19569570e+06 	 4.980433e-06 	 1.155702e+07 	
5.19619620e+06 	 4.978341e-06 	 1.155566e+07 	
5.19669670e+06 	 4.976249e-06 	 1.155429e+07 	
5.19719720e+06 	 4.974158e-06 	 1.155292e+07 	
5.19769770e+06 	 4.972068e-06 	 1.155155e+07 	
5.19819820e+06 	 4.969979e-06 	 1.155019e+07 	
5.19869870e+06 	 4.967891e-06 	 1.154882e+07 	
5.19919920e+06 	 4.965804e-06 	 1.154745e+07 	
5.19969970e+06 	 4.963718e-06 	 1.154609e+07 	
5.20020020e+06 	 4.961633e-06 	 1.154472e+07 	
5.20070070e+06 	 4.959549e-06 	 1.154336e+07 	
5.20120120e+06 	 4.957466e-06 	 1.154199e+07 	
5.20170170e+06 	 4.955384e-06 	 1.154063e+07 	
5.20220220e+06 	 4.953303e-06 	 1.153926e+07 	
5.20270270e+06 	 4.951223e-06 	 1.153790e+07 	
5.20320320e+06 	 4.949143e-06 	 1.153654e+07 	
5.20370370e+06 	 4.947065e-06 	 1.153517e+07 	
5.20420420e+06 	 4.944988e-06 	 1.153381e+07 	
5.20470470e+06 	 4.942911e-06 	 1.153245e+07 	
5.20520521e+06 	 4.940836e-06 	 1.153108e+07 	
5.20570571e+06 	 4.938761e-06 	 1.152972e+07 	
5.20620621e+06 	 4.936688e-06 	 1.152836e+07 	
5.20670671e+06 	 4.934615e-06 	 1.152700e+07 	
5.20720721e+06 	 4.932544e-06 	 1.152564e+07 	
5.20770771e+06 	 4.930473e-06 	 1.152427e+07 	
5.20820821e+06 	 4.928404e-06 	 1.152291e+07 	
5.20870871e+06 	 4.926335e-06 	 1.152155e+07 	
5.20920921e+06 	 4.924267e-06 	 1.152019e+07 	
5.20970971e+06 	 4.922200e-06 	 1.151883e+07 	
5.21021021e+06 	 4.920135e-06 	 1.151747e+07 	
5.21071071e+06 	 4.918070e-06 	 1.151611e+07 	
5.21121121e+06 	 4.916006e-06 	 1.151476e+07 	
5.21171171e+06 	 4.913943e-06 	 1.151340e+07 	
5.21221221e+06 	 4.911881e-06 	 1.151204e+07 	
5.21271271e+06 	 4.909820e-06 	 1.151068e+07 	
5.21321321e+06 	 4.907760e-06 	 1.150932e+07 	
5.21371371e+06 	 4.905701e-06 	 1.150797e+07 	
5.21421421e+06 	 4.903642e-06 	 1.150661e+07 	
5.21471471e+06 	 4.901585e-06 	 1.150525e+07 	
5.21521522e+06 	 4.899529e-06 	 1.150389e+07 	
5.21571572e+06 	 4.897473e-06 	 1.150254e+07 	
5.21621622e+06 	 4.895419e-06 	 1.150118e+07 	
5.21671672e+06 	 4.893366e-06 	 1.149983e+07 	
5.21721722e+06 	 4.891313e-06 	 1.149847e+07 	
5.21771772e+06 	 4.889261e-06 	 1.149712e+07 	
5.21821822e+06 	 4.887211e-06 	 1.149576e+07 	
5.21871872e+06 	 4.885161e-06 	 1.149441e+07 	
5.21921922e+06 	 4.883112e-06 	 1.149305e+07 	
5.21971972e+06 	 4.881065e-06 	 1.149170e+07 	
5.22022022e+06 	 4.879018e-06 	 1.149035e+07 	
5.22072072e+06 	 4.876972e-06 	 1.148899e+07 	
5.22122122e+06 	 4.874927e-06 	 1.148764e+07 	
5.22172172e+06 	 4.872883e-06 	 1.148629e+07 	
5.22222222e+06 	 4.870840e-06 	 1.148493e+07 	
5.22272272e+06 	 4.868798e-06 	 1.148358e+07 	
5.22322322e+06 	 4.866757e-06 	 1.148223e+07 	
5.22372372e+06 	 4.864716e-06 	 1.148088e+07 	
5.22422422e+06 	 4.862677e-06 	 1.147953e+07 	
5.22472472e+06 	 4.860639e-06 	 1.147818e+07 	
5.22522523e+06 	 4.858601e-06 	 1.147683e+07 	
5.22572573e+06 	 4.856565e-06 	 1.147548e+07 	
5.22622623e+06 	 4.854529e-06 	 1.147413e+07 	
5.22672673e+06 	 4.852495e-06 	 1.147278e+07 	
5.22722723e+06 	 4.850461e-06 	 1.147143e+07 	
5.22772773e+06 	 4.848428e-06 	 1.147008e+07 	
5.22822823e+06 	 4.846396e-06 	 1.146873e+07 	
5.22872873e+06 	 4.844366e-06 	 1.146738e+07 	
5.22922923e+06 	 4.842336e-06 	 1.146603e+07 	
5.22972973e+06 	 4.840307e-06 	 1.146469e+07 	
5.23023023e+06 	 4.838279e-06 	 1.146334e+07 	
5.23073073e+06 	 4.836251e-06 	 1.146199e+07 	
5.23123123e+06 	 4.834225e-06 	 1.146064e+07 	
5.23173173e+06 	 4.832200e-06 	 1.145930e+07 	
5.23223223e+06 	 4.830176e-06 	 1.145795e+07 	
5.23273273e+06 	 4.828152e-06 	 1.145660e+07 	
5.23323323e+06 	 4.826130e-06 	 1.145526e+07 	
5.23373373e+06 	 4.824108e-06 	 1.145391e+07 	
5.23423423e+06 	 4.822088e-06 	 1.145257e+07 	
5.23473473e+06 	 4.820068e-06 	 1.145122e+07 	
5.23523524e+06 	 4.818049e-06 	 1.144988e+07 	
5.23573574e+06 	 4.816031e-06 	 1.144853e+07 	
5.23623624e+06 	 4.814014e-06 	 1.144719e+07 	
5.23673674e+06 	 4.811998e-06 	 1.144585e+07 	
5.23723724e+06 	 4.809983e-06 	 1.144450e+07 	
5.23773774e+06 	 4.807969e-06 	 1.144316e+07 	
5.23823824e+06 	 4.805956e-06 	 1.144182e+07 	
5.23873874e+06 	 4.803944e-06 	 1.144047e+07 	
5.23923924e+06 	 4.801932e-06 	 1.143913e+07 	
5.23973974e+06 	 4.799922e-06 	 1.143779e+07 	
5.24024024e+06 	 4.797912e-06 	 1.143645e+07 	
5.24074074e+06 	 4.795904e-06 	 1.143511e+07 	
5.24124124e+06 	 4.793896e-06 	 1.143377e+07 	
5.24174174e+06 	 4.791889e-06 	 1.143243e+07 	
5.24224224e+06 	 4.789884e-06 	 1.143109e+07 	
5.24274274e+06 	 4.787879e-06 	 1.142975e+07 	
5.24324324e+06 	 4.785875e-06 	 1.142841e+07 	
5.24374374e+06 	 4.783872e-06 	 1.142707e+07 	
5.24424424e+06 	 4.781869e-06 	 1.142573e+07 	
5.24474474e+06 	 4.779868e-06 	 1.142439e+07 	
5.24524525e+06 	 4.777868e-06 	 1.142305e+07 	
5.24574575e+06 	 4.775868e-06 	 1.142171e+07 	
5.24624625e+06 	 4.773870e-06 	 1.142037e+07 	
5.24674675e+06 	 4.771872e-06 	 1.141903e+07 	
5.24724725e+06 	 4.769876e-06 	 1.141770e+07 	
5.24774775e+06 	 4.767880e-06 	 1.141636e+07 	
5.24824825e+06 	 4.765885e-06 	 1.141502e+07 	
5.24874875e+06 	 4.763891e-06 	 1.141369e+07 	
5.24924925e+06 	 4.761898e-06 	 1.141235e+07 	
5.24974975e+06 	 4.759906e-06 	 1.141101e+07 	
5.25025025e+06 	 4.757915e-06 	 1.140968e+07 	
5.25075075e+06 	 4.755925e-06 	 1.140834e+07 	
5.25125125e+06 	 4.753935e-06 	 1.140701e+07 	
5.25175175e+06 	 4.751947e-06 	 1.140567e+07 	
5.25225225e+06 	 4.749959e-06 	 1.140434e+07 	
5.25275275e+06 	 4.747972e-06 	 1.140300e+07 	
5.25325325e+06 	 4.745987e-06 	 1.140167e+07 	
5.25375375e+06 	 4.744002e-06 	 1.140034e+07 	
5.25425425e+06 	 4.742018e-06 	 1.139900e+07 	
5.25475475e+06 	 4.740035e-06 	 1.139767e+07 	
5.25525526e+06 	 4.738053e-06 	 1.139634e+07 	
5.25575576e+06 	 4.736072e-06 	 1.139500e+07 	
5.25625626e+06 	 4.734091e-06 	 1.139367e+07 	
5.25675676e+06 	 4.732112e-06 	 1.139234e+07 	
5.25725726e+06 	 4.730134e-06 	 1.139101e+07 	
5.25775776e+06 	 4.728156e-06 	 1.138968e+07 	
5.25825826e+06 	 4.726179e-06 	 1.138835e+07 	
5.25875876e+06 	 4.724204e-06 	 1.138702e+07 	
5.25925926e+06 	 4.722229e-06 	 1.138569e+07 	
5.25975976e+06 	 4.720255e-06 	 1.138436e+07 	
5.26026026e+06 	 4.718282e-06 	 1.138303e+07 	
5.26076076e+06 	 4.716310e-06 	 1.138170e+07 	
5.26126126e+06 	 4.714338e-06 	 1.138037e+07 	
5.26176176e+06 	 4.712368e-06 	 1.137904e+07 	
5.26226226e+06 	 4.710398e-06 	 1.137771e+07 	
5.26276276e+06 	 4.708430e-06 	 1.137638e+07 	
5.26326326e+06 	 4.706462e-06 	 1.137505e+07 	
5.26376376e+06 	 4.704495e-06 	 1.137372e+07 	
5.26426426e+06 	 4.702529e-06 	 1.137240e+07 	
5.26476476e+06 	 4.700564e-06 	 1.137107e+07 	
5.26526527e+06 	 4.698600e-06 	 1.136974e+07 	
5.26576577e+06 	 4.696637e-06 	 1.136842e+07 	
5.26626627e+06 	 4.694675e-06 	 1.136709e+07 	
5.26676677e+06 	 4.692713e-06 	 1.136576e+07 	
5.26726727e+06 	 4.690753e-06 	 1.136444e+07 	
5.26776777e+06 	 4.688793e-06 	 1.136311e+07 	
5.26826827e+06 	 4.686835e-06 	 1.136179e+07 	
5.26876877e+06 	 4.684877e-06 	 1.136046e+07 	
5.26926927e+06 	 4.682920e-06 	 1.135914e+07 	
5.26976977e+06 	 4.680964e-06 	 1.135781e+07 	
5.27027027e+06 	 4.679009e-06 	 1.135649e+07 	
5.27077077e+06 	 4.677054e-06 	 1.135517e+07 	
5.27127127e+06 	 4.675101e-06 	 1.135384e+07 	
5.27177177e+06 	 4.673148e-06 	 1.135252e+07 	
5.27227227e+06 	 4.671197e-06 	 1.135120e+07 	
5.27277277e+06 	 4.669246e-06 	 1.134987e+07 	
5.27327327e+06 	 4.667296e-06 	 1.134855e+07 	
5.27377377e+06 	 4.665347e-06 	 1.134723e+07 	
5.27427427e+06 	 4.663399e-06 	 1.134591e+07 	
5.27477477e+06 	 4.661452e-06 	 1.134459e+07 	
5.27527528e+06 	 4.659506e-06 	 1.134326e+07 	
5.27577578e+06 	 4.657560e-06 	 1.134194e+07 	
5.27627628e+06 	 4.655616e-06 	 1.134062e+07 	
5.27677678e+06 	 4.653672e-06 	 1.133930e+07 	
5.27727728e+06 	 4.651729e-06 	 1.133798e+07 	
5.27777778e+06 	 4.649787e-06 	 1.133666e+07 	
5.27827828e+06 	 4.647846e-06 	 1.133534e+07 	
5.27877878e+06 	 4.645906e-06 	 1.133402e+07 	
5.27927928e+06 	 4.643967e-06 	 1.133271e+07 	
5.27977978e+06 	 4.642029e-06 	 1.133139e+07 	
5.28028028e+06 	 4.640091e-06 	 1.133007e+07 	
5.28078078e+06 	 4.638155e-06 	 1.132875e+07 	
5.28128128e+06 	 4.636219e-06 	 1.132743e+07 	
5.28178178e+06 	 4.634284e-06 	 1.132612e+07 	
5.28228228e+06 	 4.632350e-06 	 1.132480e+07 	
5.28278278e+06 	 4.630417e-06 	 1.132348e+07 	
5.28328328e+06 	 4.628485e-06 	 1.132217e+07 	
5.28378378e+06 	 4.626554e-06 	 1.132085e+07 	
5.28428428e+06 	 4.624623e-06 	 1.131953e+07 	
5.28478478e+06 	 4.622694e-06 	 1.131822e+07 	
5.28528529e+06 	 4.620765e-06 	 1.131690e+07 	
5.28578579e+06 	 4.618837e-06 	 1.131559e+07 	
5.28628629e+06 	 4.616910e-06 	 1.131427e+07 	
5.28678679e+06 	 4.614984e-06 	 1.131296e+07 	
5.28728729e+06 	 4.613059e-06 	 1.131164e+07 	
5.28778779e+06 	 4.611134e-06 	 1.131033e+07 	
5.28828829e+06 	 4.609211e-06 	 1.130902e+07 	
5.28878879e+06 	 4.607288e-06 	 1.130770e+07 	
5.28928929e+06 	 4.605367e-06 	 1.130639e+07 	
5.28978979e+06 	 4.603446e-06 	 1.130508e+07 	
5.29029029e+06 	 4.601526e-06 	 1.130376e+07 	
5.29079079e+06 	 4.599607e-06 	 1.130245e+07 	
5.29129129e+06 	 4.597689e-06 	 1.130114e+07 	
5.29179179e+06 	 4.595771e-06 	 1.129983e+07 	
5.29229229e+06 	 4.593855e-06 	 1.129852e+07 	
5.29279279e+06 	 4.591939e-06 	 1.129721e+07 	
5.29329329e+06 	 4.590024e-06 	 1.129590e+07 	
5.29379379e+06 	 4.588110e-06 	 1.129458e+07 	
5.29429429e+06 	 4.586197e-06 	 1.129327e+07 	
5.29479479e+06 	 4.584285e-06 	 1.129196e+07 	
5.29529530e+06 	 4.582374e-06 	 1.129066e+07 	
5.29579580e+06 	 4.580463e-06 	 1.128935e+07 	
5.29629630e+06 	 4.578554e-06 	 1.128804e+07 	
5.29679680e+06 	 4.576645e-06 	 1.128673e+07 	
5.29729730e+06 	 4.574737e-06 	 1.128542e+07 	
5.29779780e+06 	 4.572830e-06 	 1.128411e+07 	
5.29829830e+06 	 4.570924e-06 	 1.128280e+07 	
5.29879880e+06 	 4.569019e-06 	 1.128150e+07 	
5.29929930e+06 	 4.567115e-06 	 1.128019e+07 	
5.29979980e+06 	 4.565211e-06 	 1.127888e+07 	
5.30030030e+06 	 4.563308e-06 	 1.127757e+07 	
5.30080080e+06 	 4.561407e-06 	 1.127627e+07 	
5.30130130e+06 	 4.559506e-06 	 1.127496e+07 	
5.30180180e+06 	 4.557606e-06 	 1.127366e+07 	
5.30230230e+06 	 4.555706e-06 	 1.127235e+07 	
5.30280280e+06 	 4.553808e-06 	 1.127104e+07 	
5.30330330e+06 	 4.551911e-06 	 1.126974e+07 	
5.30380380e+06 	 4.550014e-06 	 1.126843e+07 	
5.30430430e+06 	 4.548118e-06 	 1.126713e+07 	
5.30480480e+06 	 4.546223e-06 	 1.126583e+07 	
5.30530531e+06 	 4.544329e-06 	 1.126452e+07 	
5.30580581e+06 	 4.542436e-06 	 1.126322e+07 	
5.30630631e+06 	 4.540543e-06 	 1.126192e+07 	
5.30680681e+06 	 4.538652e-06 	 1.126061e+07 	
5.30730731e+06 	 4.536761e-06 	 1.125931e+07 	
5.30780781e+06 	 4.534871e-06 	 1.125801e+07 	
5.30830831e+06 	 4.532983e-06 	 1.125670e+07 	
5.30880881e+06 	 4.531094e-06 	 1.125540e+07 	
5.30930931e+06 	 4.529207e-06 	 1.125410e+07 	
5.30980981e+06 	 4.527321e-06 	 1.125280e+07 	
5.31031031e+06 	 4.525435e-06 	 1.125150e+07 	
5.31081081e+06 	 4.523550e-06 	 1.125020e+07 	
5.31131131e+06 	 4.521667e-06 	 1.124890e+07 	
5.31181181e+06 	 4.519784e-06 	 1.124760e+07 	
5.31231231e+06 	 4.517901e-06 	 1.124630e+07 	
5.31281281e+06 	 4.516020e-06 	 1.124500e+07 	
5.31331331e+06 	 4.514140e-06 	 1.124370e+07 	
5.31381381e+06 	 4.512260e-06 	 1.124240e+07 	
5.31431431e+06 	 4.510381e-06 	 1.124110e+07 	
5.31481481e+06 	 4.508503e-06 	 1.123980e+07 	
5.31531532e+06 	 4.506626e-06 	 1.123850e+07 	
5.31581582e+06 	 4.504750e-06 	 1.123720e+07 	
5.31631632e+06 	 4.502875e-06 	 1.123591e+07 	
5.31681682e+06 	 4.501000e-06 	 1.123461e+07 	
5.31731732e+06 	 4.499127e-06 	 1.123331e+07 	
5.31781782e+06 	 4.497254e-06 	 1.123202e+07 	
5.31831832e+06 	 4.495382e-06 	 1.123072e+07 	
5.31881882e+06 	 4.493511e-06 	 1.122942e+07 	
5.31931932e+06 	 4.491640e-06 	 1.122813e+07 	
5.31981982e+06 	 4.489771e-06 	 1.122683e+07 	
5.32032032e+06 	 4.487902e-06 	 1.122554e+07 	
5.32082082e+06 	 4.486034e-06 	 1.122424e+07 	
5.32132132e+06 	 4.484167e-06 	 1.122295e+07 	
5.32182182e+06 	 4.482301e-06 	 1.122165e+07 	
5.32232232e+06 	 4.480436e-06 	 1.122036e+07 	
5.32282282e+06 	 4.478571e-06 	 1.121906e+07 	
5.32332332e+06 	 4.476708e-06 	 1.121777e+07 	
5.32382382e+06 	 4.474845e-06 	 1.121648e+07 	
5.32432432e+06 	 4.472983e-06 	 1.121518e+07 	
5.32482482e+06 	 4.471122e-06 	 1.121389e+07 	
5.32532533e+06 	 4.469262e-06 	 1.121260e+07 	
5.32582583e+06 	 4.467402e-06 	 1.121130e+07 	
5.32632633e+06 	 4.465544e-06 	 1.121001e+07 	
5.32682683e+06 	 4.463686e-06 	 1.120872e+07 	
5.32732733e+06 	 4.461829e-06 	 1.120743e+07 	
5.32782783e+06 	 4.459973e-06 	 1.120614e+07 	
5.32832833e+06 	 4.458118e-06 	 1.120485e+07 	
5.32882883e+06 	 4.456263e-06 	 1.120356e+07 	
5.32932933e+06 	 4.454410e-06 	 1.120227e+07 	
5.32982983e+06 	 4.452557e-06 	 1.120098e+07 	
5.33033033e+06 	 4.450705e-06 	 1.119969e+07 	
5.33083083e+06 	 4.448854e-06 	 1.119840e+07 	
5.33133133e+06 	 4.447004e-06 	 1.119711e+07 	
5.33183183e+06 	 4.445154e-06 	 1.119582e+07 	
5.33233233e+06 	 4.443306e-06 	 1.119453e+07 	
5.33283283e+06 	 4.441458e-06 	 1.119324e+07 	
5.33333333e+06 	 4.439611e-06 	 1.119195e+07 	
5.33383383e+06 	 4.437765e-06 	 1.119066e+07 	
5.33433433e+06 	 4.435920e-06 	 1.118938e+07 	
5.33483483e+06 	 4.434075e-06 	 1.118809e+07 	
5.33533534e+06 	 4.432232e-06 	 1.118680e+07 	
5.33583584e+06 	 4.430389e-06 	 1.118552e+07 	
5.33633634e+06 	 4.428547e-06 	 1.118423e+07 	
5.33683684e+06 	 4.426706e-06 	 1.118294e+07 	
5.33733734e+06 	 4.424865e-06 	 1.118166e+07 	
5.33783784e+06 	 4.423026e-06 	 1.118037e+07 	
5.33833834e+06 	 4.421187e-06 	 1.117909e+07 	
5.33883884e+06 	 4.419349e-06 	 1.117780e+07 	
5.33933934e+06 	 4.417512e-06 	 1.117652e+07 	
5.33983984e+06 	 4.415676e-06 	 1.117523e+07 	
5.34034034e+06 	 4.413841e-06 	 1.117395e+07 	
5.34084084e+06 	 4.412006e-06 	 1.117266e+07 	
5.34134134e+06 	 4.410172e-06 	 1.117138e+07 	
5.34184184e+06 	 4.408339e-06 	 1.117010e+07 	
5.34234234e+06 	 4.406507e-06 	 1.116881e+07 	
5.34284284e+06 	 4.404676e-06 	 1.116753e+07 	
5.34334334e+06 	 4.402846e-06 	 1.116625e+07 	
5.34384384e+06 	 4.401016e-06 	 1.116496e+07 	
5.34434434e+06 	 4.399187e-06 	 1.116368e+07 	
5.34484484e+06 	 4.397359e-06 	 1.116240e+07 	
5.34534535e+06 	 4.395532e-06 	 1.116112e+07 	
5.34584585e+06 	 4.393706e-06 	 1.115984e+07 	
5.34634635e+06 	 4.391880e-06 	 1.115856e+07 	
5.34684685e+06 	 4.390055e-06 	 1.115728e+07 	
5.34734735e+06 	 4.388231e-06 	 1.115600e+07 	
5.34784785e+06 	 4.386408e-06 	 1.115472e+07 	
5.34834835e+06 	 4.384586e-06 	 1.115344e+07 	
5.34884885e+06 	 4.382764e-06 	 1.115216e+07 	
5.34934935e+06 	 4.380944e-06 	 1.115088e+07 	
5.34984985e+06 	 4.379124e-06 	 1.114960e+07 	
5.35035035e+06 	 4.377305e-06 	 1.114832e+07 	
5.35085085e+06 	 4.375486e-06 	 1.114704e+07 	
5.35135135e+06 	 4.373669e-06 	 1.114576e+07 	
5.35185185e+06 	 4.371852e-06 	 1.114449e+07 	
5.35235235e+06 	 4.370037e-06 	 1.114321e+07 	
5.35285285e+06 	 4.368222e-06 	 1.114193e+07 	
5.35335335e+06 	 4.366407e-06 	 1.114065e+07 	
5.35385385e+06 	 4.364594e-06 	 1.113938e+07 	
5.35435435e+06 	 4.362781e-06 	 1.113810e+07 	
5.35485485e+06 	 4.360970e-06 	 1.113682e+07 	
5.35535536e+06 	 4.359159e-06 	 1.113555e+07 	
5.35585586e+06 	 4.357349e-06 	 1.113427e+07 	
5.35635636e+06 	 4.355539e-06 	 1.113300e+07 	
5.35685686e+06 	 4.353731e-06 	 1.113172e+07 	
5.35735736e+06 	 4.351923e-06 	 1.113045e+07 	
5.35785786e+06 	 4.350116e-06 	 1.112917e+07 	
5.35835836e+06 	 4.348310e-06 	 1.112790e+07 	
5.35885886e+06 	 4.346504e-06 	 1.112662e+07 	
5.35935936e+06 	 4.344700e-06 	 1.112535e+07 	
5.35985986e+06 	 4.342896e-06 	 1.112408e+07 	
5.36036036e+06 	 4.341093e-06 	 1.112280e+07 	
5.36086086e+06 	 4.339291e-06 	 1.112153e+07 	
5.36136136e+06 	 4.337490e-06 	 1.112026e+07 	
5.36186186e+06 	 4.335689e-06 	 1.111898e+07 	
5.36236236e+06 	 4.333890e-06 	 1.111771e+07 	
5.36286286e+06 	 4.332091e-06 	 1.111644e+07 	
5.36336336e+06 	 4.330293e-06 	 1.111517e+07 	
5.36386386e+06 	 4.328495e-06 	 1.111390e+07 	
5.36436436e+06 	 4.326699e-06 	 1.111263e+07 	
5.36486486e+06 	 4.324903e-06 	 1.111136e+07 	
5.36536537e+06 	 4.323108e-06 	 1.111009e+07 	
5.36586587e+06 	 4.321314e-06 	 1.110882e+07 	
5.36636637e+06 	 4.319521e-06 	 1.110755e+07 	
5.36686687e+06 	 4.317728e-06 	 1.110628e+07 	
5.36736737e+06 	 4.315936e-06 	 1.110501e+07 	
5.36786787e+06 	 4.314146e-06 	 1.110374e+07 	
5.36836837e+06 	 4.312355e-06 	 1.110247e+07 	
5.36886887e+06 	 4.310566e-06 	 1.110120e+07 	
5.36936937e+06 	 4.308777e-06 	 1.109993e+07 	
5.36986987e+06 	 4.306990e-06 	 1.109866e+07 	
5.37037037e+06 	 4.305203e-06 	 1.109740e+07 	
5.37087087e+06 	 4.303417e-06 	 1.109613e+07 	
5.37137137e+06 	 4.301631e-06 	 1.109486e+07 	
5.37187187e+06 	 4.299847e-06 	 1.109359e+07 	
5.37237237e+06 	 4.298063e-06 	 1.109233e+07 	
5.37287287e+06 	 4.296280e-06 	 1.109106e+07 	
5.37337337e+06 	 4.294498e-06 	 1.108980e+07 	
5.37387387e+06 	 4.292716e-06 	 1.108853e+07 	
5.37437437e+06 	 4.290935e-06 	 1.108726e+07 	
5.37487487e+06 	 4.289156e-06 	 1.108600e+07 	
5.37537538e+06 	 4.287377e-06 	 1.108473e+07 	
5.37587588e+06 	 4.285598e-06 	 1.108347e+07 	
5.37637638e+06 	 4.283821e-06 	 1.108220e+07 	
5.37687688e+06 	 4.282044e-06 	 1.108094e+07 	
5.37737738e+06 	 4.280268e-06 	 1.107968e+07 	
5.37787788e+06 	 4.278493e-06 	 1.107841e+07 	
5.37837838e+06 	 4.276719e-06 	 1.107715e+07 	
5.37887888e+06 	 4.274945e-06 	 1.107589e+07 	
5.37937938e+06 	 4.273172e-06 	 1.107462e+07 	
5.37987988e+06 	 4.271400e-06 	 1.107336e+07 	
5.38038038e+06 	 4.269629e-06 	 1.107210e+07 	
5.38088088e+06 	 4.267859e-06 	 1.107084e+07 	
5.38138138e+06 	 4.266089e-06 	 1.106957e+07 	
5.38188188e+06 	 4.264320e-06 	 1.106831e+07 	
5.38238238e+06 	 4.262552e-06 	 1.106705e+07 	
5.38288288e+06 	 4.260785e-06 	 1.106579e+07 	
5.38338338e+06 	 4.259018e-06 	 1.106453e+07 	
5.38388388e+06 	 4.257253e-06 	 1.106327e+07 	
5.38438438e+06 	 4.255488e-06 	 1.106201e+07 	
5.38488488e+06 	 4.253724e-06 	 1.106075e+07 	
5.38538539e+06 	 4.251960e-06 	 1.105949e+07 	
5.38588589e+06 	 4.250198e-06 	 1.105823e+07 	
5.38638639e+06 	 4.248436e-06 	 1.105697e+07 	
5.38688689e+06 	 4.246675e-06 	 1.105571e+07 	
5.38738739e+06 	 4.244915e-06 	 1.105445e+07 	
5.38788789e+06 	 4.243155e-06 	 1.105320e+07 	
5.38838839e+06 	 4.241396e-06 	 1.105194e+07 	
5.38888889e+06 	 4.239638e-06 	 1.105068e+07 	
5.38938939e+06 	 4.237881e-06 	 1.104942e+07 	
5.38988989e+06 	 4.236125e-06 	 1.104817e+07 	
5.39039039e+06 	 4.234369e-06 	 1.104691e+07 	
5.39089089e+06 	 4.232614e-06 	 1.104565e+07 	
5.39139139e+06 	 4.230860e-06 	 1.104440e+07 	
5.39189189e+06 	 4.229107e-06 	 1.104314e+07 	
5.39239239e+06 	 4.227355e-06 	 1.104188e+07 	
5.39289289e+06 	 4.225603e-06 	 1.104063e+07 	
5.39339339e+06 	 4.223852e-06 	 1.103937e+07 	
5.39389389e+06 	 4.222102e-06 	 1.103812e+07 	
5.39439439e+06 	 4.220352e-06 	 1.103686e+07 	
5.39489489e+06 	 4.218604e-06 	 1.103561e+07 	
5.39539540e+06 	 4.216856e-06 	 1.103435e+07 	
5.39589590e+06 	 4.215109e-06 	 1.103310e+07 	
5.39639640e+06 	 4.213362e-06 	 1.103185e+07 	
5.39689690e+06 	 4.211617e-06 	 1.103059e+07 	
5.39739740e+06 	 4.209872e-06 	 1.102934e+07 	
5.39789790e+06 	 4.208128e-06 	 1.102809e+07 	
5.39839840e+06 	 4.206385e-06 	 1.102683e+07 	
5.39889890e+06 	 4.204642e-06 	 1.102558e+07 	
5.39939940e+06 	 4.202901e-06 	 1.102433e+07 	
5.39989990e+06 	 4.201160e-06 	 1.102308e+07 	
5.40040040e+06 	 4.199419e-06 	 1.102183e+07 	
5.40090090e+06 	 4.197680e-06 	 1.102058e+07 	
5.40140140e+06 	 4.195941e-06 	 1.101932e+07 	
5.40190190e+06 	 4.194203e-06 	 1.101807e+07 	
5.40240240e+06 	 4.192466e-06 	 1.101682e+07 	
5.40290290e+06 	 4.190730e-06 	 1.101557e+07 	
5.40340340e+06 	 4.188994e-06 	 1.101432e+07 	
5.40390390e+06 	 4.187260e-06 	 1.101307e+07 	
5.40440440e+06 	 4.185526e-06 	 1.101182e+07 	
5.40490490e+06 	 4.183792e-06 	 1.101057e+07 	
5.40540541e+06 	 4.182060e-06 	 1.100933e+07 	
5.40590591e+06 	 4.180328e-06 	 1.100808e+07 	
5.40640641e+06 	 4.178597e-06 	 1.100683e+07 	
5.40690691e+06 	 4.176867e-06 	 1.100558e+07 	
5.40740741e+06 	 4.175137e-06 	 1.100433e+07 	
5.40790791e+06 	 4.173408e-06 	 1.100309e+07 	
5.40840841e+06 	 4.171680e-06 	 1.100184e+07 	
5.40890891e+06 	 4.169953e-06 	 1.100059e+07 	
5.40940941e+06 	 4.168227e-06 	 1.099934e+07 	
5.40990991e+06 	 4.166501e-06 	 1.099810e+07 	
5.41041041e+06 	 4.164776e-06 	 1.099685e+07 	
5.41091091e+06 	 4.163052e-06 	 1.099561e+07 	
5.41141141e+06 	 4.161329e-06 	 1.099436e+07 	
5.41191191e+06 	 4.159606e-06 	 1.099312e+07 	
5.41241241e+06 	 4.157884e-06 	 1.099187e+07 	
5.41291291e+06 	 4.156163e-06 	 1.099063e+07 	
5.41341341e+06 	 4.154442e-06 	 1.098938e+07 	
5.41391391e+06 	 4.152723e-06 	 1.098814e+07 	
5.41441441e+06 	 4.151004e-06 	 1.098689e+07 	
5.41491491e+06 	 4.149286e-06 	 1.098565e+07 	
5.41541542e+06 	 4.147568e-06 	 1.098440e+07 	
5.41591592e+06 	 4.145852e-06 	 1.098316e+07 	
5.41641642e+06 	 4.144136e-06 	 1.098192e+07 	
5.41691692e+06 	 4.142421e-06 	 1.098068e+07 	
5.41741742e+06 	 4.140706e-06 	 1.097943e+07 	
5.41791792e+06 	 4.138993e-06 	 1.097819e+07 	
5.41841842e+06 	 4.137280e-06 	 1.097695e+07 	
5.41891892e+06 	 4.135568e-06 	 1.097571e+07 	
5.41941942e+06 	 4.133856e-06 	 1.097447e+07 	
5.41991992e+06 	 4.132146e-06 	 1.097322e+07 	
5.42042042e+06 	 4.130436e-06 	 1.097198e+07 	
5.42092092e+06 	 4.128727e-06 	 1.097074e+07 	
5.42142142e+06 	 4.127018e-06 	 1.096950e+07 	
5.42192192e+06 	 4.125311e-06 	 1.096826e+07 	
5.42242242e+06 	 4.123604e-06 	 1.096702e+07 	
5.42292292e+06 	 4.121898e-06 	 1.096578e+07 	
5.42342342e+06 	 4.120192e-06 	 1.096454e+07 	
5.42392392e+06 	 4.118488e-06 	 1.096331e+07 	
5.42442442e+06 	 4.116784e-06 	 1.096207e+07 	
5.42492492e+06 	 4.115081e-06 	 1.096083e+07 	
5.42542543e+06 	 4.113378e-06 	 1.095959e+07 	
5.42592593e+06 	 4.111677e-06 	 1.095835e+07 	
5.42642643e+06 	 4.109976e-06 	 1.095711e+07 	
5.42692693e+06 	 4.108276e-06 	 1.095588e+07 	
5.42742743e+06 	 4.106576e-06 	 1.095464e+07 	
5.42792793e+06 	 4.104878e-06 	 1.095340e+07 	
5.42842843e+06 	 4.103180e-06 	 1.095217e+07 	
5.42892893e+06 	 4.101482e-06 	 1.095093e+07 	
5.42942943e+06 	 4.099786e-06 	 1.094969e+07 	
5.42992993e+06 	 4.098090e-06 	 1.094846e+07 	
5.43043043e+06 	 4.096395e-06 	 1.094722e+07 	
5.43093093e+06 	 4.094701e-06 	 1.094599e+07 	
5.43143143e+06 	 4.093008e-06 	 1.094475e+07 	
5.43193193e+06 	 4.091315e-06 	 1.094352e+07 	
5.43243243e+06 	 4.089623e-06 	 1.094228e+07 	
5.43293293e+06 	 4.087931e-06 	 1.094105e+07 	
5.43343343e+06 	 4.086241e-06 	 1.093981e+07 	
5.43393393e+06 	 4.084551e-06 	 1.093858e+07 	
5.43443443e+06 	 4.082862e-06 	 1.093735e+07 	
5.43493493e+06 	 4.081174e-06 	 1.093611e+07 	
5.43543544e+06 	 4.079486e-06 	 1.093488e+07 	
5.43593594e+06 	 4.077799e-06 	 1.093365e+07 	
5.43643644e+06 	 4.076113e-06 	 1.093242e+07 	
5.43693694e+06 	 4.074428e-06 	 1.093118e+07 	
5.43743744e+06 	 4.072743e-06 	 1.092995e+07 	
5.43793794e+06 	 4.071059e-06 	 1.092872e+07 	
5.43843844e+06 	 4.069376e-06 	 1.092749e+07 	
5.43893894e+06 	 4.067694e-06 	 1.092626e+07 	
5.43943944e+06 	 4.066012e-06 	 1.092503e+07 	
5.43993994e+06 	 4.064331e-06 	 1.092380e+07 	
5.44044044e+06 	 4.062651e-06 	 1.092256e+07 	
5.44094094e+06 	 4.060971e-06 	 1.092133e+07 	
5.44144144e+06 	 4.059292e-06 	 1.092010e+07 	
5.44194194e+06 	 4.057614e-06 	 1.091888e+07 	
5.44244244e+06 	 4.055937e-06 	 1.091765e+07 	
5.44294294e+06 	 4.054260e-06 	 1.091642e+07 	
5.44344344e+06 	 4.052584e-06 	 1.091519e+07 	
5.44394394e+06 	 4.050909e-06 	 1.091396e+07 	
5.44444444e+06 	 4.049235e-06 	 1.091273e+07 	
5.44494494e+06 	 4.047561e-06 	 1.091150e+07 	
5.44544545e+06 	 4.045888e-06 	 1.091028e+07 	
5.44594595e+06 	 4.044216e-06 	 1.090905e+07 	
5.44644645e+06 	 4.042544e-06 	 1.090782e+07 	
5.44694695e+06 	 4.040874e-06 	 1.090659e+07 	
5.44744745e+06 	 4.039204e-06 	 1.090537e+07 	
5.44794795e+06 	 4.037534e-06 	 1.090414e+07 	
5.44844845e+06 	 4.035866e-06 	 1.090291e+07 	
5.44894895e+06 	 4.034198e-06 	 1.090169e+07 	
5.44944945e+06 	 4.032531e-06 	 1.090046e+07 	
5.44994995e+06 	 4.030864e-06 	 1.089924e+07 	
5.45045045e+06 	 4.029198e-06 	 1.089801e+07 	
5.45095095e+06 	 4.027533e-06 	 1.089679e+07 	
5.45145145e+06 	 4.025869e-06 	 1.089556e+07 	
5.45195195e+06 	 4.024206e-06 	 1.089434e+07 	
5.45245245e+06 	 4.022543e-06 	 1.089311e+07 	
5.45295295e+06 	 4.020881e-06 	 1.089189e+07 	
5.45345345e+06 	 4.019219e-06 	 1.089067e+07 	
5.45395395e+06 	 4.017559e-06 	 1.088944e+07 	
5.45445445e+06 	 4.015899e-06 	 1.088822e+07 	
5.45495495e+06 	 4.014239e-06 	 1.088700e+07 	
5.45545546e+06 	 4.012581e-06 	 1.088578e+07 	
5.45595596e+06 	 4.010923e-06 	 1.088455e+07 	
5.45645646e+06 	 4.009266e-06 	 1.088333e+07 	
5.45695696e+06 	 4.007610e-06 	 1.088211e+07 	
5.45745746e+06 	 4.005954e-06 	 1.088089e+07 	
5.45795796e+06 	 4.004299e-06 	 1.087967e+07 	
5.45845846e+06 	 4.002645e-06 	 1.087845e+07 	
5.45895896e+06 	 4.000991e-06 	 1.087722e+07 	
5.45945946e+06 	 3.999339e-06 	 1.087600e+07 	
5.45995996e+06 	 3.997687e-06 	 1.087478e+07 	
5.46046046e+06 	 3.996035e-06 	 1.087356e+07 	
5.46096096e+06 	 3.994385e-06 	 1.087234e+07 	
5.46146146e+06 	 3.992735e-06 	 1.087112e+07 	
5.46196196e+06 	 3.991085e-06 	 1.086991e+07 	
5.46246246e+06 	 3.989637e-06 	 1.086867e+07 	
5.46296296e+06 	 3.987990e-06 	 1.086745e+07 	
5.46346346e+06 	 3.986343e-06 	 1.086624e+07 	
5.46396396e+06 	 3.984698e-06 	 1.086502e+07 	
5.46446446e+06 	 3.983053e-06 	 1.086380e+07 	
5.46496496e+06 	 3.981409e-06 	 1.086258e+07 	
5.46546547e+06 	 3.979766e-06 	 1.086136e+07 	
5.46596597e+06 	 3.978123e-06 	 1.086015e+07 	
5.46646647e+06 	 3.976481e-06 	 1.085893e+07 	
5.46696697e+06 	 3.974840e-06 	 1.085771e+07 	
5.46746747e+06 	 3.973199e-06 	 1.085650e+07 	
5.46796797e+06 	 3.971559e-06 	 1.085528e+07 	
5.46846847e+06 	 3.969920e-06 	 1.085406e+07 	
5.46896897e+06 	 3.968282e-06 	 1.085285e+07 	
5.46946947e+06 	 3.966644e-06 	 1.085163e+07 	
5.46996997e+06 	 3.965007e-06 	 1.085042e+07 	
5.47047047e+06 	 3.963371e-06 	 1.084920e+07 	
5.47097097e+06 	 3.961735e-06 	 1.084799e+07 	
5.47147147e+06 	 3.960101e-06 	 1.084677e+07 	
5.47197197e+06 	 3.958466e-06 	 1.084556e+07 	
5.47247247e+06 	 3.956833e-06 	 1.084435e+07 	
5.47297297e+06 	 3.955200e-06 	 1.084313e+07 	
5.47347347e+06 	 3.953568e-06 	 1.084192e+07 	
5.47397397e+06 	 3.951937e-06 	 1.084071e+07 	
5.47447447e+06 	 3.950306e-06 	 1.083949e+07 	
5.47497497e+06 	 3.948676e-06 	 1.083828e+07 	
5.47547548e+06 	 3.947047e-06 	 1.083707e+07 	
5.47597598e+06 	 3.945419e-06 	 1.083586e+07 	
5.47647648e+06 	 3.943791e-06 	 1.083464e+07 	
5.47697698e+06 	 3.942164e-06 	 1.083343e+07 	
5.47747748e+06 	 3.940538e-06 	 1.083222e+07 	
5.47797798e+06 	 3.938912e-06 	 1.083101e+07 	
5.47847848e+06 	 3.937287e-06 	 1.082980e+07 	
5.47897898e+06 	 3.935663e-06 	 1.082859e+07 	
5.47947948e+06 	 3.934039e-06 	 1.082738e+07 	
5.47997998e+06 	 3.932416e-06 	 1.082617e+07 	
5.48048048e+06 	 3.930794e-06 	 1.082496e+07 	
5.48098098e+06 	 3.929173e-06 	 1.082375e+07 	
5.48148148e+06 	 3.927552e-06 	 1.082254e+07 	
5.48198198e+06 	 3.925932e-06 	 1.082133e+07 	
5.48248248e+06 	 3.924313e-06 	 1.082012e+07 	
5.48298298e+06 	 3.922694e-06 	 1.081891e+07 	
5.48348348e+06 	 3.921076e-06 	 1.081771e+07 	
5.48398398e+06 	 3.919459e-06 	 1.081650e+07 	
5.48448448e+06 	 3.917842e-06 	 1.081529e+07 	
5.48498498e+06 	 3.916226e-06 	 1.081408e+07 	
5.48548549e+06 	 3.914611e-06 	 1.081288e+07 	
5.48598599e+06 	 3.912997e-06 	 1.081167e+07 	
5.48648649e+06 	 3.911383e-06 	 1.081046e+07 	
5.48698699e+06 	 3.909770e-06 	 1.080926e+07 	
5.48748749e+06 	 3.908158e-06 	 1.080805e+07 	
5.48798799e+06 	 3.906546e-06 	 1.080684e+07 	
5.48848849e+06 	 3.904935e-06 	 1.080564e+07 	
5.48898899e+06 	 3.903325e-06 	 1.080443e+07 	
5.48948949e+06 	 3.901715e-06 	 1.080323e+07 	
5.48998999e+06 	 3.900106e-06 	 1.080202e+07 	
5.49049049e+06 	 3.898498e-06 	 1.080082e+07 	
5.49099099e+06 	 3.896890e-06 	 1.079961e+07 	
5.49149149e+06 	 3.895284e-06 	 1.079841e+07 	
5.49199199e+06 	 3.893677e-06 	 1.079721e+07 	
5.49249249e+06 	 3.892072e-06 	 1.079600e+07 	
5.49299299e+06 	 3.890467e-06 	 1.079480e+07 	
5.49349349e+06 	 3.888863e-06 	 1.079359e+07 	
5.49399399e+06 	 3.887260e-06 	 1.079239e+07 	
5.49449449e+06 	 3.885657e-06 	 1.079119e+07 	
5.49499499e+06 	 3.884055e-06 	 1.078999e+07 	
5.49549550e+06 	 3.882454e-06 	 1.078878e+07 	
5.49599600e+06 	 3.880853e-06 	 1.078758e+07 	
5.49649650e+06 	 3.879254e-06 	 1.078638e+07 	
5.49699700e+06 	 3.877654e-06 	 1.078518e+07 	
5.49749750e+06 	 3.876056e-06 	 1.078398e+07 	
5.49799800e+06 	 3.874458e-06 	 1.078278e+07 	
5.49849850e+06 	 3.872861e-06 	 1.078158e+07 	
5.49899900e+06 	 3.871264e-06 	 1.078038e+07 	
5.49949950e+06 	 3.869669e-06 	 1.077918e+07 	
5.50000000e+06 	 3.868073e-06 	 1.077798e+07 	
5.52871991e+06 	 3.777680e-06 	 1.070954e+07 	
5.55758979e+06 	 3.689236e-06 	 1.064156e+07 	
5.58661042e+06 	 3.602320e-06 	 1.057405e+07 	
5.61578259e+06 	 3.517067e-06 	 1.050700e+07 	
5.64510710e+06 	 3.433660e-06 	 1.044039e+07 	
5.67458473e+06 	 3.351674e-06 	 1.037424e+07 	
5.70421628e+06 	 3.271427e-06 	 1.030853e+07 	
5.73400257e+06 	 3.192575e-06 	 1.024327e+07 	
5.76394439e+06 	 3.115225e-06 	 1.017846e+07 	
5.79404257e+06 	 3.039519e-06 	 1.011407e+07 	
5.82429791e+06 	 2.965119e-06 	 1.005012e+07 	
5.85471124e+06 	 2.892134e-06 	 9.986613e+06 	
5.88528338e+06 	 2.820359e-06 	 9.923551e+06 	
5.91601516e+06 	 2.750071e-06 	 9.860903e+06 	
5.94690742e+06 	 2.681238e-06 	 9.798668e+06 	
5.97796099e+06 	 2.613590e-06 	 9.736866e+06 	
6.00917672e+06 	 2.547206e-06 	 9.675483e+06 	
6.04055545e+06 	 2.482196e-06 	 9.614503e+06 	
6.07209803e+06 	 2.418293e-06 	 9.553949e+06 	
6.10380532e+06 	 2.355580e-06 	 9.493807e+06 	
6.13567819e+06 	 2.294166e-06 	 9.434058e+06 	
6.16771748e+06 	 2.233790e-06 	 9.374727e+06 	
6.19992408e+06 	 2.174537e-06 	 9.315799e+06 	
6.23229885e+06 	 2.116253e-06 	 9.257289e+06 	
6.26484268e+06 	 2.059146e-06 	 9.199164e+06 	
6.29755645e+06 	 2.002988e-06 	 9.141449e+06 	
6.33044104e+06 	 1.947935e-06 	 9.084119e+06 	
6.36349735e+06 	 1.893885e-06 	 9.027182e+06 	
6.39672627e+06 	 1.840718e-06 	 8.970649e+06 	
6.43012870e+06 	 1.788586e-06 	 8.914494e+06 	
6.46370556e+06 	 1.737389e-06 	 8.858727e+06 	
6.49745775e+06 	 1.687011e-06 	 8.803360e+06 	
6.53138619e+06 	 1.637600e-06 	 8.748367e+06 	
6.56549179e+06 	 1.589058e-06 	 8.693757e+06 	
6.59977549e+06 	 1.541456e-06 	 8.639515e+06 	
6.63423821e+06 	 1.494613e-06 	 8.585664e+06 	
6.66888088e+06 	 1.448583e-06 	 8.532193e+06 	
6.70370446e+06 	 1.403262e-06 	 8.479115e+06 	
6.73870987e+06 	 1.358783e-06 	 8.426403e+06 	
6.77389808e+06 	 1.315123e-06 	 8.374057e+06 	
6.80927003e+06 	 1.272147e-06 	 8.322097e+06 	
6.84482669e+06 	 1.229891e-06 	 8.270514e+06 	
6.88056902e+06 	 1.188399e-06 	 8.219296e+06 	
6.91649798e+06 	 1.147544e-06 	 8.168464e+06 	
6.95261457e+06 	 1.107359e-06 	 8.118010e+06 	
6.98891974e+06 	 1.067771e-06 	 8.067948e+06 	
7.02541449e+06 	 1.028867e-06 	 8.018255e+06 	
7.06209982e+06 	 9.905843e-07 	 7.968944e+06 	
7.09897670e+06 	 9.528537e-07 	 7.920033e+06 	
7.13604615e+06 	 9.157566e-07 	 7.871498e+06 	
7.17330917e+06 	 8.792348e-07 	 7.823355e+06 	
7.21076677e+06 	 8.433245e-07 	 7.775594e+06 	
7.24841996e+06 	 8.079243e-07 	 7.728244e+06 	
7.28626977e+06 	 7.730635e-07 	 7.681301e+06 	
7.32431723e+06 	 7.387771e-07 	 7.634755e+06 	
7.36256336e+06 	 7.049751e-07 	 7.588641e+06 	
7.40100921e+06 	 6.717212e-07 	 7.542943e+06 	
7.43965581e+06 	 6.389501e-07 	 7.497691e+06 	
7.47850422e+06 	 6.066863e-07 	 7.452887e+06 	
7.51755548e+06 	 5.748995e-07 	 7.408557e+06 	
7.55681067e+06 	 5.436463e-07 	 7.364691e+06 	
7.59627083e+06 	 5.129077e-07 	 7.321315e+06 	
7.63593705e+06 	 4.826666e-07 	 7.278461e+06 	
7.67581040e+06 	 4.529851e-07 	 7.236123e+06 	
7.71589196e+06 	 4.238598e-07 	 7.194335e+06 	
7.75618282e+06 	 3.953383e-07 	 7.153105e+06 	
7.79668407e+06 	 3.674085e-07 	 7.112483e+06 	
7.83739681e+06 	 3.401261e-07 	 7.072487e+06 	
7.87832214e+06 	 3.135142e-07 	 7.033162e+06 	
7.91946118e+06 	 2.876587e-07 	 6.994512e+06 	
7.96081503e+06 	 2.626133e-07 	 6.956570e+06 	
8.00238483e+06 	 2.384145e-07 	 6.919395e+06 	
8.04417170e+06 	 2.151423e-07 	 6.883013e+06 	
8.08617677e+06 	 1.928570e-07 	 6.847478e+06 	
8.12840118e+06 	 1.716546e-07 	 6.812799e+06 	
8.17084608e+06 	 1.516081e-07 	 6.779010e+06 	
8.21351262e+06 	 1.327747e-07 	 6.746171e+06 	
8.25640195e+06 	 1.152275e-07 	 6.714303e+06 	
8.29951525e+06 	 9.901686e-08 	 6.683455e+06 	
8.34285367e+06 	 8.419876e-08 	 6.653614e+06 	
8.38641840e+06 	 7.079713e-08 	 6.624800e+06 	
8.43021061e+06 	 5.881520e-08 	 6.597040e+06 	
8.47423150e+06 	 4.824071e-08 	 6.570322e+06 	
8.51848226e+06 	 3.903528e-08 	 6.544649e+06 	
8.56296408e+06 	 3.114097e-08 	 6.519975e+06 	
8.60767818e+06 	 2.447598e-08 	 6.496269e+06 	
8.65262577e+06 	 1.893849e-08 	 6.473581e+06 	
8.69780807e+06 	 1.442053e-08 	 6.451741e+06 	
8.74322630e+06 	 1.079997e-08 	 6.430662e+06 	
8.78888169e+06 	 7.951500e-09 	 6.410316e+06 	
8.83477549e+06 	 5.752609e-09 	 6.390770e+06 	
8.88090893e+06 	 4.089111e-09 	 6.371652e+06 	
8.92728328e+06 	 2.854768e-09 	 6.353249e+06 	
8.97389978e+06 	 1.957575e-09 	 6.335043e+06 	
9.02075971e+06 	 1.318184e-09 	 6.317456e+06 	
9.06786433e+06 	 8.717877e-10 	 6.299970e+06 	
9.98133392e+06 	 1.000000e-20 	 5.997066e+06 	
1.09868237e+07 	 1.000000e-20 	 5.710394e+06 	
1.20936035e+07 	 1.000000e-20 	 5.437937e+06 	
1.33118771e+07 	 1.000000e-20 	 5.178920e+06 	
1.46528758e+07 	 1.000000e-20 	 4.932619e+06 	
1.61289628e+07 	 1.000000e-20 	 4.698356e+06 	
1.77537464e+07 	 1.000000e-20 	 4.475500e+06 	
1.95422058e+07 	 1.000000e-20 	 4.263456e+06 	
2.15108293e+07 	 1.000000e-20 	 4.061666e+06 	
2.36777660e+07 	 1.000000e-20 	 3.869606e+06 	
2.60629935e+07 	 1.000000e-20 	 3.686783e+06 	
2.86885017e+07 	 1.000000e-20 	 3.512730e+06 	
3.15784958e+07 	 1.000000e-20 	 3.347010e+06 	
3.47596192e+07 	 1.000000e-20 	 3.189207e+06 	
3.82611995e+07 	 1.000000e-20 	 3.038930e+06 	
4.21155185e+07 	 1.000000e-20 	 2.895808e+06 	
4.63581102e+07 	 1.000000e-20 	 2.759491e+06 	
5.10280878e+07 	 1.000000e-20 	 2.629646e+06 	
5.61685051e+07 	 1.000000e-20 	 2.505959e+06 	
6.18267527e+07 	 1.000000e-20 	 2.388131e+06 	
6.80549952e+07 	 1.000000e-20 	 2.275879e+06 	
7.49106523e+07 	 1.000000e-20 	 2.168934e+06 	
8.24569279e+07 	 1.000000e-20 	 2.067041e+06 	
9.07633927e+07 	 1.000000e-20 	 1.969958e+06 	
9.99066260e+07 	 1.000000e-20 	 1.877454e+06 	
1.09970921e+08 	 1.000000e-20 	 1.789312e+06 	
1.21049064e+08 	 1.000000e-20 	 1.705323e+06 	
1.33243185e+08 	 1.000000e-20 	 1.625289e+06 	
1.46665706e+08 	 1.000000e-20 	 1.549022e+06 	
1.61440371e+08 	 1.000000e-20 	 1.476344e+06 	
1.77703393e+08 	 1.000000e-20 	 1.407085e+06 	
1.95604702e+08 	 1.000000e-20 	 1.341081e+06 	
2.15309336e+08 	 1.000000e-20 	 1.278180e+06 	
2.36998956e+08 	 1.000000e-20 	 1.218235e+06 	
2.60873523e+08 	 1.000000e-20 	 1.161106e+06 	
2.87153144e+08 	 1.000000e-20 	 1.106660e+06 	
3.16080094e+08 	 1.000000e-20 	 1.054771e+06 	
3.47921060e+08 	 1.000000e-20 	 1.005317e+06 	
3.82969589e+08 	 1.000000e-20 	 9.581854e+05 	
4.21548802e+08 	 1.000000e-20 	 9.132653e+05 	
4.64014370e+08 	 1.000000e-20 	 8.704531e+05 	
5.10757793e+08 	 1.000000e-20 	 8.296495e+05 	
5.62210009e+08 	 1.000000e-20 	 7.907602e+05 	
6.18845367e+08 	 1.000000e-20 	 7.536950e+05 	
6.81186003e+08 	 1.000000e-20 	 7.183683e+05 	
7.49806648e+08 	 1.000000e-20 	 6.846984e+05 	
8.25339932e+08 	 1.000000e-20 	 6.526075e+05 	
9.08482213e+08 	 1.000000e-20 	 6.220213e+05 	
1.00000000e+09 	 1.000000e-20 	 5.928692e+05 	
