r (cm)        	 rho (g/cm3) 	 T (K)       		 Linf = 1.952954e+38
1.20003893e+06 	 5.803879e+04 	 1.254967e+09 	
1.20010870e+06 	 5.557183e+04 	 1.241195e+09 	
1.20032611e+06 	 4.843432e+04 	 1.198614e+09 	
1.20054353e+06 	 4.207572e+04 	 1.156562e+09 	
1.20076094e+06 	 3.642825e+04 	 1.115057e+09 	
1.20097465e+06 	 3.150843e+04 	 1.074809e+09 	
1.20118836e+06 	 2.715754e+04 	 1.035125e+09 	
1.20140206e+06 	 2.332256e+04 	 9.960222e+08 	
1.20157758e+06 	 2.052382e+04 	 9.643562e+08 	
1.20175310e+06 	 1.801392e+04 	 9.331067e+08 	
1.20192862e+06 	 1.576867e+04 	 9.022848e+08 	
1.20210414e+06 	 1.376534e+04 	 8.719021e+08 	
1.20227965e+06 	 1.198263e+04 	 8.419703e+08 	
1.20245378e+06 	 1.041243e+04 	 8.127337e+08 	
1.20262790e+06 	 9.021562e+03 	 7.839646e+08 	
1.20280202e+06 	 7.793095e+03 	 7.556751e+08 	
1.20294428e+06 	 6.898980e+03 	 7.329273e+08 	
1.20308654e+06 	 6.094723e+03 	 7.105147e+08 	
1.20322879e+06 	 5.372805e+03 	 6.884441e+08 	
1.20337105e+06 	 4.726182e+03 	 6.667223e+08 	
1.20351331e+06 	 4.148269e+03 	 6.453562e+08 	
1.20365557e+06 	 3.632920e+03 	 6.243527e+08 	
1.20380132e+06 	 3.163803e+03 	 6.032158e+08 	
1.20394708e+06 	 2.748649e+03 	 5.824741e+08 	
1.20406631e+06 	 2.445471e+03 	 5.658064e+08 	
1.20418554e+06 	 2.172166e+03 	 5.494120e+08 	
1.20430477e+06 	 1.926217e+03 	 5.332948e+08 	
1.20442400e+06 	 1.705276e+03 	 5.174587e+08 	
1.20454323e+06 	 1.507154e+03 	 5.019073e+08 	
1.20466246e+06 	 1.329816e+03 	 4.866444e+08 	
1.20478169e+06 	 1.171372e+03 	 4.716734e+08 	
1.20490257e+06 	 1.028229e+03 	 4.567969e+08 	
1.20502345e+06 	 9.010200e+02 	 4.422275e+08 	
1.20514433e+06 	 7.881904e+02 	 4.279682e+08 	
1.20524456e+06 	 7.045120e+02 	 4.163821e+08 	
1.20534479e+06 	 6.289810e+02 	 4.050131e+08 	
1.20544502e+06 	 5.608964e+02 	 3.938626e+08 	
1.20554525e+06 	 4.996073e+02 	 3.829321e+08 	
1.20564549e+06 	 4.445105e+02 	 3.722229e+08 	
1.20574572e+06 	 3.950476e+02 	 3.617361e+08 	
1.20584595e+06 	 3.507027e+02 	 3.514727e+08 	
1.20594618e+06 	 3.110000e+02 	 3.414337e+08 	
1.20605203e+06 	 2.736279e+02 	 3.310763e+08 	
1.20613985e+06 	 2.458412e+02 	 3.226745e+08 	
1.20622766e+06 	 2.207067e+02 	 3.144461e+08 	
1.20631548e+06 	 1.979943e+02 	 3.063914e+08 	
1.20640329e+06 	 1.774910e+02 	 2.985104e+08 	
1.20649111e+06 	 1.590000e+02 	 2.908031e+08 	
1.20657893e+06 	 1.423402e+02 	 2.832693e+08 	
1.20666674e+06 	 1.273444e+02 	 2.759087e+08 	
1.20675456e+06 	 1.138590e+02 	 2.687210e+08 	
1.20684238e+06 	 1.017431e+02 	 2.617056e+08 	
1.20693019e+06 	 9.086730e+01 	 2.548620e+08 	
1.20701801e+06 	 8.111313e+01 	 2.481893e+08 	
1.20709853e+06 	 7.306284e+01 	 2.422208e+08 	
1.20717904e+06 	 6.578783e+01 	 2.363946e+08 	
1.20725956e+06 	 5.921778e+01 	 2.307096e+08 	
1.20734007e+06 	 5.328820e+01 	 2.251651e+08 	
1.20742059e+06 	 4.793993e+01 	 2.197600e+08 	
1.20750110e+06 	 4.311881e+01 	 2.144930e+08 	
1.20758162e+06 	 3.877533e+01 	 2.093632e+08 	
1.20766213e+06 	 3.486423e+01 	 2.043690e+08 	
1.20774265e+06 	 3.134423e+01 	 1.995092e+08 	
1.20782317e+06 	 2.817769e+01 	 1.947823e+08 	
1.20790368e+06 	 2.533036e+01 	 1.901867e+08 	
1.20798420e+06 	 2.277107e+01 	 1.857209e+08 	
1.20806471e+06 	 2.047152e+01 	 1.813830e+08 	
1.20814523e+06 	 1.840602e+01 	 1.771714e+08 	
1.20822574e+06 	 1.655128e+01 	 1.730842e+08 	
1.20830626e+06 	 1.488620e+01 	 1.691195e+08 	
1.20838677e+06 	 1.339172e+01 	 1.652753e+08 	
1.20846729e+06 	 1.205056e+01 	 1.615496e+08 	
1.20855440e+06 	 1.075432e+01 	 1.576499e+08 	
1.20864150e+06 	 9.601599e+00 	 1.538837e+08 	
1.20872861e+06 	 8.576561e+00 	 1.502482e+08 	
1.20881571e+06 	 7.665053e+00 	 1.467405e+08 	
1.20890282e+06 	 6.854451e+00 	 1.433577e+08 	
1.20898993e+06 	 6.133498e+00 	 1.400969e+08 	
1.20907703e+06 	 5.492172e+00 	 1.369551e+08 	
1.20916414e+06 	 4.921549e+00 	 1.339293e+08 	
1.20925124e+06 	 4.413694e+00 	 1.310163e+08 	
1.20933835e+06 	 3.961553e+00 	 1.282132e+08 	
1.20942546e+06 	 3.558860e+00 	 1.255168e+08 	
1.20951256e+06 	 3.200052e+00 	 1.229241e+08 	
1.20959967e+06 	 2.880192e+00 	 1.204320e+08 	
1.20968677e+06 	 2.594901e+00 	 1.180373e+08 	
1.20977388e+06 	 2.340295e+00 	 1.157370e+08 	
1.20986099e+06 	 2.112932e+00 	 1.135280e+08 	
1.20997159e+06 	 1.858732e+00 	 1.108500e+08 	
1.21008220e+06 	 1.638118e+00 	 1.083082e+08 	
1.21019281e+06 	 1.446415e+00 	 1.058966e+08 	
1.21030342e+06 	 1.279615e+00 	 1.036093e+08 	
1.21041402e+06 	 1.134283e+00 	 1.014406e+08 	
1.21052463e+06 	 1.007472e+00 	 9.938469e+07 	
1.21063524e+06 	 8.966552e-01 	 9.743617e+07 	
1.21074584e+06 	 7.996630e-01 	 9.558967e+07 	
1.21085645e+06 	 7.146342e-01 	 9.384002e+07 	
1.21096706e+06 	 6.399696e-01 	 9.218223e+07 	
1.21107767e+06 	 5.742949e-01 	 9.061150e+07 	
1.21122504e+06 	 4.987422e-01 	 8.864597e+07 	
1.21137241e+06 	 4.347163e-01 	 8.681637e+07 	
1.21151979e+06 	 3.802865e-01 	 8.511290e+07 	
1.21166716e+06 	 3.338666e-01 	 8.352632e+07 	
1.21181453e+06 	 2.941504e-01 	 8.204797e+07 	
1.21196191e+06 	 2.600602e-01 	 8.066979e+07 	
1.21210928e+06 	 2.307048e-01 	 7.938425e+07 	
1.21227502e+06 	 2.024335e-01 	 7.804046e+07 	
1.21244076e+06 	 1.783562e-01 	 7.679580e+07 	
1.21260650e+06 	 1.577694e-01 	 7.564184e+07 	
1.21277224e+06 	 1.400982e-01 	 7.457085e+07 	
1.21299940e+06 	 1.197701e-01 	 7.322504e+07 	
1.21322655e+06 	 1.030786e-01 	 7.200563e+07 	
1.21345371e+06 	 8.927951e-02 	 7.089826e+07 	
1.21368086e+06 	 7.779657e-02 	 6.989033e+07 	
1.21398968e+06 	 6.510937e-02 	 6.865983e+07 	
1.21429850e+06 	 5.503077e-02 	 6.756888e+07 	
1.21460732e+06 	 4.693972e-02 	 6.659743e+07 	
1.21491613e+06 	 4.037961e-02 	 6.572866e+07 	
1.21530987e+06 	 3.370797e-02 	 6.474776e+07 	
1.21570361e+06 	 2.846833e-02 	 6.388682e+07 	
1.21609736e+06 	 2.429946e-02 	 6.312635e+07 	
1.21660663e+06 	 2.008293e-02 	 6.226634e+07 	
1.21711591e+06 	 1.683877e-02 	 6.152104e+07 	
1.21762519e+06 	 1.430126e-02 	 6.086938e+07 	
1.21829425e+06 	 1.174081e-02 	 6.012836e+07 	
1.21896330e+06 	 9.806948e-03 	 5.949224e+07 	
1.21963236e+06 	 8.316562e-03 	 5.893970e+07 	
1.22052493e+06 	 6.812859e-03 	 5.830539e+07 	
1.22141751e+06 	 5.694940e-03 	 5.776330e+07 	
1.22231008e+06 	 4.843739e-03 	 5.729312e+07 	
1.22357879e+06 	 3.946887e-03 	 5.672018e+07 	
1.22484750e+06 	 3.297702e-03 	 5.623268e+07 	
1.22611621e+06 	 2.813561e-03 	 5.580986e+07 	
1.22756646e+06 	 2.397544e-03 	 5.538720e+07 	
1.22901671e+06 	 2.082801e-03 	 5.501460e+07 	
1.23046697e+06 	 1.839012e-03 	 5.468108e+07 	
1.23261722e+06 	 1.567518e-03 	 5.424193e+07 	
1.23476747e+06 	 1.368977e-03 	 5.385308e+07 	
1.23691772e+06 	 1.219315e-03 	 5.350214e+07 	
1.24002931e+06 	 1.060197e-03 	 5.304439e+07 	
1.24193263e+06 	 9.860865e-04 	 5.278687e+07 	
1.24567581e+06 	 8.747024e-04 	 5.231764e+07 	
1.24879031e+06 	 8.061643e-04 	 5.195612e+07 	
1.25363004e+06 	 7.275823e-04 	 5.143211e+07 	
1.25846977e+06 	 6.709801e-04 	 5.094164e+07 	
1.26330950e+06 	 6.282945e-04 	 5.047544e+07 	
1.27045665e+06 	 5.811216e-04 	 4.981904e+07 	
1.27760380e+06 	 5.455352e-04 	 4.919051e+07 	
1.28793945e+06 	 5.056738e-04 	 4.831701e+07 	
1.29827510e+06 	 4.735806e-04 	 4.747516e+07 	
1.30861076e+06 	 4.459679e-04 	 4.665869e+07 	
1.32607857e+06 	 4.054143e-04 	 4.532754e+07 	
1.33726272e+06 	 3.822145e-04 	 4.450405e+07 	
1.34844687e+06 	 3.606763e-04 	 4.370139e+07 	
1.35373053e+06 	 3.510108e-04 	 4.332914e+07 	
1.36000000e+06 	 3.399299e-04 	 4.289306e+07 	
1.37000000e+06 	 3.230843e-04 	 4.220980e+07 	
1.38000000e+06 	 3.071781e-04 	 4.154120e+07 	
1.39000000e+06 	 2.921428e-04 	 4.088678e+07 	
1.40000000e+06 	 2.779241e-04 	 4.024613e+07 	
1.41000000e+06 	 2.644692e-04 	 3.961880e+07 	
1.42000000e+06 	 2.517307e-04 	 3.900441e+07 	
1.43000000e+06 	 2.396662e-04 	 3.840258e+07 	
1.44000000e+06 	 2.282345e-04 	 3.781293e+07 	
1.45000000e+06 	 2.173996e-04 	 3.723513e+07 	
1.46000000e+06 	 2.071259e-04 	 3.666882e+07 	
1.47000000e+06 	 1.973806e-04 	 3.611369e+07 	
1.48000000e+06 	 1.881346e-04 	 3.556942e+07 	
1.49000000e+06 	 1.793587e-04 	 3.503571e+07 	
1.50000000e+06 	 1.710261e-04 	 3.451227e+07 	
1.51000000e+06 	 1.631128e-04 	 3.399883e+07 	
1.52000000e+06 	 1.555948e-04 	 3.349510e+07 	
1.53000000e+06 	 1.484504e-04 	 3.300084e+07 	
1.54000000e+06 	 1.416589e-04 	 3.251578e+07 	
1.55000000e+06 	 1.352010e-04 	 3.203969e+07 	
1.56000000e+06 	 1.290589e-04 	 3.157234e+07 	
1.57000000e+06 	 1.232152e-04 	 3.111349e+07 	
1.58000000e+06 	 1.176542e-04 	 3.066293e+07 	
1.59000000e+06 	 1.123604e-04 	 3.022045e+07 	
1.60000000e+06 	 1.073201e-04 	 2.978584e+07 	
1.61000000e+06 	 1.025193e-04 	 2.935891e+07 	
1.62000000e+06 	 9.794628e-05 	 2.893947e+07 	
1.63000000e+06 	 9.358851e-05 	 2.852732e+07 	
1.64000000e+06 	 8.943487e-05 	 2.812230e+07 	
1.65000000e+06 	 8.547506e-05 	 2.772423e+07 	
1.66000000e+06 	 8.169903e-05 	 2.733294e+07 	
1.67000000e+06 	 7.809728e-05 	 2.694827e+07 	
1.68000000e+06 	 7.466099e-05 	 2.657006e+07 	
1.69000000e+06 	 7.138194e-05 	 2.619816e+07 	
1.70000000e+06 	 6.825210e-05 	 2.583243e+07 	
1.71000000e+06 	 6.526399e-05 	 2.547272e+07 	
1.72000000e+06 	 6.241062e-05 	 2.511890e+07 	
1.73000000e+06 	 5.968520e-05 	 2.477082e+07 	
1.74000000e+06 	 5.708152e-05 	 2.442836e+07 	
1.75000000e+06 	 5.459343e-05 	 2.409139e+07 	
1.76000000e+06 	 5.221546e-05 	 2.375980e+07 	
1.77000000e+06 	 4.994214e-05 	 2.343345e+07 	
1.78000000e+06 	 4.776833e-05 	 2.311225e+07 	
1.79000000e+06 	 4.568915e-05 	 2.279606e+07 	
1.80000000e+06 	 4.370010e-05 	 2.248479e+07 	
1.81000000e+06 	 4.179695e-05 	 2.217833e+07 	
1.82000000e+06 	 3.997548e-05 	 2.187658e+07 	
1.83000000e+06 	 3.823176e-05 	 2.157944e+07 	
1.84000000e+06 	 3.656212e-05 	 2.128681e+07 	
1.85000000e+06 	 3.496305e-05 	 2.099860e+07 	
1.86000000e+06 	 3.343119e-05 	 2.071472e+07 	
1.87000000e+06 	 3.196332e-05 	 2.043507e+07 	
1.88000000e+06 	 3.055642e-05 	 2.015958e+07 	
1.89000000e+06 	 2.920768e-05 	 1.988816e+07 	
1.90000000e+06 	 2.791432e-05 	 1.962073e+07 	
1.91000000e+06 	 2.667370e-05 	 1.935721e+07 	
1.92000000e+06 	 2.548344e-05 	 1.909752e+07 	
1.93000000e+06 	 2.434111e-05 	 1.884160e+07 	
1.94000000e+06 	 2.324443e-05 	 1.858936e+07 	
1.95000000e+06 	 2.219127e-05 	 1.834074e+07 	
1.96000000e+06 	 2.117962e-05 	 1.809567e+07 	
1.97000000e+06 	 2.020750e-05 	 1.785409e+07 	
1.98000000e+06 	 1.927303e-05 	 1.761593e+07 	
2.00000000e+06 	 1.751004e-05 	 1.714965e+07 	
2.00050050e+06 	 1.746764e-05 	 1.713815e+07 	
2.00100100e+06 	 1.742533e-05 	 1.712666e+07 	
2.00150150e+06 	 1.738310e-05 	 1.711517e+07 	
2.00200200e+06 	 1.734094e-05 	 1.710370e+07 	
2.00250250e+06 	 1.729887e-05 	 1.709223e+07 	
2.00300300e+06 	 1.725688e-05 	 1.708077e+07 	
2.00350350e+06 	 1.721497e-05 	 1.706932e+07 	
2.00400400e+06 	 1.717314e-05 	 1.705788e+07 	
2.00450450e+06 	 1.713138e-05 	 1.704644e+07 	
2.00500501e+06 	 1.708971e-05 	 1.703501e+07 	
2.00550551e+06 	 1.704812e-05 	 1.702359e+07 	
2.00600601e+06 	 1.700661e-05 	 1.701218e+07 	
2.00650651e+06 	 1.696517e-05 	 1.700078e+07 	
2.00700701e+06 	 1.692382e-05 	 1.698938e+07 	
2.00750751e+06 	 1.688254e-05 	 1.697800e+07 	
2.00800801e+06 	 1.684134e-05 	 1.696662e+07 	
2.00850851e+06 	 1.680022e-05 	 1.695525e+07 	
2.00900901e+06 	 1.675918e-05 	 1.694388e+07 	
2.00950951e+06 	 1.671822e-05 	 1.693253e+07 	
2.01001001e+06 	 1.667733e-05 	 1.692118e+07 	
2.01051051e+06 	 1.663652e-05 	 1.690984e+07 	
2.01101101e+06 	 1.659579e-05 	 1.689851e+07 	
2.01151151e+06 	 1.655514e-05 	 1.688719e+07 	
2.01201201e+06 	 1.651456e-05 	 1.687587e+07 	
2.01251251e+06 	 1.647406e-05 	 1.686457e+07 	
2.01301301e+06 	 1.643363e-05 	 1.685327e+07 	
2.01351351e+06 	 1.639328e-05 	 1.684198e+07 	
2.01401401e+06 	 1.635301e-05 	 1.683069e+07 	
2.01451451e+06 	 1.631282e-05 	 1.681942e+07 	
2.01501502e+06 	 1.627270e-05 	 1.680815e+07 	
2.01551552e+06 	 1.623265e-05 	 1.679689e+07 	
2.01601602e+06 	 1.619268e-05 	 1.678564e+07 	
2.01651652e+06 	 1.615279e-05 	 1.677440e+07 	
2.01701702e+06 	 1.611297e-05 	 1.676316e+07 	
2.01751752e+06 	 1.607323e-05 	 1.675193e+07 	
2.01801802e+06 	 1.603356e-05 	 1.674071e+07 	
2.01851852e+06 	 1.599396e-05 	 1.672950e+07 	
2.01901902e+06 	 1.595444e-05 	 1.671830e+07 	
2.01951952e+06 	 1.591500e-05 	 1.670710e+07 	
2.02002002e+06 	 1.587562e-05 	 1.669591e+07 	
2.02052052e+06 	 1.583632e-05 	 1.668473e+07 	
2.02102102e+06 	 1.579710e-05 	 1.667356e+07 	
2.02152152e+06 	 1.575795e-05 	 1.666240e+07 	
2.02202202e+06 	 1.571887e-05 	 1.665124e+07 	
2.02252252e+06 	 1.567986e-05 	 1.664009e+07 	
2.02302302e+06 	 1.564093e-05 	 1.662895e+07 	
2.02352352e+06 	 1.560207e-05 	 1.661782e+07 	
2.02402402e+06 	 1.556328e-05 	 1.660669e+07 	
2.02452452e+06 	 1.552457e-05 	 1.659557e+07 	
2.02502503e+06 	 1.548593e-05 	 1.658446e+07 	
2.02552553e+06 	 1.544735e-05 	 1.657336e+07 	
2.02602603e+06 	 1.540886e-05 	 1.656227e+07 	
2.02652653e+06 	 1.537043e-05 	 1.655118e+07 	
2.02702703e+06 	 1.533207e-05 	 1.654010e+07 	
2.02752753e+06 	 1.529379e-05 	 1.652903e+07 	
2.02802803e+06 	 1.525557e-05 	 1.651797e+07 	
2.02852853e+06 	 1.521743e-05 	 1.650691e+07 	
2.02902903e+06 	 1.517935e-05 	 1.649587e+07 	
2.02952953e+06 	 1.514135e-05 	 1.648483e+07 	
2.03003003e+06 	 1.510342e-05 	 1.647379e+07 	
2.03053053e+06 	 1.506556e-05 	 1.646277e+07 	
2.03103103e+06 	 1.502776e-05 	 1.645175e+07 	
2.03153153e+06 	 1.499004e-05 	 1.644074e+07 	
2.03203203e+06 	 1.495239e-05 	 1.642974e+07 	
2.03253253e+06 	 1.491480e-05 	 1.641875e+07 	
2.03303303e+06 	 1.487729e-05 	 1.640776e+07 	
2.03353353e+06 	 1.483984e-05 	 1.639679e+07 	
2.03403403e+06 	 1.480247e-05 	 1.638582e+07 	
2.03453453e+06 	 1.476516e-05 	 1.637485e+07 	
2.03503504e+06 	 1.472792e-05 	 1.636390e+07 	
2.03553554e+06 	 1.469075e-05 	 1.635295e+07 	
2.03603604e+06 	 1.465364e-05 	 1.634201e+07 	
2.03653654e+06 	 1.461661e-05 	 1.633108e+07 	
2.03703704e+06 	 1.457964e-05 	 1.632016e+07 	
2.03753754e+06 	 1.454274e-05 	 1.630924e+07 	
2.03803804e+06 	 1.450590e-05 	 1.629833e+07 	
2.03853854e+06 	 1.446914e-05 	 1.628743e+07 	
2.03903904e+06 	 1.443244e-05 	 1.627654e+07 	
2.03953954e+06 	 1.439581e-05 	 1.626565e+07 	
2.04004004e+06 	 1.435924e-05 	 1.625478e+07 	
2.04054054e+06 	 1.432274e-05 	 1.624391e+07 	
2.04104104e+06 	 1.428631e-05 	 1.623304e+07 	
2.04154154e+06 	 1.424994e-05 	 1.622219e+07 	
2.04204204e+06 	 1.421364e-05 	 1.621134e+07 	
2.04254254e+06 	 1.417741e-05 	 1.620050e+07 	
2.04304304e+06 	 1.414124e-05 	 1.618967e+07 	
2.04354354e+06 	 1.410513e-05 	 1.617884e+07 	
2.04404404e+06 	 1.406910e-05 	 1.616803e+07 	
2.04454454e+06 	 1.403312e-05 	 1.615722e+07 	
2.04504505e+06 	 1.399721e-05 	 1.614642e+07 	
2.04554555e+06 	 1.396137e-05 	 1.613562e+07 	
2.04604605e+06 	 1.392559e-05 	 1.612483e+07 	
2.04654655e+06 	 1.388988e-05 	 1.611405e+07 	
2.04704705e+06 	 1.385423e-05 	 1.610328e+07 	
2.04754755e+06 	 1.381864e-05 	 1.609252e+07 	
2.04804805e+06 	 1.378312e-05 	 1.608176e+07 	
2.04854855e+06 	 1.374766e-05 	 1.607101e+07 	
2.04904905e+06 	 1.371226e-05 	 1.606027e+07 	
2.04954955e+06 	 1.367693e-05 	 1.604954e+07 	
2.05005005e+06 	 1.364166e-05 	 1.603881e+07 	
2.05055055e+06 	 1.360646e-05 	 1.602809e+07 	
2.05105105e+06 	 1.357132e-05 	 1.601738e+07 	
2.05155155e+06 	 1.353624e-05 	 1.600668e+07 	
2.05205205e+06 	 1.350122e-05 	 1.599598e+07 	
2.05255255e+06 	 1.346627e-05 	 1.598529e+07 	
2.05305305e+06 	 1.343137e-05 	 1.597461e+07 	
2.05355355e+06 	 1.339654e-05 	 1.596394e+07 	
2.05405405e+06 	 1.336245e-05 	 1.595325e+07 	
2.05455455e+06 	 1.332776e-05 	 1.594259e+07 	
2.05505506e+06 	 1.329313e-05 	 1.593194e+07 	
2.05555556e+06 	 1.325855e-05 	 1.592129e+07 	
2.05605606e+06 	 1.322404e-05 	 1.591065e+07 	
2.05655656e+06 	 1.318960e-05 	 1.590003e+07 	
2.05705706e+06 	 1.315521e-05 	 1.588940e+07 	
2.05755756e+06 	 1.312088e-05 	 1.587879e+07 	
2.05805806e+06 	 1.308662e-05 	 1.586818e+07 	
2.05855856e+06 	 1.305241e-05 	 1.585758e+07 	
2.05905906e+06 	 1.301827e-05 	 1.584699e+07 	
2.05955956e+06 	 1.298418e-05 	 1.583641e+07 	
2.06006006e+06 	 1.295016e-05 	 1.582583e+07 	
2.06056056e+06 	 1.291620e-05 	 1.581526e+07 	
2.06106106e+06 	 1.288229e-05 	 1.580470e+07 	
2.06156156e+06 	 1.284845e-05 	 1.579414e+07 	
2.06206206e+06 	 1.281466e-05 	 1.578359e+07 	
2.06256256e+06 	 1.278094e-05 	 1.577305e+07 	
2.06306306e+06 	 1.274727e-05 	 1.576252e+07 	
2.06356356e+06 	 1.271366e-05 	 1.575200e+07 	
2.06406406e+06 	 1.268011e-05 	 1.574148e+07 	
2.06456456e+06 	 1.264662e-05 	 1.573097e+07 	
2.06506507e+06 	 1.261319e-05 	 1.572047e+07 	
2.06556557e+06 	 1.257982e-05 	 1.570997e+07 	
2.06606607e+06 	 1.254650e-05 	 1.569948e+07 	
2.06656657e+06 	 1.251325e-05 	 1.568900e+07 	
2.06706707e+06 	 1.248005e-05 	 1.567853e+07 	
2.06756757e+06 	 1.244690e-05 	 1.566806e+07 	
2.06806807e+06 	 1.241382e-05 	 1.565760e+07 	
2.06856857e+06 	 1.238079e-05 	 1.564715e+07 	
2.06906907e+06 	 1.234782e-05 	 1.563671e+07 	
2.06956957e+06 	 1.231491e-05 	 1.562627e+07 	
2.07007007e+06 	 1.228206e-05 	 1.561584e+07 	
2.07057057e+06 	 1.224988e-05 	 1.560539e+07 	
2.07107107e+06 	 1.221715e-05 	 1.559498e+07 	
2.07157157e+06 	 1.218447e-05 	 1.558457e+07 	
2.07207207e+06 	 1.215186e-05 	 1.557417e+07 	
2.07257257e+06 	 1.211929e-05 	 1.556377e+07 	
2.07307307e+06 	 1.208679e-05 	 1.555339e+07 	
2.07357357e+06 	 1.205434e-05 	 1.554301e+07 	
2.07407407e+06 	 1.202195e-05 	 1.553264e+07 	
2.07457457e+06 	 1.198961e-05 	 1.552227e+07 	
2.07507508e+06 	 1.195733e-05 	 1.551192e+07 	
2.07557558e+06 	 1.192510e-05 	 1.550157e+07 	
2.07607608e+06 	 1.189293e-05 	 1.549122e+07 	
2.07657658e+06 	 1.186081e-05 	 1.548089e+07 	
2.07707708e+06 	 1.182875e-05 	 1.547056e+07 	
2.07757758e+06 	 1.179674e-05 	 1.546024e+07 	
2.07807808e+06 	 1.176479e-05 	 1.544993e+07 	
2.07857858e+06 	 1.173289e-05 	 1.543962e+07 	
2.07907908e+06 	 1.170105e-05 	 1.542932e+07 	
2.07957958e+06 	 1.166926e-05 	 1.541903e+07 	
2.08008008e+06 	 1.163752e-05 	 1.540875e+07 	
2.08058058e+06 	 1.160584e-05 	 1.539847e+07 	
2.08108108e+06 	 1.157422e-05 	 1.538820e+07 	
2.08158158e+06 	 1.154264e-05 	 1.537794e+07 	
2.08208208e+06 	 1.151112e-05 	 1.536768e+07 	
2.08258258e+06 	 1.147965e-05 	 1.535743e+07 	
2.08308308e+06 	 1.144824e-05 	 1.534719e+07 	
2.08358358e+06 	 1.141688e-05 	 1.533696e+07 	
2.08408408e+06 	 1.138557e-05 	 1.532673e+07 	
2.08458458e+06 	 1.135431e-05 	 1.531651e+07 	
2.08508509e+06 	 1.132311e-05 	 1.530630e+07 	
2.08558559e+06 	 1.129196e-05 	 1.529610e+07 	
2.08608609e+06 	 1.126086e-05 	 1.528590e+07 	
2.08658659e+06 	 1.122981e-05 	 1.527571e+07 	
2.08708709e+06 	 1.119882e-05 	 1.526553e+07 	
2.08758759e+06 	 1.116845e-05 	 1.525532e+07 	
2.08808809e+06 	 1.113756e-05 	 1.524515e+07 	
2.08858859e+06 	 1.110674e-05 	 1.523499e+07 	
2.08908909e+06 	 1.107596e-05 	 1.522484e+07 	
2.08958959e+06 	 1.104523e-05 	 1.521469e+07 	
2.09009009e+06 	 1.101456e-05 	 1.520455e+07 	
2.09059059e+06 	 1.098393e-05 	 1.519441e+07 	
2.09109109e+06 	 1.095336e-05 	 1.518429e+07 	
2.09159159e+06 	 1.092284e-05 	 1.517417e+07 	
2.09209209e+06 	 1.089237e-05 	 1.516406e+07 	
2.09259259e+06 	 1.086195e-05 	 1.515395e+07 	
2.09309309e+06 	 1.083158e-05 	 1.514385e+07 	
2.09359359e+06 	 1.080125e-05 	 1.513376e+07 	
2.09409409e+06 	 1.077098e-05 	 1.512368e+07 	
2.09459459e+06 	 1.074076e-05 	 1.511360e+07 	
2.09509510e+06 	 1.071059e-05 	 1.510354e+07 	
2.09559560e+06 	 1.068047e-05 	 1.509347e+07 	
2.09609610e+06 	 1.065040e-05 	 1.508342e+07 	
2.09659660e+06 	 1.062038e-05 	 1.507337e+07 	
2.09709710e+06 	 1.059040e-05 	 1.506333e+07 	
2.09759760e+06 	 1.056048e-05 	 1.505330e+07 	
2.09809810e+06 	 1.053060e-05 	 1.504327e+07 	
2.09859860e+06 	 1.050078e-05 	 1.503325e+07 	
2.09909910e+06 	 1.047100e-05 	 1.502324e+07 	
2.09959960e+06 	 1.044127e-05 	 1.501323e+07 	
2.10010010e+06 	 1.041159e-05 	 1.500324e+07 	
2.10060060e+06 	 1.038195e-05 	 1.499325e+07 	
2.10110110e+06 	 1.035237e-05 	 1.498326e+07 	
2.10160160e+06 	 1.032283e-05 	 1.497329e+07 	
2.10210210e+06 	 1.029334e-05 	 1.496332e+07 	
2.10260260e+06 	 1.026390e-05 	 1.495336e+07 	
2.10310310e+06 	 1.023502e-05 	 1.494337e+07 	
2.10360360e+06 	 1.020568e-05 	 1.493342e+07 	
2.10410410e+06 	 1.017639e-05 	 1.492348e+07 	
2.10460460e+06 	 1.014715e-05 	 1.491355e+07 	
2.10510511e+06 	 1.011795e-05 	 1.490362e+07 	
2.10560561e+06 	 1.008880e-05 	 1.489370e+07 	
2.10610611e+06 	 1.005970e-05 	 1.488379e+07 	
2.10660661e+06 	 1.003064e-05 	 1.487388e+07 	
2.10710711e+06 	 1.000163e-05 	 1.486398e+07 	
2.10760761e+06 	 9.972670e-06 	 1.485409e+07 	
2.10810811e+06 	 9.943753e-06 	 1.484421e+07 	
2.10860861e+06 	 9.914882e-06 	 1.483433e+07 	
2.10910911e+06 	 9.886057e-06 	 1.482446e+07 	
2.10960961e+06 	 9.857278e-06 	 1.481459e+07 	
2.11011011e+06 	 9.828544e-06 	 1.480474e+07 	
2.11061061e+06 	 9.799856e-06 	 1.479489e+07 	
2.11111111e+06 	 9.771214e-06 	 1.478504e+07 	
2.11161161e+06 	 9.742616e-06 	 1.477521e+07 	
2.11211211e+06 	 9.714064e-06 	 1.476538e+07 	
2.11261261e+06 	 9.685556e-06 	 1.475556e+07 	
2.11311311e+06 	 9.657094e-06 	 1.474575e+07 	
2.11361361e+06 	 9.628676e-06 	 1.473594e+07 	
2.11411411e+06 	 9.600303e-06 	 1.472614e+07 	
2.11461461e+06 	 9.571974e-06 	 1.471634e+07 	
2.11511512e+06 	 9.543689e-06 	 1.470656e+07 	
2.11561562e+06 	 9.515448e-06 	 1.469678e+07 	
2.11611612e+06 	 9.487252e-06 	 1.468701e+07 	
2.11661662e+06 	 9.459099e-06 	 1.467724e+07 	
2.11711712e+06 	 9.430990e-06 	 1.466748e+07 	
2.11761762e+06 	 9.402925e-06 	 1.465773e+07 	
2.11811812e+06 	 9.374903e-06 	 1.464799e+07 	
2.11861862e+06 	 9.346925e-06 	 1.463825e+07 	
2.11911912e+06 	 9.318989e-06 	 1.462852e+07 	
2.11961962e+06 	 9.291567e-06 	 1.461877e+07 	
2.12012012e+06 	 9.263726e-06 	 1.460906e+07 	
2.12062062e+06 	 9.235928e-06 	 1.459935e+07 	
2.12112112e+06 	 9.208172e-06 	 1.458965e+07 	
2.12162162e+06 	 9.180460e-06 	 1.457995e+07 	
2.12212212e+06 	 9.152790e-06 	 1.457026e+07 	
2.12262262e+06 	 9.125162e-06 	 1.456058e+07 	
2.12312312e+06 	 9.097576e-06 	 1.455091e+07 	
2.12362362e+06 	 9.070033e-06 	 1.454124e+07 	
2.12412412e+06 	 9.042532e-06 	 1.453158e+07 	
2.12462462e+06 	 9.015072e-06 	 1.452193e+07 	
2.12512513e+06 	 8.987655e-06 	 1.451228e+07 	
2.12562563e+06 	 8.960279e-06 	 1.450264e+07 	
2.12612613e+06 	 8.932944e-06 	 1.449301e+07 	
2.12662663e+06 	 8.905651e-06 	 1.448339e+07 	
2.12712713e+06 	 8.878399e-06 	 1.447377e+07 	
2.12762763e+06 	 8.851188e-06 	 1.446416e+07 	
2.12812813e+06 	 8.824018e-06 	 1.445455e+07 	
2.12862863e+06 	 8.796889e-06 	 1.444496e+07 	
2.12912913e+06 	 8.769801e-06 	 1.443537e+07 	
2.12962963e+06 	 8.742753e-06 	 1.442578e+07 	
2.13013013e+06 	 8.715745e-06 	 1.441621e+07 	
2.13063063e+06 	 8.688778e-06 	 1.440664e+07 	
2.13113113e+06 	 8.661851e-06 	 1.439708e+07 	
2.13163163e+06 	 8.634964e-06 	 1.438752e+07 	
2.13213213e+06 	 8.608117e-06 	 1.437797e+07 	
2.13263263e+06 	 8.581310e-06 	 1.436843e+07 	
2.13313313e+06 	 8.554543e-06 	 1.435890e+07 	
2.13363363e+06 	 8.527815e-06 	 1.434937e+07 	
2.13413413e+06 	 8.501126e-06 	 1.433985e+07 	
2.13463463e+06 	 8.474477e-06 	 1.433034e+07 	
2.13513514e+06 	 8.447866e-06 	 1.432083e+07 	
2.13563564e+06 	 8.421295e-06 	 1.431133e+07 	
2.13613614e+06 	 8.394343e-06 	 1.430187e+07 	
2.13663664e+06 	 8.367842e-06 	 1.429238e+07 	
2.13713714e+06 	 8.341379e-06 	 1.428291e+07 	
2.13763764e+06 	 8.314955e-06 	 1.427344e+07 	
2.13813814e+06 	 8.288569e-06 	 1.426397e+07 	
2.13863864e+06 	 8.262221e-06 	 1.425452e+07 	
2.13913914e+06 	 8.235912e-06 	 1.424507e+07 	
2.13963964e+06 	 8.209640e-06 	 1.423563e+07 	
2.14014014e+06 	 8.183405e-06 	 1.422619e+07 	
2.14064064e+06 	 8.157209e-06 	 1.421676e+07 	
2.14114114e+06 	 8.131050e-06 	 1.420734e+07 	
2.14164164e+06 	 8.104928e-06 	 1.419793e+07 	
2.14214214e+06 	 8.078843e-06 	 1.418852e+07 	
2.14264264e+06 	 8.052796e-06 	 1.417912e+07 	
2.14314314e+06 	 8.026785e-06 	 1.416973e+07 	
2.14364364e+06 	 8.000811e-06 	 1.416034e+07 	
2.14414414e+06 	 7.974874e-06 	 1.415096e+07 	
2.14464464e+06 	 7.948973e-06 	 1.414159e+07 	
2.14514515e+06 	 7.923109e-06 	 1.413223e+07 	
2.14564565e+06 	 7.897282e-06 	 1.412287e+07 	
2.14614615e+06 	 7.871490e-06 	 1.411352e+07 	
2.14664665e+06 	 7.845734e-06 	 1.410418e+07 	
2.14714715e+06 	 7.820015e-06 	 1.409484e+07 	
2.14764765e+06 	 7.794331e-06 	 1.408551e+07 	
2.14814815e+06 	 7.768683e-06 	 1.407619e+07 	
2.14864865e+06 	 7.743070e-06 	 1.406688e+07 	
2.14914915e+06 	 7.717493e-06 	 1.405757e+07 	
2.14964965e+06 	 7.691951e-06 	 1.404827e+07 	
2.15015015e+06 	 7.666444e-06 	 1.403897e+07 	
2.15065065e+06 	 7.640972e-06 	 1.402969e+07 	
2.15115115e+06 	 7.615535e-06 	 1.402041e+07 	
2.15165165e+06 	 7.590133e-06 	 1.401113e+07 	
2.15215215e+06 	 7.564766e-06 	 1.400187e+07 	
2.15265265e+06 	 7.539433e-06 	 1.399261e+07 	
2.15315315e+06 	 7.514517e-06 	 1.398333e+07 	
2.15365365e+06 	 7.489259e-06 	 1.397409e+07 	
2.15415415e+06 	 7.464036e-06 	 1.396485e+07 	
2.15465465e+06 	 7.438847e-06 	 1.395562e+07 	
2.15515516e+06 	 7.413692e-06 	 1.394640e+07 	
2.15565566e+06 	 7.388571e-06 	 1.393718e+07 	
2.15615616e+06 	 7.363483e-06 	 1.392797e+07 	
2.15665666e+06 	 7.338430e-06 	 1.391877e+07 	
2.15715716e+06 	 7.313409e-06 	 1.390958e+07 	
2.15765766e+06 	 7.288423e-06 	 1.390039e+07 	
2.15815816e+06 	 7.263469e-06 	 1.389121e+07 	
2.15865866e+06 	 7.238549e-06 	 1.388204e+07 	
2.15915916e+06 	 7.213662e-06 	 1.387287e+07 	
2.15965966e+06 	 7.188807e-06 	 1.386371e+07 	
2.16016016e+06 	 7.163986e-06 	 1.385456e+07 	
2.16066066e+06 	 7.139197e-06 	 1.384542e+07 	
2.16116116e+06 	 7.114440e-06 	 1.383628e+07 	
2.16166166e+06 	 7.089716e-06 	 1.382715e+07 	
2.16216216e+06 	 7.065025e-06 	 1.381803e+07 	
2.16266266e+06 	 7.040365e-06 	 1.380891e+07 	
2.16316316e+06 	 7.015738e-06 	 1.379980e+07 	
2.16366366e+06 	 6.991143e-06 	 1.379070e+07 	
2.16416416e+06 	 6.966579e-06 	 1.378161e+07 	
2.16466466e+06 	 6.942047e-06 	 1.377252e+07 	
2.16516517e+06 	 6.917547e-06 	 1.376344e+07 	
2.16566567e+06 	 6.893078e-06 	 1.375437e+07 	
2.16616617e+06 	 6.868641e-06 	 1.374530e+07 	
2.16666667e+06 	 6.844235e-06 	 1.373624e+07 	
2.16716717e+06 	 6.819860e-06 	 1.372719e+07 	
2.16766767e+06 	 6.795516e-06 	 1.371815e+07 	
2.16816817e+06 	 6.771203e-06 	 1.370911e+07 	
2.16866867e+06 	 6.746920e-06 	 1.370009e+07 	
2.16916917e+06 	 6.722669e-06 	 1.369106e+07 	
2.16966967e+06 	 6.698109e-06 	 1.368208e+07 	
2.17017017e+06 	 6.673912e-06 	 1.367307e+07 	
2.17067067e+06 	 6.649746e-06 	 1.366407e+07 	
2.17117117e+06 	 6.625610e-06 	 1.365508e+07 	
2.17167167e+06 	 6.601503e-06 	 1.364609e+07 	
2.17217217e+06 	 6.577427e-06 	 1.363712e+07 	
2.17267267e+06 	 6.553380e-06 	 1.362815e+07 	
2.17317317e+06 	 6.529363e-06 	 1.361918e+07 	
2.17367367e+06 	 6.505375e-06 	 1.361023e+07 	
2.17417417e+06 	 6.481417e-06 	 1.360128e+07 	
2.17467467e+06 	 6.457488e-06 	 1.359234e+07 	
2.17517518e+06 	 6.433588e-06 	 1.358341e+07 	
2.17567568e+06 	 6.409717e-06 	 1.357448e+07 	
2.17617618e+06 	 6.385875e-06 	 1.356557e+07 	
2.17667668e+06 	 6.362062e-06 	 1.355665e+07 	
2.17717718e+06 	 6.338278e-06 	 1.354775e+07 	
2.17767768e+06 	 6.314522e-06 	 1.353886e+07 	
2.17817818e+06 	 6.290795e-06 	 1.352997e+07 	
2.17867868e+06 	 6.267096e-06 	 1.352109e+07 	
2.17917918e+06 	 6.243426e-06 	 1.351221e+07 	
2.17967968e+06 	 6.219783e-06 	 1.350335e+07 	
2.18018018e+06 	 6.196169e-06 	 1.349449e+07 	
2.18068068e+06 	 6.172582e-06 	 1.348564e+07 	
2.18118118e+06 	 6.149024e-06 	 1.347680e+07 	
2.18168168e+06 	 6.125493e-06 	 1.346796e+07 	
2.18218218e+06 	 6.101989e-06 	 1.345913e+07 	
2.18268268e+06 	 6.078513e-06 	 1.345031e+07 	
2.18318318e+06 	 6.055065e-06 	 1.344150e+07 	
2.18368368e+06 	 6.031644e-06 	 1.343269e+07 	
2.18418418e+06 	 6.008250e-06 	 1.342390e+07 	
2.18468468e+06 	 5.984883e-06 	 1.341511e+07 	
2.18518519e+06 	 5.961542e-06 	 1.340632e+07 	
2.18568569e+06 	 5.938229e-06 	 1.339755e+07 	
2.18618619e+06 	 5.915240e-06 	 1.338876e+07 	
2.18668669e+06 	 5.891985e-06 	 1.338000e+07 	
2.18718719e+06 	 5.868757e-06 	 1.337125e+07 	
2.18768769e+06 	 5.845555e-06 	 1.336250e+07 	
2.18818819e+06 	 5.822380e-06 	 1.335376e+07 	
2.18868869e+06 	 5.799231e-06 	 1.334504e+07 	
2.18918919e+06 	 5.776108e-06 	 1.333631e+07 	
2.18968969e+06 	 5.753012e-06 	 1.332760e+07 	
2.19019019e+06 	 5.729941e-06 	 1.331889e+07 	
2.19069069e+06 	 5.706896e-06 	 1.331020e+07 	
2.19119119e+06 	 5.683877e-06 	 1.330151e+07 	
2.19169169e+06 	 5.660884e-06 	 1.329282e+07 	
2.19219219e+06 	 5.637917e-06 	 1.328415e+07 	
2.19269269e+06 	 5.614975e-06 	 1.327548e+07 	
2.19319319e+06 	 5.592058e-06 	 1.326682e+07 	
2.19369369e+06 	 5.569167e-06 	 1.325817e+07 	
2.19419419e+06 	 5.546301e-06 	 1.324953e+07 	
2.19469469e+06 	 5.523460e-06 	 1.324089e+07 	
2.19519520e+06 	 5.500644e-06 	 1.323227e+07 	
2.19569570e+06 	 5.477854e-06 	 1.322365e+07 	
2.19619620e+06 	 5.455088e-06 	 1.321504e+07 	
2.19669670e+06 	 5.432346e-06 	 1.320643e+07 	
2.19719720e+06 	 5.409630e-06 	 1.319784e+07 	
2.19769770e+06 	 5.386938e-06 	 1.318925e+07 	
2.19819820e+06 	 5.364271e-06 	 1.318067e+07 	
2.19869870e+06 	 5.341628e-06 	 1.317210e+07 	
2.19919920e+06 	 5.319010e-06 	 1.316354e+07 	
2.19969970e+06 	 5.296416e-06 	 1.315498e+07 	
2.20020020e+06 	 5.273846e-06 	 1.314644e+07 	
2.20070070e+06 	 5.251300e-06 	 1.313790e+07 	
2.20120120e+06 	 5.228778e-06 	 1.312937e+07 	
2.20170170e+06 	 5.206280e-06 	 1.312085e+07 	
2.20220220e+06 	 5.183806e-06 	 1.311233e+07 	
2.20270270e+06 	 5.161356e-06 	 1.310383e+07 	
2.20320320e+06 	 5.138668e-06 	 1.309535e+07 	
2.20370370e+06 	 5.116261e-06 	 1.308686e+07 	
2.20420420e+06 	 5.093877e-06 	 1.307838e+07 	
2.20470470e+06 	 5.071517e-06 	 1.306991e+07 	
2.20520521e+06 	 5.049180e-06 	 1.306145e+07 	
2.20570571e+06 	 5.026866e-06 	 1.305299e+07 	
2.20620621e+06 	 5.004576e-06 	 1.304455e+07 	
2.20670671e+06 	 4.982309e-06 	 1.303611e+07 	
2.20720721e+06 	 4.960065e-06 	 1.302768e+07 	
2.20770771e+06 	 4.937844e-06 	 1.301926e+07 	
2.20820821e+06 	 4.915646e-06 	 1.301084e+07 	
2.20870871e+06 	 4.893471e-06 	 1.300244e+07 	
2.20920921e+06 	 4.871318e-06 	 1.299404e+07 	
2.20970971e+06 	 4.849189e-06 	 1.298566e+07 	
2.21021021e+06 	 4.827082e-06 	 1.297728e+07 	
2.21071071e+06 	 4.804998e-06 	 1.296891e+07 	
2.21121121e+06 	 4.782936e-06 	 1.296055e+07 	
2.21171171e+06 	 4.760897e-06 	 1.295219e+07 	
2.21221221e+06 	 4.738881e-06 	 1.294385e+07 	
2.21271271e+06 	 4.716886e-06 	 1.293551e+07 	
2.21321321e+06 	 4.694915e-06 	 1.292719e+07 	
2.21371371e+06 	 4.672965e-06 	 1.291887e+07 	
2.21421421e+06 	 4.651038e-06 	 1.291056e+07 	
2.21471471e+06 	 4.629134e-06 	 1.290226e+07 	
2.21521522e+06 	 4.607251e-06 	 1.289397e+07 	
2.21571572e+06 	 4.585391e-06 	 1.288569e+07 	
2.21621622e+06 	 4.563553e-06 	 1.287742e+07 	
2.21671672e+06 	 4.541736e-06 	 1.286915e+07 	
2.21721722e+06 	 4.519942e-06 	 1.286090e+07 	
2.21771772e+06 	 4.498170e-06 	 1.285265e+07 	
2.21821822e+06 	 4.476420e-06 	 1.284441e+07 	
2.21871872e+06 	 4.454692e-06 	 1.283619e+07 	
2.21921922e+06 	 4.432986e-06 	 1.282797e+07 	
2.21971972e+06 	 4.411079e-06 	 1.281978e+07 	
2.22022022e+06 	 4.389413e-06 	 1.281158e+07 	
2.22072072e+06 	 4.367769e-06 	 1.280339e+07 	
2.22122122e+06 	 4.346147e-06 	 1.279521e+07 	
2.22172172e+06 	 4.324547e-06 	 1.278704e+07 	
2.22222222e+06 	 4.302968e-06 	 1.277888e+07 	
2.22272272e+06 	 4.281411e-06 	 1.277073e+07 	
2.22322322e+06 	 4.259876e-06 	 1.276258e+07 	
2.22372372e+06 	 4.238363e-06 	 1.275445e+07 	
2.22422422e+06 	 4.216872e-06 	 1.274632e+07 	
2.22472472e+06 	 4.195402e-06 	 1.273821e+07 	
2.22522523e+06 	 4.173954e-06 	 1.273010e+07 	
2.22572573e+06 	 4.152528e-06 	 1.272201e+07 	
2.22622623e+06 	 4.131123e-06 	 1.271392e+07 	
2.22672673e+06 	 4.109740e-06 	 1.270585e+07 	
2.22722723e+06 	 4.088379e-06 	 1.269778e+07 	
2.22772773e+06 	 4.067040e-06 	 1.268972e+07 	
2.22822823e+06 	 4.045723e-06 	 1.268168e+07 	
2.22872873e+06 	 4.024427e-06 	 1.267364e+07 	
2.22922923e+06 	 4.003154e-06 	 1.266561e+07 	
2.22972973e+06 	 3.981902e-06 	 1.265760e+07 	
2.23023023e+06 	 3.960672e-06 	 1.264959e+07 	
2.23073073e+06 	 3.939464e-06 	 1.264159e+07 	
2.23123123e+06 	 3.918278e-06 	 1.263361e+07 	
2.23173173e+06 	 3.897114e-06 	 1.262563e+07 	
2.23223223e+06 	 3.875972e-06 	 1.261767e+07 	
2.23273273e+06 	 3.854852e-06 	 1.260971e+07 	
2.23323323e+06 	 3.833755e-06 	 1.260176e+07 	
2.23373373e+06 	 3.812679e-06 	 1.259383e+07 	
2.23423423e+06 	 3.791626e-06 	 1.258590e+07 	
2.23473473e+06 	 3.770595e-06 	 1.257799e+07 	
2.23523524e+06 	 3.749587e-06 	 1.257008e+07 	
2.23573574e+06 	 3.728600e-06 	 1.256219e+07 	
2.23623624e+06 	 3.707823e-06 	 1.255428e+07 	
2.23673674e+06 	 3.686885e-06 	 1.254641e+07 	
2.23723724e+06 	 3.665970e-06 	 1.253855e+07 	
2.23773774e+06 	 3.645077e-06 	 1.253070e+07 	
2.23823824e+06 	 3.624207e-06 	 1.252286e+07 	
2.23873874e+06 	 3.603360e-06 	 1.251503e+07 	
2.23923924e+06 	 3.582536e-06 	 1.250721e+07 	
2.23973974e+06 	 3.561736e-06 	 1.249940e+07 	
2.24024024e+06 	 3.540958e-06 	 1.249160e+07 	
2.24074074e+06 	 3.520204e-06 	 1.248382e+07 	
2.24124124e+06 	 3.499473e-06 	 1.247604e+07 	
2.24174174e+06 	 3.478766e-06 	 1.246828e+07 	
2.24224224e+06 	 3.458082e-06 	 1.246053e+07 	
2.24274274e+06 	 3.437423e-06 	 1.245279e+07 	
2.24324324e+06 	 3.416787e-06 	 1.244506e+07 	
2.24374374e+06 	 3.396175e-06 	 1.243734e+07 	
2.24424424e+06 	 3.375588e-06 	 1.242963e+07 	
2.24474474e+06 	 3.355025e-06 	 1.242194e+07 	
2.24524525e+06 	 3.334486e-06 	 1.241425e+07 	
2.24574575e+06 	 3.313972e-06 	 1.240658e+07 	
2.24624625e+06 	 3.293482e-06 	 1.239892e+07 	
2.24674675e+06 	 3.273018e-06 	 1.239127e+07 	
2.24724725e+06 	 3.252579e-06 	 1.238364e+07 	
2.24774775e+06 	 3.232165e-06 	 1.237601e+07 	
2.24824825e+06 	 3.211776e-06 	 1.236840e+07 	
2.24874875e+06 	 3.191413e-06 	 1.236080e+07 	
2.24924925e+06 	 3.171076e-06 	 1.235321e+07 	
2.24974975e+06 	 3.150765e-06 	 1.234563e+07 	
2.25025025e+06 	 3.130480e-06 	 1.233807e+07 	
2.25075075e+06 	 3.110221e-06 	 1.233052e+07 	
2.25125125e+06 	 3.089989e-06 	 1.232298e+07 	
2.25175175e+06 	 3.069784e-06 	 1.231545e+07 	
2.25225225e+06 	 3.049605e-06 	 1.230794e+07 	
2.25275275e+06 	 3.029303e-06 	 1.230046e+07 	
2.25325325e+06 	 3.009177e-06 	 1.229297e+07 	
2.25375375e+06 	 2.989079e-06 	 1.228549e+07 	
2.25425425e+06 	 2.969009e-06 	 1.227803e+07 	
2.25475475e+06 	 2.948967e-06 	 1.227058e+07 	
2.25525526e+06 	 2.928953e-06 	 1.226314e+07 	
2.25575576e+06 	 2.908968e-06 	 1.225571e+07 	
2.25625626e+06 	 2.889012e-06 	 1.224830e+07 	
2.25675676e+06 	 2.869086e-06 	 1.224090e+07 	
2.25725726e+06 	 2.849188e-06 	 1.223352e+07 	
2.25775776e+06 	 2.829321e-06 	 1.222615e+07 	
2.25825826e+06 	 2.809483e-06 	 1.221879e+07 	
2.25875876e+06 	 2.789676e-06 	 1.221144e+07 	
2.25925926e+06 	 2.769899e-06 	 1.220411e+07 	
2.25975976e+06 	 2.750153e-06 	 1.219679e+07 	
2.26026026e+06 	 2.730439e-06 	 1.218949e+07 	
2.26076076e+06 	 2.710756e-06 	 1.218220e+07 	
2.26126126e+06 	 2.691105e-06 	 1.217492e+07 	
2.26176176e+06 	 2.671486e-06 	 1.216766e+07 	
2.26226226e+06 	 2.651899e-06 	 1.216041e+07 	
2.26276276e+06 	 2.632346e-06 	 1.215317e+07 	
2.26326326e+06 	 2.612825e-06 	 1.214595e+07 	
2.26376376e+06 	 2.593339e-06 	 1.213875e+07 	
2.26426426e+06 	 2.573886e-06 	 1.213155e+07 	
2.26476476e+06 	 2.554468e-06 	 1.212438e+07 	
2.26526527e+06 	 2.535084e-06 	 1.211721e+07 	
2.26576577e+06 	 2.515735e-06 	 1.211007e+07 	
2.26626627e+06 	 2.496422e-06 	 1.210293e+07 	
2.26676677e+06 	 2.477145e-06 	 1.209581e+07 	
2.26726727e+06 	 2.457904e-06 	 1.208871e+07 	
2.26776777e+06 	 2.438700e-06 	 1.208162e+07 	
2.26826827e+06 	 2.419533e-06 	 1.207454e+07 	
2.26876877e+06 	 2.400403e-06 	 1.206749e+07 	
2.26926927e+06 	 2.381311e-06 	 1.206044e+07 	
2.26976977e+06 	 2.362378e-06 	 1.205339e+07 	
2.27027027e+06 	 2.343366e-06 	 1.204637e+07 	
2.27077077e+06 	 2.324392e-06 	 1.203938e+07 	
2.27127127e+06 	 2.305458e-06 	 1.203239e+07 	
2.27177177e+06 	 2.286565e-06 	 1.202543e+07 	
2.27227227e+06 	 2.267712e-06 	 1.201848e+07 	
2.27277277e+06 	 2.248901e-06 	 1.201154e+07 	
2.27327327e+06 	 2.230131e-06 	 1.200462e+07 	
2.27377377e+06 	 2.211403e-06 	 1.199772e+07 	
2.27427427e+06 	 2.192718e-06 	 1.199083e+07 	
2.27477477e+06 	 2.174077e-06 	 1.198396e+07 	
2.27527528e+06 	 2.155479e-06 	 1.197711e+07 	
2.27577578e+06 	 2.136925e-06 	 1.197027e+07 	
2.27627628e+06 	 2.118416e-06 	 1.196345e+07 	
2.27677678e+06 	 2.099952e-06 	 1.195664e+07 	
2.27727728e+06 	 2.081534e-06 	 1.194985e+07 	
2.27777778e+06 	 2.063163e-06 	 1.194308e+07 	
2.27827828e+06 	 2.044839e-06 	 1.193633e+07 	
2.27877878e+06 	 2.026562e-06 	 1.192959e+07 	
2.27927928e+06 	 2.008333e-06 	 1.192287e+07 	
2.27977978e+06 	 1.990153e-06 	 1.191617e+07 	
2.28028028e+06 	 1.972022e-06 	 1.190948e+07 	
2.28078078e+06 	 1.953941e-06 	 1.190282e+07 	
2.28128128e+06 	 1.935911e-06 	 1.189617e+07 	
2.28178178e+06 	 1.917932e-06 	 1.188953e+07 	
2.28228228e+06 	 1.900004e-06 	 1.188292e+07 	
2.28278278e+06 	 1.882129e-06 	 1.187632e+07 	
2.28328328e+06 	 1.864306e-06 	 1.186974e+07 	
2.28378378e+06 	 1.846537e-06 	 1.186318e+07 	
2.28428428e+06 	 1.828823e-06 	 1.185664e+07 	
2.28478478e+06 	 1.811163e-06 	 1.185011e+07 	
2.28528529e+06 	 1.793558e-06 	 1.184361e+07 	
2.28578579e+06 	 1.776010e-06 	 1.183712e+07 	
2.28628629e+06 	 1.758608e-06 	 1.183063e+07 	
2.28678679e+06 	 1.741175e-06 	 1.182418e+07 	
2.28728729e+06 	 1.723801e-06 	 1.181774e+07 	
2.28778779e+06 	 1.706485e-06 	 1.181133e+07 	
2.28828829e+06 	 1.689228e-06 	 1.180494e+07 	
2.28878879e+06 	 1.672032e-06 	 1.179856e+07 	
2.28928929e+06 	 1.654897e-06 	 1.179221e+07 	
2.28978979e+06 	 1.637823e-06 	 1.178587e+07 	
2.29029029e+06 	 1.620811e-06 	 1.177956e+07 	
2.29079079e+06 	 1.603863e-06 	 1.177326e+07 	
2.29129129e+06 	 1.586978e-06 	 1.176698e+07 	
2.29179179e+06 	 1.570158e-06 	 1.176072e+07 	
2.29229229e+06 	 1.553402e-06 	 1.175449e+07 	
2.29279279e+06 	 1.536713e-06 	 1.174827e+07 	
2.29329329e+06 	 1.520090e-06 	 1.174207e+07 	
2.29379379e+06 	 1.503535e-06 	 1.173589e+07 	
2.29429429e+06 	 1.487047e-06 	 1.172974e+07 	
2.29479479e+06 	 1.470628e-06 	 1.172360e+07 	
2.29529530e+06 	 1.454279e-06 	 1.171749e+07 	
2.29579580e+06 	 1.438000e-06 	 1.171139e+07 	
2.29629630e+06 	 1.421792e-06 	 1.170532e+07 	
2.29679680e+06 	 1.405656e-06 	 1.169926e+07 	
2.29729730e+06 	 1.389592e-06 	 1.169323e+07 	
2.29779780e+06 	 1.373602e-06 	 1.168722e+07 	
2.29829830e+06 	 1.357685e-06 	 1.168123e+07 	
2.29879880e+06 	 1.341843e-06 	 1.167526e+07 	
2.29929930e+06 	 1.326077e-06 	 1.166932e+07 	
2.29979980e+06 	 1.310387e-06 	 1.166339e+07 	
2.30030030e+06 	 1.294774e-06 	 1.165749e+07 	
2.30080080e+06 	 1.279238e-06 	 1.165160e+07 	
2.30130130e+06 	 1.263782e-06 	 1.164574e+07 	
2.30180180e+06 	 1.248404e-06 	 1.163991e+07 	
2.30230230e+06 	 1.233168e-06 	 1.163407e+07 	
2.30280280e+06 	 1.217952e-06 	 1.162827e+07 	
2.30330330e+06 	 1.202817e-06 	 1.162250e+07 	
2.30380380e+06 	 1.187764e-06 	 1.161675e+07 	
2.30430430e+06 	 1.172795e-06 	 1.161102e+07 	
2.30480480e+06 	 1.157909e-06 	 1.160532e+07 	
2.30530531e+06 	 1.143108e-06 	 1.159964e+07 	
2.30580581e+06 	 1.128392e-06 	 1.159398e+07 	
2.30630631e+06 	 1.113761e-06 	 1.158834e+07 	
2.30680681e+06 	 1.099218e-06 	 1.158273e+07 	
2.30730731e+06 	 1.084762e-06 	 1.157714e+07 	
2.30780781e+06 	 1.070393e-06 	 1.157157e+07 	
2.30830831e+06 	 1.056114e-06 	 1.156603e+07 	
2.30880881e+06 	 1.041925e-06 	 1.156051e+07 	
2.30930931e+06 	 1.027825e-06 	 1.155501e+07 	
2.30980981e+06 	 1.013817e-06 	 1.154954e+07 	
2.31031031e+06 	 9.998997e-07 	 1.154409e+07 	
2.31081081e+06 	 9.860752e-07 	 1.153866e+07 	
2.31131131e+06 	 9.723437e-07 	 1.153326e+07 	
2.31181181e+06 	 9.587059e-07 	 1.152789e+07 	
2.31231231e+06 	 9.451624e-07 	 1.152253e+07 	
2.31281281e+06 	 9.317139e-07 	 1.151720e+07 	
2.31331331e+06 	 9.183610e-07 	 1.151190e+07 	
2.31381381e+06 	 9.051045e-07 	 1.150662e+07 	
2.31431431e+06 	 8.919449e-07 	 1.150136e+07 	
2.31481481e+06 	 8.788828e-07 	 1.149613e+07 	
2.31531532e+06 	 8.659188e-07 	 1.149092e+07 	
2.31581582e+06 	 8.530537e-07 	 1.148574e+07 	
2.31631632e+06 	 8.402878e-07 	 1.148058e+07 	
2.31681682e+06 	 8.276219e-07 	 1.147545e+07 	
2.31731732e+06 	 8.150565e-07 	 1.147034e+07 	
2.31781782e+06 	 8.025921e-07 	 1.146526e+07 	
2.31831832e+06 	 7.902293e-07 	 1.146020e+07 	
2.31881882e+06 	 7.779289e-07 	 1.145520e+07 	
2.31931932e+06 	 7.657706e-07 	 1.145019e+07 	
2.31981982e+06 	 7.537155e-07 	 1.144521e+07 	
2.32032032e+06 	 7.417640e-07 	 1.144025e+07 	
2.32082082e+06 	 7.299165e-07 	 1.143532e+07 	
2.32132132e+06 	 7.181737e-07 	 1.143042e+07 	
2.32182182e+06 	 7.065359e-07 	 1.142554e+07 	
2.32232232e+06 	 6.950035e-07 	 1.142069e+07 	
2.32282282e+06 	 6.835769e-07 	 1.141586e+07 	
2.32332332e+06 	 6.722567e-07 	 1.141106e+07 	
2.32382382e+06 	 6.610430e-07 	 1.140628e+07 	
2.32432432e+06 	 6.499364e-07 	 1.140153e+07 	
2.32482482e+06 	 6.389372e-07 	 1.139680e+07 	
2.32532533e+06 	 6.280456e-07 	 1.139211e+07 	
2.32582583e+06 	 6.172620e-07 	 1.138743e+07 	
2.32632633e+06 	 6.065868e-07 	 1.138279e+07 	
2.32682683e+06 	 5.960201e-07 	 1.137817e+07 	
2.32732733e+06 	 5.855622e-07 	 1.137357e+07 	
2.32782783e+06 	 5.752135e-07 	 1.136901e+07 	
2.32832833e+06 	 5.649740e-07 	 1.136446e+07 	
2.32882883e+06 	 5.548441e-07 	 1.135995e+07 	
2.32932933e+06 	 5.448238e-07 	 1.135546e+07 	
2.32982983e+06 	 5.349134e-07 	 1.135100e+07 	
2.33033033e+06 	 5.251130e-07 	 1.134656e+07 	
2.33083083e+06 	 5.154227e-07 	 1.134215e+07 	
2.33133133e+06 	 5.058427e-07 	 1.133777e+07 	
2.33183183e+06 	 4.963729e-07 	 1.133341e+07 	
2.33233233e+06 	 4.870135e-07 	 1.132908e+07 	
2.33283283e+06 	 4.777645e-07 	 1.132478e+07 	
2.33333333e+06 	 4.686260e-07 	 1.132050e+07 	
2.33383383e+06 	 4.595978e-07 	 1.131625e+07 	
2.33433433e+06 	 4.507031e-07 	 1.131200e+07 	
2.33483483e+06 	 4.418958e-07 	 1.130780e+07 	
2.33533534e+06 	 4.331987e-07 	 1.130363e+07 	
2.33583584e+06 	 4.246119e-07 	 1.129948e+07 	
2.33633634e+06 	 4.161351e-07 	 1.129537e+07 	
2.33683684e+06 	 4.077683e-07 	 1.129127e+07 	
2.33733734e+06 	 3.995112e-07 	 1.128721e+07 	
2.33783784e+06 	 3.913638e-07 	 1.128317e+07 	
2.33833834e+06 	 3.833258e-07 	 1.127916e+07 	
2.33883884e+06 	 3.753970e-07 	 1.127517e+07 	
2.33933934e+06 	 3.675771e-07 	 1.127121e+07 	
2.33983984e+06 	 3.598659e-07 	 1.126728e+07 	
2.34034034e+06 	 3.522631e-07 	 1.126337e+07 	
2.34084084e+06 	 3.447684e-07 	 1.125949e+07 	
2.34134134e+06 	 3.373814e-07 	 1.125564e+07 	
2.34184184e+06 	 3.301018e-07 	 1.125181e+07 	
2.34234234e+06 	 3.229292e-07 	 1.124801e+07 	
2.34284284e+06 	 3.158632e-07 	 1.124424e+07 	
2.34334334e+06 	 3.089035e-07 	 1.124049e+07 	
2.34384384e+06 	 3.020495e-07 	 1.123677e+07 	
2.34434434e+06 	 2.953007e-07 	 1.123307e+07 	
2.34484484e+06 	 2.886568e-07 	 1.122940e+07 	
2.34534535e+06 	 2.821172e-07 	 1.122576e+07 	
2.34584585e+06 	 2.756814e-07 	 1.122214e+07 	
2.34634635e+06 	 2.693488e-07 	 1.121855e+07 	
2.34684685e+06 	 2.631189e-07 	 1.121498e+07 	
2.34734735e+06 	 2.569911e-07 	 1.121144e+07 	
2.34784785e+06 	 2.509647e-07 	 1.120793e+07 	
2.34834835e+06 	 2.450392e-07 	 1.120444e+07 	
2.34884885e+06 	 2.392017e-07 	 1.120101e+07 	
2.34934935e+06 	 2.334760e-07 	 1.119757e+07 	
2.34984985e+06 	 2.278491e-07 	 1.119416e+07 	
2.35035035e+06 	 2.223204e-07 	 1.119078e+07 	
2.35085085e+06 	 2.168891e-07 	 1.118742e+07 	
2.35135135e+06 	 2.115546e-07 	 1.118408e+07 	
2.35185185e+06 	 2.063160e-07 	 1.118078e+07 	
2.35235235e+06 	 2.011727e-07 	 1.117749e+07 	
2.35285285e+06 	 1.961237e-07 	 1.117423e+07 	
2.35335335e+06 	 1.911684e-07 	 1.117100e+07 	
2.35385385e+06 	 1.863059e-07 	 1.116779e+07 	
2.35435435e+06 	 1.815353e-07 	 1.116461e+07 	
2.35485485e+06 	 1.768559e-07 	 1.116145e+07 	
2.35535536e+06 	 1.722667e-07 	 1.115831e+07 	
2.35585586e+06 	 1.677670e-07 	 1.115520e+07 	
2.35635636e+06 	 1.633557e-07 	 1.115212e+07 	
2.35685686e+06 	 1.590321e-07 	 1.114905e+07 	
2.35735736e+06 	 1.547952e-07 	 1.114602e+07 	
2.35785786e+06 	 1.506440e-07 	 1.114300e+07 	
2.35835836e+06 	 1.465777e-07 	 1.114001e+07 	
2.35885886e+06 	 1.425953e-07 	 1.113705e+07 	
2.35935936e+06 	 1.386959e-07 	 1.113410e+07 	
2.35985986e+06 	 1.348785e-07 	 1.113119e+07 	
2.36036036e+06 	 1.311420e-07 	 1.112829e+07 	
2.36086086e+06 	 1.274856e-07 	 1.112542e+07 	
2.36136136e+06 	 1.239021e-07 	 1.112260e+07 	
2.36186186e+06 	 1.204028e-07 	 1.111978e+07 	
2.36236236e+06 	 1.169805e-07 	 1.111698e+07 	
2.36286286e+06 	 1.136343e-07 	 1.111420e+07 	
2.36336336e+06 	 1.103632e-07 	 1.111144e+07 	
2.36386386e+06 	 1.071660e-07 	 1.110871e+07 	
2.36436436e+06 	 1.040418e-07 	 1.110600e+07 	
2.36486486e+06 	 1.009896e-07 	 1.110331e+07 	
2.36536537e+06 	 9.800830e-08 	 1.110064e+07 	
2.36586587e+06 	 9.509687e-08 	 1.109800e+07 	
2.36636637e+06 	 9.225429e-08 	 1.109537e+07 	
2.36686687e+06 	 8.947952e-08 	 1.109277e+07 	
2.36736737e+06 	 8.677150e-08 	 1.109019e+07 	
2.36786787e+06 	 8.412920e-08 	 1.108763e+07 	
2.36836837e+06 	 8.155158e-08 	 1.108509e+07 	
2.36886887e+06 	 7.903759e-08 	 1.108257e+07 	
2.36936937e+06 	 7.658618e-08 	 1.108008e+07 	
2.36986987e+06 	 7.419631e-08 	 1.107760e+07 	
2.37037037e+06 	 7.186695e-08 	 1.107515e+07 	
2.37087087e+06 	 6.959705e-08 	 1.107271e+07 	
2.37137137e+06 	 6.738558e-08 	 1.107030e+07 	
2.37187187e+06 	 6.523151e-08 	 1.106790e+07 	
2.37237237e+06 	 6.313052e-08 	 1.106557e+07 	
2.37287287e+06 	 6.108813e-08 	 1.106322e+07 	
2.37337337e+06 	 5.910005e-08 	 1.106088e+07 	
2.37387387e+06 	 5.716527e-08 	 1.105857e+07 	
2.37437437e+06 	 5.528277e-08 	 1.105627e+07 	
2.37487487e+06 	 5.345156e-08 	 1.105399e+07 	
2.37537538e+06 	 5.167061e-08 	 1.105174e+07 	
2.37587588e+06 	 4.993895e-08 	 1.104950e+07 	
2.37637638e+06 	 4.825559e-08 	 1.104728e+07 	
2.37687688e+06 	 4.661953e-08 	 1.104507e+07 	
2.37737738e+06 	 4.502982e-08 	 1.104289e+07 	
2.37787788e+06 	 4.348549e-08 	 1.104072e+07 	
2.37837838e+06 	 4.198557e-08 	 1.103857e+07 	
2.37887888e+06 	 4.052912e-08 	 1.103644e+07 	
2.37937938e+06 	 3.911520e-08 	 1.103433e+07 	
2.37987988e+06 	 3.774288e-08 	 1.103223e+07 	
2.38038038e+06 	 3.640940e-08 	 1.103020e+07 	
2.38088088e+06 	 3.511750e-08 	 1.102814e+07 	
2.38138138e+06 	 3.386447e-08 	 1.102610e+07 	
2.38188188e+06 	 3.264941e-08 	 1.102407e+07 	
2.38238238e+06 	 3.147143e-08 	 1.102206e+07 	
2.38288288e+06 	 3.032968e-08 	 1.102007e+07 	
2.38338338e+06 	 2.922328e-08 	 1.101809e+07 	
2.38388388e+06 	 2.815140e-08 	 1.101613e+07 	
2.38438438e+06 	 2.711319e-08 	 1.101418e+07 	
2.38488488e+06 	 2.610782e-08 	 1.101225e+07 	
2.38538539e+06 	 2.513449e-08 	 1.101034e+07 	
2.38588589e+06 	 2.419238e-08 	 1.100844e+07 	
2.38638639e+06 	 2.328072e-08 	 1.100655e+07 	
2.38688689e+06 	 2.239986e-08 	 1.100461e+07 	
2.38738739e+06 	 2.154677e-08 	 1.100275e+07 	
2.38788789e+06 	 2.072182e-08 	 1.100091e+07 	
2.38838839e+06 	 1.992426e-08 	 1.099908e+07 	
2.38888889e+06 	 1.915337e-08 	 1.099726e+07 	
2.38938939e+06 	 1.840843e-08 	 1.099545e+07 	
2.38988989e+06 	 1.768872e-08 	 1.099366e+07 	
2.39039039e+06 	 1.699357e-08 	 1.099189e+07 	
2.39089089e+06 	 1.632229e-08 	 1.099012e+07 	
2.39139139e+06 	 1.567420e-08 	 1.098837e+07 	
2.39189189e+06 	 1.504945e-08 	 1.098654e+07 	
2.39239239e+06 	 1.444585e-08 	 1.098481e+07 	
2.39289289e+06 	 1.386352e-08 	 1.098308e+07 	
2.39339339e+06 	 1.330185e-08 	 1.098137e+07 	
2.39389389e+06 	 1.276023e-08 	 1.097966e+07 	
2.39439439e+06 	 1.223807e-08 	 1.097797e+07 	
2.39489489e+06 	 1.173479e-08 	 1.097628e+07 	
2.39539540e+06 	 1.124982e-08 	 1.097461e+07 	
2.39589590e+06 	 1.078202e-08 	 1.097306e+07 	
2.39639640e+06 	 1.033198e-08 	 1.097141e+07 	
2.39689690e+06 	 9.898626e-09 	 1.096978e+07 	
2.39739740e+06 	 9.481428e-09 	 1.096815e+07 	
2.39789790e+06 	 9.079883e-09 	 1.096653e+07 	
2.39839840e+06 	 8.693495e-09 	 1.096492e+07 	
2.39889890e+06 	 8.321318e-09 	 1.096345e+07 	
2.39939940e+06 	 7.963762e-09 	 1.096188e+07 	
2.39989990e+06 	 7.619943e-09 	 1.096031e+07 	
2.40040040e+06 	 7.289410e-09 	 1.095875e+07 	
2.40090090e+06 	 6.971724e-09 	 1.095720e+07 	
2.40140140e+06 	 6.666086e-09 	 1.095582e+07 	
2.40190190e+06 	 6.372782e-09 	 1.095432e+07 	
2.40240240e+06 	 6.091070e-09 	 1.095283e+07 	
2.40290290e+06 	 5.820552e-09 	 1.095136e+07 	
2.40340340e+06 	 5.561143e-09 	 1.094974e+07 	
2.40390390e+06 	 5.311911e-09 	 1.094828e+07 	
2.40440440e+06 	 5.072753e-09 	 1.094682e+07 	
2.40490490e+06 	 4.843315e-09 	 1.094539e+07 	
2.40540541e+06 	 4.623520e-09 	 1.094376e+07 	
2.40590591e+06 	 4.412542e-09 	 1.094232e+07 	
2.40640641e+06 	 4.210284e-09 	 1.094089e+07 	
2.40690691e+06 	 4.016663e-09 	 1.093924e+07 	
2.40740741e+06 	 3.830958e-09 	 1.093777e+07 	
2.40790791e+06 	 3.653066e-09 	 1.093629e+07 	
2.40840841e+06 	 3.482485e-09 	 1.093507e+07 	
2.40890891e+06 	 3.319315e-09 	 1.093366e+07 	
2.40940941e+06 	 3.163287e-09 	 1.093201e+07 	
2.40990991e+06 	 3.013838e-09 	 1.093052e+07 	
2.41041041e+06 	 2.870703e-09 	 1.092926e+07 	
2.41091091e+06 	 2.733896e-09 	 1.092781e+07 	
2.41141141e+06 	 2.602929e-09 	 1.092660e+07 	
2.41191191e+06 	 2.477798e-09 	 1.092522e+07 	
2.41241241e+06 	 2.358319e-09 	 1.092352e+07 	
2.41291291e+06 	 2.244064e-09 	 1.092194e+07 	
2.41341341e+06 	 2.134699e-09 	 1.092089e+07 	
2.41391391e+06 	 2.030390e-09 	 1.091939e+07 	
2.41441441e+06 	 1.930700e-09 	 1.091810e+07 	
2.41491491e+06 	 1.835597e-09 	 1.091653e+07 	
2.41541542e+06 	 1.744657e-09 	 1.091551e+07 	
2.41591592e+06 	 1.657990e-09 	 1.091405e+07 	
2.41641642e+06 	 1.575224e-09 	 1.091287e+07 	
2.41691692e+06 	 1.496332e-09 	 1.091143e+07 	
2.41741742e+06 	 1.421048e-09 	 1.091018e+07 	
2.41791792e+06 	 1.349310e-09 	 1.090872e+07 	
2.41841842e+06 	 1.280869e-09 	 1.090754e+07 	
2.41891892e+06 	 1.215693e-09 	 1.090608e+07 	
2.41941942e+06 	 1.153520e-09 	 1.090506e+07 	
2.41991992e+06 	 1.094333e-09 	 1.090379e+07 	
2.42042042e+06 	 1.037994e-09 	 1.090231e+07 	
2.42092092e+06 	 9.843401e-10 	 1.090089e+07 	
2.42142142e+06 	 9.332171e-10 	 1.089983e+07 	
2.42192192e+06 	 8.845837e-10 	 1.089861e+07 	
2.42242242e+06 	 8.383161e-10 	 1.089731e+07 	
2.42292292e+06 	 7.942833e-10 	 1.089619e+07 	
2.42342342e+06 	 7.524472e-10 	 1.089464e+07 	
2.42392392e+06 	 7.126330e-10 	 1.089346e+07 	
2.42442442e+06 	 6.748118e-10 	 1.089192e+07 	
2.42492492e+06 	 6.388760e-10 	 1.089020e+07 	
2.42542543e+06 	 6.046671e-10 	 1.088939e+07 	
2.42592593e+06 	 5.722163e-10 	 1.088785e+07 	
2.42642643e+06 	 5.413490e-10 	 1.088704e+07 	
2.42692693e+06 	 5.120478e-10 	 1.088608e+07 	
2.42742743e+06 	 4.842774e-10 	 1.088434e+07 	
2.42792793e+06 	 4.578921e-10 	 1.088306e+07 	
2.42842843e+06 	 4.328538e-10 	 1.088179e+07 	
2.42892893e+06 	 4.091022e-10 	 1.088047e+07 	
2.42942943e+06 	 3.865687e-10 	 1.087925e+07 	
2.42992993e+06 	 3.652114e-10 	 1.087776e+07 	
2.43043043e+06 	 3.449454e-10 	 1.087675e+07 	
2.43093093e+06 	 3.257451e-10 	 1.087548e+07 	
2.43143143e+06 	 3.075495e-10 	 1.087422e+07 	
2.43193193e+06 	 2.903169e-10 	 1.087274e+07 	
2.43243243e+06 	 2.739807e-10 	 1.087171e+07 	
2.43293293e+06 	 2.585200e-10 	 1.087033e+07 	
2.43343343e+06 	 2.438741e-10 	 1.086921e+07 	
2.43393393e+06 	 2.300145e-10 	 1.086796e+07 	
2.43443443e+06 	 2.168978e-10 	 1.086671e+07 	
2.43493493e+06 	 2.044898e-10 	 1.086533e+07 	
2.43543544e+06 	 1.927468e-10 	 1.086422e+07 	
2.43593594e+06 	 1.816458e-10 	 1.086285e+07 	
2.43643644e+06 	 1.711447e-10 	 1.086173e+07 	
2.43693694e+06 	 1.612221e-10 	 1.086034e+07 	
2.43743744e+06 	 1.518393e-10 	 1.085924e+07 	
2.43793794e+06 	 1.429772e-10 	 1.085789e+07 	
2.43843844e+06 	 1.346018e-10 	 1.085676e+07 	
2.43893894e+06 	 1.266931e-10 	 1.085549e+07 	
2.43943944e+06 	 1.192240e-10 	 1.085429e+07 	
2.43993994e+06 	 1.121732e-10 	 1.085302e+07 	
2.44044044e+06 	 1.055173e-10 	 1.085182e+07 	
2.44094094e+06 	 9.923709e-11 	 1.085052e+07 	
2.44144144e+06 	 9.331077e-11 	 1.084935e+07 	
2.44194194e+06 	 8.772132e-11 	 1.084809e+07 	
2.44244244e+06 	 8.244961e-11 	 1.084688e+07 	
2.44294294e+06 	 7.747958e-11 	 1.084561e+07 	
2.44344344e+06 	 7.279391e-11 	 1.084442e+07 	
2.44394394e+06 	 6.837812e-11 	 1.084319e+07 	
2.44444444e+06 	 6.421729e-11 	 1.084196e+07 	
2.44494494e+06 	 6.029720e-11 	 1.084078e+07 	
2.44544545e+06 	 5.660050e-11 	 1.084034e+07 	
2.44594595e+06 	 5.312894e-11 	 1.083833e+07 	
2.44644645e+06 	 4.985162e-11 	 1.083791e+07 	
2.44694695e+06 	 4.677543e-11 	 1.083588e+07 	
2.44744745e+06 	 4.387239e-11 	 1.083548e+07 	
2.44794795e+06 	 4.114885e-11 	 1.083343e+07 	
2.44844845e+06 	 3.857956e-11 	 1.083305e+07 	
2.44894895e+06 	 3.617040e-11 	 1.083095e+07 	
2.44944945e+06 	 3.389859e-11 	 1.083056e+07 	
2.44994995e+06 	 3.176893e-11 	 1.082851e+07 	
2.45045045e+06 	 2.976170e-11 	 1.082814e+07 	
2.45095095e+06 	 2.788096e-11 	 1.082607e+07 	
2.45145145e+06 	 2.610900e-11 	 1.082571e+07 	
2.45195195e+06 	 2.444947e-11 	 1.082363e+07 	
2.45245245e+06 	 2.288653e-11 	 1.082329e+07 	
2.45295295e+06 	 2.142346e-11 	 1.082117e+07 	
2.45345345e+06 	 2.004609e-11 	 1.082083e+07 	
2.45395395e+06 	 1.875717e-11 	 1.081874e+07 	
2.45445445e+06 	 1.754430e-11 	 1.081841e+07 	
2.45495495e+06 	 1.640983e-11 	 1.081630e+07 	
2.45545546e+06 	 1.534272e-11 	 1.081599e+07 	
2.45595596e+06 	 1.434503e-11 	 1.081387e+07 	
2.45645646e+06 	 1.340696e-11 	 1.081355e+07 	
2.45695696e+06 	 1.253024e-11 	 1.081143e+07 	
2.45745746e+06 	 1.170629e-11 	 1.081112e+07 	
2.45795796e+06 	 1.093651e-11 	 1.080900e+07 	
2.45845846e+06 	 1.021337e-11 	 1.080870e+07 	
2.45895896e+06 	 9.538086e-12 	 1.080658e+07 	
2.45945946e+06 	 8.903958e-12 	 1.080627e+07 	
2.45995996e+06 	 8.312026e-12 	 1.080415e+07 	
2.46046046e+06 	 7.756395e-12 	 1.080387e+07 	
2.46096096e+06 	 7.237964e-12 	 1.080173e+07 	
2.46146146e+06 	 6.751536e-12 	 1.080143e+07 	
2.46196196e+06 	 6.297827e-12 	 1.079931e+07 	
2.46246246e+06 	 5.872326e-12 	 1.079900e+07 	
2.46296296e+06 	 5.475597e-12 	 1.079689e+07 	
2.46346346e+06 	 5.103682e-12 	 1.079660e+07 	
2.46396396e+06 	 4.757066e-12 	 1.079447e+07 	
2.46446446e+06 	 4.432246e-12 	 1.079420e+07 	
2.46496496e+06 	 4.129652e-12 	 1.079206e+07 	
2.46546547e+06 	 3.846214e-12 	 1.079176e+07 	
2.46596597e+06 	 3.582250e-12 	 1.078964e+07 	
2.46646647e+06 	 3.335112e-12 	 1.078935e+07 	
2.46696697e+06 	 3.105052e-12 	 1.078723e+07 	
2.46746747e+06 	 2.889729e-12 	 1.078696e+07 	
2.46796797e+06 	 2.689373e-12 	 1.078482e+07 	
2.46846847e+06 	 2.501931e-12 	 1.078454e+07 	
2.79025148e+06 	 1.000000e-20 	 1.008439e+07 	
3.15398128e+06 	 1.000000e-20 	 9.437808e+06 	
3.56512593e+06 	 1.000000e-20 	 8.838500e+06 	
4.02986631e+06 	 1.000000e-20 	 8.281903e+06 	
4.55518901e+06 	 1.000000e-20 	 7.764104e+06 	
5.14899139e+06 	 1.000000e-20 	 7.281705e+06 	
5.82020028e+06 	 1.000000e-20 	 6.831733e+06 	
6.57890618e+06 	 1.000000e-20 	 6.411565e+06 	
7.43651497e+06 	 1.000000e-20 	 6.018867e+06 	
8.40591937e+06 	 1.000000e-20 	 5.651554e+06 	
9.50169277e+06 	 1.000000e-20 	 5.307750e+06 	
1.07403083e+07 	 1.000000e-20 	 4.985757e+06 	
1.21403864e+07 	 1.000000e-20 	 4.684036e+06 	
1.37229751e+07 	 1.000000e-20 	 4.401181e+06 	
1.55118658e+07 	 1.000000e-20 	 4.135908e+06 	
1.75339515e+07 	 1.000000e-20 	 3.887037e+06 	
1.98196310e+07 	 1.000000e-20 	 3.653483e+06 	
2.24032657e+07 	 1.000000e-20 	 3.434245e+06 	
2.53236961e+07 	 1.000000e-20 	 3.228396e+06 	
2.86248260e+07 	 1.000000e-20 	 3.035080e+06 	
3.23562826e+07 	 1.000000e-20 	 2.853500e+06 	
3.65741619e+07 	 1.000000e-20 	 2.682917e+06 	
4.13418728e+07 	 1.000000e-20 	 2.522641e+06 	
4.67310899e+07 	 1.000000e-20 	 2.372031e+06 	
5.28228311e+07 	 1.000000e-20 	 2.230490e+06 	
5.97086755e+07 	 1.000000e-20 	 2.097457e+06 	
6.74921404e+07 	 1.000000e-20 	 1.972411e+06 	
7.62902371e+07 	 1.000000e-20 	 1.854863e+06 	
8.62352304e+07 	 1.000000e-20 	 1.744357e+06 	
9.74766268e+07 	 1.000000e-20 	 1.640465e+06 	
1.10183422e+08 	 1.000000e-20 	 1.542785e+06 	
1.24546641e+08 	 1.000000e-20 	 1.450942e+06 	
1.40782211e+08 	 1.000000e-20 	 1.364584e+06 	
1.59134208e+08 	 1.000000e-20 	 1.283380e+06 	
1.79878522e+08 	 1.000000e-20 	 1.207021e+06 	
2.03327010e+08 	 1.000000e-20 	 1.135214e+06 	
2.29832180e+08 	 1.000000e-20 	 1.067688e+06 	
2.59792495e+08 	 1.000000e-20 	 1.004185e+06 	
2.93658357e+08 	 1.000000e-20 	 9.444647e+05 	
3.31938883e+08 	 1.000000e-20 	 8.883009e+05 	
3.75209557e+08 	 1.000000e-20 	 8.354809e+05 	
4.24120881e+08 	 1.000000e-20 	 7.858049e+05 	
4.79408156e+08 	 1.000000e-20 	 7.390853e+05 	
5.41902534e+08 	 1.000000e-20 	 6.951457e+05 	
6.12543514e+08 	 1.000000e-20 	 6.538202e+05 	
6.92393065e+08 	 1.000000e-20 	 6.149530e+05 	
7.82651592e+08 	 1.000000e-20 	 5.783977e+05 	
8.84675981e+08 	 1.000000e-20 	 5.440164e+05 	
1.00000000e+09 	 1.000000e-20 	 5.116797e+05 	
