r (cm)        	 rho (g/cm3) 	 T (K)       		 Linf = 2.017026e+38
1.19999639e+06 	 5.658015e+04 	 1.263896e+09 	
1.20012428e+06 	 5.232409e+04 	 1.239158e+09 	
1.20033763e+06 	 4.581862e+04 	 1.198288e+09 	
1.20055099e+06 	 4.000351e+04 	 1.157935e+09 	
1.20076434e+06 	 3.482000e+04 	 1.118115e+09 	
1.20097770e+06 	 3.021286e+04 	 1.078844e+09 	
1.20118814e+06 	 2.618260e+04 	 1.040663e+09 	
1.20139859e+06 	 2.261619e+04 	 1.003050e+09 	
1.20160904e+06 	 1.947015e+04 	 9.660228e+08 	
1.20178290e+06 	 1.715933e+04 	 9.358875e+08 	
1.20195676e+06 	 1.508634e+04 	 9.061745e+08 	
1.20213062e+06 	 1.323110e+04 	 8.768941e+08 	
1.20230447e+06 	 1.157478e+04 	 8.480571e+08 	
1.20247833e+06 	 1.009975e+04 	 8.196744e+08 	
1.20265149e+06 	 8.794542e+03 	 7.918692e+08 	
1.20282464e+06 	 7.637676e+03 	 7.645366e+08 	
1.20299779e+06 	 6.615051e+03 	 7.376877e+08 	
1.20314036e+06 	 5.864538e+03 	 7.159518e+08 	
1.20328294e+06 	 5.189348e+03 	 6.945576e+08 	
1.20342551e+06 	 4.583109e+03 	 6.735115e+08 	
1.20356808e+06 	 4.039865e+03 	 6.528197e+08 	
1.20371065e+06 	 3.554060e+03 	 6.324884e+08 	
1.20385322e+06 	 3.120518e+03 	 6.125237e+08 	
1.20399683e+06 	 2.731790e+03 	 5.927909e+08 	
1.20414044e+06 	 2.386652e+03 	 5.734423e+08 	
1.20428404e+06 	 2.080888e+03 	 5.544838e+08 	
1.20440303e+06 	 1.854580e+03 	 5.390749e+08 	
1.20452202e+06 	 1.650578e+03 	 5.239411e+08 	
1.20464101e+06 	 1.466971e+03 	 5.090854e+08 	
1.20476000e+06 	 1.301980e+03 	 4.945108e+08 	
1.20487899e+06 	 1.153953e+03 	 4.802202e+08 	
1.20499798e+06 	 1.021355e+03 	 4.662163e+08 	
1.20511697e+06 	 9.027697e+02 	 4.525016e+08 	
1.20524030e+06 	 7.932523e+02 	 4.385952e+08 	
1.20536362e+06 	 6.960350e+02 	 4.250044e+08 	
1.20546610e+06 	 6.237185e+02 	 4.139525e+08 	
1.20556858e+06 	 5.583896e+02 	 4.031213e+08 	
1.20567106e+06 	 4.994429e+02 	 3.925117e+08 	
1.20577354e+06 	 4.463172e+02 	 3.821247e+08 	
1.20587602e+06 	 3.984936e+02 	 3.719609e+08 	
1.20597850e+06 	 3.554925e+02 	 3.620209e+08 	
1.20608098e+06 	 3.168718e+02 	 3.523053e+08 	
1.20618346e+06 	 2.822244e+02 	 3.428141e+08 	
1.20628594e+06 	 2.511760e+02 	 3.335475e+08 	
1.20639438e+06 	 2.218592e+02 	 3.239863e+08 	
1.20648432e+06 	 2.000423e+02 	 3.162467e+08 	
1.20657427e+06 	 1.802821e+02 	 3.086796e+08 	
1.20666421e+06 	 1.623987e+02 	 3.012846e+08 	
1.20675415e+06 	 1.462262e+02 	 2.940610e+08 	
1.20684410e+06 	 1.316118e+02 	 2.870085e+08 	
1.20693404e+06 	 1.184150e+02 	 2.801260e+08 	
1.20702398e+06 	 1.065064e+02 	 2.734129e+08 	
1.20711393e+06 	 9.576760e+01 	 2.668681e+08 	
1.20720387e+06 	 8.608982e+01 	 2.604904e+08 	
1.20729381e+06 	 7.737356e+01 	 2.542788e+08 	
1.20738375e+06 	 6.952786e+01 	 2.482318e+08 	
1.20747370e+06 	 6.246962e+01 	 2.423480e+08 	
1.20756364e+06 	 5.612306e+01 	 2.366259e+08 	
1.20765358e+06 	 5.041915e+01 	 2.310637e+08 	
1.20774353e+06 	 4.529506e+01 	 2.256596e+08 	
1.20783347e+06 	 4.069371e+01 	 2.204117e+08 	
1.20792396e+06 	 3.653947e+01 	 2.152876e+08 	
1.20801445e+06 	 3.281403e+01 	 2.103174e+08 	
1.20810494e+06 	 2.947408e+01 	 2.054990e+08 	
1.20819543e+06 	 2.648044e+01 	 2.008299e+08 	
1.20828592e+06 	 2.379771e+01 	 1.963077e+08 	
1.20837641e+06 	 2.139397e+01 	 1.919298e+08 	
1.20846690e+06 	 1.924043e+01 	 1.876938e+08 	
1.20855739e+06 	 1.731114e+01 	 1.835968e+08 	
1.20864788e+06 	 1.558277e+01 	 1.796361e+08 	
1.20873837e+06 	 1.403433e+01 	 1.758090e+08 	
1.20882886e+06 	 1.264698e+01 	 1.721124e+08 	
1.20891935e+06 	 1.140379e+01 	 1.685435e+08 	
1.20900984e+06 	 1.028958e+01 	 1.650993e+08 	
1.20910033e+06 	 9.290740e+00 	 1.617767e+08 	
1.20919082e+06 	 8.395080e+00 	 1.585728e+08 	
1.20928131e+06 	 7.591685e+00 	 1.554844e+08 	
1.20937180e+06 	 6.870789e+00 	 1.525084e+08 	
1.20946229e+06 	 6.223655e+00 	 1.496418e+08 	
1.20957463e+06 	 5.511281e+00 	 1.462306e+08 	
1.20968696e+06 	 4.887416e+00 	 1.429773e+08 	
1.20979929e+06 	 4.340603e+00 	 1.398757e+08 	
1.20991162e+06 	 3.860885e+00 	 1.369200e+08 	
1.21002395e+06 	 3.439614e+00 	 1.341045e+08 	
1.21013628e+06 	 3.069278e+00 	 1.314233e+08 	
1.21024862e+06 	 2.743355e+00 	 1.288708e+08 	
1.21036095e+06 	 2.456181e+00 	 1.264415e+08 	
1.21047328e+06 	 2.202839e+00 	 1.241299e+08 	
1.21058561e+06 	 1.979057e+00 	 1.219307e+08 	
1.21069794e+06 	 1.781123e+00 	 1.198387e+08 	
1.21081027e+06 	 1.605813e+00 	 1.178488e+08 	
1.21092261e+06 	 1.450323e+00 	 1.159563e+08 	
1.21103494e+06 	 1.312215e+00 	 1.141564e+08 	
1.21114727e+06 	 1.189365e+00 	 1.124446e+08 	
1.21128986e+06 	 1.052522e+00 	 1.103915e+08 	
1.21143246e+06 	 9.340680e-01 	 1.084646e+08 	
1.21157505e+06 	 8.312793e-01 	 1.066558e+08 	
1.21171764e+06 	 7.418622e-01 	 1.049574e+08 	
1.21186024e+06 	 6.638828e-01 	 1.033621e+08 	
1.21200283e+06 	 5.957076e-01 	 1.018630e+08 	
1.21214542e+06 	 5.359548e-01 	 1.004537e+08 	
1.21232655e+06 	 4.703761e-01 	 9.878355e+07 	
1.21250768e+06 	 4.145143e-01 	 9.723713e+07 	
1.21268882e+06 	 3.667415e-01 	 9.580385e+07 	
1.21286995e+06 	 3.257272e-01 	 9.447408e+07 	
1.21305108e+06 	 2.903805e-01 	 9.323900e+07 	
1.21323221e+06 	 2.598039e-01 	 9.209054e+07 	
1.21344887e+06 	 2.284674e-01 	 9.082039e+07 	
1.21366553e+06 	 2.018693e-01 	 8.965239e+07 	
1.21388218e+06 	 1.791811e-01 	 8.857642e+07 	
1.21409884e+06 	 1.597353e-01 	 8.758345e+07 	
1.21431550e+06 	 1.429912e-01 	 8.666542e+07 	
1.21462538e+06 	 1.228819e-01 	 8.546851e+07 	
1.21493526e+06 	 1.064009e-01 	 8.439194e+07 	
1.21524514e+06 	 9.278158e-02 	 8.342010e+07 	
1.21555502e+06 	 8.143926e-02 	 8.253967e+07 	
1.21592556e+06 	 7.024349e-02 	 8.159113e+07 	
1.21629609e+06 	 6.107899e-02 	 8.074070e+07 	
1.21666663e+06 	 5.350807e-02 	 7.997471e+07 	
1.21703716e+06 	 4.719992e-02 	 7.928172e+07 	
1.21757591e+06 	 3.977568e-02 	 7.838501e+07 	
1.21811466e+06 	 3.392661e-02 	 7.759856e+07 	
1.21865341e+06 	 2.925339e-02 	 7.690342e+07 	
1.21937442e+06 	 2.435621e-02 	 7.609020e+07 	
1.22009543e+06 	 2.059226e-02 	 7.538585e+07 	
1.22081645e+06 	 1.764648e-02 	 7.476922e+07 	
1.22183381e+06 	 1.447896e-02 	 7.401779e+07 	
1.22285118e+06 	 1.212246e-02 	 7.337557e+07 	
1.22386854e+06 	 1.032669e-02 	 7.281837e+07 	
1.22503159e+06 	 8.755214e-03 	 7.226310e+07 	
1.22619464e+06 	 7.547932e-03 	 7.177667e+07 	
1.22735769e+06 	 6.601476e-03 	 7.134494e+07 	
1.22907326e+06 	 5.540152e-03 	 7.078630e+07 	
1.23078884e+06 	 4.754873e-03 	 7.029975e+07 	
1.23276618e+06 	 4.079425e-03 	 6.980663e+07 	
1.23474352e+06 	 3.571933e-03 	 6.936898e+07 	
1.23672085e+06 	 3.180892e-03 	 6.897420e+07 	
1.23970807e+06 	 2.740528e-03 	 6.843973e+07 	
1.24269528e+06 	 2.421507e-03 	 6.796133e+07 	
1.24568250e+06 	 2.182698e-03 	 6.752468e+07 	
1.25009740e+06 	 1.925806e-03 	 6.693570e+07 	
1.25277711e+06 	 1.808070e-03 	 6.660316e+07 	
1.25814926e+06 	 1.628991e-03 	 6.597841e+07 	
1.26258686e+06 	 1.520196e-03 	 6.549445e+07 	
1.26955574e+06 	 1.394040e-03 	 6.477659e+07 	
1.27520626e+06 	 1.317715e-03 	 6.422269e+07 	
1.28440975e+06 	 1.223447e-03 	 6.335956e+07 	
1.29125306e+06 	 1.168588e-03 	 6.274174e+07 	
1.30478196e+06 	 1.081997e-03 	 6.156555e+07 	
1.30877942e+06 	 1.060046e-03 	 6.122759e+07 	
1.32589695e+06 	 9.773226e-04 	 5.982148e+07 	
1.33549652e+06 	 9.364988e-04 	 5.905898e+07 	
1.36038140e+06 	 8.425312e-04 	 5.715907e+07 	
1.36500000e+06 	 8.265843e-04 	 5.681784e+07 	
1.38000000e+06 	 7.773986e-04 	 5.573263e+07 	
1.39500000e+06 	 7.318640e-04 	 5.468130e+07 	
1.41000000e+06 	 6.895681e-04 	 5.366218e+07 	
1.42500000e+06 	 6.502092e-04 	 5.267381e+07 	
1.44000000e+06 	 6.135319e-04 	 5.171481e+07 	
1.45500000e+06 	 5.793154e-04 	 5.078391e+07 	
1.47000000e+06 	 5.473653e-04 	 4.987994e+07 	
1.48500000e+06 	 5.175040e-04 	 4.900175e+07 	
1.50000000e+06 	 4.895724e-04 	 4.814831e+07 	
1.51500000e+06 	 4.634221e-04 	 4.731858e+07 	
1.53000000e+06 	 4.389265e-04 	 4.651165e+07 	
1.54500000e+06 	 4.159574e-04 	 4.572659e+07 	
1.56000000e+06 	 3.944080e-04 	 4.496256e+07 	
1.57500000e+06 	 3.741769e-04 	 4.421876e+07 	
1.59000000e+06 	 3.551676e-04 	 4.349440e+07 	
1.60500000e+06 	 3.372955e-04 	 4.278875e+07 	
1.62000000e+06 	 3.204799e-04 	 4.210113e+07 	
1.63500000e+06 	 3.046504e-04 	 4.143087e+07 	
1.65000000e+06 	 2.897400e-04 	 4.077734e+07 	
1.66500000e+06 	 2.756849e-04 	 4.013993e+07 	
1.68000000e+06 	 2.624303e-04 	 3.951809e+07 	
1.69500000e+06 	 2.499214e-04 	 3.891126e+07 	
1.71000000e+06 	 2.381105e-04 	 3.831891e+07 	
1.72500000e+06 	 2.269527e-04 	 3.774057e+07 	
1.74000000e+06 	 2.164056e-04 	 3.717574e+07 	
1.75500000e+06 	 2.064308e-04 	 3.662398e+07 	
1.77000000e+06 	 1.969924e-04 	 3.608485e+07 	
1.78500000e+06 	 1.880566e-04 	 3.555793e+07 	
1.80000000e+06 	 1.795927e-04 	 3.504283e+07 	
1.81500000e+06 	 1.715721e-04 	 3.453917e+07 	
1.83000000e+06 	 1.639677e-04 	 3.404658e+07 	
1.84500000e+06 	 1.567548e-04 	 3.356472e+07 	
1.86000000e+06 	 1.499099e-04 	 3.309324e+07 	
1.87500000e+06 	 1.434116e-04 	 3.263184e+07 	
1.89000000e+06 	 1.372390e-04 	 3.218019e+07 	
1.90500000e+06 	 1.313742e-04 	 3.173800e+07 	
1.92000000e+06 	 1.257988e-04 	 3.130500e+07 	
1.93500000e+06 	 1.204965e-04 	 3.088089e+07 	
1.95000000e+06 	 1.154521e-04 	 3.046543e+07 	
1.96500000e+06 	 1.106506e-04 	 3.005836e+07 	
1.98000000e+06 	 1.060790e-04 	 2.965944e+07 	
1.99500000e+06 	 1.017250e-04 	 2.926843e+07 	
2.01000000e+06 	 9.757569e-05 	 2.888511e+07 	
2.02500000e+06 	 9.362073e-05 	 2.850926e+07 	
2.04000000e+06 	 8.984974e-05 	 2.814067e+07 	
2.05500000e+06 	 8.625241e-05 	 2.777915e+07 	
2.07000000e+06 	 8.281972e-05 	 2.742449e+07 	
2.08500000e+06 	 7.954314e-05 	 2.707652e+07 	
2.10000000e+06 	 7.641415e-05 	 2.673504e+07 	
2.11500000e+06 	 7.342549e-05 	 2.639990e+07 	
2.13000000e+06 	 7.057000e-05 	 2.607091e+07 	
2.14500000e+06 	 6.784065e-05 	 2.574792e+07 	
2.16000000e+06 	 6.523097e-05 	 2.543078e+07 	
2.17500000e+06 	 6.273507e-05 	 2.511932e+07 	
2.19000000e+06 	 6.034734e-05 	 2.481341e+07 	
2.20500000e+06 	 5.806217e-05 	 2.451289e+07 	
2.22000000e+06 	 5.587473e-05 	 2.421765e+07 	
2.23500000e+06 	 5.378023e-05 	 2.392754e+07 	
2.25000000e+06 	 5.177399e-05 	 2.364244e+07 	
2.26500000e+06 	 4.985194e-05 	 2.336222e+07 	
2.28000000e+06 	 4.800983e-05 	 2.308677e+07 	
2.29500000e+06 	 4.624397e-05 	 2.281597e+07 	
2.31000000e+06 	 4.455077e-05 	 2.254970e+07 	
2.32500000e+06 	 4.292665e-05 	 2.228786e+07 	
2.34000000e+06 	 4.136855e-05 	 2.203034e+07 	
2.35500000e+06 	 3.987339e-05 	 2.177705e+07 	
2.37000000e+06 	 3.843812e-05 	 2.152787e+07 	
2.38500000e+06 	 3.706012e-05 	 2.128273e+07 	
2.40000000e+06 	 3.573678e-05 	 2.104152e+07 	
2.41500000e+06 	 3.446557e-05 	 2.080415e+07 	
2.43000000e+06 	 3.324412e-05 	 2.057055e+07 	
2.44500000e+06 	 3.207014e-05 	 2.034061e+07 	
2.46000000e+06 	 3.094162e-05 	 2.011427e+07 	
2.47500000e+06 	 2.985655e-05 	 1.989143e+07 	
2.49000000e+06 	 2.881292e-05 	 1.967203e+07 	
2.50500000e+06 	 2.780904e-05 	 1.945599e+07 	
2.52000000e+06 	 2.684308e-05 	 1.924324e+07 	
2.53500000e+06 	 2.591336e-05 	 1.903369e+07 	
2.55000000e+06 	 2.501840e-05 	 1.882730e+07 	
2.56500000e+06 	 2.415672e-05 	 1.862398e+07 	
2.58000000e+06 	 2.332679e-05 	 1.842368e+07 	
2.59500000e+06 	 2.252737e-05 	 1.822633e+07 	
2.61000000e+06 	 2.175716e-05 	 1.803186e+07 	
2.62500000e+06 	 2.101490e-05 	 1.784023e+07 	
2.64000000e+06 	 2.029941e-05 	 1.765137e+07 	
2.65500000e+06 	 1.960954e-05 	 1.746522e+07 	
2.67000000e+06 	 1.894430e-05 	 1.728173e+07 	
2.68500000e+06 	 1.830267e-05 	 1.710085e+07 	
2.70000000e+06 	 1.768364e-05 	 1.692252e+07 	
2.71500000e+06 	 1.708633e-05 	 1.674670e+07 	
2.73000000e+06 	 1.650983e-05 	 1.657333e+07 	
2.74500000e+06 	 1.595329e-05 	 1.640237e+07 	
2.76000000e+06 	 1.541587e-05 	 1.623376e+07 	
2.77500000e+06 	 1.489687e-05 	 1.606747e+07 	
2.79000000e+06 	 1.439554e-05 	 1.590345e+07 	
2.80500000e+06 	 1.391114e-05 	 1.574166e+07 	
2.82000000e+06 	 1.344304e-05 	 1.558205e+07 	
2.83500000e+06 	 1.299057e-05 	 1.542458e+07 	
2.85000000e+06 	 1.255311e-05 	 1.526922e+07 	
2.86500000e+06 	 1.213010e-05 	 1.511592e+07 	
2.88000000e+06 	 1.172093e-05 	 1.496465e+07 	
2.89500000e+06 	 1.132509e-05 	 1.481537e+07 	
2.91000000e+06 	 1.094206e-05 	 1.466804e+07 	
2.92500000e+06 	 1.057133e-05 	 1.452263e+07 	
2.94000000e+06 	 1.021243e-05 	 1.437911e+07 	
2.95500000e+06 	 9.864918e-06 	 1.423744e+07 	
2.97000000e+06 	 9.528329e-06 	 1.409759e+07 	
3.00000000e+06 	 8.886320e-06 	 1.382323e+07 	
3.00050050e+06 	 8.875947e-06 	 1.381871e+07 	
3.00100100e+06 	 8.865586e-06 	 1.381419e+07 	
3.00150150e+06 	 8.855235e-06 	 1.380968e+07 	
3.00200200e+06 	 8.844895e-06 	 1.380517e+07 	
3.00250250e+06 	 8.834566e-06 	 1.380065e+07 	
3.00300300e+06 	 8.824247e-06 	 1.379615e+07 	
3.00350350e+06 	 8.813940e-06 	 1.379164e+07 	
3.00400400e+06 	 8.803643e-06 	 1.378714e+07 	
3.00450450e+06 	 8.793356e-06 	 1.378263e+07 	
3.00500501e+06 	 8.783081e-06 	 1.377813e+07 	
3.00550551e+06 	 8.772816e-06 	 1.377363e+07 	
3.00600601e+06 	 8.762562e-06 	 1.376914e+07 	
3.00650651e+06 	 8.752318e-06 	 1.376464e+07 	
3.00700701e+06 	 8.742085e-06 	 1.376015e+07 	
3.00750751e+06 	 8.731863e-06 	 1.375566e+07 	
3.00800801e+06 	 8.721652e-06 	 1.375117e+07 	
3.00850851e+06 	 8.711451e-06 	 1.374668e+07 	
3.00900901e+06 	 8.701260e-06 	 1.374219e+07 	
3.00950951e+06 	 8.691080e-06 	 1.373771e+07 	
3.01001001e+06 	 8.680911e-06 	 1.373323e+07 	
3.01051051e+06 	 8.670752e-06 	 1.372875e+07 	
3.01101101e+06 	 8.660604e-06 	 1.372427e+07 	
3.01151151e+06 	 8.650466e-06 	 1.371980e+07 	
3.01201201e+06 	 8.640339e-06 	 1.371532e+07 	
3.01251251e+06 	 8.630222e-06 	 1.371085e+07 	
3.01301301e+06 	 8.620116e-06 	 1.370638e+07 	
3.01351351e+06 	 8.610020e-06 	 1.370191e+07 	
3.01401401e+06 	 8.599934e-06 	 1.369744e+07 	
3.01451451e+06 	 8.589860e-06 	 1.369298e+07 	
3.01501502e+06 	 8.579795e-06 	 1.368852e+07 	
3.01551552e+06 	 8.569741e-06 	 1.368406e+07 	
3.01601602e+06 	 8.559697e-06 	 1.367960e+07 	
3.01651652e+06 	 8.549664e-06 	 1.367514e+07 	
3.01701702e+06 	 8.539641e-06 	 1.367068e+07 	
3.01751752e+06 	 8.529628e-06 	 1.366623e+07 	
3.01801802e+06 	 8.519626e-06 	 1.366178e+07 	
3.01851852e+06 	 8.509634e-06 	 1.365733e+07 	
3.01901902e+06 	 8.499653e-06 	 1.365288e+07 	
3.01951952e+06 	 8.489681e-06 	 1.364844e+07 	
3.02002002e+06 	 8.479720e-06 	 1.364399e+07 	
3.02052052e+06 	 8.469770e-06 	 1.363955e+07 	
3.02102102e+06 	 8.459829e-06 	 1.363511e+07 	
3.02152152e+06 	 8.449899e-06 	 1.363067e+07 	
3.02202202e+06 	 8.439979e-06 	 1.362624e+07 	
3.02252252e+06 	 8.430070e-06 	 1.362180e+07 	
3.02302302e+06 	 8.420170e-06 	 1.361737e+07 	
3.02352352e+06 	 8.410281e-06 	 1.361294e+07 	
3.02402402e+06 	 8.400402e-06 	 1.360851e+07 	
3.02452452e+06 	 8.390533e-06 	 1.360408e+07 	
3.02502503e+06 	 8.380674e-06 	 1.359966e+07 	
3.02552553e+06 	 8.370825e-06 	 1.359523e+07 	
3.02602603e+06 	 8.360987e-06 	 1.359081e+07 	
3.02652653e+06 	 8.351158e-06 	 1.358639e+07 	
3.02702703e+06 	 8.341340e-06 	 1.358198e+07 	
3.02752753e+06 	 8.331532e-06 	 1.357756e+07 	
3.02802803e+06 	 8.321734e-06 	 1.357315e+07 	
3.02852853e+06 	 8.311946e-06 	 1.356873e+07 	
3.02902903e+06 	 8.302168e-06 	 1.356432e+07 	
3.02952953e+06 	 8.292400e-06 	 1.355992e+07 	
3.03003003e+06 	 8.282642e-06 	 1.355551e+07 	
3.03053053e+06 	 8.272894e-06 	 1.355111e+07 	
3.03103103e+06 	 8.263157e-06 	 1.354670e+07 	
3.03153153e+06 	 8.253429e-06 	 1.354230e+07 	
3.03203203e+06 	 8.243711e-06 	 1.353790e+07 	
3.03253253e+06 	 8.234003e-06 	 1.353351e+07 	
3.03303303e+06 	 8.224305e-06 	 1.352911e+07 	
3.03353353e+06 	 8.214617e-06 	 1.352472e+07 	
3.03403403e+06 	 8.204939e-06 	 1.352033e+07 	
3.03453453e+06 	 8.195271e-06 	 1.351594e+07 	
3.03503504e+06 	 8.185612e-06 	 1.351155e+07 	
3.03553554e+06 	 8.175964e-06 	 1.350716e+07 	
3.03603604e+06 	 8.166326e-06 	 1.350278e+07 	
3.03653654e+06 	 8.156697e-06 	 1.349840e+07 	
3.03703704e+06 	 8.147078e-06 	 1.349401e+07 	
3.03753754e+06 	 8.137469e-06 	 1.348964e+07 	
3.03803804e+06 	 8.127870e-06 	 1.348526e+07 	
3.03853854e+06 	 8.118281e-06 	 1.348088e+07 	
3.03903904e+06 	 8.108701e-06 	 1.347651e+07 	
3.03953954e+06 	 8.099131e-06 	 1.347214e+07 	
3.04004004e+06 	 8.089571e-06 	 1.346777e+07 	
3.04054054e+06 	 8.080021e-06 	 1.346340e+07 	
3.04104104e+06 	 8.070481e-06 	 1.345904e+07 	
3.04154154e+06 	 8.060950e-06 	 1.345467e+07 	
3.04204204e+06 	 8.051429e-06 	 1.345031e+07 	
3.04254254e+06 	 8.041917e-06 	 1.344595e+07 	
3.04304304e+06 	 8.032417e-06 	 1.344159e+07 	
3.04354354e+06 	 8.022926e-06 	 1.343724e+07 	
3.04404404e+06 	 8.013445e-06 	 1.343288e+07 	
3.04454454e+06 	 8.003973e-06 	 1.342853e+07 	
3.04504505e+06 	 7.994511e-06 	 1.342418e+07 	
3.04554555e+06 	 7.985059e-06 	 1.341983e+07 	
3.04604605e+06 	 7.975616e-06 	 1.341548e+07 	
3.04654655e+06 	 7.966183e-06 	 1.341114e+07 	
3.04704705e+06 	 7.956759e-06 	 1.340679e+07 	
3.04754755e+06 	 7.947345e-06 	 1.340245e+07 	
3.04804805e+06 	 7.937940e-06 	 1.339811e+07 	
3.04854855e+06 	 7.928545e-06 	 1.339377e+07 	
3.04904905e+06 	 7.919159e-06 	 1.338944e+07 	
3.04954955e+06 	 7.909783e-06 	 1.338510e+07 	
3.05005005e+06 	 7.900416e-06 	 1.338077e+07 	
3.05055055e+06 	 7.891059e-06 	 1.337644e+07 	
3.05105105e+06 	 7.881711e-06 	 1.337211e+07 	
3.05155155e+06 	 7.872372e-06 	 1.336778e+07 	
3.05205205e+06 	 7.863043e-06 	 1.336346e+07 	
3.05255255e+06 	 7.853724e-06 	 1.335913e+07 	
3.05305305e+06 	 7.844414e-06 	 1.335481e+07 	
3.05355355e+06 	 7.835113e-06 	 1.335049e+07 	
3.05405405e+06 	 7.825821e-06 	 1.334617e+07 	
3.05455455e+06 	 7.816539e-06 	 1.334186e+07 	
3.05505506e+06 	 7.807267e-06 	 1.333754e+07 	
3.05555556e+06 	 7.798003e-06 	 1.333323e+07 	
3.05605606e+06 	 7.788749e-06 	 1.332892e+07 	
3.05655656e+06 	 7.779504e-06 	 1.332461e+07 	
3.05705706e+06 	 7.770269e-06 	 1.332030e+07 	
3.05755756e+06 	 7.761043e-06 	 1.331600e+07 	
3.05805806e+06 	 7.751826e-06 	 1.331169e+07 	
3.05855856e+06 	 7.742619e-06 	 1.330739e+07 	
3.05905906e+06 	 7.733420e-06 	 1.330309e+07 	
3.05955956e+06 	 7.724232e-06 	 1.329879e+07 	
3.06006006e+06 	 7.715052e-06 	 1.329449e+07 	
3.06056056e+06 	 7.705881e-06 	 1.329020e+07 	
3.06106106e+06 	 7.696720e-06 	 1.328591e+07 	
3.06156156e+06 	 7.687568e-06 	 1.328162e+07 	
3.06206206e+06 	 7.678425e-06 	 1.327733e+07 	
3.06256256e+06 	 7.669292e-06 	 1.327304e+07 	
3.06306306e+06 	 7.660167e-06 	 1.326875e+07 	
3.06356356e+06 	 7.651052e-06 	 1.326447e+07 	
3.06406406e+06 	 7.641946e-06 	 1.326019e+07 	
3.06456456e+06 	 7.632849e-06 	 1.325591e+07 	
3.06506507e+06 	 7.623761e-06 	 1.325163e+07 	
3.06556557e+06 	 7.614682e-06 	 1.324735e+07 	
3.06606607e+06 	 7.605613e-06 	 1.324308e+07 	
3.06656657e+06 	 7.596552e-06 	 1.323880e+07 	
3.06706707e+06 	 7.587501e-06 	 1.323453e+07 	
3.06756757e+06 	 7.578459e-06 	 1.323026e+07 	
3.06806807e+06 	 7.569425e-06 	 1.322599e+07 	
3.06856857e+06 	 7.560401e-06 	 1.322173e+07 	
3.06906907e+06 	 7.551386e-06 	 1.321746e+07 	
3.06956957e+06 	 7.542380e-06 	 1.321320e+07 	
3.07007007e+06 	 7.533383e-06 	 1.320894e+07 	
3.07057057e+06 	 7.524395e-06 	 1.320468e+07 	
3.07107107e+06 	 7.515416e-06 	 1.320042e+07 	
3.07157157e+06 	 7.506446e-06 	 1.319617e+07 	
3.07207207e+06 	 7.497485e-06 	 1.319191e+07 	
3.07257257e+06 	 7.488533e-06 	 1.318766e+07 	
3.07307307e+06 	 7.479590e-06 	 1.318341e+07 	
3.07357357e+06 	 7.470656e-06 	 1.317916e+07 	
3.07407407e+06 	 7.461731e-06 	 1.317492e+07 	
3.07457457e+06 	 7.452815e-06 	 1.317067e+07 	
3.07507508e+06 	 7.443908e-06 	 1.316643e+07 	
3.07557558e+06 	 7.435009e-06 	 1.316219e+07 	
3.07607608e+06 	 7.426120e-06 	 1.315795e+07 	
3.07657658e+06 	 7.417239e-06 	 1.315371e+07 	
3.07707708e+06 	 7.408368e-06 	 1.314947e+07 	
3.07757758e+06 	 7.399505e-06 	 1.314524e+07 	
3.07807808e+06 	 7.390651e-06 	 1.314101e+07 	
3.07857858e+06 	 7.381806e-06 	 1.313678e+07 	
3.07907908e+06 	 7.372969e-06 	 1.313255e+07 	
3.07957958e+06 	 7.364142e-06 	 1.312832e+07 	
3.08008008e+06 	 7.355323e-06 	 1.312410e+07 	
3.08058058e+06 	 7.346513e-06 	 1.311987e+07 	
3.08108108e+06 	 7.337712e-06 	 1.311565e+07 	
3.08158158e+06 	 7.328920e-06 	 1.311143e+07 	
3.08208208e+06 	 7.320137e-06 	 1.310721e+07 	
3.08258258e+06 	 7.311362e-06 	 1.310300e+07 	
3.08308308e+06 	 7.302596e-06 	 1.309878e+07 	
3.08358358e+06 	 7.293839e-06 	 1.309457e+07 	
3.08408408e+06 	 7.285090e-06 	 1.309036e+07 	
3.08458458e+06 	 7.276350e-06 	 1.308615e+07 	
3.08508509e+06 	 7.267619e-06 	 1.308194e+07 	
3.08558559e+06 	 7.258897e-06 	 1.307773e+07 	
3.08608609e+06 	 7.250183e-06 	 1.307353e+07 	
3.08658659e+06 	 7.241478e-06 	 1.306933e+07 	
3.08708709e+06 	 7.232782e-06 	 1.306513e+07 	
3.08758759e+06 	 7.224094e-06 	 1.306093e+07 	
3.08808809e+06 	 7.215415e-06 	 1.305673e+07 	
3.08858859e+06 	 7.206744e-06 	 1.305253e+07 	
3.08908909e+06 	 7.198082e-06 	 1.304834e+07 	
3.08958959e+06 	 7.189429e-06 	 1.304415e+07 	
3.09009009e+06 	 7.180784e-06 	 1.303996e+07 	
3.09059059e+06 	 7.172148e-06 	 1.303577e+07 	
3.09109109e+06 	 7.163521e-06 	 1.303158e+07 	
3.09159159e+06 	 7.154902e-06 	 1.302740e+07 	
3.09209209e+06 	 7.146292e-06 	 1.302322e+07 	
3.09259259e+06 	 7.137690e-06 	 1.301903e+07 	
3.09309309e+06 	 7.129096e-06 	 1.301485e+07 	
3.09359359e+06 	 7.120512e-06 	 1.301068e+07 	
3.09409409e+06 	 7.111935e-06 	 1.300650e+07 	
3.09459459e+06 	 7.103368e-06 	 1.300233e+07 	
3.09509510e+06 	 7.094808e-06 	 1.299815e+07 	
3.09559560e+06 	 7.086258e-06 	 1.299398e+07 	
3.09609610e+06 	 7.077715e-06 	 1.298981e+07 	
3.09659660e+06 	 7.069181e-06 	 1.298564e+07 	
3.09709710e+06 	 7.060656e-06 	 1.298148e+07 	
3.09759760e+06 	 7.052139e-06 	 1.297731e+07 	
3.09809810e+06 	 7.043630e-06 	 1.297315e+07 	
3.09859860e+06 	 7.035130e-06 	 1.296899e+07 	
3.09909910e+06 	 7.026638e-06 	 1.296483e+07 	
3.09959960e+06 	 7.018155e-06 	 1.296068e+07 	
3.10010010e+06 	 7.009680e-06 	 1.295652e+07 	
3.10060060e+06 	 7.001213e-06 	 1.295237e+07 	
3.10110110e+06 	 6.992755e-06 	 1.294821e+07 	
3.10160160e+06 	 6.984305e-06 	 1.294406e+07 	
3.10210210e+06 	 6.975863e-06 	 1.293991e+07 	
3.10260260e+06 	 6.967430e-06 	 1.293577e+07 	
3.10310310e+06 	 6.959005e-06 	 1.293162e+07 	
3.10360360e+06 	 6.950588e-06 	 1.292748e+07 	
3.10410410e+06 	 6.942180e-06 	 1.292334e+07 	
3.10460460e+06 	 6.933780e-06 	 1.291920e+07 	
3.10510511e+06 	 6.925388e-06 	 1.291506e+07 	
3.10560561e+06 	 6.917004e-06 	 1.291092e+07 	
3.10610611e+06 	 6.908629e-06 	 1.290679e+07 	
3.10660661e+06 	 6.900262e-06 	 1.290265e+07 	
3.10710711e+06 	 6.891903e-06 	 1.289852e+07 	
3.10760761e+06 	 6.883552e-06 	 1.289439e+07 	
3.10810811e+06 	 6.875210e-06 	 1.289027e+07 	
3.10860861e+06 	 6.866876e-06 	 1.288614e+07 	
3.10910911e+06 	 6.858550e-06 	 1.288202e+07 	
3.10960961e+06 	 6.850232e-06 	 1.287789e+07 	
3.11011011e+06 	 6.841922e-06 	 1.287377e+07 	
3.11061061e+06 	 6.833620e-06 	 1.286965e+07 	
3.11111111e+06 	 6.825327e-06 	 1.286553e+07 	
3.11161161e+06 	 6.817042e-06 	 1.286142e+07 	
3.11211211e+06 	 6.808764e-06 	 1.285730e+07 	
3.11261261e+06 	 6.800495e-06 	 1.285319e+07 	
3.11311311e+06 	 6.792234e-06 	 1.284908e+07 	
3.11361361e+06 	 6.783981e-06 	 1.284497e+07 	
3.11411411e+06 	 6.775736e-06 	 1.284086e+07 	
3.11461461e+06 	 6.767500e-06 	 1.283676e+07 	
3.11511512e+06 	 6.759271e-06 	 1.283265e+07 	
3.11561562e+06 	 6.751050e-06 	 1.282855e+07 	
3.11611612e+06 	 6.742837e-06 	 1.282445e+07 	
3.11661662e+06 	 6.734633e-06 	 1.282035e+07 	
3.11711712e+06 	 6.726436e-06 	 1.281625e+07 	
3.11761762e+06 	 6.718248e-06 	 1.281216e+07 	
3.11811812e+06 	 6.710067e-06 	 1.280807e+07 	
3.11861862e+06 	 6.701894e-06 	 1.280397e+07 	
3.11911912e+06 	 6.693729e-06 	 1.279988e+07 	
3.11961962e+06 	 6.685573e-06 	 1.279579e+07 	
3.12012012e+06 	 6.677424e-06 	 1.279171e+07 	
3.12062062e+06 	 6.669283e-06 	 1.278762e+07 	
3.12112112e+06 	 6.661150e-06 	 1.278354e+07 	
3.12162162e+06 	 6.653025e-06 	 1.277946e+07 	
3.12212212e+06 	 6.644908e-06 	 1.277538e+07 	
3.12262262e+06 	 6.636798e-06 	 1.277130e+07 	
3.12312312e+06 	 6.628697e-06 	 1.276722e+07 	
3.12362362e+06 	 6.620603e-06 	 1.276314e+07 	
3.12412412e+06 	 6.612518e-06 	 1.275907e+07 	
3.12462462e+06 	 6.604440e-06 	 1.275500e+07 	
3.12512513e+06 	 6.596370e-06 	 1.275093e+07 	
3.12562563e+06 	 6.588308e-06 	 1.274686e+07 	
3.12612613e+06 	 6.580253e-06 	 1.274279e+07 	
3.12662663e+06 	 6.572207e-06 	 1.273873e+07 	
3.12712713e+06 	 6.564168e-06 	 1.273467e+07 	
3.12762763e+06 	 6.556137e-06 	 1.273060e+07 	
3.12812813e+06 	 6.548114e-06 	 1.272654e+07 	
3.12862863e+06 	 6.540098e-06 	 1.272248e+07 	
3.12912913e+06 	 6.532090e-06 	 1.271843e+07 	
3.12962963e+06 	 6.524090e-06 	 1.271437e+07 	
3.13013013e+06 	 6.516098e-06 	 1.271032e+07 	
3.13063063e+06 	 6.508113e-06 	 1.270627e+07 	
3.13113113e+06 	 6.500136e-06 	 1.270222e+07 	
3.13163163e+06 	 6.492167e-06 	 1.269817e+07 	
3.13213213e+06 	 6.484206e-06 	 1.269412e+07 	
3.13263263e+06 	 6.476252e-06 	 1.269008e+07 	
3.13313313e+06 	 6.468306e-06 	 1.268603e+07 	
3.13363363e+06 	 6.460367e-06 	 1.268199e+07 	
3.13413413e+06 	 6.452436e-06 	 1.267795e+07 	
3.13463463e+06 	 6.444513e-06 	 1.267391e+07 	
3.13513514e+06 	 6.436597e-06 	 1.266988e+07 	
3.13563564e+06 	 6.428689e-06 	 1.266584e+07 	
3.13613614e+06 	 6.420789e-06 	 1.266181e+07 	
3.13663664e+06 	 6.412896e-06 	 1.265778e+07 	
3.13713714e+06 	 6.405011e-06 	 1.265375e+07 	
3.13763764e+06 	 6.397133e-06 	 1.264972e+07 	
3.13813814e+06 	 6.389263e-06 	 1.264569e+07 	
3.13863864e+06 	 6.381400e-06 	 1.264167e+07 	
3.13913914e+06 	 6.373545e-06 	 1.263764e+07 	
3.13963964e+06 	 6.365697e-06 	 1.263362e+07 	
3.14014014e+06 	 6.357857e-06 	 1.262960e+07 	
3.14064064e+06 	 6.350025e-06 	 1.262558e+07 	
3.14114114e+06 	 6.342200e-06 	 1.262157e+07 	
3.14164164e+06 	 6.334382e-06 	 1.261755e+07 	
3.14214214e+06 	 6.326572e-06 	 1.261354e+07 	
3.14264264e+06 	 6.318769e-06 	 1.260953e+07 	
3.14314314e+06 	 6.310974e-06 	 1.260552e+07 	
3.14364364e+06 	 6.303187e-06 	 1.260151e+07 	
3.14414414e+06 	 6.295407e-06 	 1.259750e+07 	
3.14464464e+06 	 6.287635e-06 	 1.259350e+07 	
3.14514515e+06 	 6.279870e-06 	 1.258949e+07 	
3.14564565e+06 	 6.272112e-06 	 1.258549e+07 	
3.14614615e+06 	 6.264362e-06 	 1.258149e+07 	
3.14664665e+06 	 6.256619e-06 	 1.257749e+07 	
3.14714715e+06 	 6.248883e-06 	 1.257350e+07 	
3.14764765e+06 	 6.241155e-06 	 1.256950e+07 	
3.14814815e+06 	 6.233434e-06 	 1.256551e+07 	
3.14864865e+06 	 6.225721e-06 	 1.256151e+07 	
3.14914915e+06 	 6.218015e-06 	 1.255752e+07 	
3.14964965e+06 	 6.210316e-06 	 1.255354e+07 	
3.15015015e+06 	 6.202624e-06 	 1.254955e+07 	
3.15065065e+06 	 6.194940e-06 	 1.254556e+07 	
3.15115115e+06 	 6.187263e-06 	 1.254158e+07 	
3.15165165e+06 	 6.179593e-06 	 1.253760e+07 	
3.15215215e+06 	 6.171931e-06 	 1.253362e+07 	
3.15265265e+06 	 6.164276e-06 	 1.252964e+07 	
3.15315315e+06 	 6.156628e-06 	 1.252566e+07 	
3.15365365e+06 	 6.148987e-06 	 1.252169e+07 	
3.15415415e+06 	 6.141354e-06 	 1.251771e+07 	
3.15465465e+06 	 6.133728e-06 	 1.251374e+07 	
3.15515516e+06 	 6.126109e-06 	 1.250977e+07 	
3.15565566e+06 	 6.118497e-06 	 1.250580e+07 	
3.15615616e+06 	 6.110893e-06 	 1.250183e+07 	
3.15665666e+06 	 6.103295e-06 	 1.249787e+07 	
3.15715716e+06 	 6.095705e-06 	 1.249390e+07 	
3.15765766e+06 	 6.088122e-06 	 1.248994e+07 	
3.15815816e+06 	 6.080546e-06 	 1.248598e+07 	
3.15865866e+06 	 6.072978e-06 	 1.248202e+07 	
3.15915916e+06 	 6.065416e-06 	 1.247806e+07 	
3.15965966e+06 	 6.057862e-06 	 1.247411e+07 	
3.16016016e+06 	 6.050315e-06 	 1.247015e+07 	
3.16066066e+06 	 6.042775e-06 	 1.246620e+07 	
3.16116116e+06 	 6.035242e-06 	 1.246225e+07 	
3.16166166e+06 	 6.027716e-06 	 1.245830e+07 	
3.16216216e+06 	 6.020197e-06 	 1.245435e+07 	
3.16266266e+06 	 6.012686e-06 	 1.245040e+07 	
3.16316316e+06 	 6.005181e-06 	 1.244646e+07 	
3.16366366e+06 	 5.997684e-06 	 1.244252e+07 	
3.16416416e+06 	 5.990193e-06 	 1.243857e+07 	
3.16466466e+06 	 5.982710e-06 	 1.243464e+07 	
3.16516517e+06 	 5.975233e-06 	 1.243070e+07 	
3.16566567e+06 	 5.967764e-06 	 1.242676e+07 	
3.16616617e+06 	 5.960302e-06 	 1.242283e+07 	
3.16666667e+06 	 5.952847e-06 	 1.241889e+07 	
3.16716717e+06 	 5.945398e-06 	 1.241496e+07 	
3.16766767e+06 	 5.937957e-06 	 1.241103e+07 	
3.16816817e+06 	 5.930523e-06 	 1.240710e+07 	
3.16866867e+06 	 5.923096e-06 	 1.240318e+07 	
3.16916917e+06 	 5.915676e-06 	 1.239925e+07 	
3.16966967e+06 	 5.908262e-06 	 1.239533e+07 	
3.17017017e+06 	 5.900856e-06 	 1.239140e+07 	
3.17067067e+06 	 5.893457e-06 	 1.238748e+07 	
3.17117117e+06 	 5.886064e-06 	 1.238357e+07 	
3.17167167e+06 	 5.878679e-06 	 1.237965e+07 	
3.17217217e+06 	 5.871300e-06 	 1.237573e+07 	
3.17267267e+06 	 5.863928e-06 	 1.237182e+07 	
3.17317317e+06 	 5.856564e-06 	 1.236791e+07 	
3.17367367e+06 	 5.849206e-06 	 1.236400e+07 	
3.17417417e+06 	 5.841855e-06 	 1.236009e+07 	
3.17467467e+06 	 5.834511e-06 	 1.235618e+07 	
3.17517518e+06 	 5.827174e-06 	 1.235227e+07 	
3.17567568e+06 	 5.819843e-06 	 1.234837e+07 	
3.17617618e+06 	 5.812520e-06 	 1.234447e+07 	
3.17667668e+06 	 5.805203e-06 	 1.234056e+07 	
3.17717718e+06 	 5.797893e-06 	 1.233667e+07 	
3.17767768e+06 	 5.790590e-06 	 1.233277e+07 	
3.17817818e+06 	 5.783294e-06 	 1.232887e+07 	
3.17867868e+06 	 5.776005e-06 	 1.232498e+07 	
3.17917918e+06 	 5.768722e-06 	 1.232108e+07 	
3.17967968e+06 	 5.761446e-06 	 1.231719e+07 	
3.18018018e+06 	 5.754178e-06 	 1.231330e+07 	
3.18068068e+06 	 5.746915e-06 	 1.230941e+07 	
3.18118118e+06 	 5.739660e-06 	 1.230553e+07 	
3.18168168e+06 	 5.732411e-06 	 1.230164e+07 	
3.18218218e+06 	 5.725169e-06 	 1.229776e+07 	
3.18268268e+06 	 5.717934e-06 	 1.229388e+07 	
3.18318318e+06 	 5.710706e-06 	 1.229000e+07 	
3.18368368e+06 	 5.703484e-06 	 1.228612e+07 	
3.18418418e+06 	 5.696269e-06 	 1.228224e+07 	
3.18468468e+06 	 5.689061e-06 	 1.227836e+07 	
3.18518519e+06 	 5.681859e-06 	 1.227449e+07 	
3.18568569e+06 	 5.674664e-06 	 1.227062e+07 	
3.18618619e+06 	 5.667476e-06 	 1.226675e+07 	
3.18668669e+06 	 5.660295e-06 	 1.226288e+07 	
3.18718719e+06 	 5.653120e-06 	 1.225901e+07 	
3.18768769e+06 	 5.645951e-06 	 1.225515e+07 	
3.18818819e+06 	 5.638790e-06 	 1.225128e+07 	
3.18868869e+06 	 5.631635e-06 	 1.224742e+07 	
3.18918919e+06 	 5.624487e-06 	 1.224356e+07 	
3.18968969e+06 	 5.617345e-06 	 1.223970e+07 	
3.19019019e+06 	 5.610210e-06 	 1.223584e+07 	
3.19069069e+06 	 5.603081e-06 	 1.223198e+07 	
3.19119119e+06 	 5.595959e-06 	 1.222813e+07 	
3.19169169e+06 	 5.588844e-06 	 1.222427e+07 	
3.19219219e+06 	 5.581735e-06 	 1.222042e+07 	
3.19269269e+06 	 5.574633e-06 	 1.221657e+07 	
3.19319319e+06 	 5.567538e-06 	 1.221272e+07 	
3.19369369e+06 	 5.560448e-06 	 1.220888e+07 	
3.19419419e+06 	 5.553366e-06 	 1.220503e+07 	
3.19469469e+06 	 5.546290e-06 	 1.220119e+07 	
3.19519520e+06 	 5.539220e-06 	 1.219735e+07 	
3.19569570e+06 	 5.532158e-06 	 1.219350e+07 	
3.19619620e+06 	 5.525101e-06 	 1.218967e+07 	
3.19669670e+06 	 5.518051e-06 	 1.218583e+07 	
3.19719720e+06 	 5.511008e-06 	 1.218199e+07 	
3.19769770e+06 	 5.503971e-06 	 1.217816e+07 	
3.19819820e+06 	 5.496940e-06 	 1.217433e+07 	
3.19869870e+06 	 5.489916e-06 	 1.217049e+07 	
3.19919920e+06 	 5.482899e-06 	 1.216666e+07 	
3.19969970e+06 	 5.475887e-06 	 1.216284e+07 	
3.20020020e+06 	 5.468883e-06 	 1.215901e+07 	
3.20070070e+06 	 5.461884e-06 	 1.215519e+07 	
3.20120120e+06 	 5.454892e-06 	 1.215136e+07 	
3.20170170e+06 	 5.447907e-06 	 1.214754e+07 	
3.20220220e+06 	 5.440928e-06 	 1.214372e+07 	
3.20270270e+06 	 5.433955e-06 	 1.213990e+07 	
3.20320320e+06 	 5.426989e-06 	 1.213608e+07 	
3.20370370e+06 	 5.420029e-06 	 1.213227e+07 	
3.20420420e+06 	 5.413076e-06 	 1.212845e+07 	
3.20470470e+06 	 5.406128e-06 	 1.212464e+07 	
3.20520521e+06 	 5.399187e-06 	 1.212083e+07 	
3.20570571e+06 	 5.392253e-06 	 1.211702e+07 	
3.20620621e+06 	 5.385325e-06 	 1.211321e+07 	
3.20670671e+06 	 5.378403e-06 	 1.210941e+07 	
3.20720721e+06 	 5.371487e-06 	 1.210560e+07 	
3.20770771e+06 	 5.364578e-06 	 1.210180e+07 	
3.20820821e+06 	 5.357675e-06 	 1.209800e+07 	
3.20870871e+06 	 5.350779e-06 	 1.209420e+07 	
3.20920921e+06 	 5.343888e-06 	 1.209040e+07 	
3.20970971e+06 	 5.337004e-06 	 1.208660e+07 	
3.21021021e+06 	 5.330126e-06 	 1.208281e+07 	
3.21071071e+06 	 5.323255e-06 	 1.207902e+07 	
3.21121121e+06 	 5.316389e-06 	 1.207522e+07 	
3.21171171e+06 	 5.309530e-06 	 1.207143e+07 	
3.21221221e+06 	 5.302677e-06 	 1.206764e+07 	
3.21271271e+06 	 5.295831e-06 	 1.206386e+07 	
3.21321321e+06 	 5.288990e-06 	 1.206007e+07 	
3.21371371e+06 	 5.282156e-06 	 1.205629e+07 	
3.21421421e+06 	 5.275328e-06 	 1.205250e+07 	
3.21471471e+06 	 5.268506e-06 	 1.204872e+07 	
3.21521522e+06 	 5.261690e-06 	 1.204494e+07 	
3.21571572e+06 	 5.254881e-06 	 1.204117e+07 	
3.21621622e+06 	 5.248077e-06 	 1.203739e+07 	
3.21671672e+06 	 5.241280e-06 	 1.203361e+07 	
3.21721722e+06 	 5.234489e-06 	 1.202984e+07 	
3.21771772e+06 	 5.227704e-06 	 1.202607e+07 	
3.21821822e+06 	 5.220925e-06 	 1.202230e+07 	
3.21871872e+06 	 5.214152e-06 	 1.201853e+07 	
3.21921922e+06 	 5.207386e-06 	 1.201476e+07 	
3.21971972e+06 	 5.200625e-06 	 1.201100e+07 	
3.22022022e+06 	 5.193871e-06 	 1.200723e+07 	
3.22072072e+06 	 5.187122e-06 	 1.200347e+07 	
3.22122122e+06 	 5.180380e-06 	 1.199971e+07 	
3.22172172e+06 	 5.173644e-06 	 1.199595e+07 	
3.22222222e+06 	 5.166914e-06 	 1.199219e+07 	
3.22272272e+06 	 5.160189e-06 	 1.198843e+07 	
3.22322322e+06 	 5.153471e-06 	 1.198468e+07 	
3.22372372e+06 	 5.146759e-06 	 1.198093e+07 	
3.22422422e+06 	 5.140053e-06 	 1.197717e+07 	
3.22472472e+06 	 5.133353e-06 	 1.197342e+07 	
3.22522523e+06 	 5.126659e-06 	 1.196968e+07 	
3.22572573e+06 	 5.119971e-06 	 1.196593e+07 	
3.22622623e+06 	 5.113289e-06 	 1.196218e+07 	
3.22672673e+06 	 5.106613e-06 	 1.195844e+07 	
3.22722723e+06 	 5.099942e-06 	 1.195470e+07 	
3.22772773e+06 	 5.093278e-06 	 1.195095e+07 	
3.22822823e+06 	 5.086620e-06 	 1.194722e+07 	
3.22872873e+06 	 5.079968e-06 	 1.194348e+07 	
3.22922923e+06 	 5.073321e-06 	 1.193974e+07 	
3.22972973e+06 	 5.066681e-06 	 1.193601e+07 	
3.23023023e+06 	 5.060046e-06 	 1.193227e+07 	
3.23073073e+06 	 5.053417e-06 	 1.192854e+07 	
3.23123123e+06 	 5.046795e-06 	 1.192481e+07 	
3.23173173e+06 	 5.040178e-06 	 1.192108e+07 	
3.23223223e+06 	 5.033567e-06 	 1.191735e+07 	
3.23273273e+06 	 5.026962e-06 	 1.191363e+07 	
3.23323323e+06 	 5.020362e-06 	 1.190990e+07 	
3.23373373e+06 	 5.013769e-06 	 1.190618e+07 	
3.23423423e+06 	 5.007181e-06 	 1.190246e+07 	
3.23473473e+06 	 5.000600e-06 	 1.189874e+07 	
3.23523524e+06 	 4.994275e-06 	 1.189500e+07 	
3.23573574e+06 	 4.987707e-06 	 1.189128e+07 	
3.23623624e+06 	 4.981145e-06 	 1.188757e+07 	
3.23673674e+06 	 4.974588e-06 	 1.188385e+07 	
3.23723724e+06 	 4.968038e-06 	 1.188014e+07 	
3.23773774e+06 	 4.961493e-06 	 1.187643e+07 	
3.23823824e+06 	 4.954954e-06 	 1.187272e+07 	
3.23873874e+06 	 4.948421e-06 	 1.186901e+07 	
3.23923924e+06 	 4.941894e-06 	 1.186531e+07 	
3.23973974e+06 	 4.935372e-06 	 1.186160e+07 	
3.24024024e+06 	 4.928857e-06 	 1.185790e+07 	
3.24074074e+06 	 4.922347e-06 	 1.185420e+07 	
3.24124124e+06 	 4.915843e-06 	 1.185050e+07 	
3.24174174e+06 	 4.909344e-06 	 1.184680e+07 	
3.24224224e+06 	 4.902851e-06 	 1.184310e+07 	
3.24274274e+06 	 4.896364e-06 	 1.183941e+07 	
3.24324324e+06 	 4.889883e-06 	 1.183571e+07 	
3.24374374e+06 	 4.883408e-06 	 1.183202e+07 	
3.24424424e+06 	 4.876938e-06 	 1.182833e+07 	
3.24474474e+06 	 4.870474e-06 	 1.182464e+07 	
3.24524525e+06 	 4.864016e-06 	 1.182095e+07 	
3.24574575e+06 	 4.857563e-06 	 1.181727e+07 	
3.24624625e+06 	 4.851116e-06 	 1.181358e+07 	
3.24674675e+06 	 4.844675e-06 	 1.180990e+07 	
3.24724725e+06 	 4.838239e-06 	 1.180622e+07 	
3.24774775e+06 	 4.831809e-06 	 1.180254e+07 	
3.24824825e+06 	 4.825385e-06 	 1.179886e+07 	
3.24874875e+06 	 4.818966e-06 	 1.179518e+07 	
3.24924925e+06 	 4.812553e-06 	 1.179150e+07 	
3.24974975e+06 	 4.806146e-06 	 1.178783e+07 	
3.25025025e+06 	 4.799744e-06 	 1.178416e+07 	
3.25075075e+06 	 4.793348e-06 	 1.178049e+07 	
3.25125125e+06 	 4.786958e-06 	 1.177682e+07 	
3.25175175e+06 	 4.780573e-06 	 1.177315e+07 	
3.25225225e+06 	 4.774194e-06 	 1.176948e+07 	
3.25275275e+06 	 4.767820e-06 	 1.176581e+07 	
3.25325325e+06 	 4.761452e-06 	 1.176215e+07 	
3.25375375e+06 	 4.755089e-06 	 1.175849e+07 	
3.25425425e+06 	 4.748732e-06 	 1.175483e+07 	
3.25475475e+06 	 4.742381e-06 	 1.175117e+07 	
3.25525526e+06 	 4.736035e-06 	 1.174751e+07 	
3.25575576e+06 	 4.729695e-06 	 1.174385e+07 	
3.25625626e+06 	 4.723360e-06 	 1.174020e+07 	
3.25675676e+06 	 4.717031e-06 	 1.173655e+07 	
3.25725726e+06 	 4.710707e-06 	 1.173289e+07 	
3.25775776e+06 	 4.704389e-06 	 1.172924e+07 	
3.25825826e+06 	 4.698076e-06 	 1.172560e+07 	
3.25875876e+06 	 4.691769e-06 	 1.172195e+07 	
3.25925926e+06 	 4.685467e-06 	 1.171830e+07 	
3.25975976e+06 	 4.679171e-06 	 1.171466e+07 	
3.26026026e+06 	 4.672880e-06 	 1.171102e+07 	
3.26076076e+06 	 4.666595e-06 	 1.170737e+07 	
3.26126126e+06 	 4.660315e-06 	 1.170373e+07 	
3.26176176e+06 	 4.654041e-06 	 1.170010e+07 	
3.26226226e+06 	 4.647772e-06 	 1.169646e+07 	
3.26276276e+06 	 4.641508e-06 	 1.169282e+07 	
3.26326326e+06 	 4.635250e-06 	 1.168919e+07 	
3.26376376e+06 	 4.628998e-06 	 1.168556e+07 	
3.26426426e+06 	 4.622751e-06 	 1.168193e+07 	
3.26476476e+06 	 4.616509e-06 	 1.167830e+07 	
3.26526527e+06 	 4.610272e-06 	 1.167467e+07 	
3.26576577e+06 	 4.604041e-06 	 1.167104e+07 	
3.26626627e+06 	 4.597816e-06 	 1.166742e+07 	
3.26676677e+06 	 4.591596e-06 	 1.166380e+07 	
3.26726727e+06 	 4.585381e-06 	 1.166017e+07 	
3.26776777e+06 	 4.579171e-06 	 1.165655e+07 	
3.26826827e+06 	 4.572967e-06 	 1.165293e+07 	
3.26876877e+06 	 4.566768e-06 	 1.164932e+07 	
3.26926927e+06 	 4.560575e-06 	 1.164570e+07 	
3.26976977e+06 	 4.554387e-06 	 1.164209e+07 	
3.27027027e+06 	 4.548204e-06 	 1.163847e+07 	
3.27077077e+06 	 4.542027e-06 	 1.163486e+07 	
3.27127127e+06 	 4.535854e-06 	 1.163125e+07 	
3.27177177e+06 	 4.529688e-06 	 1.162764e+07 	
3.27227227e+06 	 4.523299e-06 	 1.162406e+07 	
3.27277277e+06 	 4.517141e-06 	 1.162045e+07 	
3.27327327e+06 	 4.510988e-06 	 1.161685e+07 	
3.27377377e+06 	 4.504841e-06 	 1.161325e+07 	
3.27427427e+06 	 4.498698e-06 	 1.160965e+07 	
3.27477477e+06 	 4.492561e-06 	 1.160605e+07 	
3.27527528e+06 	 4.486430e-06 	 1.160245e+07 	
3.27577578e+06 	 4.480303e-06 	 1.159885e+07 	
3.27627628e+06 	 4.474182e-06 	 1.159526e+07 	
3.27677678e+06 	 4.468066e-06 	 1.159167e+07 	
3.27727728e+06 	 4.461955e-06 	 1.158807e+07 	
3.27777778e+06 	 4.455850e-06 	 1.158448e+07 	
3.27827828e+06 	 4.449749e-06 	 1.158089e+07 	
3.27877878e+06 	 4.443654e-06 	 1.157731e+07 	
3.27927928e+06 	 4.437564e-06 	 1.157372e+07 	
3.27977978e+06 	 4.431479e-06 	 1.157014e+07 	
3.28028028e+06 	 4.425400e-06 	 1.156655e+07 	
3.28078078e+06 	 4.419325e-06 	 1.156297e+07 	
3.28128128e+06 	 4.413256e-06 	 1.155939e+07 	
3.28178178e+06 	 4.407191e-06 	 1.155581e+07 	
3.28228228e+06 	 4.401132e-06 	 1.155224e+07 	
3.28278278e+06 	 4.395078e-06 	 1.154866e+07 	
3.28328328e+06 	 4.389030e-06 	 1.154509e+07 	
3.28378378e+06 	 4.382986e-06 	 1.154151e+07 	
3.28428428e+06 	 4.376947e-06 	 1.153794e+07 	
3.28478478e+06 	 4.370914e-06 	 1.153437e+07 	
3.28528529e+06 	 4.364885e-06 	 1.153080e+07 	
3.28578579e+06 	 4.358862e-06 	 1.152724e+07 	
3.28628629e+06 	 4.352844e-06 	 1.152367e+07 	
3.28678679e+06 	 4.346831e-06 	 1.152011e+07 	
3.28728729e+06 	 4.340823e-06 	 1.151655e+07 	
3.28778779e+06 	 4.334820e-06 	 1.151298e+07 	
3.28828829e+06 	 4.328822e-06 	 1.150943e+07 	
3.28878879e+06 	 4.322829e-06 	 1.150587e+07 	
3.28928929e+06 	 4.316841e-06 	 1.150231e+07 	
3.28978979e+06 	 4.310858e-06 	 1.149876e+07 	
3.29029029e+06 	 4.304880e-06 	 1.149520e+07 	
3.29079079e+06 	 4.298908e-06 	 1.149165e+07 	
3.29129129e+06 	 4.292940e-06 	 1.148810e+07 	
3.29179179e+06 	 4.286977e-06 	 1.148455e+07 	
3.29229229e+06 	 4.281019e-06 	 1.148100e+07 	
3.29279279e+06 	 4.275066e-06 	 1.147746e+07 	
3.29329329e+06 	 4.269119e-06 	 1.147391e+07 	
3.29379379e+06 	 4.263176e-06 	 1.147037e+07 	
3.29429429e+06 	 4.257238e-06 	 1.146683e+07 	
3.29479479e+06 	 4.251305e-06 	 1.146329e+07 	
3.29529530e+06 	 4.245377e-06 	 1.145975e+07 	
3.29579580e+06 	 4.239454e-06 	 1.145621e+07 	
3.29629630e+06 	 4.233536e-06 	 1.145267e+07 	
3.29679680e+06 	 4.227623e-06 	 1.144914e+07 	
3.29729730e+06 	 4.221715e-06 	 1.144561e+07 	
3.29779780e+06 	 4.215811e-06 	 1.144208e+07 	
3.29829830e+06 	 4.209913e-06 	 1.143855e+07 	
3.29879880e+06 	 4.204020e-06 	 1.143502e+07 	
3.29929930e+06 	 4.198131e-06 	 1.143149e+07 	
3.29979980e+06 	 4.192247e-06 	 1.142796e+07 	
3.30030030e+06 	 4.186369e-06 	 1.142444e+07 	
3.30080080e+06 	 4.180495e-06 	 1.142092e+07 	
3.30130130e+06 	 4.174626e-06 	 1.141740e+07 	
3.30180180e+06 	 4.168761e-06 	 1.141388e+07 	
3.30230230e+06 	 4.162902e-06 	 1.141036e+07 	
3.30280280e+06 	 4.157048e-06 	 1.140684e+07 	
3.30330330e+06 	 4.151198e-06 	 1.140333e+07 	
3.30380380e+06 	 4.145353e-06 	 1.139981e+07 	
3.30430430e+06 	 4.139513e-06 	 1.139630e+07 	
3.30480480e+06 	 4.133678e-06 	 1.139279e+07 	
3.30530531e+06 	 4.127848e-06 	 1.138928e+07 	
3.30580581e+06 	 4.122022e-06 	 1.138577e+07 	
3.30630631e+06 	 4.116202e-06 	 1.138226e+07 	
3.30680681e+06 	 4.110386e-06 	 1.137876e+07 	
3.30730731e+06 	 4.104575e-06 	 1.137525e+07 	
3.30780781e+06 	 4.098768e-06 	 1.137175e+07 	
3.30830831e+06 	 4.092967e-06 	 1.136825e+07 	
3.30880881e+06 	 4.087170e-06 	 1.136475e+07 	
3.30930931e+06 	 4.081378e-06 	 1.136125e+07 	
3.30980981e+06 	 4.075590e-06 	 1.135776e+07 	
3.31031031e+06 	 4.070011e-06 	 1.135424e+07 	
3.31081081e+06 	 4.064235e-06 	 1.135075e+07 	
3.31131131e+06 	 4.058464e-06 	 1.134725e+07 	
3.31181181e+06 	 4.052697e-06 	 1.134376e+07 	
3.31231231e+06 	 4.046935e-06 	 1.134027e+07 	
3.31281281e+06 	 4.041178e-06 	 1.133679e+07 	
3.31331331e+06 	 4.035425e-06 	 1.133330e+07 	
3.31381381e+06 	 4.029677e-06 	 1.132982e+07 	
3.31431431e+06 	 4.023934e-06 	 1.132633e+07 	
3.31481481e+06 	 4.018195e-06 	 1.132285e+07 	
3.31531532e+06 	 4.012462e-06 	 1.131937e+07 	
3.31581582e+06 	 4.006732e-06 	 1.131589e+07 	
3.31631632e+06 	 4.001008e-06 	 1.131241e+07 	
3.31681682e+06 	 3.995288e-06 	 1.130894e+07 	
3.31731732e+06 	 3.989573e-06 	 1.130546e+07 	
3.31781782e+06 	 3.983863e-06 	 1.130199e+07 	
3.31831832e+06 	 3.978157e-06 	 1.129852e+07 	
3.31881882e+06 	 3.972456e-06 	 1.129505e+07 	
3.31931932e+06 	 3.966759e-06 	 1.129158e+07 	
3.31981982e+06 	 3.961067e-06 	 1.128811e+07 	
3.32032032e+06 	 3.955380e-06 	 1.128464e+07 	
3.32082082e+06 	 3.949698e-06 	 1.128118e+07 	
3.32132132e+06 	 3.944020e-06 	 1.127771e+07 	
3.32182182e+06 	 3.938346e-06 	 1.127425e+07 	
3.32232232e+06 	 3.932677e-06 	 1.127079e+07 	
3.32282282e+06 	 3.927013e-06 	 1.126733e+07 	
3.32332332e+06 	 3.921353e-06 	 1.126388e+07 	
3.32382382e+06 	 3.915698e-06 	 1.126042e+07 	
3.32432432e+06 	 3.910048e-06 	 1.125697e+07 	
3.32482482e+06 	 3.904402e-06 	 1.125351e+07 	
3.32532533e+06 	 3.898760e-06 	 1.125006e+07 	
3.32582583e+06 	 3.893124e-06 	 1.124661e+07 	
3.32632633e+06 	 3.887491e-06 	 1.124316e+07 	
3.32682683e+06 	 3.881864e-06 	 1.123971e+07 	
3.32732733e+06 	 3.876240e-06 	 1.123627e+07 	
3.32782783e+06 	 3.870622e-06 	 1.123282e+07 	
3.32832833e+06 	 3.865008e-06 	 1.122938e+07 	
3.32882883e+06 	 3.859398e-06 	 1.122594e+07 	
3.32932933e+06 	 3.853793e-06 	 1.122250e+07 	
3.32982983e+06 	 3.848192e-06 	 1.121906e+07 	
3.33033033e+06 	 3.842596e-06 	 1.121562e+07 	
3.33083083e+06 	 3.837004e-06 	 1.121219e+07 	
3.33133133e+06 	 3.831417e-06 	 1.120875e+07 	
3.33183183e+06 	 3.825834e-06 	 1.120532e+07 	
3.33233233e+06 	 3.820256e-06 	 1.120189e+07 	
3.33283283e+06 	 3.814682e-06 	 1.119846e+07 	
3.33333333e+06 	 3.809113e-06 	 1.119503e+07 	
3.33383383e+06 	 3.803548e-06 	 1.119160e+07 	
3.33433433e+06 	 3.797988e-06 	 1.118818e+07 	
3.33483483e+06 	 3.792432e-06 	 1.118475e+07 	
3.33533534e+06 	 3.786880e-06 	 1.118133e+07 	
3.33583584e+06 	 3.781333e-06 	 1.117791e+07 	
3.33633634e+06 	 3.775790e-06 	 1.117449e+07 	
3.33683684e+06 	 3.770252e-06 	 1.117107e+07 	
3.33733734e+06 	 3.764718e-06 	 1.116765e+07 	
3.33783784e+06 	 3.759188e-06 	 1.116424e+07 	
3.33833834e+06 	 3.753663e-06 	 1.116082e+07 	
3.33883884e+06 	 3.748142e-06 	 1.115741e+07 	
3.33933934e+06 	 3.742626e-06 	 1.115400e+07 	
3.33983984e+06 	 3.737114e-06 	 1.115059e+07 	
3.34034034e+06 	 3.731606e-06 	 1.114718e+07 	
3.34084084e+06 	 3.726103e-06 	 1.114378e+07 	
3.34134134e+06 	 3.720604e-06 	 1.114037e+07 	
3.34184184e+06 	 3.715110e-06 	 1.113697e+07 	
3.34234234e+06 	 3.709619e-06 	 1.113356e+07 	
3.34284284e+06 	 3.704133e-06 	 1.113016e+07 	
3.34334334e+06 	 3.698652e-06 	 1.112676e+07 	
3.34384384e+06 	 3.693174e-06 	 1.112336e+07 	
3.34434434e+06 	 3.687701e-06 	 1.111997e+07 	
3.34484484e+06 	 3.682233e-06 	 1.111657e+07 	
3.34534535e+06 	 3.676768e-06 	 1.111318e+07 	
3.34584585e+06 	 3.671308e-06 	 1.110978e+07 	
3.34634635e+06 	 3.665853e-06 	 1.110639e+07 	
3.34684685e+06 	 3.660401e-06 	 1.110300e+07 	
3.34734735e+06 	 3.654954e-06 	 1.109962e+07 	
3.34784785e+06 	 3.649511e-06 	 1.109623e+07 	
3.34834835e+06 	 3.644072e-06 	 1.109284e+07 	
3.34884885e+06 	 3.638820e-06 	 1.108944e+07 	
3.34934935e+06 	 3.633392e-06 	 1.108605e+07 	
3.34984985e+06 	 3.627967e-06 	 1.108267e+07 	
3.35035035e+06 	 3.622547e-06 	 1.107929e+07 	
3.35085085e+06 	 3.617131e-06 	 1.107592e+07 	
3.35135135e+06 	 3.611719e-06 	 1.107254e+07 	
3.35185185e+06 	 3.606311e-06 	 1.106916e+07 	
3.35235235e+06 	 3.600908e-06 	 1.106579e+07 	
3.35285285e+06 	 3.595509e-06 	 1.106242e+07 	
3.35335335e+06 	 3.590114e-06 	 1.105904e+07 	
3.35385385e+06 	 3.584723e-06 	 1.105567e+07 	
3.35435435e+06 	 3.579337e-06 	 1.105231e+07 	
3.35485485e+06 	 3.573955e-06 	 1.104894e+07 	
3.35535536e+06 	 3.568576e-06 	 1.104557e+07 	
3.35585586e+06 	 3.563202e-06 	 1.104221e+07 	
3.35635636e+06 	 3.557833e-06 	 1.103885e+07 	
3.35685686e+06 	 3.552467e-06 	 1.103549e+07 	
3.35735736e+06 	 3.547106e-06 	 1.103213e+07 	
3.35785786e+06 	 3.541748e-06 	 1.102877e+07 	
3.35835836e+06 	 3.536395e-06 	 1.102541e+07 	
3.35885886e+06 	 3.531046e-06 	 1.102206e+07 	
3.35935936e+06 	 3.525701e-06 	 1.101870e+07 	
3.35985986e+06 	 3.520361e-06 	 1.101535e+07 	
3.36036036e+06 	 3.515024e-06 	 1.101200e+07 	
3.36086086e+06 	 3.509692e-06 	 1.100865e+07 	
3.36136136e+06 	 3.504363e-06 	 1.100530e+07 	
3.36186186e+06 	 3.499039e-06 	 1.100195e+07 	
3.36236236e+06 	 3.493719e-06 	 1.099861e+07 	
3.36286286e+06 	 3.488403e-06 	 1.099526e+07 	
3.36336336e+06 	 3.483091e-06 	 1.099192e+07 	
3.36386386e+06 	 3.477783e-06 	 1.098858e+07 	
3.36436436e+06 	 3.472479e-06 	 1.098524e+07 	
3.36486486e+06 	 3.467180e-06 	 1.098190e+07 	
3.36536537e+06 	 3.461884e-06 	 1.097856e+07 	
3.36586587e+06 	 3.456593e-06 	 1.097523e+07 	
3.36636637e+06 	 3.451305e-06 	 1.097189e+07 	
3.36686687e+06 	 3.446022e-06 	 1.096856e+07 	
3.36736737e+06 	 3.440742e-06 	 1.096523e+07 	
3.36786787e+06 	 3.435467e-06 	 1.096190e+07 	
3.36836837e+06 	 3.430196e-06 	 1.095857e+07 	
3.36886887e+06 	 3.424928e-06 	 1.095525e+07 	
3.36936937e+06 	 3.419665e-06 	 1.095192e+07 	
3.36986987e+06 	 3.414406e-06 	 1.094860e+07 	
3.37037037e+06 	 3.409150e-06 	 1.094527e+07 	
3.37087087e+06 	 3.403899e-06 	 1.094195e+07 	
3.37137137e+06 	 3.398652e-06 	 1.093863e+07 	
3.37187187e+06 	 3.393409e-06 	 1.093531e+07 	
3.37237237e+06 	 3.388169e-06 	 1.093200e+07 	
3.37287287e+06 	 3.382934e-06 	 1.092868e+07 	
3.37337337e+06 	 3.377703e-06 	 1.092537e+07 	
3.37387387e+06 	 3.372476e-06 	 1.092206e+07 	
3.37437437e+06 	 3.367252e-06 	 1.091874e+07 	
3.37487487e+06 	 3.362033e-06 	 1.091543e+07 	
3.37537538e+06 	 3.356817e-06 	 1.091213e+07 	
3.37587588e+06 	 3.351606e-06 	 1.090882e+07 	
3.37637638e+06 	 3.346398e-06 	 1.090551e+07 	
3.37687688e+06 	 3.341195e-06 	 1.090221e+07 	
3.37737738e+06 	 3.335995e-06 	 1.089891e+07 	
3.37787788e+06 	 3.330799e-06 	 1.089561e+07 	
3.37837838e+06 	 3.325607e-06 	 1.089231e+07 	
3.37887888e+06 	 3.320419e-06 	 1.088901e+07 	
3.37937938e+06 	 3.315235e-06 	 1.088571e+07 	
3.37987988e+06 	 3.310055e-06 	 1.088242e+07 	
3.38038038e+06 	 3.304879e-06 	 1.087912e+07 	
3.38088088e+06 	 3.299706e-06 	 1.087583e+07 	
3.38138138e+06 	 3.294538e-06 	 1.087254e+07 	
3.38188188e+06 	 3.289373e-06 	 1.086925e+07 	
3.38238238e+06 	 3.284213e-06 	 1.086596e+07 	
3.38288288e+06 	 3.279056e-06 	 1.086267e+07 	
3.38338338e+06 	 3.273903e-06 	 1.085939e+07 	
3.38388388e+06 	 3.268754e-06 	 1.085610e+07 	
3.38438438e+06 	 3.263608e-06 	 1.085282e+07 	
3.38488488e+06 	 3.258467e-06 	 1.084954e+07 	
3.38538539e+06 	 3.253329e-06 	 1.084626e+07 	
3.38588589e+06 	 3.248195e-06 	 1.084298e+07 	
3.38638639e+06 	 3.243065e-06 	 1.083971e+07 	
3.38688689e+06 	 3.237939e-06 	 1.083643e+07 	
3.38738739e+06 	 3.232655e-06 	 1.083318e+07 	
3.38788789e+06 	 3.227535e-06 	 1.082991e+07 	
3.38838839e+06 	 3.222419e-06 	 1.082663e+07 	
3.38888889e+06 	 3.217307e-06 	 1.082337e+07 	
3.38938939e+06 	 3.212199e-06 	 1.082010e+07 	
3.38988989e+06 	 3.207094e-06 	 1.081683e+07 	
3.39039039e+06 	 3.201994e-06 	 1.081357e+07 	
3.39089089e+06 	 3.196897e-06 	 1.081030e+07 	
3.39139139e+06 	 3.191803e-06 	 1.080704e+07 	
3.39189189e+06 	 3.186714e-06 	 1.080378e+07 	
3.39239239e+06 	 3.181628e-06 	 1.080052e+07 	
3.39289289e+06 	 3.176546e-06 	 1.079726e+07 	
3.39339339e+06 	 3.171468e-06 	 1.079400e+07 	
3.39389389e+06 	 3.166394e-06 	 1.079075e+07 	
3.39439439e+06 	 3.161323e-06 	 1.078749e+07 	
3.39489489e+06 	 3.156256e-06 	 1.078424e+07 	
3.39539540e+06 	 3.151193e-06 	 1.078099e+07 	
3.39589590e+06 	 3.146133e-06 	 1.077774e+07 	
3.39639640e+06 	 3.141077e-06 	 1.077449e+07 	
3.39689690e+06 	 3.136025e-06 	 1.077125e+07 	
3.39739740e+06 	 3.130976e-06 	 1.076800e+07 	
3.39789790e+06 	 3.125932e-06 	 1.076476e+07 	
3.39839840e+06 	 3.120891e-06 	 1.076152e+07 	
3.39889890e+06 	 3.115853e-06 	 1.075828e+07 	
3.39939940e+06 	 3.110819e-06 	 1.075504e+07 	
3.39989990e+06 	 3.105789e-06 	 1.075180e+07 	
3.40040040e+06 	 3.100763e-06 	 1.074856e+07 	
3.40090090e+06 	 3.095740e-06 	 1.074533e+07 	
3.40140140e+06 	 3.090721e-06 	 1.074209e+07 	
3.40190190e+06 	 3.085706e-06 	 1.073886e+07 	
3.40240240e+06 	 3.080694e-06 	 1.073563e+07 	
3.40290290e+06 	 3.075686e-06 	 1.073240e+07 	
3.40340340e+06 	 3.070681e-06 	 1.072917e+07 	
3.40390390e+06 	 3.065680e-06 	 1.072595e+07 	
3.40440440e+06 	 3.060683e-06 	 1.072272e+07 	
3.40490490e+06 	 3.055690e-06 	 1.071950e+07 	
3.40540541e+06 	 3.050700e-06 	 1.071627e+07 	
3.40590591e+06 	 3.045713e-06 	 1.071305e+07 	
3.40640641e+06 	 3.040730e-06 	 1.070983e+07 	
3.40690691e+06 	 3.035751e-06 	 1.070662e+07 	
3.40740741e+06 	 3.030776e-06 	 1.070340e+07 	
3.40790791e+06 	 3.025804e-06 	 1.070018e+07 	
3.40840841e+06 	 3.020835e-06 	 1.069697e+07 	
3.40890891e+06 	 3.015870e-06 	 1.069376e+07 	
3.40940941e+06 	 3.010909e-06 	 1.069055e+07 	
3.40990991e+06 	 3.005951e-06 	 1.068734e+07 	
3.41041041e+06 	 3.000997e-06 	 1.068413e+07 	
3.41091091e+06 	 2.996047e-06 	 1.068092e+07 	
3.41141141e+06 	 2.991099e-06 	 1.067772e+07 	
3.41191191e+06 	 2.986156e-06 	 1.067452e+07 	
3.41241241e+06 	 2.981216e-06 	 1.067131e+07 	
3.41291291e+06 	 2.976280e-06 	 1.066811e+07 	
3.41341341e+06 	 2.971347e-06 	 1.066491e+07 	
3.41391391e+06 	 2.966417e-06 	 1.066172e+07 	
3.41441441e+06 	 2.961491e-06 	 1.065852e+07 	
3.41491491e+06 	 2.956569e-06 	 1.065533e+07 	
3.41541542e+06 	 2.951650e-06 	 1.065213e+07 	
3.41591592e+06 	 2.946735e-06 	 1.064894e+07 	
3.41641642e+06 	 2.941823e-06 	 1.064575e+07 	
3.41691692e+06 	 2.936915e-06 	 1.064256e+07 	
3.41741742e+06 	 2.932010e-06 	 1.063937e+07 	
3.41791792e+06 	 2.927109e-06 	 1.063619e+07 	
3.41841842e+06 	 2.922211e-06 	 1.063300e+07 	
3.41891892e+06 	 2.917317e-06 	 1.062982e+07 	
3.41941942e+06 	 2.912426e-06 	 1.062664e+07 	
3.41991992e+06 	 2.907538e-06 	 1.062346e+07 	
3.42042042e+06 	 2.902654e-06 	 1.062028e+07 	
3.42092092e+06 	 2.897774e-06 	 1.061710e+07 	
3.42142142e+06 	 2.892897e-06 	 1.061392e+07 	
3.42192192e+06 	 2.888023e-06 	 1.061075e+07 	
3.42242242e+06 	 2.883153e-06 	 1.060757e+07 	
3.42292292e+06 	 2.878286e-06 	 1.060440e+07 	
3.42342342e+06 	 2.873423e-06 	 1.060123e+07 	
3.42392392e+06 	 2.868563e-06 	 1.059806e+07 	
3.42442442e+06 	 2.863706e-06 	 1.059490e+07 	
3.42492492e+06 	 2.858853e-06 	 1.059173e+07 	
3.42542543e+06 	 2.854004e-06 	 1.058857e+07 	
3.42592593e+06 	 2.849157e-06 	 1.058540e+07 	
3.42642643e+06 	 2.844172e-06 	 1.058226e+07 	
3.42692693e+06 	 2.839331e-06 	 1.057910e+07 	
3.42742743e+06 	 2.834494e-06 	 1.057594e+07 	
3.42792793e+06 	 2.829660e-06 	 1.057279e+07 	
3.42842843e+06 	 2.824830e-06 	 1.056963e+07 	
3.42892893e+06 	 2.820003e-06 	 1.056648e+07 	
3.42942943e+06 	 2.815179e-06 	 1.056332e+07 	
3.42992993e+06 	 2.810359e-06 	 1.056017e+07 	
3.43043043e+06 	 2.805542e-06 	 1.055702e+07 	
3.43093093e+06 	 2.800729e-06 	 1.055387e+07 	
3.43143143e+06 	 2.795919e-06 	 1.055073e+07 	
3.43193193e+06 	 2.791112e-06 	 1.054758e+07 	
3.43243243e+06 	 2.786308e-06 	 1.054444e+07 	
3.43293293e+06 	 2.781508e-06 	 1.054129e+07 	
3.43343343e+06 	 2.776712e-06 	 1.053815e+07 	
3.43393393e+06 	 2.771918e-06 	 1.053501e+07 	
3.43443443e+06 	 2.767128e-06 	 1.053188e+07 	
3.43493493e+06 	 2.762341e-06 	 1.052874e+07 	
3.43543544e+06 	 2.757557e-06 	 1.052560e+07 	
3.43593594e+06 	 2.752777e-06 	 1.052247e+07 	
3.43643644e+06 	 2.748000e-06 	 1.051934e+07 	
3.43693694e+06 	 2.743227e-06 	 1.051621e+07 	
3.43743744e+06 	 2.738456e-06 	 1.051308e+07 	
3.43793794e+06 	 2.733689e-06 	 1.050995e+07 	
3.43843844e+06 	 2.728925e-06 	 1.050682e+07 	
3.43893894e+06 	 2.724165e-06 	 1.050370e+07 	
3.43943944e+06 	 2.719408e-06 	 1.050057e+07 	
3.43993994e+06 	 2.714654e-06 	 1.049745e+07 	
3.44044044e+06 	 2.709903e-06 	 1.049433e+07 	
3.44094094e+06 	 2.705156e-06 	 1.049121e+07 	
3.44144144e+06 	 2.700412e-06 	 1.048809e+07 	
3.44194194e+06 	 2.695671e-06 	 1.048498e+07 	
3.44244244e+06 	 2.690933e-06 	 1.048186e+07 	
3.44294294e+06 	 2.686199e-06 	 1.047875e+07 	
3.44344344e+06 	 2.681467e-06 	 1.047564e+07 	
3.44394394e+06 	 2.676739e-06 	 1.047253e+07 	
3.44444444e+06 	 2.672015e-06 	 1.046942e+07 	
3.44494494e+06 	 2.667293e-06 	 1.046631e+07 	
3.44544545e+06 	 2.662575e-06 	 1.046320e+07 	
3.44594595e+06 	 2.657860e-06 	 1.046010e+07 	
3.44644645e+06 	 2.653148e-06 	 1.045699e+07 	
3.44694695e+06 	 2.648439e-06 	 1.045389e+07 	
3.44744745e+06 	 2.643734e-06 	 1.045079e+07 	
3.44794795e+06 	 2.639032e-06 	 1.044769e+07 	
3.44844845e+06 	 2.634333e-06 	 1.044460e+07 	
3.44894895e+06 	 2.629637e-06 	 1.044150e+07 	
3.44944945e+06 	 2.624944e-06 	 1.043841e+07 	
3.44994995e+06 	 2.620255e-06 	 1.043531e+07 	
3.45045045e+06 	 2.615568e-06 	 1.043222e+07 	
3.45095095e+06 	 2.610885e-06 	 1.042913e+07 	
3.45145145e+06 	 2.606205e-06 	 1.042604e+07 	
3.45195195e+06 	 2.601528e-06 	 1.042296e+07 	
3.45245245e+06 	 2.596855e-06 	 1.041987e+07 	
3.45295295e+06 	 2.592184e-06 	 1.041679e+07 	
3.45345345e+06 	 2.587517e-06 	 1.041370e+07 	
3.45395395e+06 	 2.582853e-06 	 1.041062e+07 	
3.45445445e+06 	 2.578192e-06 	 1.040754e+07 	
3.45495495e+06 	 2.573534e-06 	 1.040447e+07 	
3.45545546e+06 	 2.568879e-06 	 1.040139e+07 	
3.45595596e+06 	 2.564228e-06 	 1.039831e+07 	
3.45645646e+06 	 2.559579e-06 	 1.039524e+07 	
3.45695696e+06 	 2.554934e-06 	 1.039217e+07 	
3.45745746e+06 	 2.550291e-06 	 1.038910e+07 	
3.45795796e+06 	 2.545652e-06 	 1.038603e+07 	
3.45845846e+06 	 2.541016e-06 	 1.038296e+07 	
3.45895896e+06 	 2.536383e-06 	 1.037989e+07 	
3.45945946e+06 	 2.531754e-06 	 1.037683e+07 	
3.45995996e+06 	 2.527127e-06 	 1.037377e+07 	
3.46046046e+06 	 2.522503e-06 	 1.037070e+07 	
3.46096096e+06 	 2.517883e-06 	 1.036764e+07 	
3.46146146e+06 	 2.513265e-06 	 1.036458e+07 	
3.46196196e+06 	 2.508651e-06 	 1.036153e+07 	
3.46246246e+06 	 2.504040e-06 	 1.035847e+07 	
3.46296296e+06 	 2.499432e-06 	 1.035542e+07 	
3.46346346e+06 	 2.494826e-06 	 1.035236e+07 	
3.46396396e+06 	 2.490224e-06 	 1.034931e+07 	
3.46446446e+06 	 2.485625e-06 	 1.034626e+07 	
3.46496496e+06 	 2.481030e-06 	 1.034321e+07 	
3.46546547e+06 	 2.476312e-06 	 1.034019e+07 	
3.46596597e+06 	 2.471722e-06 	 1.033714e+07 	
3.46646647e+06 	 2.467134e-06 	 1.033410e+07 	
3.46696697e+06 	 2.462549e-06 	 1.033106e+07 	
3.46746747e+06 	 2.457968e-06 	 1.032802e+07 	
3.46796797e+06 	 2.453389e-06 	 1.032498e+07 	
3.46846847e+06 	 2.448814e-06 	 1.032194e+07 	
3.46896897e+06 	 2.444241e-06 	 1.031890e+07 	
3.46946947e+06 	 2.439672e-06 	 1.031587e+07 	
3.46996997e+06 	 2.435106e-06 	 1.031284e+07 	
3.47047047e+06 	 2.430542e-06 	 1.030980e+07 	
3.47097097e+06 	 2.425982e-06 	 1.030677e+07 	
3.47147147e+06 	 2.421424e-06 	 1.030374e+07 	
3.47197197e+06 	 2.416870e-06 	 1.030072e+07 	
3.47247247e+06 	 2.412319e-06 	 1.029769e+07 	
3.47297297e+06 	 2.407770e-06 	 1.029467e+07 	
3.47347347e+06 	 2.403225e-06 	 1.029164e+07 	
3.47397397e+06 	 2.398683e-06 	 1.028862e+07 	
3.47447447e+06 	 2.394143e-06 	 1.028560e+07 	
3.47497497e+06 	 2.389607e-06 	 1.028259e+07 	
3.47547548e+06 	 2.385073e-06 	 1.027957e+07 	
3.47597598e+06 	 2.380543e-06 	 1.027655e+07 	
3.47647648e+06 	 2.376015e-06 	 1.027354e+07 	
3.47697698e+06 	 2.371491e-06 	 1.027053e+07 	
3.47747748e+06 	 2.366969e-06 	 1.026752e+07 	
3.47797798e+06 	 2.362451e-06 	 1.026451e+07 	
3.47847848e+06 	 2.357935e-06 	 1.026150e+07 	
3.47897898e+06 	 2.353423e-06 	 1.025850e+07 	
3.47947948e+06 	 2.348913e-06 	 1.025549e+07 	
3.47997998e+06 	 2.344406e-06 	 1.025249e+07 	
3.48048048e+06 	 2.339902e-06 	 1.024949e+07 	
3.48098098e+06 	 2.335402e-06 	 1.024649e+07 	
3.48148148e+06 	 2.330904e-06 	 1.024349e+07 	
3.48198198e+06 	 2.326409e-06 	 1.024049e+07 	
3.48248248e+06 	 2.321917e-06 	 1.023750e+07 	
3.48298298e+06 	 2.317428e-06 	 1.023450e+07 	
3.48348348e+06 	 2.312941e-06 	 1.023151e+07 	
3.48398398e+06 	 2.308458e-06 	 1.022852e+07 	
3.48448448e+06 	 2.303978e-06 	 1.022553e+07 	
3.48498498e+06 	 2.299500e-06 	 1.022254e+07 	
3.48548549e+06 	 2.295026e-06 	 1.021956e+07 	
3.48598599e+06 	 2.290554e-06 	 1.021657e+07 	
3.48648649e+06 	 2.286086e-06 	 1.021359e+07 	
3.48698699e+06 	 2.281620e-06 	 1.021061e+07 	
3.48748749e+06 	 2.277157e-06 	 1.020763e+07 	
3.48798799e+06 	 2.272697e-06 	 1.020465e+07 	
3.48848849e+06 	 2.268240e-06 	 1.020167e+07 	
3.48898899e+06 	 2.263786e-06 	 1.019870e+07 	
3.48948949e+06 	 2.259335e-06 	 1.019572e+07 	
3.48998999e+06 	 2.254886e-06 	 1.019275e+07 	
3.49049049e+06 	 2.250441e-06 	 1.018978e+07 	
3.49099099e+06 	 2.245998e-06 	 1.018681e+07 	
3.49149149e+06 	 2.241559e-06 	 1.018384e+07 	
3.49199199e+06 	 2.237122e-06 	 1.018088e+07 	
3.49249249e+06 	 2.232688e-06 	 1.017791e+07 	
3.49299299e+06 	 2.228257e-06 	 1.017495e+07 	
3.49349349e+06 	 2.223829e-06 	 1.017199e+07 	
3.49399399e+06 	 2.219403e-06 	 1.016903e+07 	
3.49449449e+06 	 2.214981e-06 	 1.016607e+07 	
3.49499499e+06 	 2.210561e-06 	 1.016311e+07 	
3.49549550e+06 	 2.206145e-06 	 1.016016e+07 	
3.49599600e+06 	 2.201731e-06 	 1.015720e+07 	
3.49649650e+06 	 2.197320e-06 	 1.015425e+07 	
3.49699700e+06 	 2.192912e-06 	 1.015130e+07 	
3.49749750e+06 	 2.188506e-06 	 1.014835e+07 	
3.49799800e+06 	 2.184104e-06 	 1.014540e+07 	
3.49849850e+06 	 2.179704e-06 	 1.014246e+07 	
3.49899900e+06 	 2.175307e-06 	 1.013951e+07 	
3.49949950e+06 	 2.170914e-06 	 1.013657e+07 	
3.50000000e+06 	 2.166522e-06 	 1.013363e+07 	
3.51986847e+06 	 1.994350e-06 	 1.001818e+07 	
3.53984972e+06 	 1.825702e-06 	 9.904651e+06 	
3.55994440e+06 	 1.660630e-06 	 9.793187e+06 	
3.58015316e+06 	 1.499094e-06 	 9.684025e+06 	
3.60047663e+06 	 1.341372e-06 	 9.577396e+06 	
3.62091547e+06 	 1.188070e-06 	 9.473517e+06 	
3.64147034e+06 	 1.039830e-06 	 9.372681e+06 	
3.66214189e+06 	 8.973890e-07 	 9.275275e+06 	
3.68293079e+06 	 7.618093e-07 	 9.181703e+06 	
3.70383770e+06 	 6.345292e-07 	 9.092297e+06 	
3.72486329e+06 	 5.169185e-07 	 9.007508e+06 	
3.74600824e+06 	 4.104699e-07 	 8.927722e+06 	
3.76727322e+06 	 3.164812e-07 	 8.853347e+06 	
3.78865892e+06 	 2.359968e-07 	 8.784630e+06 	
3.81016602e+06 	 1.694667e-07 	 8.721796e+06 	
3.83179521e+06 	 1.167003e-07 	 8.664838e+06 	
3.85354718e+06 	 7.674541e-08 	 8.613644e+06 	
3.87542263e+06 	 4.801533e-08 	 8.567860e+06 	
3.89742226e+06 	 2.848137e-08 	 8.527010e+06 	
3.91954677e+06 	 1.597069e-08 	 8.490558e+06 	
3.94179688e+06 	 8.447875e-09 	 8.457715e+06 	
3.96417330e+06 	 4.209034e-09 	 8.427555e+06 	
3.98667674e+06 	 1.973256e-09 	 8.399724e+06 	
4.46249913e+06 	 1.000000e-20 	 7.912015e+06 	
4.99511241e+06 	 1.000000e-20 	 7.457970e+06 	
5.59129477e+06 	 1.000000e-20 	 7.032197e+06 	
6.25863335e+06 	 1.000000e-20 	 6.632564e+06 	
7.00562090e+06 	 1.000000e-20 	 6.257160e+06 	
7.84176375e+06 	 1.000000e-20 	 5.904263e+06 	
8.77770288e+06 	 1.000000e-20 	 5.572319e+06 	
9.82534929e+06 	 1.000000e-20 	 5.259910e+06 	
1.09980356e+07 	 1.000000e-20 	 4.965745e+06 	
1.23106857e+07 	 1.000000e-20 	 4.688641e+06 	
1.37800047e+07 	 1.000000e-20 	 4.427510e+06 	
1.54246915e+07 	 1.000000e-20 	 4.181349e+06 	
1.72656768e+07 	 1.000000e-20 	 3.949232e+06 	
1.93263896e+07 	 1.000000e-20 	 3.730300e+06 	
2.16330549e+07 	 1.000000e-20 	 3.523757e+06 	
2.42150279e+07 	 1.000000e-20 	 3.328862e+06 	
2.71051675e+07 	 1.000000e-20 	 3.144924e+06 	
3.03402544e+07 	 1.000000e-20 	 2.971300e+06 	
3.39614591e+07 	 1.000000e-20 	 2.807386e+06 	
3.80148658e+07 	 1.000000e-20 	 2.652621e+06 	
4.25520595e+07 	 1.000000e-20 	 2.506477e+06 	
4.76307814e+07 	 1.000000e-20 	 2.368460e+06 	
5.33156647e+07 	 1.000000e-20 	 2.238105e+06 	
5.96790567e+07 	 1.000000e-20 	 2.114979e+06 	
6.68019396e+07 	 1.000000e-20 	 1.998671e+06 	
7.47749608e+07 	 1.000000e-20 	 1.888797e+06 	
8.36995872e+07 	 1.000000e-20 	 1.784995e+06 	
9.36893958e+07 	 1.000000e-20 	 1.686924e+06 	
1.04871519e+08 	 1.000000e-20 	 1.594265e+06 	
1.17388265e+08 	 1.000000e-20 	 1.506714e+06 	
1.31398923e+08 	 1.000000e-20 	 1.423987e+06 	
1.47081797e+08 	 1.000000e-20 	 1.345817e+06 	
1.64636471e+08 	 1.000000e-20 	 1.271948e+06 	
1.84286351e+08 	 1.000000e-20 	 1.202144e+06 	
2.06281505e+08 	 1.000000e-20 	 1.136179e+06 	
2.30901851e+08 	 1.000000e-20 	 1.073841e+06 	
2.58460712e+08 	 1.000000e-20 	 1.014929e+06 	
2.89308809e+08 	 1.000000e-20 	 9.592533e+05 	
3.23838724e+08 	 1.000000e-20 	 9.066362e+05 	
3.62489893e+08 	 1.000000e-20 	 8.569088e+05 	
4.05754200e+08 	 1.000000e-20 	 8.099119e+05 	
4.54182238e+08 	 1.000000e-20 	 7.654950e+05 	
5.08390314e+08 	 1.000000e-20 	 7.235160e+05 	
5.69068295e+08 	 1.000000e-20 	 6.838410e+05 	
6.36988383e+08 	 1.000000e-20 	 6.463431e+05 	
7.13014947e+08 	 1.000000e-20 	 6.109026e+05 	
7.98115520e+08 	 1.000000e-20 	 5.774065e+05 	
8.93373113e+08 	 1.000000e-20 	 5.457479e+05 	
1.00000000e+09 	 1.000000e-20 	 5.158259e+05 	
