r (cm)        	 rho (g/cm3) 	 T (K)       		 Linf = 2.045327e+38
1.20004626e+06 	 5.594741e+04 	 1.267764e+09 	
1.20027722e+06 	 4.860766e+04 	 1.223596e+09 	
1.20050940e+06 	 4.205935e+04 	 1.179797e+09 	
1.20074157e+06 	 3.626788e+04 	 1.136622e+09 	
1.20097375e+06 	 3.116262e+04 	 1.094092e+09 	
1.20116462e+06 	 2.743282e+04 	 1.059624e+09 	
1.20135550e+06 	 2.408785e+04 	 1.025618e+09 	
1.20154638e+06 	 2.109542e+04 	 9.920877e+08 	
1.20173725e+06 	 1.842521e+04 	 9.590446e+08 	
1.20192813e+06 	 1.604877e+04 	 9.265023e+08 	
1.20211764e+06 	 1.395376e+04 	 8.947022e+08 	
1.20230715e+06 	 1.209784e+04 	 8.634222e+08 	
1.20249665e+06 	 1.045838e+04 	 8.326759e+08 	
1.20265177e+06 	 9.262813e+03 	 8.079165e+08 	
1.20280688e+06 	 8.187400e+03 	 7.835315e+08 	
1.20296200e+06 	 7.222051e+03 	 7.595286e+08 	
1.20311711e+06 	 6.357322e+03 	 7.359154e+08 	
1.20327222e+06 	 5.584384e+03 	 7.126997e+08 	
1.20342734e+06 	 4.895006e+03 	 6.898892e+08 	
1.20358308e+06 	 4.279182e+03 	 6.674016e+08 	
1.20373883e+06 	 3.732673e+03 	 6.453378e+08 	
1.20389457e+06 	 3.248807e+03 	 6.237056e+08 	
1.20402274e+06 	 2.893220e+03 	 6.062317e+08 	
1.20415092e+06 	 2.572686e+03 	 5.890593e+08 	
1.20427909e+06 	 2.284226e+03 	 5.721923e+08 	
1.20440726e+06 	 2.025063e+03 	 5.556346e+08 	
1.20453544e+06 	 1.792614e+03 	 5.393901e+08 	
1.20466361e+06 	 1.584477e+03 	 5.234624e+08 	
1.20479178e+06 	 1.398429e+03 	 5.078550e+08 	
1.20492435e+06 	 1.227048e+03 	 4.920529e+08 	
1.20505692e+06 	 1.074995e+03 	 4.766005e+08 	
1.20516618e+06 	 9.628331e+02 	 4.641299e+08 	
1.20527545e+06 	 8.614875e+02 	 4.519008e+08 	
1.20538471e+06 	 7.700303e+02 	 4.399147e+08 	
1.20549397e+06 	 6.876002e+02 	 4.281730e+08 	
1.20560323e+06 	 6.133989e+02 	 4.166770e+08 	
1.20571250e+06 	 5.466876e+02 	 4.054278e+08 	
1.20582176e+06 	 4.867843e+02 	 3.944263e+08 	
1.20593102e+06 	 4.330597e+02 	 3.836733e+08 	
1.20604028e+06 	 3.849347e+02 	 3.731695e+08 	
1.20615581e+06 	 3.395534e+02 	 3.623352e+08 	
1.20625127e+06 	 3.059136e+02 	 3.535923e+08 	
1.20634674e+06 	 2.754497e+02 	 3.450399e+08 	
1.20644221e+06 	 2.478857e+02 	 3.366781e+08 	
1.20653768e+06 	 2.229665e+02 	 3.285065e+08 	
1.20663315e+06 	 2.004568e+02 	 3.205247e+08 	
1.20672862e+06 	 1.801398e+02 	 3.127323e+08 	
1.20682409e+06 	 1.618163e+02 	 3.051285e+08 	
1.20691956e+06 	 1.453030e+02 	 2.977126e+08 	
1.20701503e+06 	 1.304319e+02 	 2.904837e+08 	
1.20711049e+06 	 1.170488e+02 	 2.834407e+08 	
1.20720596e+06 	 1.050130e+02 	 2.765823e+08 	
1.20730143e+06 	 9.419564e+01 	 2.699072e+08 	
1.20739690e+06 	 8.447912e+01 	 2.634140e+08 	
1.20749237e+06 	 7.575635e+01 	 2.571010e+08 	
1.20758505e+06 	 6.814659e+01 	 2.511431e+08 	
1.20767773e+06 	 6.130015e+01 	 2.453517e+08 	
1.20777041e+06 	 5.514303e+01 	 2.397248e+08 	
1.20786309e+06 	 4.960793e+01 	 2.342605e+08 	
1.20795577e+06 	 4.463371e+01 	 2.289567e+08 	
1.20804845e+06 	 4.016489e+01 	 2.238112e+08 	
1.20814113e+06 	 3.615113e+01 	 2.188218e+08 	
1.20823380e+06 	 3.254688e+01 	 2.139859e+08 	
1.20832648e+06 	 2.931092e+01 	 2.093012e+08 	
1.20841916e+06 	 2.640597e+01 	 2.047650e+08 	
1.20851184e+06 	 2.379839e+01 	 2.003746e+08 	
1.20860452e+06 	 2.145783e+01 	 1.961274e+08 	
1.20869720e+06 	 1.935693e+01 	 1.920205e+08 	
1.20878988e+06 	 1.747104e+01 	 1.880510e+08 	
1.20888256e+06 	 1.577798e+01 	 1.842159e+08 	
1.20897524e+06 	 1.425782e+01 	 1.805122e+08 	
1.20906792e+06 	 1.289264e+01 	 1.769369e+08 	
1.20916060e+06 	 1.166635e+01 	 1.734869e+08 	
1.20925328e+06 	 1.056450e+01 	 1.701591e+08 	
1.20936297e+06 	 9.403520e+00 	 1.663739e+08 	
1.20947266e+06 	 8.379720e+00 	 1.627502e+08 	
1.20958235e+06 	 7.476355e+00 	 1.592826e+08 	
1.20969205e+06 	 6.678731e+00 	 1.559659e+08 	
1.20980174e+06 	 5.973960e+00 	 1.527948e+08 	
1.20991143e+06 	 5.350741e+00 	 1.497640e+08 	
1.21002112e+06 	 4.799169e+00 	 1.468684e+08 	
1.21013081e+06 	 4.310566e+00 	 1.441028e+08 	
1.21024051e+06 	 3.877327e+00 	 1.414620e+08 	
1.21035020e+06 	 3.492790e+00 	 1.389411e+08 	
1.21045989e+06 	 3.151119e+00 	 1.365352e+08 	
1.21056958e+06 	 2.847201e+00 	 1.342394e+08 	
1.21067928e+06 	 2.576556e+00 	 1.320490e+08 	
1.21078897e+06 	 2.335255e+00 	 1.299593e+08 	
1.21089866e+06 	 2.119857e+00 	 1.279661e+08 	
1.21100835e+06 	 1.927341e+00 	 1.260647e+08 	
1.21114709e+06 	 1.712527e+00 	 1.237852e+08 	
1.21128583e+06 	 1.525474e+00 	 1.216378e+08 	
1.21142456e+06 	 1.362249e+00 	 1.196148e+08 	
1.21156330e+06 	 1.219511e+00 	 1.177087e+08 	
1.21170204e+06 	 1.094418e+00 	 1.159122e+08 	
1.21184077e+06 	 9.845497e-01 	 1.142188e+08 	
1.21197951e+06 	 8.878406e-01 	 1.126219e+08 	
1.21211825e+06 	 8.025278e-01 	 1.111155e+08 	
1.21229493e+06 	 7.080180e-01 	 1.093192e+08 	
1.21247162e+06 	 6.269456e-01 	 1.076494e+08 	
1.21264831e+06 	 5.571552e-01 	 1.060961e+08 	
1.21282500e+06 	 4.968677e-01 	 1.046499e+08 	
1.21300168e+06 	 4.446102e-01 	 1.033021e+08 	
1.21317837e+06 	 3.991602e-01 	 1.020449e+08 	
1.21335506e+06 	 3.594998e-01 	 1.008708e+08 	
1.21358364e+06 	 3.154135e-01 	 9.946478e+07 	
1.21381222e+06 	 2.781015e-01 	 9.817392e+07 	
1.21404080e+06 	 2.463607e-01 	 9.698666e+07 	
1.21426939e+06 	 2.192251e-01 	 9.589264e+07 	
1.21449797e+06 	 1.959154e-01 	 9.488264e+07 	
1.21479343e+06 	 1.704413e-01 	 9.368840e+07 	
1.21508889e+06 	 1.492312e-01 	 9.260537e+07 	
1.21538435e+06 	 1.314472e-01 	 9.162017e+07 	
1.21567981e+06 	 1.164367e-01 	 9.072124e+07 	
1.21602981e+06 	 1.015468e-01 	 8.975436e+07 	
1.21637982e+06 	 8.917302e-02 	 8.888040e+07 	
1.21672982e+06 	 7.880951e-02 	 8.808734e+07 	
1.21707982e+06 	 7.006585e-02 	 8.736499e+07 	
1.21757497e+06 	 5.988544e-02 	 8.644727e+07 	
1.21807012e+06 	 5.170033e-02 	 8.563355e+07 	
1.21856527e+06 	 4.504223e-02 	 8.490741e+07 	
1.21922225e+06 	 3.799082e-02 	 8.405670e+07 	
1.21987923e+06 	 3.246046e-02 	 8.331229e+07 	
1.22053621e+06 	 2.805633e-02 	 8.265505e+07 	
1.22143132e+06 	 2.338080e-02 	 8.187342e+07 	
1.22232643e+06 	 1.980936e-02 	 8.119732e+07 	
1.22322154e+06 	 1.702695e-02 	 8.060535e+07 	
1.22451720e+06 	 1.398073e-02 	 7.986559e+07 	
1.22581287e+06 	 1.173672e-02 	 7.923336e+07 	
1.22710853e+06 	 1.003919e-02 	 7.868376e+07 	
1.22860037e+06 	 8.553027e-03 	 7.813029e+07 	
1.23009221e+06 	 7.418385e-03 	 7.764323e+07 	
1.23158405e+06 	 6.532992e-03 	 7.720844e+07 	
1.23381475e+06 	 5.532621e-03 	 7.663396e+07 	
1.23604546e+06 	 4.797650e-03 	 7.612893e+07 	
1.23892686e+06 	 4.104902e-03 	 7.555273e+07 	
1.24180826e+06 	 3.602626e-03 	 7.504038e+07 	
1.24468966e+06 	 3.226502e-03 	 7.457571e+07 	
1.24881919e+06 	 2.832224e-03 	 7.397141e+07 	
1.25294871e+06 	 2.549493e-03 	 7.342068e+07 	
1.25910385e+06 	 2.255061e-03 	 7.266981e+07 	
1.26525900e+06 	 2.053159e-03 	 7.197774e+07 	
1.27141415e+06 	 1.906982e-03 	 7.132692e+07 	
1.27756930e+06 	 1.796095e-03 	 7.070640e+07 	
1.28772424e+06 	 1.660275e-03 	 6.973096e+07 	
1.29176706e+06 	 1.616897e-03 	 6.935569e+07 	
1.30419952e+06 	 1.506730e-03 	 6.823766e+07 	
1.31232415e+06 	 1.447313e-03 	 6.753142e+07 	
1.33039137e+06 	 1.335496e-03 	 6.601685e+07 	
1.33842694e+06 	 1.291695e-03 	 6.536499e+07 	
1.34646250e+06 	 1.250480e-03 	 6.472530e+07 	
1.35146459e+06 	 1.225933e-03 	 6.433297e+07 	
1.36306383e+06 	 1.171811e-03 	 6.343981e+07 	
1.38000000e+06 	 1.098750e-03 	 6.217531e+07 	
1.40000000e+06 	 1.020137e-03 	 6.073900e+07 	
1.42000000e+06 	 9.485971e-04 	 5.936049e+07 	
1.44000000e+06 	 8.832635e-04 	 5.803628e+07 	
1.46000000e+06 	 8.234544e-04 	 5.676323e+07 	
1.48000000e+06 	 7.686005e-04 	 5.553847e+07 	
1.50000000e+06 	 7.182134e-04 	 5.435936e+07 	
1.52000000e+06 	 6.718622e-04 	 5.322345e+07 	
1.54000000e+06 	 6.291611e-04 	 5.212845e+07 	
1.56000000e+06 	 5.897694e-04 	 5.107224e+07 	
1.58000000e+06 	 5.533858e-04 	 5.005285e+07 	
1.60000000e+06 	 5.197399e-04 	 4.906842e+07 	
1.62000000e+06 	 4.885860e-04 	 4.811722e+07 	
1.64000000e+06 	 4.597072e-04 	 4.719765e+07 	
1.66000000e+06 	 4.329064e-04 	 4.630817e+07 	
1.68000000e+06 	 4.080080e-04 	 4.544739e+07 	
1.70000000e+06 	 3.848528e-04 	 4.461395e+07 	
1.72000000e+06 	 3.632962e-04 	 4.380662e+07 	
1.74000000e+06 	 3.432073e-04 	 4.302421e+07 	
1.76000000e+06 	 3.244691e-04 	 4.226561e+07 	
1.78000000e+06 	 3.069730e-04 	 4.152978e+07 	
1.80000000e+06 	 2.906226e-04 	 4.081573e+07 	
1.82000000e+06 	 2.753301e-04 	 4.012254e+07 	
1.84000000e+06 	 2.610153e-04 	 3.944933e+07 	
1.86000000e+06 	 2.476018e-04 	 3.879526e+07 	
1.88000000e+06 	 2.350247e-04 	 3.815955e+07 	
1.90000000e+06 	 2.232226e-04 	 3.754147e+07 	
1.92000000e+06 	 2.121380e-04 	 3.694030e+07 	
1.94000000e+06 	 2.017202e-04 	 3.635538e+07 	
1.96000000e+06 	 1.919210e-04 	 3.578606e+07 	
1.98000000e+06 	 1.826982e-04 	 3.523177e+07 	
2.00000000e+06 	 1.740115e-04 	 3.469192e+07 	
2.02000000e+06 	 1.658240e-04 	 3.416597e+07 	
2.04000000e+06 	 1.581021e-04 	 3.365340e+07 	
2.06000000e+06 	 1.508144e-04 	 3.315373e+07 	
2.08000000e+06 	 1.439319e-04 	 3.266648e+07 	
2.10000000e+06 	 1.374287e-04 	 3.219121e+07 	
2.12000000e+06 	 1.312795e-04 	 3.172750e+07 	
2.14000000e+06 	 1.254622e-04 	 3.127494e+07 	
2.16000000e+06 	 1.199552e-04 	 3.083314e+07 	
2.18000000e+06 	 1.147396e-04 	 3.040174e+07 	
2.20000000e+06 	 1.097968e-04 	 2.998039e+07 	
2.22000000e+06 	 1.051098e-04 	 2.956873e+07 	
2.24000000e+06 	 1.006636e-04 	 2.916647e+07 	
2.26000000e+06 	 9.644290e-05 	 2.877327e+07 	
2.28000000e+06 	 9.243490e-05 	 2.838885e+07 	
2.30000000e+06 	 8.862707e-05 	 2.801294e+07 	
2.32000000e+06 	 8.500699e-05 	 2.764524e+07 	
2.34000000e+06 	 8.156432e-05 	 2.728552e+07 	
2.36000000e+06 	 7.828878e-05 	 2.693352e+07 	
2.38000000e+06 	 7.517053e-05 	 2.658899e+07 	
2.40000000e+06 	 7.220106e-05 	 2.625172e+07 	
2.42000000e+06 	 6.937173e-05 	 2.592147e+07 	
2.44000000e+06 	 6.667474e-05 	 2.559805e+07 	
2.46000000e+06 	 6.410310e-05 	 2.528124e+07 	
2.48000000e+06 	 6.164967e-05 	 2.497085e+07 	
2.50000000e+06 	 5.930835e-05 	 2.466670e+07 	
2.52000000e+06 	 5.707287e-05 	 2.436859e+07 	
2.54000000e+06 	 5.493783e-05 	 2.407638e+07 	
2.56000000e+06 	 5.289752e-05 	 2.378986e+07 	
2.58000000e+06 	 5.094742e-05 	 2.350891e+07 	
2.60000000e+06 	 4.908289e-05 	 2.323335e+07 	
2.62000000e+06 	 4.729925e-05 	 2.296304e+07 	
2.64000000e+06 	 4.559240e-05 	 2.269783e+07 	
2.66000000e+06 	 4.395864e-05 	 2.243759e+07 	
2.68000000e+06 	 4.239401e-05 	 2.218217e+07 	
2.70000000e+06 	 4.089534e-05 	 2.193146e+07 	
2.72000000e+06 	 3.945935e-05 	 2.168533e+07 	
2.74000000e+06 	 3.808279e-05 	 2.144365e+07 	
2.76000000e+06 	 3.676300e-05 	 2.120632e+07 	
2.78000000e+06 	 3.549703e-05 	 2.097321e+07 	
2.80000000e+06 	 3.428234e-05 	 2.074422e+07 	
2.82000000e+06 	 3.311661e-05 	 2.051925e+07 	
2.84000000e+06 	 3.199729e-05 	 2.029819e+07 	
2.86000000e+06 	 3.092244e-05 	 2.008094e+07 	
2.88000000e+06 	 2.988998e-05 	 1.986742e+07 	
2.90000000e+06 	 2.889784e-05 	 1.965753e+07 	
2.92000000e+06 	 2.794417e-05 	 1.945118e+07 	
2.94000000e+06 	 2.702732e-05 	 1.924828e+07 	
2.96000000e+06 	 2.614546e-05 	 1.904875e+07 	
2.98000000e+06 	 2.529717e-05 	 1.885252e+07 	
3.00000000e+06 	 2.448094e-05 	 1.865949e+07 	
3.02000000e+06 	 2.369530e-05 	 1.846961e+07 	
3.04000000e+06 	 2.293889e-05 	 1.828279e+07 	
3.06000000e+06 	 2.221042e-05 	 1.809896e+07 	
3.08000000e+06 	 2.150876e-05 	 1.791805e+07 	
3.10000000e+06 	 2.083264e-05 	 1.774001e+07 	
3.12000000e+06 	 2.018106e-05 	 1.756475e+07 	
3.14000000e+06 	 1.955296e-05 	 1.739222e+07 	
3.16000000e+06 	 1.894733e-05 	 1.722237e+07 	
3.18000000e+06 	 1.836321e-05 	 1.705512e+07 	
3.20000000e+06 	 1.779969e-05 	 1.689042e+07 	
3.22000000e+06 	 1.725597e-05 	 1.672822e+07 	
3.24000000e+06 	 1.673116e-05 	 1.656846e+07 	
3.26000000e+06 	 1.622455e-05 	 1.641109e+07 	
3.28000000e+06 	 1.573538e-05 	 1.625606e+07 	
3.30000000e+06 	 1.526292e-05 	 1.610331e+07 	
3.32000000e+06 	 1.480653e-05 	 1.595281e+07 	
3.34000000e+06 	 1.436553e-05 	 1.580450e+07 	
3.36000000e+06 	 1.393935e-05 	 1.565833e+07 	
3.38000000e+06 	 1.352735e-05 	 1.551426e+07 	
3.40000000e+06 	 1.312901e-05 	 1.537226e+07 	
3.42000000e+06 	 1.274381e-05 	 1.523227e+07 	
3.44000000e+06 	 1.237120e-05 	 1.509426e+07 	
3.46000000e+06 	 1.201071e-05 	 1.495818e+07 	
3.48000000e+06 	 1.166186e-05 	 1.482400e+07 	
3.50000000e+06 	 1.132424e-05 	 1.469168e+07 	
3.52000000e+06 	 1.099737e-05 	 1.456118e+07 	
3.54000000e+06 	 1.068089e-05 	 1.443247e+07 	
3.56000000e+06 	 1.037440e-05 	 1.430552e+07 	
3.58000000e+06 	 1.007751e-05 	 1.418028e+07 	
3.60000000e+06 	 9.789867e-06 	 1.405672e+07 	
3.62000000e+06 	 9.511128e-06 	 1.393482e+07 	
3.64000000e+06 	 9.240975e-06 	 1.381454e+07 	
3.66000000e+06 	 8.979083e-06 	 1.369584e+07 	
3.68000000e+06 	 8.725161e-06 	 1.357871e+07 	
3.70000000e+06 	 8.478902e-06 	 1.346311e+07 	
3.72000000e+06 	 8.240045e-06 	 1.334902e+07 	
3.74000000e+06 	 8.008325e-06 	 1.323640e+07 	
3.76000000e+06 	 7.783480e-06 	 1.312523e+07 	
3.78000000e+06 	 7.565263e-06 	 1.301548e+07 	
3.80000000e+06 	 7.353438e-06 	 1.290713e+07 	
3.82000000e+06 	 7.147790e-06 	 1.280015e+07 	
3.84000000e+06 	 6.948088e-06 	 1.269451e+07 	
3.86000000e+06 	 6.754135e-06 	 1.259020e+07 	
3.88000000e+06 	 6.565733e-06 	 1.248719e+07 	
3.90000000e+06 	 6.382682e-06 	 1.238546e+07 	
3.92000000e+06 	 6.204797e-06 	 1.228498e+07 	
3.94000000e+06 	 6.031909e-06 	 1.218573e+07 	
3.96000000e+06 	 5.863834e-06 	 1.208770e+07 	
4.00000000e+06 	 5.541504e-06 	 1.189519e+07 	
4.00050050e+06 	 5.537584e-06 	 1.189281e+07 	
4.00100100e+06 	 5.533666e-06 	 1.189043e+07 	
4.00150150e+06 	 5.529751e-06 	 1.188806e+07 	
4.00200200e+06 	 5.525839e-06 	 1.188568e+07 	
4.00250250e+06 	 5.521929e-06 	 1.188330e+07 	
4.00300300e+06 	 5.518022e-06 	 1.188093e+07 	
4.00350350e+06 	 5.514118e-06 	 1.187855e+07 	
4.00400400e+06 	 5.510217e-06 	 1.187618e+07 	
4.00450450e+06 	 5.506318e-06 	 1.187380e+07 	
4.00500501e+06 	 5.502422e-06 	 1.187143e+07 	
4.00550551e+06 	 5.498528e-06 	 1.186906e+07 	
4.00600601e+06 	 5.494638e-06 	 1.186669e+07 	
4.00650651e+06 	 5.490750e-06 	 1.186432e+07 	
4.00700701e+06 	 5.486864e-06 	 1.186195e+07 	
4.00750751e+06 	 5.482982e-06 	 1.185958e+07 	
4.00800801e+06 	 5.479102e-06 	 1.185721e+07 	
4.00850851e+06 	 5.475225e-06 	 1.185484e+07 	
4.00900901e+06 	 5.471350e-06 	 1.185248e+07 	
4.00950951e+06 	 5.467478e-06 	 1.185011e+07 	
4.01001001e+06 	 5.463609e-06 	 1.184774e+07 	
4.01051051e+06 	 5.459742e-06 	 1.184538e+07 	
4.01101101e+06 	 5.455878e-06 	 1.184301e+07 	
4.01151151e+06 	 5.452017e-06 	 1.184065e+07 	
4.01201201e+06 	 5.448159e-06 	 1.183829e+07 	
4.01251251e+06 	 5.444303e-06 	 1.183593e+07 	
4.01301301e+06 	 5.440450e-06 	 1.183357e+07 	
4.01351351e+06 	 5.436599e-06 	 1.183120e+07 	
4.01401401e+06 	 5.432751e-06 	 1.182884e+07 	
4.01451451e+06 	 5.428906e-06 	 1.182649e+07 	
4.01501502e+06 	 5.425063e-06 	 1.182413e+07 	
4.01551552e+06 	 5.421224e-06 	 1.182177e+07 	
4.01601602e+06 	 5.417386e-06 	 1.181941e+07 	
4.01651652e+06 	 5.413552e-06 	 1.181706e+07 	
4.01701702e+06 	 5.409720e-06 	 1.181470e+07 	
4.01751752e+06 	 5.405890e-06 	 1.181235e+07 	
4.01801802e+06 	 5.402064e-06 	 1.180999e+07 	
4.01851852e+06 	 5.398240e-06 	 1.180764e+07 	
4.01901902e+06 	 5.394418e-06 	 1.180529e+07 	
4.01951952e+06 	 5.390599e-06 	 1.180293e+07 	
4.02002002e+06 	 5.386783e-06 	 1.180058e+07 	
4.02052052e+06 	 5.382970e-06 	 1.179823e+07 	
4.02102102e+06 	 5.379159e-06 	 1.179588e+07 	
4.02152152e+06 	 5.375351e-06 	 1.179353e+07 	
4.02202202e+06 	 5.371545e-06 	 1.179118e+07 	
4.02252252e+06 	 5.367742e-06 	 1.178884e+07 	
4.02302302e+06 	 5.363941e-06 	 1.178649e+07 	
4.02352352e+06 	 5.360144e-06 	 1.178414e+07 	
4.02402402e+06 	 5.356349e-06 	 1.178180e+07 	
4.02452452e+06 	 5.352556e-06 	 1.177945e+07 	
4.02502503e+06 	 5.348766e-06 	 1.177711e+07 	
4.02552553e+06 	 5.344979e-06 	 1.177476e+07 	
4.02602603e+06 	 5.341194e-06 	 1.177242e+07 	
4.02652653e+06 	 5.337412e-06 	 1.177008e+07 	
4.02702703e+06 	 5.333632e-06 	 1.176774e+07 	
4.02752753e+06 	 5.329855e-06 	 1.176540e+07 	
4.02802803e+06 	 5.326081e-06 	 1.176306e+07 	
4.02852853e+06 	 5.322309e-06 	 1.176072e+07 	
4.02902903e+06 	 5.318540e-06 	 1.175838e+07 	
4.02952953e+06 	 5.314774e-06 	 1.175604e+07 	
4.03003003e+06 	 5.311010e-06 	 1.175370e+07 	
4.03053053e+06 	 5.307248e-06 	 1.175137e+07 	
4.03103103e+06 	 5.303489e-06 	 1.174903e+07 	
4.03153153e+06 	 5.299733e-06 	 1.174670e+07 	
4.03203203e+06 	 5.295980e-06 	 1.174436e+07 	
4.03253253e+06 	 5.292228e-06 	 1.174203e+07 	
4.03303303e+06 	 5.288480e-06 	 1.173969e+07 	
4.03353353e+06 	 5.284734e-06 	 1.173736e+07 	
4.03403403e+06 	 5.280991e-06 	 1.173503e+07 	
4.03453453e+06 	 5.277250e-06 	 1.173270e+07 	
4.03503504e+06 	 5.273512e-06 	 1.173037e+07 	
4.03553554e+06 	 5.269776e-06 	 1.172804e+07 	
4.03603604e+06 	 5.266043e-06 	 1.172571e+07 	
4.03653654e+06 	 5.262312e-06 	 1.172338e+07 	
4.03703704e+06 	 5.258584e-06 	 1.172106e+07 	
4.03753754e+06 	 5.254859e-06 	 1.171873e+07 	
4.03803804e+06 	 5.251136e-06 	 1.171640e+07 	
4.03853854e+06 	 5.247416e-06 	 1.171408e+07 	
4.03903904e+06 	 5.243698e-06 	 1.171175e+07 	
4.03953954e+06 	 5.239983e-06 	 1.170943e+07 	
4.04004004e+06 	 5.236270e-06 	 1.170711e+07 	
4.04054054e+06 	 5.232560e-06 	 1.170478e+07 	
4.04104104e+06 	 5.228852e-06 	 1.170246e+07 	
4.04154154e+06 	 5.225147e-06 	 1.170014e+07 	
4.04204204e+06 	 5.221445e-06 	 1.169782e+07 	
4.04254254e+06 	 5.217745e-06 	 1.169550e+07 	
4.04304304e+06 	 5.214047e-06 	 1.169318e+07 	
4.04354354e+06 	 5.210353e-06 	 1.169086e+07 	
4.04404404e+06 	 5.206660e-06 	 1.168855e+07 	
4.04454454e+06 	 5.202970e-06 	 1.168623e+07 	
4.04504505e+06 	 5.199283e-06 	 1.168391e+07 	
4.04554555e+06 	 5.195598e-06 	 1.168160e+07 	
4.04604605e+06 	 5.191916e-06 	 1.167928e+07 	
4.04654655e+06 	 5.188236e-06 	 1.167697e+07 	
4.04704705e+06 	 5.184559e-06 	 1.167466e+07 	
4.04754755e+06 	 5.180884e-06 	 1.167234e+07 	
4.04804805e+06 	 5.177212e-06 	 1.167003e+07 	
4.04854855e+06 	 5.173542e-06 	 1.166772e+07 	
4.04904905e+06 	 5.169875e-06 	 1.166541e+07 	
4.04954955e+06 	 5.166210e-06 	 1.166310e+07 	
4.05005005e+06 	 5.162548e-06 	 1.166079e+07 	
4.05055055e+06 	 5.158889e-06 	 1.165848e+07 	
4.05105105e+06 	 5.155231e-06 	 1.165617e+07 	
4.05155155e+06 	 5.151577e-06 	 1.165387e+07 	
4.05205205e+06 	 5.147925e-06 	 1.165156e+07 	
4.05255255e+06 	 5.144275e-06 	 1.164925e+07 	
4.05305305e+06 	 5.140628e-06 	 1.164695e+07 	
4.05355355e+06 	 5.136983e-06 	 1.164464e+07 	
4.05405405e+06 	 5.133341e-06 	 1.164234e+07 	
4.05455455e+06 	 5.129701e-06 	 1.164004e+07 	
4.05505506e+06 	 5.126064e-06 	 1.163773e+07 	
4.05555556e+06 	 5.122429e-06 	 1.163543e+07 	
4.05605606e+06 	 5.118797e-06 	 1.163313e+07 	
4.05655656e+06 	 5.115167e-06 	 1.163083e+07 	
4.05705706e+06 	 5.111539e-06 	 1.162853e+07 	
4.05755756e+06 	 5.107914e-06 	 1.162623e+07 	
4.05805806e+06 	 5.104292e-06 	 1.162393e+07 	
4.05855856e+06 	 5.100672e-06 	 1.162164e+07 	
4.05905906e+06 	 5.097054e-06 	 1.161934e+07 	
4.05955956e+06 	 5.093439e-06 	 1.161704e+07 	
4.06006006e+06 	 5.089827e-06 	 1.161475e+07 	
4.06056056e+06 	 5.086216e-06 	 1.161245e+07 	
4.06106106e+06 	 5.082609e-06 	 1.161016e+07 	
4.06156156e+06 	 5.079003e-06 	 1.160787e+07 	
4.06206206e+06 	 5.075400e-06 	 1.160557e+07 	
4.06256256e+06 	 5.071800e-06 	 1.160328e+07 	
4.06306306e+06 	 5.068202e-06 	 1.160099e+07 	
4.06356356e+06 	 5.064606e-06 	 1.159870e+07 	
4.06406406e+06 	 5.061013e-06 	 1.159641e+07 	
4.06456456e+06 	 5.057423e-06 	 1.159412e+07 	
4.06506507e+06 	 5.053834e-06 	 1.159183e+07 	
4.06556557e+06 	 5.050249e-06 	 1.158954e+07 	
4.06606607e+06 	 5.046665e-06 	 1.158726e+07 	
4.06656657e+06 	 5.043084e-06 	 1.158497e+07 	
4.06706707e+06 	 5.039506e-06 	 1.158268e+07 	
4.06756757e+06 	 5.035930e-06 	 1.158040e+07 	
4.06806807e+06 	 5.032356e-06 	 1.157811e+07 	
4.06856857e+06 	 5.028785e-06 	 1.157583e+07 	
4.06906907e+06 	 5.025216e-06 	 1.157355e+07 	
4.06956957e+06 	 5.021649e-06 	 1.157126e+07 	
4.07007007e+06 	 5.018085e-06 	 1.156898e+07 	
4.07057057e+06 	 5.014524e-06 	 1.156670e+07 	
4.07107107e+06 	 5.010965e-06 	 1.156442e+07 	
4.07157157e+06 	 5.007408e-06 	 1.156214e+07 	
4.07207207e+06 	 5.003853e-06 	 1.155986e+07 	
4.07257257e+06 	 5.000301e-06 	 1.155758e+07 	
4.07307307e+06 	 4.996752e-06 	 1.155531e+07 	
4.07357357e+06 	 4.993205e-06 	 1.155303e+07 	
4.07407407e+06 	 4.989660e-06 	 1.155075e+07 	
4.07457457e+06 	 4.986118e-06 	 1.154848e+07 	
4.07507508e+06 	 4.982578e-06 	 1.154620e+07 	
4.07557558e+06 	 4.979040e-06 	 1.154393e+07 	
4.07607608e+06 	 4.975505e-06 	 1.154165e+07 	
4.07657658e+06 	 4.971972e-06 	 1.153938e+07 	
4.07707708e+06 	 4.968442e-06 	 1.153711e+07 	
4.07757758e+06 	 4.964914e-06 	 1.153484e+07 	
4.07807808e+06 	 4.961388e-06 	 1.153257e+07 	
4.07857858e+06 	 4.957865e-06 	 1.153029e+07 	
4.07907908e+06 	 4.954344e-06 	 1.152803e+07 	
4.07957958e+06 	 4.950825e-06 	 1.152576e+07 	
4.08008008e+06 	 4.947309e-06 	 1.152349e+07 	
4.08058058e+06 	 4.943795e-06 	 1.152122e+07 	
4.08108108e+06 	 4.940284e-06 	 1.151895e+07 	
4.08158158e+06 	 4.936775e-06 	 1.151669e+07 	
4.08208208e+06 	 4.933268e-06 	 1.151442e+07 	
4.08258258e+06 	 4.929764e-06 	 1.151216e+07 	
4.08308308e+06 	 4.926262e-06 	 1.150989e+07 	
4.08358358e+06 	 4.922763e-06 	 1.150763e+07 	
4.08408408e+06 	 4.919265e-06 	 1.150537e+07 	
4.08458458e+06 	 4.915771e-06 	 1.150310e+07 	
4.08508509e+06 	 4.912278e-06 	 1.150084e+07 	
4.08558559e+06 	 4.908788e-06 	 1.149858e+07 	
4.08608609e+06 	 4.905300e-06 	 1.149632e+07 	
4.08658659e+06 	 4.901815e-06 	 1.149406e+07 	
4.08708709e+06 	 4.898332e-06 	 1.149180e+07 	
4.08758759e+06 	 4.894851e-06 	 1.148954e+07 	
4.08808809e+06 	 4.891373e-06 	 1.148729e+07 	
4.08858859e+06 	 4.887897e-06 	 1.148503e+07 	
4.08908909e+06 	 4.884423e-06 	 1.148277e+07 	
4.08958959e+06 	 4.880952e-06 	 1.148052e+07 	
4.09009009e+06 	 4.877483e-06 	 1.147826e+07 	
4.09059059e+06 	 4.874016e-06 	 1.147601e+07 	
4.09109109e+06 	 4.870552e-06 	 1.147376e+07 	
4.09159159e+06 	 4.867090e-06 	 1.147150e+07 	
4.09209209e+06 	 4.863630e-06 	 1.146925e+07 	
4.09259259e+06 	 4.860173e-06 	 1.146700e+07 	
4.09309309e+06 	 4.856718e-06 	 1.146475e+07 	
4.09359359e+06 	 4.853265e-06 	 1.146250e+07 	
4.09409409e+06 	 4.849815e-06 	 1.146025e+07 	
4.09459459e+06 	 4.846367e-06 	 1.145800e+07 	
4.09509510e+06 	 4.842921e-06 	 1.145575e+07 	
4.09559560e+06 	 4.839477e-06 	 1.145351e+07 	
4.09609610e+06 	 4.836036e-06 	 1.145126e+07 	
4.09659660e+06 	 4.832598e-06 	 1.144901e+07 	
4.09709710e+06 	 4.829161e-06 	 1.144677e+07 	
4.09759760e+06 	 4.825727e-06 	 1.144452e+07 	
4.09809810e+06 	 4.822295e-06 	 1.144228e+07 	
4.09859860e+06 	 4.818865e-06 	 1.144003e+07 	
4.09909910e+06 	 4.815438e-06 	 1.143779e+07 	
4.09959960e+06 	 4.812013e-06 	 1.143555e+07 	
4.10010010e+06 	 4.808591e-06 	 1.143331e+07 	
4.10060060e+06 	 4.805170e-06 	 1.143107e+07 	
4.10110110e+06 	 4.801752e-06 	 1.142883e+07 	
4.10160160e+06 	 4.798336e-06 	 1.142659e+07 	
4.10210210e+06 	 4.794923e-06 	 1.142435e+07 	
4.10260260e+06 	 4.791512e-06 	 1.142211e+07 	
4.10310310e+06 	 4.788103e-06 	 1.141987e+07 	
4.10360360e+06 	 4.784696e-06 	 1.141764e+07 	
4.10410410e+06 	 4.781292e-06 	 1.141540e+07 	
4.10460460e+06 	 4.777890e-06 	 1.141316e+07 	
4.10510511e+06 	 4.774490e-06 	 1.141093e+07 	
4.10560561e+06 	 4.771093e-06 	 1.140870e+07 	
4.10610611e+06 	 4.767698e-06 	 1.140646e+07 	
4.10660661e+06 	 4.764305e-06 	 1.140423e+07 	
4.10710711e+06 	 4.760914e-06 	 1.140200e+07 	
4.10760761e+06 	 4.757526e-06 	 1.139977e+07 	
4.10810811e+06 	 4.754139e-06 	 1.139753e+07 	
4.10860861e+06 	 4.750756e-06 	 1.139530e+07 	
4.10910911e+06 	 4.747374e-06 	 1.139307e+07 	
4.10960961e+06 	 4.743995e-06 	 1.139085e+07 	
4.11011011e+06 	 4.740618e-06 	 1.138862e+07 	
4.11061061e+06 	 4.737243e-06 	 1.138639e+07 	
4.11111111e+06 	 4.733870e-06 	 1.138416e+07 	
4.11161161e+06 	 4.730500e-06 	 1.138194e+07 	
4.11211211e+06 	 4.727132e-06 	 1.137971e+07 	
4.11261261e+06 	 4.723766e-06 	 1.137749e+07 	
4.11311311e+06 	 4.720403e-06 	 1.137526e+07 	
4.11361361e+06 	 4.717041e-06 	 1.137304e+07 	
4.11411411e+06 	 4.713682e-06 	 1.137082e+07 	
4.11461461e+06 	 4.710326e-06 	 1.136859e+07 	
4.11511512e+06 	 4.706971e-06 	 1.136637e+07 	
4.11561562e+06 	 4.703619e-06 	 1.136415e+07 	
4.11611612e+06 	 4.700269e-06 	 1.136193e+07 	
4.11661662e+06 	 4.696921e-06 	 1.135971e+07 	
4.11711712e+06 	 4.693575e-06 	 1.135749e+07 	
4.11761762e+06 	 4.690232e-06 	 1.135527e+07 	
4.11811812e+06 	 4.686891e-06 	 1.135306e+07 	
4.11861862e+06 	 4.683552e-06 	 1.135084e+07 	
4.11911912e+06 	 4.680215e-06 	 1.134862e+07 	
4.11961962e+06 	 4.676881e-06 	 1.134641e+07 	
4.12012012e+06 	 4.673548e-06 	 1.134419e+07 	
4.12062062e+06 	 4.670218e-06 	 1.134198e+07 	
4.12112112e+06 	 4.666891e-06 	 1.133976e+07 	
4.12162162e+06 	 4.663565e-06 	 1.133755e+07 	
4.12212212e+06 	 4.660242e-06 	 1.133534e+07 	
4.12262262e+06 	 4.656920e-06 	 1.133313e+07 	
4.12312312e+06 	 4.653601e-06 	 1.133091e+07 	
4.12362362e+06 	 4.650285e-06 	 1.132870e+07 	
4.12412412e+06 	 4.646970e-06 	 1.132649e+07 	
4.12462462e+06 	 4.643658e-06 	 1.132428e+07 	
4.12512513e+06 	 4.640348e-06 	 1.132208e+07 	
4.12562563e+06 	 4.637040e-06 	 1.131987e+07 	
4.12612613e+06 	 4.633734e-06 	 1.131766e+07 	
4.12662663e+06 	 4.630431e-06 	 1.131545e+07 	
4.12712713e+06 	 4.627129e-06 	 1.131325e+07 	
4.12762763e+06 	 4.623830e-06 	 1.131104e+07 	
4.12812813e+06 	 4.620533e-06 	 1.130884e+07 	
4.12862863e+06 	 4.617239e-06 	 1.130663e+07 	
4.12912913e+06 	 4.613946e-06 	 1.130443e+07 	
4.12962963e+06 	 4.610656e-06 	 1.130223e+07 	
4.13013013e+06 	 4.607367e-06 	 1.130003e+07 	
4.13063063e+06 	 4.604081e-06 	 1.129782e+07 	
4.13113113e+06 	 4.600798e-06 	 1.129562e+07 	
4.13163163e+06 	 4.597516e-06 	 1.129342e+07 	
4.13213213e+06 	 4.594237e-06 	 1.129122e+07 	
4.13263263e+06 	 4.590959e-06 	 1.128903e+07 	
4.13313313e+06 	 4.587684e-06 	 1.128683e+07 	
4.13363363e+06 	 4.584411e-06 	 1.128463e+07 	
4.13413413e+06 	 4.581140e-06 	 1.128243e+07 	
4.13463463e+06 	 4.577872e-06 	 1.128024e+07 	
4.13513514e+06 	 4.574605e-06 	 1.127804e+07 	
4.13563564e+06 	 4.571341e-06 	 1.127585e+07 	
4.13613614e+06 	 4.568079e-06 	 1.127365e+07 	
4.13663664e+06 	 4.564819e-06 	 1.127146e+07 	
4.13713714e+06 	 4.561561e-06 	 1.126927e+07 	
4.13763764e+06 	 4.558306e-06 	 1.126707e+07 	
4.13813814e+06 	 4.555052e-06 	 1.126488e+07 	
4.13863864e+06 	 4.551801e-06 	 1.126269e+07 	
4.13913914e+06 	 4.548552e-06 	 1.126050e+07 	
4.13963964e+06 	 4.545304e-06 	 1.125831e+07 	
4.14014014e+06 	 4.542060e-06 	 1.125612e+07 	
4.14064064e+06 	 4.538817e-06 	 1.125393e+07 	
4.14114114e+06 	 4.535576e-06 	 1.125174e+07 	
4.14164164e+06 	 4.532338e-06 	 1.124956e+07 	
4.14214214e+06 	 4.529101e-06 	 1.124737e+07 	
4.14264264e+06 	 4.525867e-06 	 1.124518e+07 	
4.14314314e+06 	 4.522635e-06 	 1.124300e+07 	
4.14364364e+06 	 4.519405e-06 	 1.124081e+07 	
4.14414414e+06 	 4.516177e-06 	 1.123863e+07 	
4.14464464e+06 	 4.512952e-06 	 1.123645e+07 	
4.14514515e+06 	 4.509728e-06 	 1.123426e+07 	
4.14564565e+06 	 4.506507e-06 	 1.123208e+07 	
4.14614615e+06 	 4.503288e-06 	 1.122990e+07 	
4.14664665e+06 	 4.500070e-06 	 1.122772e+07 	
4.14714715e+06 	 4.496855e-06 	 1.122554e+07 	
4.14764765e+06 	 4.493642e-06 	 1.122336e+07 	
4.14814815e+06 	 4.490432e-06 	 1.122118e+07 	
4.14864865e+06 	 4.487223e-06 	 1.121900e+07 	
4.14914915e+06 	 4.484017e-06 	 1.121683e+07 	
4.14964965e+06 	 4.480812e-06 	 1.121465e+07 	
4.15015015e+06 	 4.477610e-06 	 1.121247e+07 	
4.15065065e+06 	 4.474410e-06 	 1.121030e+07 	
4.15115115e+06 	 4.471212e-06 	 1.120812e+07 	
4.15165165e+06 	 4.468016e-06 	 1.120595e+07 	
4.15215215e+06 	 4.464822e-06 	 1.120377e+07 	
4.15265265e+06 	 4.461631e-06 	 1.120160e+07 	
4.15315315e+06 	 4.458441e-06 	 1.119943e+07 	
4.15365365e+06 	 4.455253e-06 	 1.119726e+07 	
4.15415415e+06 	 4.452068e-06 	 1.119509e+07 	
4.15465465e+06 	 4.448885e-06 	 1.119291e+07 	
4.15515516e+06 	 4.445703e-06 	 1.119074e+07 	
4.15565566e+06 	 4.442524e-06 	 1.118858e+07 	
4.15615616e+06 	 4.439347e-06 	 1.118641e+07 	
4.15665666e+06 	 4.436172e-06 	 1.118424e+07 	
4.15715716e+06 	 4.432999e-06 	 1.118207e+07 	
4.15765766e+06 	 4.429828e-06 	 1.117990e+07 	
4.15815816e+06 	 4.426659e-06 	 1.117774e+07 	
4.15865866e+06 	 4.423493e-06 	 1.117557e+07 	
4.15915916e+06 	 4.420328e-06 	 1.117341e+07 	
4.15965966e+06 	 4.417166e-06 	 1.117124e+07 	
4.16016016e+06 	 4.414005e-06 	 1.116908e+07 	
4.16066066e+06 	 4.410847e-06 	 1.116692e+07 	
4.16116116e+06 	 4.407690e-06 	 1.116475e+07 	
4.16166166e+06 	 4.404536e-06 	 1.116259e+07 	
4.16216216e+06 	 4.401384e-06 	 1.116043e+07 	
4.16266266e+06 	 4.398234e-06 	 1.115827e+07 	
4.16316316e+06 	 4.395086e-06 	 1.115611e+07 	
4.16366366e+06 	 4.391940e-06 	 1.115395e+07 	
4.16416416e+06 	 4.388796e-06 	 1.115179e+07 	
4.16466466e+06 	 4.385654e-06 	 1.114964e+07 	
4.16516517e+06 	 4.382514e-06 	 1.114748e+07 	
4.16566567e+06 	 4.379376e-06 	 1.114532e+07 	
4.16616617e+06 	 4.376241e-06 	 1.114317e+07 	
4.16666667e+06 	 4.373107e-06 	 1.114101e+07 	
4.16716717e+06 	 4.369975e-06 	 1.113886e+07 	
4.16766767e+06 	 4.366846e-06 	 1.113670e+07 	
4.16816817e+06 	 4.363718e-06 	 1.113455e+07 	
4.16866867e+06 	 4.360593e-06 	 1.113240e+07 	
4.16916917e+06 	 4.357469e-06 	 1.113024e+07 	
4.16966967e+06 	 4.354348e-06 	 1.112809e+07 	
4.17017017e+06 	 4.351229e-06 	 1.112594e+07 	
4.17067067e+06 	 4.348111e-06 	 1.112379e+07 	
4.17117117e+06 	 4.344996e-06 	 1.112164e+07 	
4.17167167e+06 	 4.341883e-06 	 1.111949e+07 	
4.17217217e+06 	 4.338772e-06 	 1.111734e+07 	
4.17267267e+06 	 4.335662e-06 	 1.111520e+07 	
4.17317317e+06 	 4.332555e-06 	 1.111305e+07 	
4.17367367e+06 	 4.329450e-06 	 1.111090e+07 	
4.17417417e+06 	 4.326347e-06 	 1.110876e+07 	
4.17467467e+06 	 4.323246e-06 	 1.110661e+07 	
4.17517518e+06 	 4.320147e-06 	 1.110447e+07 	
4.17567568e+06 	 4.317050e-06 	 1.110232e+07 	
4.17617618e+06 	 4.313955e-06 	 1.110018e+07 	
4.17667668e+06 	 4.310862e-06 	 1.109803e+07 	
4.17717718e+06 	 4.307771e-06 	 1.109589e+07 	
4.17767768e+06 	 4.304682e-06 	 1.109375e+07 	
4.17817818e+06 	 4.301595e-06 	 1.109161e+07 	
4.17867868e+06 	 4.298510e-06 	 1.108947e+07 	
4.17917918e+06 	 4.295427e-06 	 1.108733e+07 	
4.17967968e+06 	 4.292347e-06 	 1.108519e+07 	
4.18018018e+06 	 4.289268e-06 	 1.108305e+07 	
4.18068068e+06 	 4.286191e-06 	 1.108091e+07 	
4.18118118e+06 	 4.283116e-06 	 1.107878e+07 	
4.18168168e+06 	 4.280043e-06 	 1.107664e+07 	
4.18218218e+06 	 4.276972e-06 	 1.107450e+07 	
4.18268268e+06 	 4.273903e-06 	 1.107237e+07 	
4.18318318e+06 	 4.270837e-06 	 1.107023e+07 	
4.18368368e+06 	 4.267772e-06 	 1.106810e+07 	
4.18418418e+06 	 4.264709e-06 	 1.106597e+07 	
4.18468468e+06 	 4.261648e-06 	 1.106383e+07 	
4.18518519e+06 	 4.258589e-06 	 1.106170e+07 	
4.18568569e+06 	 4.255532e-06 	 1.105957e+07 	
4.18618619e+06 	 4.252477e-06 	 1.105744e+07 	
4.18668669e+06 	 4.249424e-06 	 1.105531e+07 	
4.18718719e+06 	 4.246374e-06 	 1.105318e+07 	
4.18768769e+06 	 4.243325e-06 	 1.105105e+07 	
4.18818819e+06 	 4.240278e-06 	 1.104892e+07 	
4.18868869e+06 	 4.237233e-06 	 1.104679e+07 	
4.18918919e+06 	 4.234190e-06 	 1.104467e+07 	
4.18968969e+06 	 4.231149e-06 	 1.104254e+07 	
4.19019019e+06 	 4.228110e-06 	 1.104041e+07 	
4.19069069e+06 	 4.225073e-06 	 1.103829e+07 	
4.19119119e+06 	 4.222037e-06 	 1.103616e+07 	
4.19169169e+06 	 4.219004e-06 	 1.103404e+07 	
4.19219219e+06 	 4.215973e-06 	 1.103192e+07 	
4.19269269e+06 	 4.212944e-06 	 1.102979e+07 	
4.19319319e+06 	 4.209917e-06 	 1.102767e+07 	
4.19369369e+06 	 4.206892e-06 	 1.102555e+07 	
4.19419419e+06 	 4.203868e-06 	 1.102343e+07 	
4.19469469e+06 	 4.200847e-06 	 1.102131e+07 	
4.19519520e+06 	 4.197828e-06 	 1.101919e+07 	
4.19569570e+06 	 4.194810e-06 	 1.101707e+07 	
4.19619620e+06 	 4.191795e-06 	 1.101495e+07 	
4.19669670e+06 	 4.188781e-06 	 1.101283e+07 	
4.19719720e+06 	 4.185770e-06 	 1.101071e+07 	
4.19769770e+06 	 4.182760e-06 	 1.100860e+07 	
4.19819820e+06 	 4.179753e-06 	 1.100648e+07 	
4.19869870e+06 	 4.176747e-06 	 1.100437e+07 	
4.19919920e+06 	 4.173743e-06 	 1.100225e+07 	
4.19969970e+06 	 4.170741e-06 	 1.100014e+07 	
4.20020020e+06 	 4.167742e-06 	 1.099802e+07 	
4.20070070e+06 	 4.164744e-06 	 1.099591e+07 	
4.20120120e+06 	 4.161748e-06 	 1.099380e+07 	
4.20170170e+06 	 4.158754e-06 	 1.099169e+07 	
4.20220220e+06 	 4.155762e-06 	 1.098957e+07 	
4.20270270e+06 	 4.152771e-06 	 1.098746e+07 	
4.20320320e+06 	 4.149783e-06 	 1.098535e+07 	
4.20370370e+06 	 4.146797e-06 	 1.098324e+07 	
4.20420420e+06 	 4.143813e-06 	 1.098113e+07 	
4.20470470e+06 	 4.140830e-06 	 1.097903e+07 	
4.20520521e+06 	 4.137850e-06 	 1.097692e+07 	
4.20570571e+06 	 4.134871e-06 	 1.097481e+07 	
4.20620621e+06 	 4.131895e-06 	 1.097271e+07 	
4.20670671e+06 	 4.128920e-06 	 1.097060e+07 	
4.20720721e+06 	 4.125947e-06 	 1.096849e+07 	
4.20770771e+06 	 4.122976e-06 	 1.096639e+07 	
4.20820821e+06 	 4.120007e-06 	 1.096429e+07 	
4.20870871e+06 	 4.117040e-06 	 1.096218e+07 	
4.20920921e+06 	 4.114075e-06 	 1.096008e+07 	
4.20970971e+06 	 4.111112e-06 	 1.095798e+07 	
4.21021021e+06 	 4.108151e-06 	 1.095588e+07 	
4.21071071e+06 	 4.105191e-06 	 1.095378e+07 	
4.21121121e+06 	 4.102234e-06 	 1.095168e+07 	
4.21171171e+06 	 4.099278e-06 	 1.094958e+07 	
4.21221221e+06 	 4.096325e-06 	 1.094748e+07 	
4.21271271e+06 	 4.093373e-06 	 1.094538e+07 	
4.21321321e+06 	 4.090423e-06 	 1.094328e+07 	
4.21371371e+06 	 4.087475e-06 	 1.094118e+07 	
4.21421421e+06 	 4.084529e-06 	 1.093909e+07 	
4.21471471e+06 	 4.081585e-06 	 1.093699e+07 	
4.21521522e+06 	 4.078643e-06 	 1.093490e+07 	
4.21571572e+06 	 4.075702e-06 	 1.093280e+07 	
4.21621622e+06 	 4.072764e-06 	 1.093071e+07 	
4.21671672e+06 	 4.069827e-06 	 1.092861e+07 	
4.21721722e+06 	 4.066893e-06 	 1.092652e+07 	
4.21771772e+06 	 4.063960e-06 	 1.092443e+07 	
4.21821822e+06 	 4.061029e-06 	 1.092234e+07 	
4.21871872e+06 	 4.058100e-06 	 1.092024e+07 	
4.21921922e+06 	 4.055173e-06 	 1.091815e+07 	
4.21971972e+06 	 4.052248e-06 	 1.091606e+07 	
4.22022022e+06 	 4.049324e-06 	 1.091398e+07 	
4.22072072e+06 	 4.046403e-06 	 1.091189e+07 	
4.22122122e+06 	 4.043483e-06 	 1.090980e+07 	
4.22172172e+06 	 4.040565e-06 	 1.090771e+07 	
4.22222222e+06 	 4.037650e-06 	 1.090562e+07 	
4.22272272e+06 	 4.034736e-06 	 1.090354e+07 	
4.22322322e+06 	 4.031823e-06 	 1.090145e+07 	
4.22372372e+06 	 4.028913e-06 	 1.089937e+07 	
4.22422422e+06 	 4.026005e-06 	 1.089728e+07 	
4.22472472e+06 	 4.023098e-06 	 1.089520e+07 	
4.22522523e+06 	 4.020194e-06 	 1.089312e+07 	
4.22572573e+06 	 4.017291e-06 	 1.089103e+07 	
4.22622623e+06 	 4.014390e-06 	 1.088895e+07 	
4.22672673e+06 	 4.011491e-06 	 1.088687e+07 	
4.22722723e+06 	 4.008594e-06 	 1.088479e+07 	
4.22772773e+06 	 4.005698e-06 	 1.088271e+07 	
4.22822823e+06 	 4.002805e-06 	 1.088063e+07 	
4.22872873e+06 	 3.999913e-06 	 1.087855e+07 	
4.22922923e+06 	 3.997023e-06 	 1.087647e+07 	
4.22972973e+06 	 3.994135e-06 	 1.087439e+07 	
4.23023023e+06 	 3.991249e-06 	 1.087232e+07 	
4.23073073e+06 	 3.988365e-06 	 1.087024e+07 	
4.23123123e+06 	 3.985483e-06 	 1.086816e+07 	
4.23173173e+06 	 3.982602e-06 	 1.086609e+07 	
4.23223223e+06 	 3.979723e-06 	 1.086401e+07 	
4.23273273e+06 	 3.976847e-06 	 1.086194e+07 	
4.23323323e+06 	 3.973972e-06 	 1.085986e+07 	
4.23373373e+06 	 3.971098e-06 	 1.085779e+07 	
4.23423423e+06 	 3.968227e-06 	 1.085572e+07 	
4.23473473e+06 	 3.965357e-06 	 1.085365e+07 	
4.23523524e+06 	 3.962490e-06 	 1.085158e+07 	
4.23573574e+06 	 3.959624e-06 	 1.084950e+07 	
4.23623624e+06 	 3.956760e-06 	 1.084743e+07 	
4.23673674e+06 	 3.953898e-06 	 1.084537e+07 	
4.23723724e+06 	 3.951037e-06 	 1.084330e+07 	
4.23773774e+06 	 3.948179e-06 	 1.084123e+07 	
4.23823824e+06 	 3.945322e-06 	 1.083916e+07 	
4.23873874e+06 	 3.942467e-06 	 1.083709e+07 	
4.23923924e+06 	 3.939614e-06 	 1.083503e+07 	
4.23973974e+06 	 3.936763e-06 	 1.083296e+07 	
4.24024024e+06 	 3.933913e-06 	 1.083090e+07 	
4.24074074e+06 	 3.931066e-06 	 1.082883e+07 	
4.24124124e+06 	 3.928220e-06 	 1.082677e+07 	
4.24174174e+06 	 3.925376e-06 	 1.082470e+07 	
4.24224224e+06 	 3.922534e-06 	 1.082264e+07 	
4.24274274e+06 	 3.919693e-06 	 1.082058e+07 	
4.24324324e+06 	 3.916855e-06 	 1.081852e+07 	
4.24374374e+06 	 3.914018e-06 	 1.081645e+07 	
4.24424424e+06 	 3.911183e-06 	 1.081439e+07 	
4.24474474e+06 	 3.908350e-06 	 1.081233e+07 	
4.24524525e+06 	 3.905518e-06 	 1.081027e+07 	
4.24574575e+06 	 3.902689e-06 	 1.080822e+07 	
4.24624625e+06 	 3.899861e-06 	 1.080616e+07 	
4.24674675e+06 	 3.897035e-06 	 1.080410e+07 	
4.24724725e+06 	 3.894211e-06 	 1.080204e+07 	
4.24774775e+06 	 3.891388e-06 	 1.079999e+07 	
4.24824825e+06 	 3.888568e-06 	 1.079793e+07 	
4.24874875e+06 	 3.885749e-06 	 1.079588e+07 	
4.24924925e+06 	 3.882932e-06 	 1.079382e+07 	
4.24974975e+06 	 3.880117e-06 	 1.079177e+07 	
4.25025025e+06 	 3.877304e-06 	 1.078971e+07 	
4.25075075e+06 	 3.874492e-06 	 1.078766e+07 	
4.25125125e+06 	 3.871682e-06 	 1.078561e+07 	
4.25175175e+06 	 3.868874e-06 	 1.078356e+07 	
4.25225225e+06 	 3.866068e-06 	 1.078151e+07 	
4.25275275e+06 	 3.863264e-06 	 1.077946e+07 	
4.25325325e+06 	 3.860461e-06 	 1.077741e+07 	
4.25375375e+06 	 3.857660e-06 	 1.077536e+07 	
4.25425425e+06 	 3.854861e-06 	 1.077331e+07 	
4.25475475e+06 	 3.852064e-06 	 1.077126e+07 	
4.25525526e+06 	 3.849268e-06 	 1.076921e+07 	
4.25575576e+06 	 3.846474e-06 	 1.076716e+07 	
4.25625626e+06 	 3.843682e-06 	 1.076512e+07 	
4.25675676e+06 	 3.840892e-06 	 1.076307e+07 	
4.25725726e+06 	 3.838103e-06 	 1.076103e+07 	
4.25775776e+06 	 3.835317e-06 	 1.075898e+07 	
4.25825826e+06 	 3.832532e-06 	 1.075694e+07 	
4.25875876e+06 	 3.829748e-06 	 1.075490e+07 	
4.25925926e+06 	 3.826967e-06 	 1.075285e+07 	
4.25975976e+06 	 3.824187e-06 	 1.075081e+07 	
4.26026026e+06 	 3.821409e-06 	 1.074877e+07 	
4.26076076e+06 	 3.818633e-06 	 1.074673e+07 	
4.26126126e+06 	 3.815859e-06 	 1.074469e+07 	
4.26176176e+06 	 3.813086e-06 	 1.074265e+07 	
4.26226226e+06 	 3.810315e-06 	 1.074061e+07 	
4.26276276e+06 	 3.807546e-06 	 1.073857e+07 	
4.26326326e+06 	 3.804778e-06 	 1.073653e+07 	
4.26376376e+06 	 3.802012e-06 	 1.073449e+07 	
4.26426426e+06 	 3.799248e-06 	 1.073246e+07 	
4.26476476e+06 	 3.796486e-06 	 1.073042e+07 	
4.26526527e+06 	 3.793726e-06 	 1.072838e+07 	
4.26576577e+06 	 3.790967e-06 	 1.072635e+07 	
4.26626627e+06 	 3.788210e-06 	 1.072431e+07 	
4.26676677e+06 	 3.785455e-06 	 1.072228e+07 	
4.26726727e+06 	 3.782701e-06 	 1.072025e+07 	
4.26776777e+06 	 3.779949e-06 	 1.071821e+07 	
4.26826827e+06 	 3.777199e-06 	 1.071618e+07 	
4.26876877e+06 	 3.774451e-06 	 1.071415e+07 	
4.26926927e+06 	 3.771704e-06 	 1.071212e+07 	
4.26976977e+06 	 3.768959e-06 	 1.071009e+07 	
4.27027027e+06 	 3.766216e-06 	 1.070806e+07 	
4.27077077e+06 	 3.763475e-06 	 1.070603e+07 	
4.27127127e+06 	 3.760735e-06 	 1.070400e+07 	
4.27177177e+06 	 3.757997e-06 	 1.070197e+07 	
4.27227227e+06 	 3.755261e-06 	 1.069994e+07 	
4.27277277e+06 	 3.752526e-06 	 1.069792e+07 	
4.27327327e+06 	 3.749793e-06 	 1.069589e+07 	
4.27377377e+06 	 3.747062e-06 	 1.069386e+07 	
4.27427427e+06 	 3.744333e-06 	 1.069184e+07 	
4.27477477e+06 	 3.741605e-06 	 1.068981e+07 	
4.27527528e+06 	 3.738879e-06 	 1.068779e+07 	
4.27577578e+06 	 3.736155e-06 	 1.068577e+07 	
4.27627628e+06 	 3.733433e-06 	 1.068374e+07 	
4.27677678e+06 	 3.730712e-06 	 1.068172e+07 	
4.27727728e+06 	 3.727993e-06 	 1.067970e+07 	
4.27777778e+06 	 3.725275e-06 	 1.067768e+07 	
4.27827828e+06 	 3.722560e-06 	 1.067566e+07 	
4.27877878e+06 	 3.719846e-06 	 1.067364e+07 	
4.27927928e+06 	 3.717133e-06 	 1.067162e+07 	
4.27977978e+06 	 3.714423e-06 	 1.066960e+07 	
4.28028028e+06 	 3.711714e-06 	 1.066758e+07 	
4.28078078e+06 	 3.709007e-06 	 1.066556e+07 	
4.28128128e+06 	 3.706301e-06 	 1.066355e+07 	
4.28178178e+06 	 3.703597e-06 	 1.066153e+07 	
4.28228228e+06 	 3.700895e-06 	 1.065951e+07 	
4.28278278e+06 	 3.698195e-06 	 1.065750e+07 	
4.28328328e+06 	 3.695496e-06 	 1.065548e+07 	
4.28378378e+06 	 3.692799e-06 	 1.065347e+07 	
4.28428428e+06 	 3.690104e-06 	 1.065145e+07 	
4.28478478e+06 	 3.687410e-06 	 1.064944e+07 	
4.28528529e+06 	 3.684718e-06 	 1.064743e+07 	
4.28578579e+06 	 3.682028e-06 	 1.064542e+07 	
4.28628629e+06 	 3.679340e-06 	 1.064341e+07 	
4.28678679e+06 	 3.676653e-06 	 1.064139e+07 	
4.28728729e+06 	 3.673968e-06 	 1.063938e+07 	
4.28778779e+06 	 3.671284e-06 	 1.063737e+07 	
4.28828829e+06 	 3.668602e-06 	 1.063536e+07 	
4.28878879e+06 	 3.665922e-06 	 1.063336e+07 	
4.28928929e+06 	 3.663244e-06 	 1.063135e+07 	
4.28978979e+06 	 3.660567e-06 	 1.062934e+07 	
4.29029029e+06 	 3.657892e-06 	 1.062733e+07 	
4.29079079e+06 	 3.655218e-06 	 1.062533e+07 	
4.29129129e+06 	 3.652546e-06 	 1.062332e+07 	
4.29179179e+06 	 3.649876e-06 	 1.062132e+07 	
4.29229229e+06 	 3.647208e-06 	 1.061931e+07 	
4.29279279e+06 	 3.644541e-06 	 1.061731e+07 	
4.29329329e+06 	 3.641876e-06 	 1.061531e+07 	
4.29379379e+06 	 3.639212e-06 	 1.061330e+07 	
4.29429429e+06 	 3.636551e-06 	 1.061130e+07 	
4.29479479e+06 	 3.633891e-06 	 1.060930e+07 	
4.29529530e+06 	 3.631232e-06 	 1.060730e+07 	
4.29579580e+06 	 3.628575e-06 	 1.060530e+07 	
4.29629630e+06 	 3.625920e-06 	 1.060330e+07 	
4.29679680e+06 	 3.623267e-06 	 1.060130e+07 	
4.29729730e+06 	 3.620615e-06 	 1.059930e+07 	
4.29779780e+06 	 3.617965e-06 	 1.059730e+07 	
4.29829830e+06 	 3.615316e-06 	 1.059530e+07 	
4.29879880e+06 	 3.612669e-06 	 1.059331e+07 	
4.29929930e+06 	 3.610024e-06 	 1.059131e+07 	
4.29979980e+06 	 3.607380e-06 	 1.058931e+07 	
4.30030030e+06 	 3.604739e-06 	 1.058732e+07 	
4.30080080e+06 	 3.602098e-06 	 1.058532e+07 	
4.30130130e+06 	 3.599460e-06 	 1.058333e+07 	
4.30180180e+06 	 3.596823e-06 	 1.058133e+07 	
4.30230230e+06 	 3.594187e-06 	 1.057934e+07 	
4.30280280e+06 	 3.591554e-06 	 1.057735e+07 	
4.30330330e+06 	 3.588921e-06 	 1.057536e+07 	
4.30380380e+06 	 3.586291e-06 	 1.057337e+07 	
4.30430430e+06 	 3.583662e-06 	 1.057137e+07 	
4.30480480e+06 	 3.581035e-06 	 1.056938e+07 	
4.30530531e+06 	 3.578410e-06 	 1.056739e+07 	
4.30580581e+06 	 3.575786e-06 	 1.056541e+07 	
4.30630631e+06 	 3.573163e-06 	 1.056342e+07 	
4.30680681e+06 	 3.570543e-06 	 1.056143e+07 	
4.30730731e+06 	 3.567924e-06 	 1.055944e+07 	
4.30780781e+06 	 3.565306e-06 	 1.055745e+07 	
4.30830831e+06 	 3.562691e-06 	 1.055547e+07 	
4.30880881e+06 	 3.560077e-06 	 1.055348e+07 	
4.30930931e+06 	 3.557464e-06 	 1.055150e+07 	
4.30980981e+06 	 3.554853e-06 	 1.054951e+07 	
4.31031031e+06 	 3.552244e-06 	 1.054753e+07 	
4.31081081e+06 	 3.549636e-06 	 1.054554e+07 	
4.31131131e+06 	 3.547030e-06 	 1.054356e+07 	
4.31181181e+06 	 3.544426e-06 	 1.054158e+07 	
4.31231231e+06 	 3.541823e-06 	 1.053960e+07 	
4.31281281e+06 	 3.539222e-06 	 1.053762e+07 	
4.31331331e+06 	 3.536622e-06 	 1.053564e+07 	
4.31381381e+06 	 3.534024e-06 	 1.053366e+07 	
4.31431431e+06 	 3.531428e-06 	 1.053168e+07 	
4.31481481e+06 	 3.528833e-06 	 1.052970e+07 	
4.31531532e+06 	 3.526240e-06 	 1.052772e+07 	
4.31581582e+06 	 3.523649e-06 	 1.052574e+07 	
4.31631632e+06 	 3.521059e-06 	 1.052376e+07 	
4.31681682e+06 	 3.518470e-06 	 1.052179e+07 	
4.31731732e+06 	 3.515884e-06 	 1.051981e+07 	
4.31781782e+06 	 3.513299e-06 	 1.051784e+07 	
4.31831832e+06 	 3.510715e-06 	 1.051586e+07 	
4.31881882e+06 	 3.508133e-06 	 1.051389e+07 	
4.31931932e+06 	 3.505553e-06 	 1.051191e+07 	
4.31981982e+06 	 3.502974e-06 	 1.050994e+07 	
4.32032032e+06 	 3.500397e-06 	 1.050797e+07 	
4.32082082e+06 	 3.497821e-06 	 1.050599e+07 	
4.32132132e+06 	 3.495247e-06 	 1.050402e+07 	
4.32182182e+06 	 3.492675e-06 	 1.050205e+07 	
4.32232232e+06 	 3.490104e-06 	 1.050008e+07 	
4.32282282e+06 	 3.487535e-06 	 1.049811e+07 	
4.32332332e+06 	 3.484968e-06 	 1.049614e+07 	
4.32382382e+06 	 3.482402e-06 	 1.049417e+07 	
4.32432432e+06 	 3.479837e-06 	 1.049220e+07 	
4.32482482e+06 	 3.477274e-06 	 1.049024e+07 	
4.32532533e+06 	 3.474713e-06 	 1.048827e+07 	
4.32582583e+06 	 3.472153e-06 	 1.048630e+07 	
4.32632633e+06 	 3.469595e-06 	 1.048434e+07 	
4.32682683e+06 	 3.467039e-06 	 1.048237e+07 	
4.32732733e+06 	 3.464484e-06 	 1.048041e+07 	
4.32782783e+06 	 3.461930e-06 	 1.047844e+07 	
4.32832833e+06 	 3.459379e-06 	 1.047648e+07 	
4.32882883e+06 	 3.456828e-06 	 1.047451e+07 	
4.32932933e+06 	 3.454280e-06 	 1.047255e+07 	
4.32982983e+06 	 3.451733e-06 	 1.047059e+07 	
4.33033033e+06 	 3.449187e-06 	 1.046863e+07 	
4.33083083e+06 	 3.446643e-06 	 1.046667e+07 	
4.33133133e+06 	 3.444101e-06 	 1.046471e+07 	
4.33183183e+06 	 3.441560e-06 	 1.046275e+07 	
4.33233233e+06 	 3.439020e-06 	 1.046079e+07 	
4.33283283e+06 	 3.436483e-06 	 1.045883e+07 	
4.33333333e+06 	 3.433947e-06 	 1.045687e+07 	
4.33383383e+06 	 3.431412e-06 	 1.045491e+07 	
4.33433433e+06 	 3.428879e-06 	 1.045296e+07 	
4.33483483e+06 	 3.426347e-06 	 1.045100e+07 	
4.33533534e+06 	 3.423817e-06 	 1.044904e+07 	
4.33583584e+06 	 3.421289e-06 	 1.044709e+07 	
4.33633634e+06 	 3.418762e-06 	 1.044513e+07 	
4.33683684e+06 	 3.416237e-06 	 1.044318e+07 	
4.33733734e+06 	 3.413713e-06 	 1.044122e+07 	
4.33783784e+06 	 3.411191e-06 	 1.043927e+07 	
4.33833834e+06 	 3.408670e-06 	 1.043732e+07 	
4.33883884e+06 	 3.406151e-06 	 1.043537e+07 	
4.33933934e+06 	 3.403634e-06 	 1.043341e+07 	
4.33983984e+06 	 3.401118e-06 	 1.043146e+07 	
4.34034034e+06 	 3.398603e-06 	 1.042951e+07 	
4.34084084e+06 	 3.396090e-06 	 1.042756e+07 	
4.34134134e+06 	 3.393579e-06 	 1.042561e+07 	
4.34184184e+06 	 3.391069e-06 	 1.042367e+07 	
4.34234234e+06 	 3.388561e-06 	 1.042172e+07 	
4.34284284e+06 	 3.386054e-06 	 1.041977e+07 	
4.34334334e+06 	 3.383549e-06 	 1.041782e+07 	
4.34384384e+06 	 3.381045e-06 	 1.041588e+07 	
4.34434434e+06 	 3.378543e-06 	 1.041393e+07 	
4.34484484e+06 	 3.376042e-06 	 1.041198e+07 	
4.34534535e+06 	 3.373543e-06 	 1.041004e+07 	
4.34584585e+06 	 3.371045e-06 	 1.040809e+07 	
4.34634635e+06 	 3.368549e-06 	 1.040615e+07 	
4.34684685e+06 	 3.366054e-06 	 1.040421e+07 	
4.34734735e+06 	 3.363561e-06 	 1.040226e+07 	
4.34784785e+06 	 3.361070e-06 	 1.040032e+07 	
4.34834835e+06 	 3.358580e-06 	 1.039838e+07 	
4.34884885e+06 	 3.356091e-06 	 1.039644e+07 	
4.34934935e+06 	 3.353604e-06 	 1.039450e+07 	
4.34984985e+06 	 3.351119e-06 	 1.039256e+07 	
4.35035035e+06 	 3.348635e-06 	 1.039062e+07 	
4.35085085e+06 	 3.346153e-06 	 1.038868e+07 	
4.35135135e+06 	 3.343672e-06 	 1.038674e+07 	
4.35185185e+06 	 3.341193e-06 	 1.038481e+07 	
4.35235235e+06 	 3.338715e-06 	 1.038287e+07 	
4.35285285e+06 	 3.336238e-06 	 1.038093e+07 	
4.35335335e+06 	 3.333763e-06 	 1.037900e+07 	
4.35385385e+06 	 3.331290e-06 	 1.037706e+07 	
4.35435435e+06 	 3.328818e-06 	 1.037512e+07 	
4.35485485e+06 	 3.326348e-06 	 1.037319e+07 	
4.35535536e+06 	 3.323879e-06 	 1.037126e+07 	
4.35585586e+06 	 3.321412e-06 	 1.036932e+07 	
4.35635636e+06 	 3.318946e-06 	 1.036739e+07 	
4.35685686e+06 	 3.316482e-06 	 1.036546e+07 	
4.35735736e+06 	 3.314019e-06 	 1.036353e+07 	
4.35785786e+06 	 3.311557e-06 	 1.036159e+07 	
4.35835836e+06 	 3.309098e-06 	 1.035966e+07 	
4.35885886e+06 	 3.306639e-06 	 1.035773e+07 	
4.35935936e+06 	 3.304182e-06 	 1.035580e+07 	
4.35985986e+06 	 3.301727e-06 	 1.035388e+07 	
4.36036036e+06 	 3.299273e-06 	 1.035195e+07 	
4.36086086e+06 	 3.296821e-06 	 1.035002e+07 	
4.36136136e+06 	 3.294370e-06 	 1.034809e+07 	
4.36186186e+06 	 3.291920e-06 	 1.034616e+07 	
4.36236236e+06 	 3.289472e-06 	 1.034424e+07 	
4.36286286e+06 	 3.287026e-06 	 1.034231e+07 	
4.36336336e+06 	 3.284581e-06 	 1.034039e+07 	
4.36386386e+06 	 3.282137e-06 	 1.033846e+07 	
4.36436436e+06 	 3.279695e-06 	 1.033654e+07 	
4.36486486e+06 	 3.277255e-06 	 1.033462e+07 	
4.36536537e+06 	 3.274816e-06 	 1.033269e+07 	
4.36586587e+06 	 3.272378e-06 	 1.033077e+07 	
4.36636637e+06 	 3.269942e-06 	 1.032885e+07 	
4.36686687e+06 	 3.267507e-06 	 1.032693e+07 	
4.36736737e+06 	 3.265074e-06 	 1.032501e+07 	
4.36786787e+06 	 3.262642e-06 	 1.032309e+07 	
4.36836837e+06 	 3.260212e-06 	 1.032117e+07 	
4.36886887e+06 	 3.257783e-06 	 1.031925e+07 	
4.36936937e+06 	 3.255356e-06 	 1.031733e+07 	
4.36986987e+06 	 3.252930e-06 	 1.031541e+07 	
4.37037037e+06 	 3.250506e-06 	 1.031349e+07 	
4.37087087e+06 	 3.248083e-06 	 1.031157e+07 	
4.37137137e+06 	 3.245661e-06 	 1.030966e+07 	
4.37187187e+06 	 3.243241e-06 	 1.030774e+07 	
4.37237237e+06 	 3.240823e-06 	 1.030583e+07 	
4.37287287e+06 	 3.238406e-06 	 1.030391e+07 	
4.37337337e+06 	 3.235990e-06 	 1.030200e+07 	
4.37387387e+06 	 3.233576e-06 	 1.030008e+07 	
4.37437437e+06 	 3.231163e-06 	 1.029817e+07 	
4.37487487e+06 	 3.228752e-06 	 1.029626e+07 	
4.37537538e+06 	 3.226342e-06 	 1.029435e+07 	
4.37587588e+06 	 3.223934e-06 	 1.029243e+07 	
4.37637638e+06 	 3.221527e-06 	 1.029052e+07 	
4.37687688e+06 	 3.219121e-06 	 1.028861e+07 	
4.37737738e+06 	 3.216717e-06 	 1.028670e+07 	
4.37787788e+06 	 3.214315e-06 	 1.028479e+07 	
4.37837838e+06 	 3.211914e-06 	 1.028288e+07 	
4.37887888e+06 	 3.209514e-06 	 1.028098e+07 	
4.37937938e+06 	 3.207116e-06 	 1.027907e+07 	
4.37987988e+06 	 3.204719e-06 	 1.027716e+07 	
4.38038038e+06 	 3.202324e-06 	 1.027525e+07 	
4.38088088e+06 	 3.199930e-06 	 1.027335e+07 	
4.38138138e+06 	 3.197538e-06 	 1.027144e+07 	
4.38188188e+06 	 3.195147e-06 	 1.026954e+07 	
4.38238238e+06 	 3.192757e-06 	 1.026763e+07 	
4.38288288e+06 	 3.190369e-06 	 1.026573e+07 	
4.38338338e+06 	 3.187982e-06 	 1.026382e+07 	
4.38388388e+06 	 3.185597e-06 	 1.026192e+07 	
4.38438438e+06 	 3.183213e-06 	 1.026002e+07 	
4.38488488e+06 	 3.180831e-06 	 1.025812e+07 	
4.38538539e+06 	 3.178450e-06 	 1.025622e+07 	
4.38588589e+06 	 3.176070e-06 	 1.025431e+07 	
4.38638639e+06 	 3.173692e-06 	 1.025241e+07 	
4.38688689e+06 	 3.171315e-06 	 1.025051e+07 	
4.38738739e+06 	 3.168940e-06 	 1.024862e+07 	
4.38788789e+06 	 3.166566e-06 	 1.024672e+07 	
4.38838839e+06 	 3.164194e-06 	 1.024482e+07 	
4.38888889e+06 	 3.161823e-06 	 1.024292e+07 	
4.38938939e+06 	 3.159453e-06 	 1.024102e+07 	
4.38988989e+06 	 3.157085e-06 	 1.023913e+07 	
4.39039039e+06 	 3.154719e-06 	 1.023723e+07 	
4.39089089e+06 	 3.152353e-06 	 1.023534e+07 	
4.39139139e+06 	 3.149989e-06 	 1.023344e+07 	
4.39189189e+06 	 3.147627e-06 	 1.023155e+07 	
4.39239239e+06 	 3.145266e-06 	 1.022965e+07 	
4.39289289e+06 	 3.142906e-06 	 1.022776e+07 	
4.39339339e+06 	 3.140548e-06 	 1.022587e+07 	
4.39389389e+06 	 3.138191e-06 	 1.022397e+07 	
4.39439439e+06 	 3.135836e-06 	 1.022208e+07 	
4.39489489e+06 	 3.133482e-06 	 1.022019e+07 	
4.39539540e+06 	 3.131129e-06 	 1.021830e+07 	
4.39589590e+06 	 3.128778e-06 	 1.021641e+07 	
4.39639640e+06 	 3.126428e-06 	 1.021452e+07 	
4.39689690e+06 	 3.124080e-06 	 1.021263e+07 	
4.39739740e+06 	 3.121733e-06 	 1.021074e+07 	
4.39789790e+06 	 3.119387e-06 	 1.020886e+07 	
4.39839840e+06 	 3.117043e-06 	 1.020697e+07 	
4.39889890e+06 	 3.114700e-06 	 1.020508e+07 	
4.39939940e+06 	 3.112359e-06 	 1.020319e+07 	
4.39989990e+06 	 3.110019e-06 	 1.020131e+07 	
4.40040040e+06 	 3.107681e-06 	 1.019942e+07 	
4.40090090e+06 	 3.105343e-06 	 1.019754e+07 	
4.40140140e+06 	 3.103008e-06 	 1.019565e+07 	
4.40190190e+06 	 3.100673e-06 	 1.019377e+07 	
4.40240240e+06 	 3.098340e-06 	 1.019189e+07 	
4.40290290e+06 	 3.096009e-06 	 1.019000e+07 	
4.40340340e+06 	 3.093678e-06 	 1.018812e+07 	
4.40390390e+06 	 3.091350e-06 	 1.018624e+07 	
4.40440440e+06 	 3.089022e-06 	 1.018436e+07 	
4.40490490e+06 	 3.086696e-06 	 1.018248e+07 	
4.40540541e+06 	 3.084372e-06 	 1.018060e+07 	
4.40590591e+06 	 3.082048e-06 	 1.017872e+07 	
4.40640641e+06 	 3.079726e-06 	 1.017684e+07 	
4.40690691e+06 	 3.077406e-06 	 1.017496e+07 	
4.40740741e+06 	 3.075087e-06 	 1.017308e+07 	
4.40790791e+06 	 3.072769e-06 	 1.017121e+07 	
4.40840841e+06 	 3.070453e-06 	 1.016933e+07 	
4.40890891e+06 	 3.068138e-06 	 1.016745e+07 	
4.40940941e+06 	 3.065978e-06 	 1.016556e+07 	
4.40990991e+06 	 3.063666e-06 	 1.016368e+07 	
4.41041041e+06 	 3.061356e-06 	 1.016181e+07 	
4.41091091e+06 	 3.059047e-06 	 1.015993e+07 	
4.41141141e+06 	 3.056740e-06 	 1.015806e+07 	
4.41191191e+06 	 3.054434e-06 	 1.015618e+07 	
4.41241241e+06 	 3.052129e-06 	 1.015431e+07 	
4.41291291e+06 	 3.049826e-06 	 1.015244e+07 	
4.41341341e+06 	 3.047524e-06 	 1.015057e+07 	
4.41391391e+06 	 3.045223e-06 	 1.014870e+07 	
4.41441441e+06 	 3.042924e-06 	 1.014683e+07 	
4.41491491e+06 	 3.040626e-06 	 1.014496e+07 	
4.41541542e+06 	 3.038329e-06 	 1.014309e+07 	
4.41591592e+06 	 3.036034e-06 	 1.014122e+07 	
4.41641642e+06 	 3.033741e-06 	 1.013935e+07 	
4.41691692e+06 	 3.031448e-06 	 1.013748e+07 	
4.41741742e+06 	 3.029157e-06 	 1.013561e+07 	
4.41791792e+06 	 3.026868e-06 	 1.013375e+07 	
4.41841842e+06 	 3.024579e-06 	 1.013188e+07 	
4.41891892e+06 	 3.022292e-06 	 1.013001e+07 	
4.41941942e+06 	 3.020007e-06 	 1.012815e+07 	
4.41991992e+06 	 3.017722e-06 	 1.012628e+07 	
4.42042042e+06 	 3.015439e-06 	 1.012442e+07 	
4.42092092e+06 	 3.013158e-06 	 1.012256e+07 	
4.42142142e+06 	 3.010878e-06 	 1.012069e+07 	
4.42192192e+06 	 3.008599e-06 	 1.011883e+07 	
4.42242242e+06 	 3.006321e-06 	 1.011697e+07 	
4.42292292e+06 	 3.004045e-06 	 1.011511e+07 	
4.42342342e+06 	 3.001770e-06 	 1.011324e+07 	
4.42392392e+06 	 2.999497e-06 	 1.011138e+07 	
4.42442442e+06 	 2.997225e-06 	 1.010952e+07 	
4.42492492e+06 	 2.994954e-06 	 1.010766e+07 	
4.42542543e+06 	 2.992685e-06 	 1.010580e+07 	
4.42592593e+06 	 2.990417e-06 	 1.010395e+07 	
4.42642643e+06 	 2.988150e-06 	 1.010209e+07 	
4.42692693e+06 	 2.985884e-06 	 1.010023e+07 	
4.42742743e+06 	 2.983620e-06 	 1.009837e+07 	
4.42792793e+06 	 2.981358e-06 	 1.009652e+07 	
4.42842843e+06 	 2.979096e-06 	 1.009466e+07 	
4.42892893e+06 	 2.976836e-06 	 1.009281e+07 	
4.42942943e+06 	 2.974577e-06 	 1.009095e+07 	
4.42992993e+06 	 2.972320e-06 	 1.008910e+07 	
4.43043043e+06 	 2.970064e-06 	 1.008724e+07 	
4.43093093e+06 	 2.967809e-06 	 1.008539e+07 	
4.43143143e+06 	 2.965556e-06 	 1.008354e+07 	
4.43193193e+06 	 2.963304e-06 	 1.008168e+07 	
4.43243243e+06 	 2.961053e-06 	 1.007983e+07 	
4.43293293e+06 	 2.958804e-06 	 1.007798e+07 	
4.43343343e+06 	 2.956555e-06 	 1.007613e+07 	
4.43393393e+06 	 2.954309e-06 	 1.007428e+07 	
4.43443443e+06 	 2.952063e-06 	 1.007243e+07 	
4.43493493e+06 	 2.949819e-06 	 1.007058e+07 	
4.43543544e+06 	 2.947576e-06 	 1.006873e+07 	
4.43593594e+06 	 2.945335e-06 	 1.006688e+07 	
4.43643644e+06 	 2.943095e-06 	 1.006504e+07 	
4.43693694e+06 	 2.940856e-06 	 1.006319e+07 	
4.43743744e+06 	 2.938618e-06 	 1.006134e+07 	
4.43793794e+06 	 2.936382e-06 	 1.005950e+07 	
4.43843844e+06 	 2.934147e-06 	 1.005765e+07 	
4.43893894e+06 	 2.931914e-06 	 1.005581e+07 	
4.43943944e+06 	 2.929681e-06 	 1.005396e+07 	
4.43993994e+06 	 2.927450e-06 	 1.005212e+07 	
4.44044044e+06 	 2.925221e-06 	 1.005027e+07 	
4.44094094e+06 	 2.922992e-06 	 1.004843e+07 	
4.44144144e+06 	 2.920765e-06 	 1.004659e+07 	
4.44194194e+06 	 2.918539e-06 	 1.004475e+07 	
4.44244244e+06 	 2.916315e-06 	 1.004290e+07 	
4.44294294e+06 	 2.914092e-06 	 1.004106e+07 	
4.44344344e+06 	 2.911870e-06 	 1.003922e+07 	
4.44394394e+06 	 2.909650e-06 	 1.003738e+07 	
4.44444444e+06 	 2.907430e-06 	 1.003554e+07 	
4.44494494e+06 	 2.905212e-06 	 1.003371e+07 	
4.44544545e+06 	 2.902996e-06 	 1.003187e+07 	
4.44594595e+06 	 2.900780e-06 	 1.003003e+07 	
4.44644645e+06 	 2.898566e-06 	 1.002819e+07 	
4.44694695e+06 	 2.896354e-06 	 1.002635e+07 	
4.44744745e+06 	 2.894142e-06 	 1.002452e+07 	
4.44794795e+06 	 2.891932e-06 	 1.002268e+07 	
4.44844845e+06 	 2.889723e-06 	 1.002085e+07 	
4.44894895e+06 	 2.887516e-06 	 1.001901e+07 	
4.44944945e+06 	 2.885309e-06 	 1.001718e+07 	
4.44994995e+06 	 2.883104e-06 	 1.001534e+07 	
4.45045045e+06 	 2.880901e-06 	 1.001351e+07 	
4.45095095e+06 	 2.878698e-06 	 1.001168e+07 	
4.45145145e+06 	 2.876497e-06 	 1.000985e+07 	
4.45195195e+06 	 2.874297e-06 	 1.000801e+07 	
4.45245245e+06 	 2.872099e-06 	 1.000618e+07 	
4.45295295e+06 	 2.869902e-06 	 1.000435e+07 	
4.45345345e+06 	 2.867706e-06 	 1.000252e+07 	
4.45395395e+06 	 2.865511e-06 	 1.000069e+07 	
4.45445445e+06 	 2.863317e-06 	 9.998864e+06 	
4.45495495e+06 	 2.861125e-06 	 9.997036e+06 	
4.45545546e+06 	 2.858934e-06 	 9.995208e+06 	
4.45595596e+06 	 2.856745e-06 	 9.993380e+06 	
4.45645646e+06 	 2.854557e-06 	 9.991553e+06 	
4.45695696e+06 	 2.852369e-06 	 9.989727e+06 	
4.45745746e+06 	 2.850184e-06 	 9.987901e+06 	
4.45795796e+06 	 2.847999e-06 	 9.986075e+06 	
4.45845846e+06 	 2.845816e-06 	 9.984250e+06 	
4.45895896e+06 	 2.843634e-06 	 9.982426e+06 	
4.45945946e+06 	 2.841453e-06 	 9.980602e+06 	
4.45995996e+06 	 2.839274e-06 	 9.978778e+06 	
4.46046046e+06 	 2.837096e-06 	 9.976955e+06 	
4.46096096e+06 	 2.834919e-06 	 9.975133e+06 	
4.46146146e+06 	 2.832743e-06 	 9.973311e+06 	
4.46196196e+06 	 2.830569e-06 	 9.971489e+06 	
4.46246246e+06 	 2.828396e-06 	 9.969669e+06 	
4.46296296e+06 	 2.826224e-06 	 9.967848e+06 	
4.46346346e+06 	 2.824054e-06 	 9.966028e+06 	
4.46396396e+06 	 2.821884e-06 	 9.964209e+06 	
4.46446446e+06 	 2.819716e-06 	 9.962390e+06 	
4.46496496e+06 	 2.817549e-06 	 9.960572e+06 	
4.46546547e+06 	 2.815384e-06 	 9.958754e+06 	
4.46596597e+06 	 2.813220e-06 	 9.956936e+06 	
4.46646647e+06 	 2.811057e-06 	 9.955120e+06 	
4.46696697e+06 	 2.808895e-06 	 9.953303e+06 	
4.46746747e+06 	 2.806734e-06 	 9.951487e+06 	
4.46796797e+06 	 2.804575e-06 	 9.949672e+06 	
4.46846847e+06 	 2.802417e-06 	 9.947857e+06 	
4.46896897e+06 	 2.800260e-06 	 9.946043e+06 	
4.46946947e+06 	 2.798105e-06 	 9.944229e+06 	
4.46996997e+06 	 2.795951e-06 	 9.942416e+06 	
4.47047047e+06 	 2.793798e-06 	 9.940603e+06 	
4.47097097e+06 	 2.791646e-06 	 9.938791e+06 	
4.47147147e+06 	 2.789495e-06 	 9.936979e+06 	
4.47197197e+06 	 2.787346e-06 	 9.935168e+06 	
4.47247247e+06 	 2.785198e-06 	 9.933357e+06 	
4.47297297e+06 	 2.783051e-06 	 9.931547e+06 	
4.47347347e+06 	 2.780906e-06 	 9.929737e+06 	
4.47397397e+06 	 2.778761e-06 	 9.927928e+06 	
4.47447447e+06 	 2.776618e-06 	 9.926119e+06 	
4.47497497e+06 	 2.774477e-06 	 9.924311e+06 	
4.47547548e+06 	 2.772336e-06 	 9.922503e+06 	
4.47597598e+06 	 2.770197e-06 	 9.920696e+06 	
4.47647648e+06 	 2.767920e-06 	 9.918910e+06 	
4.47697698e+06 	 2.765782e-06 	 9.917104e+06 	
4.47747748e+06 	 2.763646e-06 	 9.915299e+06 	
4.47797798e+06 	 2.761511e-06 	 9.913494e+06 	
4.47847848e+06 	 2.759377e-06 	 9.911689e+06 	
4.47897898e+06 	 2.757245e-06 	 9.909885e+06 	
4.47947948e+06 	 2.755113e-06 	 9.908082e+06 	
4.47997998e+06 	 2.752983e-06 	 9.906278e+06 	
4.48048048e+06 	 2.750854e-06 	 9.904476e+06 	
4.48098098e+06 	 2.748726e-06 	 9.902674e+06 	
4.48148148e+06 	 2.746600e-06 	 9.900872e+06 	
4.48198198e+06 	 2.744475e-06 	 9.899071e+06 	
4.48248248e+06 	 2.742351e-06 	 9.897271e+06 	
4.48298298e+06 	 2.740228e-06 	 9.895471e+06 	
4.48348348e+06 	 2.738106e-06 	 9.893671e+06 	
4.48398398e+06 	 2.735986e-06 	 9.891872e+06 	
4.48448448e+06 	 2.733867e-06 	 9.890074e+06 	
4.48498498e+06 	 2.731749e-06 	 9.888276e+06 	
4.48548549e+06 	 2.729632e-06 	 9.886478e+06 	
4.48598599e+06 	 2.727517e-06 	 9.884681e+06 	
4.48648649e+06 	 2.725402e-06 	 9.882885e+06 	
4.48698699e+06 	 2.723289e-06 	 9.881089e+06 	
4.48748749e+06 	 2.721177e-06 	 9.879293e+06 	
4.48798799e+06 	 2.719067e-06 	 9.877498e+06 	
4.48848849e+06 	 2.716957e-06 	 9.875704e+06 	
4.48898899e+06 	 2.714849e-06 	 9.873910e+06 	
4.48948949e+06 	 2.712742e-06 	 9.872117e+06 	
4.48998999e+06 	 2.710636e-06 	 9.870324e+06 	
4.49049049e+06 	 2.708532e-06 	 9.868531e+06 	
4.49099099e+06 	 2.706428e-06 	 9.866739e+06 	
4.49149149e+06 	 2.704326e-06 	 9.864948e+06 	
4.49199199e+06 	 2.702225e-06 	 9.863157e+06 	
4.49249249e+06 	 2.700125e-06 	 9.861366e+06 	
4.49299299e+06 	 2.698026e-06 	 9.859576e+06 	
4.49349349e+06 	 2.695929e-06 	 9.857787e+06 	
4.49399399e+06 	 2.693833e-06 	 9.855998e+06 	
4.49449449e+06 	 2.691738e-06 	 9.854209e+06 	
4.49499499e+06 	 2.689644e-06 	 9.852421e+06 	
4.49549550e+06 	 2.687551e-06 	 9.850634e+06 	
4.49599600e+06 	 2.685460e-06 	 9.848847e+06 	
4.49649650e+06 	 2.683370e-06 	 9.847061e+06 	
4.49699700e+06 	 2.681280e-06 	 9.845275e+06 	
4.49749750e+06 	 2.679193e-06 	 9.843489e+06 	
4.49799800e+06 	 2.677106e-06 	 9.841704e+06 	
4.49849850e+06 	 2.675020e-06 	 9.839920e+06 	
4.49899900e+06 	 2.672936e-06 	 9.838136e+06 	
4.49949950e+06 	 2.670853e-06 	 9.836352e+06 	
4.50000000e+06 	 2.668771e-06 	 9.834570e+06 	
4.52440684e+06 	 2.568664e-06 	 9.748227e+06 	
4.54894606e+06 	 2.470872e-06 	 9.662576e+06 	
4.57361837e+06 	 2.375096e-06 	 9.577653e+06 	
4.59842450e+06 	 2.281375e-06 	 9.493443e+06 	
4.62336517e+06 	 2.189766e-06 	 9.409927e+06 	
4.64844111e+06 	 2.099989e-06 	 9.327146e+06 	
4.67365306e+06 	 2.012082e-06 	 9.245086e+06 	
4.69900175e+06 	 1.925870e-06 	 9.163776e+06 	
4.72448793e+06 	 1.841497e-06 	 9.083182e+06 	
4.75011233e+06 	 1.758814e-06 	 9.003331e+06 	
4.77587572e+06 	 1.677870e-06 	 8.924207e+06 	
4.80177884e+06 	 1.598426e-06 	 8.845866e+06 	
4.82782245e+06 	 1.520439e-06 	 8.768320e+06 	
4.85400732e+06 	 1.444005e-06 	 8.691553e+06 	
4.88033420e+06 	 1.369015e-06 	 8.615597e+06 	
4.90680388e+06 	 1.295361e-06 	 8.540498e+06 	
4.93341712e+06 	 1.223140e-06 	 8.466243e+06 	
4.96017470e+06 	 1.152267e-06 	 8.392880e+06 	
4.98707741e+06 	 1.082789e-06 	 8.320420e+06 	
5.01412604e+06 	 1.014585e-06 	 8.248940e+06 	
5.04132136e+06 	 9.477133e-07 	 8.178467e+06 	
5.06866419e+06 	 8.821369e-07 	 8.109074e+06 	
5.09615532e+06 	 8.179914e-07 	 8.040777e+06 	
5.12379556e+06 	 7.553234e-07 	 7.973637e+06 	
5.15158570e+06 	 6.941349e-07 	 7.907759e+06 	
5.17952658e+06 	 6.345560e-07 	 7.843203e+06 	
5.20761900e+06 	 5.766746e-07 	 7.780074e+06 	
5.23586378e+06 	 5.206978e-07 	 7.718427e+06 	
5.26426176e+06 	 4.667689e-07 	 7.658374e+06 	
5.29281376e+06 	 4.150562e-07 	 7.600043e+06 	
5.32152062e+06 	 3.658225e-07 	 7.543496e+06 	
5.35038317e+06 	 3.192900e-07 	 7.488838e+06 	
5.37940228e+06 	 2.756573e-07 	 7.436210e+06 	
5.40857877e+06 	 2.351634e-07 	 7.385696e+06 	
5.43791351e+06 	 1.980230e-07 	 7.337358e+06 	
5.46740735e+06 	 1.643768e-07 	 7.291318e+06 	
5.49706116e+06 	 1.343553e-07 	 7.247587e+06 	
5.52687580e+06 	 1.079870e-07 	 7.206242e+06 	
5.55685215e+06 	 8.524931e-08 	 7.167242e+06 	
5.58699109e+06 	 6.601439e-08 	 7.130607e+06 	
5.61729349e+06 	 5.008801e-08 	 7.096240e+06 	
5.64776024e+06 	 3.719406e-08 	 7.064074e+06 	
5.67839224e+06 	 2.700399e-08 	 7.033966e+06 	
5.70919038e+06 	 1.914968e-08 	 7.005853e+06 	
5.74015556e+06 	 1.325554e-08 	 6.979435e+06 	
5.77128868e+06 	 8.950272e-09 	 6.954549e+06 	
5.80259067e+06 	 5.892099e-09 	 6.930940e+06 	
5.83406242e+06 	 3.780111e-09 	 6.908623e+06 	
5.86570488e+06 	 2.363367e-09 	 6.886866e+06 	
5.89751895e+06 	 1.439463e-09 	 6.866390e+06 	
5.92950557e+06 	 8.543304e-10 	 6.846219e+06 	
6.58365529e+06 	 1.000000e-20 	 6.483652e+06 	
7.30997154e+06 	 1.000000e-20 	 6.142861e+06 	
8.11641582e+06 	 1.000000e-20 	 5.821002e+06 	
9.01182794e+06 	 1.000000e-20 	 5.516868e+06 	
1.00060229e+07 	 1.000000e-20 	 5.229350e+06 	
1.11098986e+07 	 1.000000e-20 	 4.957432e+06 	
1.23355551e+07 	 1.000000e-20 	 4.700173e+06 	
1.36964274e+07 	 1.000000e-20 	 4.456706e+06 	
1.52074327e+07 	 1.000000e-20 	 4.226223e+06 	
1.68851338e+07 	 1.000000e-20 	 4.007978e+06 	
1.87479207e+07 	 1.000000e-20 	 3.801273e+06 	
2.08162124e+07 	 1.000000e-20 	 3.605457e+06 	
2.31126803e+07 	 1.000000e-20 	 3.419924e+06 	
2.56624972e+07 	 1.000000e-20 	 3.244104e+06 	
2.84936128e+07 	 1.000000e-20 	 3.077463e+06 	
3.16370602e+07 	 1.000000e-20 	 2.919503e+06 	
3.51272962e+07 	 1.000000e-20 	 2.769753e+06 	
3.90025790e+07 	 1.000000e-20 	 2.627772e+06 	
4.33053873e+07 	 1.000000e-20 	 2.493143e+06 	
4.80828864e+07 	 1.000000e-20 	 2.365475e+06 	
5.33874444e+07 	 1.000000e-20 	 2.244399e+06 	
5.92772073e+07 	 1.000000e-20 	 2.129566e+06 	
6.58167354e+07 	 1.000000e-20 	 2.020648e+06 	
7.30777117e+07 	 1.000000e-20 	 1.917334e+06 	
8.11397270e+07 	 1.000000e-20 	 1.819331e+06 	
9.00911528e+07 	 1.000000e-20 	 1.726362e+06 	
1.00030110e+08 	 1.000000e-20 	 1.638165e+06 	
1.11065544e+08 	 1.000000e-20 	 1.554491e+06 	
1.23318420e+08 	 1.000000e-20 	 1.475107e+06 	
1.36923047e+08 	 1.000000e-20 	 1.399789e+06 	
1.52028551e+08 	 1.000000e-20 	 1.328329e+06 	
1.68800512e+08 	 1.000000e-20 	 1.260525e+06 	
1.87422774e+08 	 1.000000e-20 	 1.196191e+06 	
2.08099465e+08 	 1.000000e-20 	 1.135148e+06 	
2.31057232e+08 	 1.000000e-20 	 1.077225e+06 	
2.56547725e+08 	 1.000000e-20 	 1.022263e+06 	
2.84850359e+08 	 1.000000e-20 	 9.701100e+05 	
3.16275371e+08 	 1.000000e-20 	 9.206210e+05 	
3.51167225e+08 	 1.000000e-20 	 8.736599e+05 	
3.89908388e+08 	 1.000000e-20 	 8.290969e+05 	
4.32923520e+08 	 1.000000e-20 	 7.868093e+05 	
4.80684129e+08 	 1.000000e-20 	 7.466805e+05 	
5.33713742e+08 	 1.000000e-20 	 7.086001e+05 	
5.92593642e+08 	 1.000000e-20 	 6.724631e+05 	
6.57969239e+08 	 1.000000e-20 	 6.381703e+05 	
7.30557145e+08 	 1.000000e-20 	 6.056273e+05 	
8.11153031e+08 	 1.000000e-20 	 5.747448e+05 	
9.00640345e+08 	 1.000000e-20 	 5.454378e+05 	
1.00000000e+09 	 1.000000e-20 	 5.176258e+05 	
