r (cm)        	 rho (g/cm3) 	 T (K)       		 Linf = 2.060694e+38
1.19998095e+06 	 5.560560e+04 	 1.269853e+09 	
1.20019578e+06 	 4.882429e+04 	 1.228932e+09 	
1.20043572e+06 	 4.208349e+04 	 1.183841e+09 	
1.20067566e+06 	 3.614241e+04 	 1.139416e+09 	
1.20087269e+06 	 3.180776e+04 	 1.103450e+09 	
1.20106971e+06 	 2.792064e+04 	 1.067962e+09 	
1.20126674e+06 	 2.444355e+04 	 1.032965e+09 	
1.20146377e+06 	 2.134126e+04 	 9.984712e+08 	
1.20166079e+06 	 1.858073e+04 	 9.644958e+08 	
1.20185625e+06 	 1.614937e+04 	 9.313161e+08 	
1.20205171e+06 	 1.399576e+04 	 8.986743e+08 	
1.20224717e+06 	 1.209366e+04 	 8.665849e+08 	
1.20240693e+06 	 1.070871e+04 	 8.407774e+08 	
1.20256669e+06 	 9.462998e+03 	 8.153568e+08 	
1.20272645e+06 	 8.344857e+03 	 7.903311e+08 	
1.20288620e+06 	 7.343353e+03 	 7.657086e+08 	
1.20304596e+06 	 6.448264e+03 	 7.414975e+08 	
1.20320572e+06 	 5.650058e+03 	 7.177060e+08 	
1.20336600e+06 	 4.937656e+03 	 6.942661e+08 	
1.20352628e+06 	 4.305513e+03 	 6.712651e+08 	
1.20368657e+06 	 3.745914e+03 	 6.487112e+08 	
1.20381827e+06 	 3.335354e+03 	 6.305192e+08 	
1.20394997e+06 	 2.965269e+03 	 6.126388e+08 	
1.20408168e+06 	 2.632227e+03 	 5.950745e+08 	
1.20421338e+06 	 2.333026e+03 	 5.778304e+08 	
1.20434508e+06 	 2.064684e+03 	 5.609106e+08 	
1.20447678e+06 	 1.824433e+03 	 5.443191e+08 	
1.20460849e+06 	 1.609704e+03 	 5.280597e+08 	
1.20474464e+06 	 1.412020e+03 	 5.116034e+08 	
1.20488080e+06 	 1.236651e+03 	 4.955098e+08 	
1.20499282e+06 	 1.107523e+03 	 4.825433e+08 	
1.20510485e+06 	 9.908443e+02 	 4.698266e+08 	
1.20521687e+06 	 8.855477e+02 	 4.573613e+08 	
1.20532889e+06 	 7.906438e+02 	 4.451492e+08 	
1.20544091e+06 	 7.052150e+02 	 4.331915e+08 	
1.20555294e+06 	 6.284121e+02 	 4.214896e+08 	
1.20566496e+06 	 5.594503e+02 	 4.100446e+08 	
1.20577698e+06 	 4.976057e+02 	 3.988573e+08 	
1.20588900e+06 	 4.422117e+02 	 3.879286e+08 	
1.20600742e+06 	 3.899907e+02 	 3.766577e+08 	
1.20610507e+06 	 3.513661e+02 	 3.675818e+08 	
1.20620271e+06 	 3.163840e+02 	 3.587030e+08 	
1.20630036e+06 	 2.847285e+02 	 3.500214e+08 	
1.20639800e+06 	 2.561076e+02 	 3.415366e+08 	
1.20649565e+06 	 2.302520e+02 	 3.332484e+08 	
1.20659329e+06 	 2.069133e+02 	 3.251563e+08 	
1.20669094e+06 	 1.858633e+02 	 3.172597e+08 	
1.20678859e+06 	 1.668918e+02 	 3.095578e+08 	
1.20688623e+06 	 1.498062e+02 	 3.020498e+08 	
1.20698388e+06 	 1.344300e+02 	 2.947345e+08 	
1.20708152e+06 	 1.206013e+02 	 2.876108e+08 	
1.20717917e+06 	 1.081724e+02 	 2.806774e+08 	
1.20727681e+06 	 9.700848e+01 	 2.739328e+08 	
1.20737446e+06 	 8.698643e+01 	 2.673753e+08 	
1.20746894e+06 	 7.827063e+01 	 2.612067e+08 	
1.20756342e+06 	 7.042659e+01 	 2.552100e+08 	
1.20765790e+06 	 6.337012e+01 	 2.493832e+08 	
1.20775238e+06 	 5.702459e+01 	 2.437243e+08 	
1.20784686e+06 	 5.132036e+01 	 2.382312e+08 	
1.20794135e+06 	 4.619419e+01 	 2.329017e+08 	
1.20803583e+06 	 4.158871e+01 	 2.277335e+08 	
1.20813031e+06 	 3.745194e+01 	 2.227242e+08 	
1.20822479e+06 	 3.373684e+01 	 2.178711e+08 	
1.20831927e+06 	 3.040087e+01 	 2.131716e+08 	
1.20841375e+06 	 2.740561e+01 	 2.086231e+08 	
1.20850823e+06 	 2.471636e+01 	 2.042227e+08 	
1.20860271e+06 	 2.230185e+01 	 1.999674e+08 	
1.20869719e+06 	 2.013391e+01 	 1.958545e+08 	
1.20879167e+06 	 1.818717e+01 	 1.918807e+08 	
1.20888615e+06 	 1.643881e+01 	 1.880430e+08 	
1.20898064e+06 	 1.486832e+01 	 1.843383e+08 	
1.20907512e+06 	 1.345728e+01 	 1.807634e+08 	
1.20916960e+06 	 1.218914e+01 	 1.773150e+08 	
1.20928267e+06 	 1.083866e+01 	 1.733500e+08 	
1.20939574e+06 	 9.649100e+00 	 1.695560e+08 	
1.20950881e+06 	 8.600644e+00 	 1.659273e+08 	
1.20962188e+06 	 7.675934e+00 	 1.624584e+08 	
1.20973495e+06 	 6.859761e+00 	 1.591434e+08 	
1.20984801e+06 	 6.138804e+00 	 1.559769e+08 	
1.20996108e+06 	 5.501401e+00 	 1.529532e+08 	
1.21007415e+06 	 4.937346e+00 	 1.500669e+08 	
1.21018722e+06 	 4.437708e+00 	 1.473125e+08 	
1.21030029e+06 	 3.994671e+00 	 1.446846e+08 	
1.21041336e+06 	 3.601396e+00 	 1.421779e+08 	
1.21052643e+06 	 3.251900e+00 	 1.397873e+08 	
1.21063950e+06 	 2.940944e+00 	 1.375078e+08 	
1.21075257e+06 	 2.663945e+00 	 1.353345e+08 	
1.21086564e+06 	 2.416886e+00 	 1.332624e+08 	
1.21097871e+06 	 2.196250e+00 	 1.312871e+08 	
1.21109178e+06 	 1.998955e+00 	 1.294041e+08 	
1.21123505e+06 	 1.778297e+00 	 1.271438e+08 	
1.21137831e+06 	 1.586051e+00 	 1.250160e+08 	
1.21152158e+06 	 1.418191e+00 	 1.230128e+08 	
1.21166485e+06 	 1.271297e+00 	 1.211265e+08 	
1.21180812e+06 	 1.142463e+00 	 1.193496e+08 	
1.21195139e+06 	 1.029214e+00 	 1.176754e+08 	
1.21209465e+06 	 9.294398e-01 	 1.160973e+08 	
1.21223792e+06 	 8.413400e-01 	 1.146091e+08 	
1.21242060e+06 	 7.435247e-01 	 1.128331e+08 	
1.21260328e+06 	 6.595200e-01 	 1.111828e+08 	
1.21278595e+06 	 5.871175e-01 	 1.096480e+08 	
1.21296863e+06 	 5.244942e-01 	 1.082193e+08 	
1.21315130e+06 	 4.701408e-01 	 1.068879e+08 	
1.21333398e+06 	 4.228043e-01 	 1.056461e+08 	
1.21351666e+06 	 3.814410e-01 	 1.044865e+08 	
1.21374520e+06 	 3.367865e-01 	 1.031414e+08 	
1.21397375e+06 	 2.987246e-01 	 1.019029e+08 	
1.21420229e+06 	 2.661257e-01 	 1.007605e+08 	
1.21443084e+06 	 2.380757e-01 	 9.970488e+07 	
1.21465938e+06 	 2.138315e-01 	 9.872760e+07 	
1.21488793e+06 	 1.927861e-01 	 9.782124e+07 	
1.21520708e+06 	 1.678234e-01 	 9.666177e+07 	
1.21552622e+06 	 1.470589e-01 	 9.561187e+07 	
1.21584537e+06 	 1.296598e-01 	 9.465797e+07 	
1.21616452e+06 	 1.149796e-01 	 9.378844e+07 	
1.21654349e+06 	 1.003879e-01 	 9.285176e+07 	
1.21692246e+06 	 8.826607e-02 	 9.200578e+07 	
1.21730143e+06 	 7.811459e-02 	 9.123851e+07 	
1.21768040e+06 	 6.954886e-02 	 9.053987e+07 	
1.21822061e+06 	 5.950434e-02 	 8.964599e+07 	
1.21876081e+06 	 5.143576e-02 	 8.885394e+07 	
1.21930102e+06 	 4.487593e-02 	 8.814733e+07 	
1.22002025e+06 	 3.790918e-02 	 8.731676e+07 	
1.22073949e+06 	 3.244904e-02 	 8.658990e+07 	
1.22145873e+06 	 2.810214e-02 	 8.594785e+07 	
1.22247529e+06 	 2.333814e-02 	 8.515705e+07 	
1.22349185e+06 	 1.973129e-02 	 8.447524e+07 	
1.22450841e+06 	 1.694151e-02 	 8.387947e+07 	
1.22567465e+06 	 1.445936e-02 	 8.328013e+07 	
1.22684090e+06 	 1.253040e-02 	 8.275259e+07 	
1.22800715e+06 	 1.100331e-02 	 8.228265e+07 	
1.22974656e+06 	 9.257142e-03 	 8.166626e+07 	
1.23148598e+06 	 7.955833e-03 	 8.112872e+07 	
1.23347787e+06 	 6.835797e-03 	 8.058695e+07 	
1.23546975e+06 	 5.988232e-03 	 8.010591e+07 	
1.23746164e+06 	 5.331300e-03 	 7.967212e+07 	
1.24057786e+06 	 4.564901e-03 	 7.906588e+07 	
1.24369408e+06 	 4.012084e-03 	 7.852612e+07 	
1.24735887e+06 	 3.538120e-03 	 7.795358e+07 	
1.25102366e+06 	 3.189723e-03 	 7.743103e+07 	
1.25468844e+06 	 2.925605e-03 	 7.694608e+07 	
1.26024976e+06 	 2.631071e-03 	 7.626350e+07 	
1.26581108e+06 	 2.419757e-03 	 7.562822e+07 	
1.27137239e+06 	 2.261605e-03 	 7.502754e+07 	
1.28022775e+06 	 2.078020e-03 	 7.412281e+07 	
1.28439714e+06 	 2.010735e-03 	 7.371370e+07 	
1.29523737e+06 	 1.871259e-03 	 7.268801e+07 	
1.30288453e+06 	 1.793230e-03 	 7.199091e+07 	
1.31770916e+06 	 1.669600e-03 	 7.068799e+07 	
1.32723694e+06 	 1.602221e-03 	 6.987890e+07 	
1.34166667e+06 	 1.511394e-03 	 6.868983e+07 	
1.36666667e+06 	 1.374487e-03 	 6.672089e+07 	
1.38333333e+06 	 1.293434e-03 	 6.546652e+07 	
1.40833333e+06 	 1.183729e-03 	 6.366508e+07 	
1.43333333e+06 	 1.085790e-03 	 6.195271e+07 	
1.45000000e+06 	 1.026259e-03 	 6.085746e+07 	
1.47500000e+06 	 9.444238e-04 	 5.927945e+07 	
1.50000000e+06 	 8.707246e-04 	 5.777478e+07 	
1.52500000e+06 	 8.041379e-04 	 5.633843e+07 	
1.55000000e+06 	 7.438425e-04 	 5.496596e+07 	
1.57500000e+06 	 6.891512e-04 	 5.365330e+07 	
1.60000000e+06 	 6.394503e-04 	 5.239671e+07 	
1.62500000e+06 	 5.941770e-04 	 5.119271e+07 	
1.65000000e+06 	 5.528747e-04 	 5.003815e+07 	
1.67500000e+06 	 5.151350e-04 	 4.893013e+07 	
1.70000000e+06 	 4.805829e-04 	 4.786593e+07 	
1.72500000e+06 	 4.488994e-04 	 4.684304e+07 	
1.75000000e+06 	 4.197994e-04 	 4.585917e+07 	
1.77500000e+06 	 3.930366e-04 	 4.491216e+07 	
1.80000000e+06 	 3.683915e-04 	 4.400006e+07 	
1.82500000e+06 	 3.456558e-04 	 4.312097e+07 	
1.85000000e+06 	 3.246612e-04 	 4.227320e+07 	
1.87500000e+06 	 3.052446e-04 	 4.145512e+07 	
1.90000000e+06 	 2.872644e-04 	 4.066524e+07 	
1.92500000e+06 	 2.705960e-04 	 3.990217e+07 	
1.95000000e+06 	 2.551251e-04 	 3.916458e+07 	
1.97500000e+06 	 2.407518e-04 	 3.845126e+07 	
2.00000000e+06 	 2.273802e-04 	 3.776105e+07 	
2.02500000e+06 	 2.149273e-04 	 3.709286e+07 	
2.05000000e+06 	 2.033173e-04 	 3.644569e+07 	
2.07500000e+06 	 1.924854e-04 	 3.581858e+07 	
2.10000000e+06 	 1.823672e-04 	 3.521064e+07 	
2.12500000e+06 	 1.729069e-04 	 3.462102e+07 	
2.15000000e+06 	 1.640531e-04 	 3.404892e+07 	
2.17500000e+06 	 1.557612e-04 	 3.349359e+07 	
2.20000000e+06 	 1.479875e-04 	 3.295433e+07 	
2.22500000e+06 	 1.406930e-04 	 3.243045e+07 	
2.25000000e+06 	 1.338440e-04 	 3.192134e+07 	
2.27500000e+06 	 1.274065e-04 	 3.142638e+07 	
2.30000000e+06 	 1.213526e-04 	 3.094501e+07 	
2.32500000e+06 	 1.156539e-04 	 3.047669e+07 	
2.35000000e+06 	 1.102858e-04 	 3.002091e+07 	
2.37500000e+06 	 1.052254e-04 	 2.957718e+07 	
2.40000000e+06 	 1.004521e-04 	 2.914504e+07 	
2.42500000e+06 	 9.594629e-05 	 2.872407e+07 	
2.45000000e+06 	 9.168968e-05 	 2.831383e+07 	
2.47500000e+06 	 8.766664e-05 	 2.791393e+07 	
2.50000000e+06 	 8.386127e-05 	 2.752401e+07 	
2.52500000e+06 	 8.025975e-05 	 2.714369e+07 	
2.55000000e+06 	 7.684891e-05 	 2.677264e+07 	
2.57500000e+06 	 7.361688e-05 	 2.641052e+07 	
2.60000000e+06 	 7.055273e-05 	 2.605704e+07 	
2.62500000e+06 	 6.764576e-05 	 2.571189e+07 	
2.65000000e+06 	 6.488624e-05 	 2.537479e+07 	
2.67500000e+06 	 6.226545e-05 	 2.504546e+07 	
2.70000000e+06 	 5.977493e-05 	 2.472365e+07 	
2.72500000e+06 	 5.740725e-05 	 2.440911e+07 	
2.75000000e+06 	 5.515498e-05 	 2.410160e+07 	
2.77500000e+06 	 5.301134e-05 	 2.380089e+07 	
2.80000000e+06 	 5.097021e-05 	 2.350678e+07 	
2.82500000e+06 	 4.902568e-05 	 2.321904e+07 	
2.85000000e+06 	 4.717242e-05 	 2.293748e+07 	
2.87500000e+06 	 4.540516e-05 	 2.266190e+07 	
2.90000000e+06 	 4.371932e-05 	 2.239213e+07 	
2.92500000e+06 	 4.211032e-05 	 2.212799e+07 	
2.95000000e+06 	 4.057392e-05 	 2.186930e+07 	
2.97500000e+06 	 3.910631e-05 	 2.161590e+07 	
3.00000000e+06 	 3.770374e-05 	 2.136764e+07 	
3.02500000e+06 	 3.636290e-05 	 2.112437e+07 	
3.05000000e+06 	 3.508042e-05 	 2.088593e+07 	
3.07500000e+06 	 3.385334e-05 	 2.065220e+07 	
3.10000000e+06 	 3.267877e-05 	 2.042304e+07 	
3.12500000e+06 	 3.155407e-05 	 2.019832e+07 	
3.15000000e+06 	 3.047667e-05 	 1.997791e+07 	
3.17500000e+06 	 2.944425e-05 	 1.976169e+07 	
3.20000000e+06 	 2.845453e-05 	 1.954956e+07 	
3.22500000e+06 	 2.750539e-05 	 1.934139e+07 	
3.25000000e+06 	 2.659487e-05 	 1.913709e+07 	
3.27500000e+06 	 2.572107e-05 	 1.893654e+07 	
3.30000000e+06 	 2.488225e-05 	 1.873965e+07 	
3.32500000e+06 	 2.407674e-05 	 1.854631e+07 	
3.35000000e+06 	 2.330296e-05 	 1.835645e+07 	
3.37500000e+06 	 2.255938e-05 	 1.816997e+07 	
3.40000000e+06 	 2.184464e-05 	 1.798677e+07 	
3.42500000e+06 	 2.115737e-05 	 1.780678e+07 	
3.45000000e+06 	 2.049634e-05 	 1.762992e+07 	
3.47500000e+06 	 1.986032e-05 	 1.745610e+07 	
3.50000000e+06 	 1.924822e-05 	 1.728526e+07 	
3.52500000e+06 	 1.865894e-05 	 1.711732e+07 	
3.55000000e+06 	 1.809145e-05 	 1.695220e+07 	
3.57500000e+06 	 1.754481e-05 	 1.678984e+07 	
3.60000000e+06 	 1.701809e-05 	 1.663017e+07 	
3.62500000e+06 	 1.651044e-05 	 1.647312e+07 	
3.65000000e+06 	 1.602103e-05 	 1.631865e+07 	
3.67500000e+06 	 1.554907e-05 	 1.616667e+07 	
3.70000000e+06 	 1.509380e-05 	 1.601714e+07 	
3.72500000e+06 	 1.465455e-05 	 1.587000e+07 	
3.75000000e+06 	 1.423062e-05 	 1.572520e+07 	
3.77500000e+06 	 1.382138e-05 	 1.558267e+07 	
3.80000000e+06 	 1.342621e-05 	 1.544237e+07 	
3.82500000e+06 	 1.304455e-05 	 1.530425e+07 	
3.85000000e+06 	 1.267584e-05 	 1.516826e+07 	
3.87500000e+06 	 1.231954e-05 	 1.503434e+07 	
3.90000000e+06 	 1.197517e-05 	 1.490247e+07 	
3.92500000e+06 	 1.164224e-05 	 1.477259e+07 	
3.95000000e+06 	 1.132029e-05 	 1.464465e+07 	
3.97500000e+06 	 1.100889e-05 	 1.451862e+07 	
4.00000000e+06 	 1.070764e-05 	 1.439445e+07 	
4.02500000e+06 	 1.041612e-05 	 1.427211e+07 	
4.05000000e+06 	 1.013397e-05 	 1.415155e+07 	
4.07500000e+06 	 9.860826e-06 	 1.403274e+07 	
4.10000000e+06 	 9.596339e-06 	 1.391564e+07 	
4.12500000e+06 	 9.340178e-06 	 1.380022e+07 	
4.15000000e+06 	 9.092034e-06 	 1.368644e+07 	
4.17500000e+06 	 8.851598e-06 	 1.357427e+07 	
4.20000000e+06 	 8.618588e-06 	 1.346367e+07 	
4.22500000e+06 	 8.392730e-06 	 1.335462e+07 	
4.25000000e+06 	 8.173757e-06 	 1.324708e+07 	
4.27500000e+06 	 7.961413e-06 	 1.314102e+07 	
4.30000000e+06 	 7.755463e-06 	 1.303641e+07 	
4.32500000e+06 	 7.555671e-06 	 1.293323e+07 	
4.35000000e+06 	 7.361818e-06 	 1.283144e+07 	
4.37500000e+06 	 7.173687e-06 	 1.273102e+07 	
4.40000000e+06 	 6.991078e-06 	 1.263195e+07 	
4.42500000e+06 	 6.813797e-06 	 1.253419e+07 	
4.45000000e+06 	 6.641653e-06 	 1.243772e+07 	
4.47500000e+06 	 6.474466e-06 	 1.234252e+07 	
4.50000000e+06 	 6.312066e-06 	 1.224856e+07 	
4.52500000e+06 	 6.154284e-06 	 1.215583e+07 	
4.55000000e+06 	 6.000965e-06 	 1.206428e+07 	
4.57500000e+06 	 5.851956e-06 	 1.197392e+07 	
4.60000000e+06 	 5.707108e-06 	 1.188471e+07 	
4.62500000e+06 	 5.566280e-06 	 1.179663e+07 	
4.65000000e+06 	 5.429339e-06 	 1.170966e+07 	
4.67500000e+06 	 5.296152e-06 	 1.162378e+07 	
4.70000000e+06 	 5.166597e-06 	 1.153897e+07 	
4.72500000e+06 	 5.040553e-06 	 1.145522e+07 	
4.75000000e+06 	 4.917903e-06 	 1.137250e+07 	
4.77500000e+06 	 4.798537e-06 	 1.129080e+07 	
4.80000000e+06 	 4.682347e-06 	 1.121009e+07 	
4.82500000e+06 	 4.569231e-06 	 1.113037e+07 	
4.85000000e+06 	 4.459088e-06 	 1.105160e+07 	
4.87500000e+06 	 4.351824e-06 	 1.097379e+07 	
4.90000000e+06 	 4.247348e-06 	 1.089691e+07 	
4.92500000e+06 	 4.145570e-06 	 1.082094e+07 	
4.95000000e+06 	 4.046404e-06 	 1.074587e+07 	
5.00000000e+06 	 3.855584e-06 	 1.059837e+07 	
5.00050050e+06 	 3.853723e-06 	 1.059691e+07 	
5.00100100e+06 	 3.851863e-06 	 1.059545e+07 	
5.00150150e+06 	 3.850004e-06 	 1.059399e+07 	
5.00200200e+06 	 3.848146e-06 	 1.059254e+07 	
5.00250250e+06 	 3.846288e-06 	 1.059108e+07 	
5.00300300e+06 	 3.844432e-06 	 1.058962e+07 	
5.00350350e+06 	 3.842577e-06 	 1.058816e+07 	
5.00400400e+06 	 3.840722e-06 	 1.058671e+07 	
5.00450450e+06 	 3.838869e-06 	 1.058525e+07 	
5.00500501e+06 	 3.837016e-06 	 1.058380e+07 	
5.00550551e+06 	 3.835165e-06 	 1.058234e+07 	
5.00600601e+06 	 3.833314e-06 	 1.058088e+07 	
5.00650651e+06 	 3.831464e-06 	 1.057943e+07 	
5.00700701e+06 	 3.829616e-06 	 1.057798e+07 	
5.00750751e+06 	 3.827768e-06 	 1.057652e+07 	
5.00800801e+06 	 3.825921e-06 	 1.057507e+07 	
5.00850851e+06 	 3.824075e-06 	 1.057361e+07 	
5.00900901e+06 	 3.822230e-06 	 1.057216e+07 	
5.00950951e+06 	 3.820386e-06 	 1.057071e+07 	
5.01001001e+06 	 3.818543e-06 	 1.056926e+07 	
5.01051051e+06 	 3.816701e-06 	 1.056780e+07 	
5.01101101e+06 	 3.814860e-06 	 1.056635e+07 	
5.01151151e+06 	 3.813019e-06 	 1.056490e+07 	
5.01201201e+06 	 3.811180e-06 	 1.056345e+07 	
5.01251251e+06 	 3.809342e-06 	 1.056200e+07 	
5.01301301e+06 	 3.807504e-06 	 1.056055e+07 	
5.01351351e+06 	 3.805668e-06 	 1.055910e+07 	
5.01401401e+06 	 3.803832e-06 	 1.055765e+07 	
5.01451451e+06 	 3.801997e-06 	 1.055620e+07 	
5.01501502e+06 	 3.800164e-06 	 1.055475e+07 	
5.01551552e+06 	 3.798331e-06 	 1.055330e+07 	
5.01601602e+06 	 3.796499e-06 	 1.055185e+07 	
5.01651652e+06 	 3.794668e-06 	 1.055040e+07 	
5.01701702e+06 	 3.792838e-06 	 1.054896e+07 	
5.01751752e+06 	 3.791009e-06 	 1.054751e+07 	
5.01801802e+06 	 3.789181e-06 	 1.054606e+07 	
5.01851852e+06 	 3.787354e-06 	 1.054462e+07 	
5.01901902e+06 	 3.785527e-06 	 1.054317e+07 	
5.01951952e+06 	 3.783702e-06 	 1.054172e+07 	
5.02002002e+06 	 3.781878e-06 	 1.054028e+07 	
5.02052052e+06 	 3.780054e-06 	 1.053883e+07 	
5.02102102e+06 	 3.778232e-06 	 1.053739e+07 	
5.02152152e+06 	 3.776410e-06 	 1.053594e+07 	
5.02202202e+06 	 3.774589e-06 	 1.053450e+07 	
5.02252252e+06 	 3.772769e-06 	 1.053305e+07 	
5.02302302e+06 	 3.770951e-06 	 1.053161e+07 	
5.02352352e+06 	 3.769133e-06 	 1.053017e+07 	
5.02402402e+06 	 3.767316e-06 	 1.052872e+07 	
5.02452452e+06 	 3.765500e-06 	 1.052728e+07 	
5.02502503e+06 	 3.763684e-06 	 1.052584e+07 	
5.02552553e+06 	 3.761870e-06 	 1.052440e+07 	
5.02602603e+06 	 3.760057e-06 	 1.052296e+07 	
5.02652653e+06 	 3.758244e-06 	 1.052151e+07 	
5.02702703e+06 	 3.756433e-06 	 1.052007e+07 	
5.02752753e+06 	 3.754622e-06 	 1.051863e+07 	
5.02802803e+06 	 3.752813e-06 	 1.051719e+07 	
5.02852853e+06 	 3.751004e-06 	 1.051575e+07 	
5.02902903e+06 	 3.749196e-06 	 1.051431e+07 	
5.02952953e+06 	 3.747389e-06 	 1.051287e+07 	
5.03003003e+06 	 3.745583e-06 	 1.051143e+07 	
5.03053053e+06 	 3.743778e-06 	 1.051000e+07 	
5.03103103e+06 	 3.741974e-06 	 1.050856e+07 	
5.03153153e+06 	 3.740171e-06 	 1.050712e+07 	
5.03203203e+06 	 3.738369e-06 	 1.050568e+07 	
5.03253253e+06 	 3.736567e-06 	 1.050424e+07 	
5.03303303e+06 	 3.734767e-06 	 1.050281e+07 	
5.03353353e+06 	 3.732967e-06 	 1.050137e+07 	
5.03403403e+06 	 3.731169e-06 	 1.049993e+07 	
5.03453453e+06 	 3.729371e-06 	 1.049850e+07 	
5.03503504e+06 	 3.727574e-06 	 1.049706e+07 	
5.03553554e+06 	 3.725778e-06 	 1.049563e+07 	
5.03603604e+06 	 3.723983e-06 	 1.049419e+07 	
5.03653654e+06 	 3.722189e-06 	 1.049276e+07 	
5.03703704e+06 	 3.720396e-06 	 1.049132e+07 	
5.03753754e+06 	 3.718604e-06 	 1.048989e+07 	
5.03803804e+06 	 3.716812e-06 	 1.048846e+07 	
5.03853854e+06 	 3.715022e-06 	 1.048702e+07 	
5.03903904e+06 	 3.713232e-06 	 1.048559e+07 	
5.03953954e+06 	 3.711444e-06 	 1.048416e+07 	
5.04004004e+06 	 3.709656e-06 	 1.048273e+07 	
5.04054054e+06 	 3.707869e-06 	 1.048129e+07 	
5.04104104e+06 	 3.706083e-06 	 1.047986e+07 	
5.04154154e+06 	 3.704298e-06 	 1.047843e+07 	
5.04204204e+06 	 3.702514e-06 	 1.047700e+07 	
5.04254254e+06 	 3.700731e-06 	 1.047557e+07 	
5.04304304e+06 	 3.698948e-06 	 1.047414e+07 	
5.04354354e+06 	 3.697167e-06 	 1.047271e+07 	
5.04404404e+06 	 3.695386e-06 	 1.047128e+07 	
5.04454454e+06 	 3.693607e-06 	 1.046985e+07 	
5.04504505e+06 	 3.691828e-06 	 1.046842e+07 	
5.04554555e+06 	 3.690050e-06 	 1.046699e+07 	
5.04604605e+06 	 3.688273e-06 	 1.046556e+07 	
5.04654655e+06 	 3.686497e-06 	 1.046414e+07 	
5.04704705e+06 	 3.684722e-06 	 1.046271e+07 	
5.04754755e+06 	 3.682948e-06 	 1.046128e+07 	
5.04804805e+06 	 3.681175e-06 	 1.045985e+07 	
5.04854855e+06 	 3.679402e-06 	 1.045843e+07 	
5.04904905e+06 	 3.677631e-06 	 1.045700e+07 	
5.04954955e+06 	 3.675860e-06 	 1.045558e+07 	
5.05005005e+06 	 3.674090e-06 	 1.045415e+07 	
5.05055055e+06 	 3.672321e-06 	 1.045272e+07 	
5.05105105e+06 	 3.670553e-06 	 1.045130e+07 	
5.05155155e+06 	 3.668786e-06 	 1.044988e+07 	
5.05205205e+06 	 3.667020e-06 	 1.044845e+07 	
5.05255255e+06 	 3.665255e-06 	 1.044703e+07 	
5.05305305e+06 	 3.663491e-06 	 1.044560e+07 	
5.05355355e+06 	 3.661727e-06 	 1.044418e+07 	
5.05405405e+06 	 3.659965e-06 	 1.044276e+07 	
5.05455455e+06 	 3.658203e-06 	 1.044133e+07 	
5.05505506e+06 	 3.656442e-06 	 1.043991e+07 	
5.05555556e+06 	 3.654682e-06 	 1.043849e+07 	
5.05605606e+06 	 3.652923e-06 	 1.043707e+07 	
5.05655656e+06 	 3.651165e-06 	 1.043565e+07 	
5.05705706e+06 	 3.649408e-06 	 1.043423e+07 	
5.05755756e+06 	 3.647651e-06 	 1.043281e+07 	
5.05805806e+06 	 3.645896e-06 	 1.043139e+07 	
5.05855856e+06 	 3.644141e-06 	 1.042997e+07 	
5.05905906e+06 	 3.642387e-06 	 1.042855e+07 	
5.05955956e+06 	 3.640635e-06 	 1.042713e+07 	
5.06006006e+06 	 3.638883e-06 	 1.042571e+07 	
5.06056056e+06 	 3.637132e-06 	 1.042429e+07 	
5.06106106e+06 	 3.635381e-06 	 1.042287e+07 	
5.06156156e+06 	 3.633632e-06 	 1.042145e+07 	
5.06206206e+06 	 3.631884e-06 	 1.042003e+07 	
5.06256256e+06 	 3.630136e-06 	 1.041862e+07 	
5.06306306e+06 	 3.628389e-06 	 1.041720e+07 	
5.06356356e+06 	 3.626644e-06 	 1.041578e+07 	
5.06406406e+06 	 3.624899e-06 	 1.041437e+07 	
5.06456456e+06 	 3.623155e-06 	 1.041295e+07 	
5.06506507e+06 	 3.621411e-06 	 1.041154e+07 	
5.06556557e+06 	 3.619669e-06 	 1.041012e+07 	
5.06606607e+06 	 3.617928e-06 	 1.040871e+07 	
5.06656657e+06 	 3.616187e-06 	 1.040729e+07 	
5.06706707e+06 	 3.614447e-06 	 1.040588e+07 	
5.06756757e+06 	 3.612709e-06 	 1.040446e+07 	
5.06806807e+06 	 3.610971e-06 	 1.040305e+07 	
5.06856857e+06 	 3.609234e-06 	 1.040164e+07 	
5.06906907e+06 	 3.607497e-06 	 1.040022e+07 	
5.06956957e+06 	 3.605762e-06 	 1.039881e+07 	
5.07007007e+06 	 3.604028e-06 	 1.039740e+07 	
5.07057057e+06 	 3.602294e-06 	 1.039598e+07 	
5.07107107e+06 	 3.600561e-06 	 1.039457e+07 	
5.07157157e+06 	 3.598830e-06 	 1.039316e+07 	
5.07207207e+06 	 3.597099e-06 	 1.039175e+07 	
5.07257257e+06 	 3.595369e-06 	 1.039034e+07 	
5.07307307e+06 	 3.593639e-06 	 1.038893e+07 	
5.07357357e+06 	 3.591911e-06 	 1.038752e+07 	
5.07407407e+06 	 3.590183e-06 	 1.038611e+07 	
5.07457457e+06 	 3.588457e-06 	 1.038470e+07 	
5.07507508e+06 	 3.586731e-06 	 1.038329e+07 	
5.07557558e+06 	 3.585006e-06 	 1.038188e+07 	
5.07607608e+06 	 3.583282e-06 	 1.038047e+07 	
5.07657658e+06 	 3.581559e-06 	 1.037907e+07 	
5.07707708e+06 	 3.579837e-06 	 1.037766e+07 	
5.07757758e+06 	 3.578115e-06 	 1.037625e+07 	
5.07807808e+06 	 3.576395e-06 	 1.037484e+07 	
5.07857858e+06 	 3.574675e-06 	 1.037344e+07 	
5.07907908e+06 	 3.572956e-06 	 1.037203e+07 	
5.07957958e+06 	 3.571238e-06 	 1.037062e+07 	
5.08008008e+06 	 3.569521e-06 	 1.036922e+07 	
5.08058058e+06 	 3.567805e-06 	 1.036781e+07 	
5.08108108e+06 	 3.566089e-06 	 1.036641e+07 	
5.08158158e+06 	 3.564375e-06 	 1.036500e+07 	
5.08208208e+06 	 3.562661e-06 	 1.036360e+07 	
5.08258258e+06 	 3.560948e-06 	 1.036219e+07 	
5.08308308e+06 	 3.559236e-06 	 1.036079e+07 	
5.08358358e+06 	 3.557525e-06 	 1.035938e+07 	
5.08408408e+06 	 3.555815e-06 	 1.035798e+07 	
5.08458458e+06 	 3.554106e-06 	 1.035658e+07 	
5.08508509e+06 	 3.552397e-06 	 1.035518e+07 	
5.08558559e+06 	 3.550689e-06 	 1.035377e+07 	
5.08608609e+06 	 3.548983e-06 	 1.035237e+07 	
5.08658659e+06 	 3.547277e-06 	 1.035097e+07 	
5.08708709e+06 	 3.545571e-06 	 1.034957e+07 	
5.08758759e+06 	 3.543867e-06 	 1.034817e+07 	
5.08808809e+06 	 3.542164e-06 	 1.034677e+07 	
5.08858859e+06 	 3.540461e-06 	 1.034537e+07 	
5.08908909e+06 	 3.538759e-06 	 1.034397e+07 	
5.08958959e+06 	 3.537059e-06 	 1.034257e+07 	
5.09009009e+06 	 3.535359e-06 	 1.034117e+07 	
5.09059059e+06 	 3.533659e-06 	 1.033977e+07 	
5.09109109e+06 	 3.531961e-06 	 1.033837e+07 	
5.09159159e+06 	 3.530264e-06 	 1.033697e+07 	
5.09209209e+06 	 3.528567e-06 	 1.033557e+07 	
5.09259259e+06 	 3.526871e-06 	 1.033417e+07 	
5.09309309e+06 	 3.525176e-06 	 1.033278e+07 	
5.09359359e+06 	 3.523482e-06 	 1.033138e+07 	
5.09409409e+06 	 3.521789e-06 	 1.032998e+07 	
5.09459459e+06 	 3.520097e-06 	 1.032859e+07 	
5.09509510e+06 	 3.518405e-06 	 1.032719e+07 	
5.09559560e+06 	 3.516714e-06 	 1.032579e+07 	
5.09609610e+06 	 3.515025e-06 	 1.032440e+07 	
5.09659660e+06 	 3.513336e-06 	 1.032300e+07 	
5.09709710e+06 	 3.511647e-06 	 1.032161e+07 	
5.09759760e+06 	 3.509960e-06 	 1.032021e+07 	
5.09809810e+06 	 3.508274e-06 	 1.031882e+07 	
5.09859860e+06 	 3.506588e-06 	 1.031743e+07 	
5.09909910e+06 	 3.504903e-06 	 1.031603e+07 	
5.09959960e+06 	 3.503219e-06 	 1.031464e+07 	
5.10010010e+06 	 3.501536e-06 	 1.031325e+07 	
5.10060060e+06 	 3.499854e-06 	 1.031185e+07 	
5.10110110e+06 	 3.498173e-06 	 1.031046e+07 	
5.10160160e+06 	 3.496492e-06 	 1.030907e+07 	
5.10210210e+06 	 3.494812e-06 	 1.030768e+07 	
5.10260260e+06 	 3.493133e-06 	 1.030629e+07 	
5.10310310e+06 	 3.491455e-06 	 1.030490e+07 	
5.10360360e+06 	 3.489778e-06 	 1.030350e+07 	
5.10410410e+06 	 3.488102e-06 	 1.030211e+07 	
5.10460460e+06 	 3.486426e-06 	 1.030072e+07 	
5.10510511e+06 	 3.484751e-06 	 1.029933e+07 	
5.10560561e+06 	 3.483077e-06 	 1.029794e+07 	
5.10610611e+06 	 3.481404e-06 	 1.029656e+07 	
5.10660661e+06 	 3.479732e-06 	 1.029517e+07 	
5.10710711e+06 	 3.478061e-06 	 1.029378e+07 	
5.10760761e+06 	 3.476390e-06 	 1.029239e+07 	
5.10810811e+06 	 3.474720e-06 	 1.029100e+07 	
5.10860861e+06 	 3.473052e-06 	 1.028961e+07 	
5.10910911e+06 	 3.471384e-06 	 1.028823e+07 	
5.10960961e+06 	 3.469716e-06 	 1.028684e+07 	
5.11011011e+06 	 3.468050e-06 	 1.028545e+07 	
5.11061061e+06 	 3.466384e-06 	 1.028407e+07 	
5.11111111e+06 	 3.464720e-06 	 1.028268e+07 	
5.11161161e+06 	 3.463056e-06 	 1.028130e+07 	
5.11211211e+06 	 3.461393e-06 	 1.027991e+07 	
5.11261261e+06 	 3.459730e-06 	 1.027853e+07 	
5.11311311e+06 	 3.458069e-06 	 1.027714e+07 	
5.11361361e+06 	 3.456408e-06 	 1.027576e+07 	
5.11411411e+06 	 3.454749e-06 	 1.027437e+07 	
5.11461461e+06 	 3.453090e-06 	 1.027299e+07 	
5.11511512e+06 	 3.451431e-06 	 1.027161e+07 	
5.11561562e+06 	 3.449774e-06 	 1.027022e+07 	
5.11611612e+06 	 3.448118e-06 	 1.026884e+07 	
5.11661662e+06 	 3.446462e-06 	 1.026746e+07 	
5.11711712e+06 	 3.444807e-06 	 1.026608e+07 	
5.11761762e+06 	 3.443153e-06 	 1.026469e+07 	
5.11811812e+06 	 3.441500e-06 	 1.026331e+07 	
5.11861862e+06 	 3.439848e-06 	 1.026193e+07 	
5.11911912e+06 	 3.438196e-06 	 1.026055e+07 	
5.11961962e+06 	 3.436545e-06 	 1.025917e+07 	
5.12012012e+06 	 3.434895e-06 	 1.025779e+07 	
5.12062062e+06 	 3.433246e-06 	 1.025641e+07 	
5.12112112e+06 	 3.431598e-06 	 1.025503e+07 	
5.12162162e+06 	 3.429951e-06 	 1.025365e+07 	
5.12212212e+06 	 3.428304e-06 	 1.025227e+07 	
5.12262262e+06 	 3.426658e-06 	 1.025089e+07 	
5.12312312e+06 	 3.425013e-06 	 1.024951e+07 	
5.12362362e+06 	 3.423369e-06 	 1.024814e+07 	
5.12412412e+06 	 3.421726e-06 	 1.024676e+07 	
5.12462462e+06 	 3.420083e-06 	 1.024538e+07 	
5.12512513e+06 	 3.418441e-06 	 1.024400e+07 	
5.12562563e+06 	 3.416800e-06 	 1.024263e+07 	
5.12612613e+06 	 3.415160e-06 	 1.024125e+07 	
5.12662663e+06 	 3.413521e-06 	 1.023988e+07 	
5.12712713e+06 	 3.411883e-06 	 1.023850e+07 	
5.12762763e+06 	 3.410245e-06 	 1.023712e+07 	
5.12812813e+06 	 3.408608e-06 	 1.023575e+07 	
5.12862863e+06 	 3.406972e-06 	 1.023437e+07 	
5.12912913e+06 	 3.405337e-06 	 1.023300e+07 	
5.12962963e+06 	 3.403702e-06 	 1.023163e+07 	
5.13013013e+06 	 3.402069e-06 	 1.023025e+07 	
5.13063063e+06 	 3.400436e-06 	 1.022888e+07 	
5.13113113e+06 	 3.398804e-06 	 1.022750e+07 	
5.13163163e+06 	 3.397173e-06 	 1.022613e+07 	
5.13213213e+06 	 3.395542e-06 	 1.022476e+07 	
5.13263263e+06 	 3.393913e-06 	 1.022339e+07 	
5.13313313e+06 	 3.392284e-06 	 1.022201e+07 	
5.13363363e+06 	 3.390656e-06 	 1.022064e+07 	
5.13413413e+06 	 3.389029e-06 	 1.021927e+07 	
5.13463463e+06 	 3.387403e-06 	 1.021790e+07 	
5.13513514e+06 	 3.385777e-06 	 1.021653e+07 	
5.13563564e+06 	 3.384152e-06 	 1.021516e+07 	
5.13613614e+06 	 3.382528e-06 	 1.021379e+07 	
5.13663664e+06 	 3.380905e-06 	 1.021242e+07 	
5.13713714e+06 	 3.379283e-06 	 1.021105e+07 	
5.13763764e+06 	 3.377661e-06 	 1.020968e+07 	
5.13813814e+06 	 3.376041e-06 	 1.020831e+07 	
5.13863864e+06 	 3.374421e-06 	 1.020694e+07 	
5.13913914e+06 	 3.372802e-06 	 1.020558e+07 	
5.13963964e+06 	 3.371183e-06 	 1.020421e+07 	
5.14014014e+06 	 3.369566e-06 	 1.020284e+07 	
5.14064064e+06 	 3.367949e-06 	 1.020147e+07 	
5.14114114e+06 	 3.366333e-06 	 1.020011e+07 	
5.14164164e+06 	 3.364718e-06 	 1.019874e+07 	
5.14214214e+06 	 3.363104e-06 	 1.019737e+07 	
5.14264264e+06 	 3.361490e-06 	 1.019601e+07 	
5.14314314e+06 	 3.359877e-06 	 1.019464e+07 	
5.14364364e+06 	 3.358266e-06 	 1.019327e+07 	
5.14414414e+06 	 3.356654e-06 	 1.019191e+07 	
5.14464464e+06 	 3.355044e-06 	 1.019054e+07 	
5.14514515e+06 	 3.353434e-06 	 1.018918e+07 	
5.14564565e+06 	 3.351826e-06 	 1.018782e+07 	
5.14614615e+06 	 3.350218e-06 	 1.018645e+07 	
5.14664665e+06 	 3.348611e-06 	 1.018509e+07 	
5.14714715e+06 	 3.347004e-06 	 1.018373e+07 	
5.14764765e+06 	 3.345399e-06 	 1.018236e+07 	
5.14814815e+06 	 3.343794e-06 	 1.018100e+07 	
5.14864865e+06 	 3.342190e-06 	 1.017964e+07 	
5.14914915e+06 	 3.340587e-06 	 1.017828e+07 	
5.14964965e+06 	 3.338984e-06 	 1.017691e+07 	
5.15015015e+06 	 3.337382e-06 	 1.017555e+07 	
5.15065065e+06 	 3.335782e-06 	 1.017419e+07 	
5.15115115e+06 	 3.334182e-06 	 1.017283e+07 	
5.15165165e+06 	 3.332582e-06 	 1.017147e+07 	
5.15215215e+06 	 3.330984e-06 	 1.017011e+07 	
5.15265265e+06 	 3.329386e-06 	 1.016875e+07 	
5.15315315e+06 	 3.327789e-06 	 1.016739e+07 	
5.15365365e+06 	 3.326193e-06 	 1.016603e+07 	
5.15415415e+06 	 3.324598e-06 	 1.016467e+07 	
5.15465465e+06 	 3.323003e-06 	 1.016331e+07 	
5.15515516e+06 	 3.321409e-06 	 1.016196e+07 	
5.15565566e+06 	 3.319817e-06 	 1.016060e+07 	
5.15615616e+06 	 3.318224e-06 	 1.015924e+07 	
5.15665666e+06 	 3.316633e-06 	 1.015788e+07 	
5.15715716e+06 	 3.315042e-06 	 1.015653e+07 	
5.15765766e+06 	 3.313453e-06 	 1.015517e+07 	
5.15815816e+06 	 3.311863e-06 	 1.015381e+07 	
5.15865866e+06 	 3.310275e-06 	 1.015246e+07 	
5.15915916e+06 	 3.308688e-06 	 1.015110e+07 	
5.15965966e+06 	 3.307101e-06 	 1.014975e+07 	
5.16016016e+06 	 3.305515e-06 	 1.014839e+07 	
5.16066066e+06 	 3.303930e-06 	 1.014704e+07 	
5.16116116e+06 	 3.302345e-06 	 1.014568e+07 	
5.16166166e+06 	 3.300762e-06 	 1.014433e+07 	
5.16216216e+06 	 3.299179e-06 	 1.014297e+07 	
5.16266266e+06 	 3.297597e-06 	 1.014162e+07 	
5.16316316e+06 	 3.296016e-06 	 1.014027e+07 	
5.16366366e+06 	 3.294435e-06 	 1.013891e+07 	
5.16416416e+06 	 3.292856e-06 	 1.013756e+07 	
5.16466466e+06 	 3.291277e-06 	 1.013621e+07 	
5.16516517e+06 	 3.289698e-06 	 1.013485e+07 	
5.16566567e+06 	 3.288121e-06 	 1.013350e+07 	
5.16616617e+06 	 3.286544e-06 	 1.013215e+07 	
5.16666667e+06 	 3.284969e-06 	 1.013080e+07 	
5.16716717e+06 	 3.283393e-06 	 1.012945e+07 	
5.16766767e+06 	 3.281819e-06 	 1.012810e+07 	
5.16816817e+06 	 3.280246e-06 	 1.012675e+07 	
5.16866867e+06 	 3.278673e-06 	 1.012540e+07 	
5.16916917e+06 	 3.277101e-06 	 1.012405e+07 	
5.16966967e+06 	 3.275530e-06 	 1.012270e+07 	
5.17017017e+06 	 3.273959e-06 	 1.012135e+07 	
5.17067067e+06 	 3.272389e-06 	 1.012000e+07 	
5.17117117e+06 	 3.270821e-06 	 1.011865e+07 	
5.17167167e+06 	 3.269252e-06 	 1.011731e+07 	
5.17217217e+06 	 3.267685e-06 	 1.011596e+07 	
5.17267267e+06 	 3.266118e-06 	 1.011461e+07 	
5.17317317e+06 	 3.264553e-06 	 1.011326e+07 	
5.17367367e+06 	 3.262988e-06 	 1.011192e+07 	
5.17417417e+06 	 3.261423e-06 	 1.011057e+07 	
5.17467467e+06 	 3.259860e-06 	 1.010922e+07 	
5.17517518e+06 	 3.258297e-06 	 1.010788e+07 	
5.17567568e+06 	 3.256735e-06 	 1.010653e+07 	
5.17617618e+06 	 3.255174e-06 	 1.010519e+07 	
5.17667668e+06 	 3.253613e-06 	 1.010384e+07 	
5.17717718e+06 	 3.252053e-06 	 1.010250e+07 	
5.17767768e+06 	 3.250494e-06 	 1.010115e+07 	
5.17817818e+06 	 3.248936e-06 	 1.009981e+07 	
5.17867868e+06 	 3.247379e-06 	 1.009846e+07 	
5.17917918e+06 	 3.245822e-06 	 1.009712e+07 	
5.17967968e+06 	 3.244266e-06 	 1.009578e+07 	
5.18018018e+06 	 3.242711e-06 	 1.009443e+07 	
5.18068068e+06 	 3.241157e-06 	 1.009309e+07 	
5.18118118e+06 	 3.239603e-06 	 1.009175e+07 	
5.18168168e+06 	 3.238050e-06 	 1.009041e+07 	
5.18218218e+06 	 3.236498e-06 	 1.008907e+07 	
5.18268268e+06 	 3.234947e-06 	 1.008772e+07 	
5.18318318e+06 	 3.233396e-06 	 1.008638e+07 	
5.18368368e+06 	 3.231846e-06 	 1.008504e+07 	
5.18418418e+06 	 3.230297e-06 	 1.008370e+07 	
5.18468468e+06 	 3.228749e-06 	 1.008236e+07 	
5.18518519e+06 	 3.227201e-06 	 1.008102e+07 	
5.18568569e+06 	 3.225655e-06 	 1.007968e+07 	
5.18618619e+06 	 3.224109e-06 	 1.007834e+07 	
5.18668669e+06 	 3.222563e-06 	 1.007700e+07 	
5.18718719e+06 	 3.221019e-06 	 1.007567e+07 	
5.18768769e+06 	 3.219475e-06 	 1.007433e+07 	
5.18818819e+06 	 3.217932e-06 	 1.007299e+07 	
5.18868869e+06 	 3.216390e-06 	 1.007165e+07 	
5.18918919e+06 	 3.214848e-06 	 1.007031e+07 	
5.18968969e+06 	 3.213307e-06 	 1.006898e+07 	
5.19019019e+06 	 3.211767e-06 	 1.006764e+07 	
5.19069069e+06 	 3.210228e-06 	 1.006630e+07 	
5.19119119e+06 	 3.208689e-06 	 1.006497e+07 	
5.19169169e+06 	 3.207152e-06 	 1.006363e+07 	
5.19219219e+06 	 3.205615e-06 	 1.006230e+07 	
5.19269269e+06 	 3.204078e-06 	 1.006096e+07 	
5.19319319e+06 	 3.202543e-06 	 1.005962e+07 	
5.19369369e+06 	 3.201008e-06 	 1.005829e+07 	
5.19419419e+06 	 3.199474e-06 	 1.005696e+07 	
5.19469469e+06 	 3.197941e-06 	 1.005562e+07 	
5.19519520e+06 	 3.196408e-06 	 1.005429e+07 	
5.19569570e+06 	 3.194877e-06 	 1.005295e+07 	
5.19619620e+06 	 3.193346e-06 	 1.005162e+07 	
5.19669670e+06 	 3.191815e-06 	 1.005029e+07 	
5.19719720e+06 	 3.190286e-06 	 1.004896e+07 	
5.19769770e+06 	 3.188757e-06 	 1.004762e+07 	
5.19819820e+06 	 3.187229e-06 	 1.004629e+07 	
5.19869870e+06 	 3.185702e-06 	 1.004496e+07 	
5.19919920e+06 	 3.184175e-06 	 1.004363e+07 	
5.19969970e+06 	 3.182649e-06 	 1.004230e+07 	
5.20020020e+06 	 3.181124e-06 	 1.004097e+07 	
5.20070070e+06 	 3.179600e-06 	 1.003964e+07 	
5.20120120e+06 	 3.178076e-06 	 1.003831e+07 	
5.20170170e+06 	 3.176553e-06 	 1.003698e+07 	
5.20220220e+06 	 3.175031e-06 	 1.003565e+07 	
5.20270270e+06 	 3.173510e-06 	 1.003432e+07 	
5.20320320e+06 	 3.171989e-06 	 1.003299e+07 	
5.20370370e+06 	 3.170469e-06 	 1.003166e+07 	
5.20420420e+06 	 3.168950e-06 	 1.003033e+07 	
5.20470470e+06 	 3.167432e-06 	 1.002900e+07 	
5.20520521e+06 	 3.165914e-06 	 1.002767e+07 	
5.20570571e+06 	 3.164397e-06 	 1.002635e+07 	
5.20620621e+06 	 3.162881e-06 	 1.002502e+07 	
5.20670671e+06 	 3.161366e-06 	 1.002369e+07 	
5.20720721e+06 	 3.159851e-06 	 1.002237e+07 	
5.20770771e+06 	 3.158337e-06 	 1.002104e+07 	
5.20820821e+06 	 3.156824e-06 	 1.001971e+07 	
5.20870871e+06 	 3.155311e-06 	 1.001839e+07 	
5.20920921e+06 	 3.153799e-06 	 1.001706e+07 	
5.20970971e+06 	 3.152288e-06 	 1.001574e+07 	
5.21021021e+06 	 3.150778e-06 	 1.001441e+07 	
5.21071071e+06 	 3.149268e-06 	 1.001309e+07 	
5.21121121e+06 	 3.147760e-06 	 1.001176e+07 	
5.21171171e+06 	 3.146252e-06 	 1.001044e+07 	
5.21221221e+06 	 3.144744e-06 	 1.000912e+07 	
5.21271271e+06 	 3.143237e-06 	 1.000779e+07 	
5.21321321e+06 	 3.141732e-06 	 1.000647e+07 	
5.21371371e+06 	 3.140226e-06 	 1.000515e+07 	
5.21421421e+06 	 3.138722e-06 	 1.000383e+07 	
5.21471471e+06 	 3.137218e-06 	 1.000250e+07 	
5.21521522e+06 	 3.135715e-06 	 1.000118e+07 	
5.21571572e+06 	 3.134213e-06 	 9.999860e+06 	
5.21621622e+06 	 3.132711e-06 	 9.998539e+06 	
5.21671672e+06 	 3.131211e-06 	 9.997218e+06 	
5.21721722e+06 	 3.129711e-06 	 9.995897e+06 	
5.21771772e+06 	 3.128211e-06 	 9.994577e+06 	
5.21821822e+06 	 3.126713e-06 	 9.993257e+06 	
5.21871872e+06 	 3.125215e-06 	 9.991937e+06 	
5.21921922e+06 	 3.123718e-06 	 9.990618e+06 	
5.21971972e+06 	 3.122221e-06 	 9.989298e+06 	
5.22022022e+06 	 3.120725e-06 	 9.987980e+06 	
5.22072072e+06 	 3.119230e-06 	 9.986661e+06 	
5.22122122e+06 	 3.117736e-06 	 9.985343e+06 	
5.22172172e+06 	 3.116243e-06 	 9.984025e+06 	
5.22222222e+06 	 3.114750e-06 	 9.982707e+06 	
5.22272272e+06 	 3.113258e-06 	 9.981390e+06 	
5.22322322e+06 	 3.111766e-06 	 9.980073e+06 	
5.22372372e+06 	 3.110276e-06 	 9.978756e+06 	
5.22422422e+06 	 3.108786e-06 	 9.977440e+06 	
5.22472472e+06 	 3.107297e-06 	 9.976123e+06 	
5.22522523e+06 	 3.105808e-06 	 9.974808e+06 	
5.22572573e+06 	 3.104320e-06 	 9.973492e+06 	
5.22622623e+06 	 3.102833e-06 	 9.972177e+06 	
5.22672673e+06 	 3.101347e-06 	 9.970862e+06 	
5.22722723e+06 	 3.099861e-06 	 9.969547e+06 	
5.22772773e+06 	 3.098377e-06 	 9.968233e+06 	
5.22822823e+06 	 3.096892e-06 	 9.966918e+06 	
5.22872873e+06 	 3.095409e-06 	 9.965605e+06 	
5.22922923e+06 	 3.093926e-06 	 9.964291e+06 	
5.22972973e+06 	 3.092444e-06 	 9.962978e+06 	
5.23023023e+06 	 3.090963e-06 	 9.961665e+06 	
5.23073073e+06 	 3.089482e-06 	 9.960352e+06 	
5.23123123e+06 	 3.088002e-06 	 9.959040e+06 	
5.23173173e+06 	 3.086523e-06 	 9.957728e+06 	
5.23223223e+06 	 3.085045e-06 	 9.956416e+06 	
5.23273273e+06 	 3.083567e-06 	 9.955105e+06 	
5.23323323e+06 	 3.082090e-06 	 9.953794e+06 	
5.23373373e+06 	 3.080614e-06 	 9.952483e+06 	
5.23423423e+06 	 3.079138e-06 	 9.951172e+06 	
5.23473473e+06 	 3.077663e-06 	 9.949862e+06 	
5.23523524e+06 	 3.076189e-06 	 9.948552e+06 	
5.23573574e+06 	 3.074716e-06 	 9.947242e+06 	
5.23623624e+06 	 3.073243e-06 	 9.945933e+06 	
5.23673674e+06 	 3.071771e-06 	 9.944624e+06 	
5.23723724e+06 	 3.070300e-06 	 9.943315e+06 	
5.23773774e+06 	 3.068829e-06 	 9.942007e+06 	
5.23823824e+06 	 3.067359e-06 	 9.940699e+06 	
5.23873874e+06 	 3.065890e-06 	 9.939391e+06 	
5.23923924e+06 	 3.064422e-06 	 9.938083e+06 	
5.23973974e+06 	 3.062954e-06 	 9.936776e+06 	
5.24024024e+06 	 3.061487e-06 	 9.935469e+06 	
5.24074074e+06 	 3.060020e-06 	 9.934162e+06 	
5.24124124e+06 	 3.058555e-06 	 9.932855e+06 	
5.24174174e+06 	 3.057090e-06 	 9.931549e+06 	
5.24224224e+06 	 3.055625e-06 	 9.930243e+06 	
5.24274274e+06 	 3.054162e-06 	 9.928938e+06 	
5.24324324e+06 	 3.052699e-06 	 9.927633e+06 	
5.24374374e+06 	 3.051237e-06 	 9.926328e+06 	
5.24424424e+06 	 3.049776e-06 	 9.925023e+06 	
5.24474474e+06 	 3.048315e-06 	 9.923719e+06 	
5.24524525e+06 	 3.046855e-06 	 9.922415e+06 	
5.24574575e+06 	 3.045396e-06 	 9.921111e+06 	
5.24624625e+06 	 3.043937e-06 	 9.919807e+06 	
5.24674675e+06 	 3.042479e-06 	 9.918504e+06 	
5.24724725e+06 	 3.041022e-06 	 9.917201e+06 	
5.24774775e+06 	 3.039565e-06 	 9.915898e+06 	
5.24824825e+06 	 3.038110e-06 	 9.914596e+06 	
5.24874875e+06 	 3.036654e-06 	 9.913294e+06 	
5.24924925e+06 	 3.035200e-06 	 9.911992e+06 	
5.24974975e+06 	 3.033746e-06 	 9.910691e+06 	
5.25025025e+06 	 3.032293e-06 	 9.909390e+06 	
5.25075075e+06 	 3.030841e-06 	 9.908089e+06 	
5.25125125e+06 	 3.029389e-06 	 9.906788e+06 	
5.25175175e+06 	 3.027939e-06 	 9.905488e+06 	
5.25225225e+06 	 3.026488e-06 	 9.904188e+06 	
5.25275275e+06 	 3.025039e-06 	 9.902888e+06 	
5.25325325e+06 	 3.023590e-06 	 9.901589e+06 	
5.25375375e+06 	 3.022142e-06 	 9.900290e+06 	
5.25425425e+06 	 3.020694e-06 	 9.898991e+06 	
5.25475475e+06 	 3.019248e-06 	 9.897692e+06 	
5.25525526e+06 	 3.017802e-06 	 9.896394e+06 	
5.25575576e+06 	 3.016356e-06 	 9.895096e+06 	
5.25625626e+06 	 3.014912e-06 	 9.893798e+06 	
5.25675676e+06 	 3.013468e-06 	 9.892501e+06 	
5.25725726e+06 	 3.012025e-06 	 9.891204e+06 	
5.25775776e+06 	 3.010582e-06 	 9.889907e+06 	
5.25825826e+06 	 3.009140e-06 	 9.888610e+06 	
5.25875876e+06 	 3.007699e-06 	 9.887314e+06 	
5.25925926e+06 	 3.006259e-06 	 9.886018e+06 	
5.25975976e+06 	 3.004819e-06 	 9.884723e+06 	
5.26026026e+06 	 3.003380e-06 	 9.883427e+06 	
5.26076076e+06 	 3.001941e-06 	 9.882132e+06 	
5.26126126e+06 	 3.000503e-06 	 9.880837e+06 	
5.26176176e+06 	 2.999066e-06 	 9.879543e+06 	
5.26226226e+06 	 2.997630e-06 	 9.878249e+06 	
5.26276276e+06 	 2.996194e-06 	 9.876955e+06 	
5.26326326e+06 	 2.994759e-06 	 9.875661e+06 	
5.26376376e+06 	 2.993325e-06 	 9.874368e+06 	
5.26426426e+06 	 2.991892e-06 	 9.873075e+06 	
5.26476476e+06 	 2.990459e-06 	 9.871782e+06 	
5.26526527e+06 	 2.989026e-06 	 9.870490e+06 	
5.26576577e+06 	 2.987595e-06 	 9.869197e+06 	
5.26626627e+06 	 2.986164e-06 	 9.867906e+06 	
5.26676677e+06 	 2.984734e-06 	 9.866614e+06 	
5.26726727e+06 	 2.983304e-06 	 9.865323e+06 	
5.26776777e+06 	 2.981876e-06 	 9.864032e+06 	
5.26826827e+06 	 2.980447e-06 	 9.862741e+06 	
5.26876877e+06 	 2.979020e-06 	 9.861450e+06 	
5.26926927e+06 	 2.977593e-06 	 9.860160e+06 	
5.26976977e+06 	 2.976167e-06 	 9.858870e+06 	
5.27027027e+06 	 2.974742e-06 	 9.857581e+06 	
5.27077077e+06 	 2.973317e-06 	 9.856292e+06 	
5.27127127e+06 	 2.971893e-06 	 9.855003e+06 	
5.27177177e+06 	 2.970470e-06 	 9.853714e+06 	
5.27227227e+06 	 2.969047e-06 	 9.852425e+06 	
5.27277277e+06 	 2.967625e-06 	 9.851137e+06 	
5.27327327e+06 	 2.966204e-06 	 9.849849e+06 	
5.27377377e+06 	 2.964783e-06 	 9.848562e+06 	
5.27427427e+06 	 2.963363e-06 	 9.847275e+06 	
5.27477477e+06 	 2.961944e-06 	 9.845988e+06 	
5.27527528e+06 	 2.960525e-06 	 9.844701e+06 	
5.27577578e+06 	 2.959107e-06 	 9.843414e+06 	
5.27627628e+06 	 2.957690e-06 	 9.842128e+06 	
5.27677678e+06 	 2.956274e-06 	 9.840842e+06 	
5.27727728e+06 	 2.954858e-06 	 9.839557e+06 	
5.27777778e+06 	 2.953442e-06 	 9.838272e+06 	
5.27827828e+06 	 2.952028e-06 	 9.836987e+06 	
5.27877878e+06 	 2.950614e-06 	 9.835702e+06 	
5.27927928e+06 	 2.949201e-06 	 9.834418e+06 	
5.27977978e+06 	 2.947788e-06 	 9.833133e+06 	
5.28028028e+06 	 2.946377e-06 	 9.831850e+06 	
5.28078078e+06 	 2.944965e-06 	 9.830566e+06 	
5.28128128e+06 	 2.943555e-06 	 9.829283e+06 	
5.28178178e+06 	 2.942145e-06 	 9.828000e+06 	
5.28228228e+06 	 2.940736e-06 	 9.826717e+06 	
5.28278278e+06 	 2.939327e-06 	 9.825435e+06 	
5.28328328e+06 	 2.937920e-06 	 9.824153e+06 	
5.28378378e+06 	 2.936512e-06 	 9.822871e+06 	
5.28428428e+06 	 2.935106e-06 	 9.821589e+06 	
5.28478478e+06 	 2.933700e-06 	 9.820308e+06 	
5.28528529e+06 	 2.932295e-06 	 9.819027e+06 	
5.28578579e+06 	 2.930891e-06 	 9.817746e+06 	
5.28628629e+06 	 2.929487e-06 	 9.816466e+06 	
5.28678679e+06 	 2.928084e-06 	 9.815186e+06 	
5.28728729e+06 	 2.926681e-06 	 9.813906e+06 	
5.28778779e+06 	 2.925280e-06 	 9.812626e+06 	
5.28828829e+06 	 2.923878e-06 	 9.811347e+06 	
5.28878879e+06 	 2.922478e-06 	 9.810068e+06 	
5.28928929e+06 	 2.921078e-06 	 9.808789e+06 	
5.28978979e+06 	 2.919679e-06 	 9.807511e+06 	
5.29029029e+06 	 2.918281e-06 	 9.806233e+06 	
5.29079079e+06 	 2.916883e-06 	 9.804955e+06 	
5.29129129e+06 	 2.915486e-06 	 9.803677e+06 	
5.29179179e+06 	 2.914089e-06 	 9.802400e+06 	
5.29229229e+06 	 2.912694e-06 	 9.801123e+06 	
5.29279279e+06 	 2.911298e-06 	 9.799846e+06 	
5.29329329e+06 	 2.909904e-06 	 9.798570e+06 	
5.29379379e+06 	 2.908510e-06 	 9.797294e+06 	
5.29429429e+06 	 2.907117e-06 	 9.796018e+06 	
5.29479479e+06 	 2.905725e-06 	 9.794742e+06 	
5.29529530e+06 	 2.904333e-06 	 9.793467e+06 	
5.29579580e+06 	 2.902942e-06 	 9.792192e+06 	
5.29629630e+06 	 2.901551e-06 	 9.790917e+06 	
5.29679680e+06 	 2.900161e-06 	 9.789643e+06 	
5.29729730e+06 	 2.898772e-06 	 9.788369e+06 	
5.29779780e+06 	 2.897384e-06 	 9.787095e+06 	
5.29829830e+06 	 2.895996e-06 	 9.785821e+06 	
5.29879880e+06 	 2.894609e-06 	 9.784548e+06 	
5.29929930e+06 	 2.893222e-06 	 9.783275e+06 	
5.29979980e+06 	 2.891836e-06 	 9.782002e+06 	
5.30030030e+06 	 2.890451e-06 	 9.780730e+06 	
5.30080080e+06 	 2.889067e-06 	 9.779458e+06 	
5.30130130e+06 	 2.887683e-06 	 9.778186e+06 	
5.30180180e+06 	 2.886300e-06 	 9.776914e+06 	
5.30230230e+06 	 2.884917e-06 	 9.775643e+06 	
5.30280280e+06 	 2.883535e-06 	 9.774372e+06 	
5.30330330e+06 	 2.882154e-06 	 9.773101e+06 	
5.30380380e+06 	 2.880773e-06 	 9.771830e+06 	
5.30430430e+06 	 2.879393e-06 	 9.770560e+06 	
5.30480480e+06 	 2.878014e-06 	 9.769290e+06 	
5.30530531e+06 	 2.876635e-06 	 9.768021e+06 	
5.30580581e+06 	 2.875257e-06 	 9.766751e+06 	
5.30630631e+06 	 2.873880e-06 	 9.765482e+06 	
5.30680681e+06 	 2.872503e-06 	 9.764213e+06 	
5.30730731e+06 	 2.871127e-06 	 9.762945e+06 	
5.30780781e+06 	 2.869752e-06 	 9.761677e+06 	
5.30830831e+06 	 2.868377e-06 	 9.760409e+06 	
5.30880881e+06 	 2.867003e-06 	 9.759141e+06 	
5.30930931e+06 	 2.865630e-06 	 9.757874e+06 	
5.30980981e+06 	 2.864257e-06 	 9.756607e+06 	
5.31031031e+06 	 2.862885e-06 	 9.755340e+06 	
5.31081081e+06 	 2.861514e-06 	 9.754073e+06 	
5.31131131e+06 	 2.860143e-06 	 9.752807e+06 	
5.31181181e+06 	 2.858773e-06 	 9.751541e+06 	
5.31231231e+06 	 2.857403e-06 	 9.750275e+06 	
5.31281281e+06 	 2.856034e-06 	 9.749010e+06 	
5.31331331e+06 	 2.854666e-06 	 9.747745e+06 	
5.31381381e+06 	 2.853298e-06 	 9.746480e+06 	
5.31431431e+06 	 2.851932e-06 	 9.745215e+06 	
5.31481481e+06 	 2.850565e-06 	 9.743951e+06 	
5.31531532e+06 	 2.849200e-06 	 9.742687e+06 	
5.31581582e+06 	 2.847835e-06 	 9.741423e+06 	
5.31631632e+06 	 2.846470e-06 	 9.740160e+06 	
5.31681682e+06 	 2.845107e-06 	 9.738897e+06 	
5.31731732e+06 	 2.843744e-06 	 9.737634e+06 	
5.31781782e+06 	 2.842381e-06 	 9.736371e+06 	
5.31831832e+06 	 2.841019e-06 	 9.735109e+06 	
5.31881882e+06 	 2.839658e-06 	 9.733847e+06 	
5.31931932e+06 	 2.838298e-06 	 9.732585e+06 	
5.31981982e+06 	 2.836938e-06 	 9.731324e+06 	
5.32032032e+06 	 2.835579e-06 	 9.730062e+06 	
5.32082082e+06 	 2.834220e-06 	 9.728801e+06 	
5.32132132e+06 	 2.832863e-06 	 9.727541e+06 	
5.32182182e+06 	 2.831505e-06 	 9.726280e+06 	
5.32232232e+06 	 2.830149e-06 	 9.725020e+06 	
5.32282282e+06 	 2.828793e-06 	 9.723760e+06 	
5.32332332e+06 	 2.827437e-06 	 9.722501e+06 	
5.32382382e+06 	 2.826083e-06 	 9.721242e+06 	
5.32432432e+06 	 2.824729e-06 	 9.719983e+06 	
5.32482482e+06 	 2.823375e-06 	 9.718724e+06 	
5.32532533e+06 	 2.822022e-06 	 9.717466e+06 	
5.32582583e+06 	 2.820670e-06 	 9.716207e+06 	
5.32632633e+06 	 2.819319e-06 	 9.714950e+06 	
5.32682683e+06 	 2.817968e-06 	 9.713692e+06 	
5.32732733e+06 	 2.816618e-06 	 9.712435e+06 	
5.32782783e+06 	 2.815268e-06 	 9.711178e+06 	
5.32832833e+06 	 2.813919e-06 	 9.709921e+06 	
5.32882883e+06 	 2.812571e-06 	 9.708664e+06 	
5.32932933e+06 	 2.811223e-06 	 9.707408e+06 	
5.32982983e+06 	 2.809876e-06 	 9.706152e+06 	
5.33033033e+06 	 2.808530e-06 	 9.704897e+06 	
5.33083083e+06 	 2.807184e-06 	 9.703641e+06 	
5.33133133e+06 	 2.805839e-06 	 9.702386e+06 	
5.33183183e+06 	 2.804495e-06 	 9.701131e+06 	
5.33233233e+06 	 2.803151e-06 	 9.699877e+06 	
5.33283283e+06 	 2.801807e-06 	 9.698623e+06 	
5.33333333e+06 	 2.800465e-06 	 9.697369e+06 	
5.33383383e+06 	 2.799123e-06 	 9.696115e+06 	
5.33433433e+06 	 2.797782e-06 	 9.694861e+06 	
5.33483483e+06 	 2.796441e-06 	 9.693608e+06 	
5.33533534e+06 	 2.795101e-06 	 9.692355e+06 	
5.33583584e+06 	 2.793761e-06 	 9.691103e+06 	
5.33633634e+06 	 2.792423e-06 	 9.689850e+06 	
5.33683684e+06 	 2.791084e-06 	 9.688598e+06 	
5.33733734e+06 	 2.789747e-06 	 9.687347e+06 	
5.33783784e+06 	 2.788410e-06 	 9.686095e+06 	
5.33833834e+06 	 2.787074e-06 	 9.684844e+06 	
5.33883884e+06 	 2.785738e-06 	 9.683593e+06 	
5.33933934e+06 	 2.784403e-06 	 9.682342e+06 	
5.33983984e+06 	 2.783069e-06 	 9.681092e+06 	
5.34034034e+06 	 2.781735e-06 	 9.679842e+06 	
5.34084084e+06 	 2.780402e-06 	 9.678592e+06 	
5.34134134e+06 	 2.779069e-06 	 9.677342e+06 	
5.34184184e+06 	 2.777737e-06 	 9.676093e+06 	
5.34234234e+06 	 2.776406e-06 	 9.674844e+06 	
5.34284284e+06 	 2.775075e-06 	 9.673595e+06 	
5.34334334e+06 	 2.773745e-06 	 9.672347e+06 	
5.34384384e+06 	 2.772416e-06 	 9.671099e+06 	
5.34434434e+06 	 2.771087e-06 	 9.669851e+06 	
5.34484484e+06 	 2.769759e-06 	 9.668603e+06 	
5.34534535e+06 	 2.768431e-06 	 9.667356e+06 	
5.34584585e+06 	 2.767105e-06 	 9.666109e+06 	
5.34634635e+06 	 2.765778e-06 	 9.664862e+06 	
5.34684685e+06 	 2.764453e-06 	 9.663615e+06 	
5.34734735e+06 	 2.763128e-06 	 9.662369e+06 	
5.34784785e+06 	 2.761803e-06 	 9.661123e+06 	
5.34834835e+06 	 2.760479e-06 	 9.659878e+06 	
5.34884885e+06 	 2.759156e-06 	 9.658632e+06 	
5.34934935e+06 	 2.757834e-06 	 9.657387e+06 	
5.34984985e+06 	 2.756512e-06 	 9.656142e+06 	
5.35035035e+06 	 2.755191e-06 	 9.654897e+06 	
5.35085085e+06 	 2.753870e-06 	 9.653653e+06 	
5.35135135e+06 	 2.752550e-06 	 9.652409e+06 	
5.35185185e+06 	 2.751230e-06 	 9.651165e+06 	
5.35235235e+06 	 2.749911e-06 	 9.649922e+06 	
5.35285285e+06 	 2.748593e-06 	 9.648679e+06 	
5.35335335e+06 	 2.747276e-06 	 9.647436e+06 	
5.35385385e+06 	 2.745959e-06 	 9.646193e+06 	
5.35435435e+06 	 2.744642e-06 	 9.644950e+06 	
5.35485485e+06 	 2.743327e-06 	 9.643708e+06 	
5.35535536e+06 	 2.742012e-06 	 9.642466e+06 	
5.35585586e+06 	 2.740697e-06 	 9.641225e+06 	
5.35635636e+06 	 2.739383e-06 	 9.639984e+06 	
5.35685686e+06 	 2.738070e-06 	 9.638742e+06 	
5.35735736e+06 	 2.736757e-06 	 9.637502e+06 	
5.35785786e+06 	 2.735445e-06 	 9.636261e+06 	
5.35835836e+06 	 2.734134e-06 	 9.635021e+06 	
5.35885886e+06 	 2.732823e-06 	 9.633781e+06 	
5.35935936e+06 	 2.731513e-06 	 9.632541e+06 	
5.35985986e+06 	 2.730203e-06 	 9.631302e+06 	
5.36036036e+06 	 2.728894e-06 	 9.630063e+06 	
5.36086086e+06 	 2.727586e-06 	 9.628824e+06 	
5.36136136e+06 	 2.726278e-06 	 9.627585e+06 	
5.36186186e+06 	 2.724971e-06 	 9.626347e+06 	
5.36236236e+06 	 2.723664e-06 	 9.625109e+06 	
5.36286286e+06 	 2.722359e-06 	 9.623871e+06 	
5.36336336e+06 	 2.721053e-06 	 9.622634e+06 	
5.36386386e+06 	 2.719749e-06 	 9.621396e+06 	
5.36436436e+06 	 2.718444e-06 	 9.620159e+06 	
5.36486486e+06 	 2.717141e-06 	 9.618923e+06 	
5.36536537e+06 	 2.715838e-06 	 9.617686e+06 	
5.36586587e+06 	 2.714536e-06 	 9.616450e+06 	
5.36636637e+06 	 2.713234e-06 	 9.615214e+06 	
5.36686687e+06 	 2.711933e-06 	 9.613979e+06 	
5.36736737e+06 	 2.710633e-06 	 9.612743e+06 	
5.36786787e+06 	 2.709333e-06 	 9.611508e+06 	
5.36836837e+06 	 2.708034e-06 	 9.610274e+06 	
5.36886887e+06 	 2.706735e-06 	 9.609039e+06 	
5.36936937e+06 	 2.705437e-06 	 9.607805e+06 	
5.36986987e+06 	 2.704140e-06 	 9.606571e+06 	
5.37037037e+06 	 2.702843e-06 	 9.605337e+06 	
5.37087087e+06 	 2.701546e-06 	 9.604104e+06 	
5.37137137e+06 	 2.700251e-06 	 9.602871e+06 	
5.37187187e+06 	 2.698956e-06 	 9.601638e+06 	
5.37237237e+06 	 2.697661e-06 	 9.600405e+06 	
5.37287287e+06 	 2.696368e-06 	 9.599173e+06 	
5.37337337e+06 	 2.695075e-06 	 9.597941e+06 	
5.37387387e+06 	 2.693782e-06 	 9.596709e+06 	
5.37437437e+06 	 2.692490e-06 	 9.595477e+06 	
5.37487487e+06 	 2.691199e-06 	 9.594246e+06 	
5.37537538e+06 	 2.689908e-06 	 9.593015e+06 	
5.37587588e+06 	 2.688618e-06 	 9.591784e+06 	
5.37637638e+06 	 2.687328e-06 	 9.590554e+06 	
5.37687688e+06 	 2.686039e-06 	 9.589324e+06 	
5.37737738e+06 	 2.684751e-06 	 9.588094e+06 	
5.37787788e+06 	 2.683463e-06 	 9.586864e+06 	
5.37837838e+06 	 2.682176e-06 	 9.585635e+06 	
5.37887888e+06 	 2.680889e-06 	 9.584405e+06 	
5.37937938e+06 	 2.679603e-06 	 9.583177e+06 	
5.37987988e+06 	 2.678318e-06 	 9.581948e+06 	
5.38038038e+06 	 2.677033e-06 	 9.580720e+06 	
5.38088088e+06 	 2.675749e-06 	 9.579492e+06 	
5.38138138e+06 	 2.674465e-06 	 9.578264e+06 	
5.38188188e+06 	 2.673182e-06 	 9.577036e+06 	
5.38238238e+06 	 2.671900e-06 	 9.575809e+06 	
5.38288288e+06 	 2.670618e-06 	 9.574582e+06 	
5.38338338e+06 	 2.669337e-06 	 9.573356e+06 	
5.38388388e+06 	 2.668056e-06 	 9.572129e+06 	
5.38438438e+06 	 2.666776e-06 	 9.570903e+06 	
5.38488488e+06 	 2.665497e-06 	 9.569677e+06 	
5.38538539e+06 	 2.664218e-06 	 9.568451e+06 	
5.38588589e+06 	 2.662940e-06 	 9.567226e+06 	
5.38638639e+06 	 2.661662e-06 	 9.566001e+06 	
5.38688689e+06 	 2.660385e-06 	 9.564776e+06 	
5.38738739e+06 	 2.659109e-06 	 9.563552e+06 	
5.38788789e+06 	 2.657833e-06 	 9.562327e+06 	
5.38838839e+06 	 2.656558e-06 	 9.561103e+06 	
5.38888889e+06 	 2.655283e-06 	 9.559880e+06 	
5.38938939e+06 	 2.654009e-06 	 9.558656e+06 	
5.38988989e+06 	 2.652735e-06 	 9.557433e+06 	
5.39039039e+06 	 2.651462e-06 	 9.556210e+06 	
5.39089089e+06 	 2.650190e-06 	 9.554987e+06 	
5.39139139e+06 	 2.648918e-06 	 9.553765e+06 	
5.39189189e+06 	 2.647647e-06 	 9.552543e+06 	
5.39239239e+06 	 2.646377e-06 	 9.551321e+06 	
5.39289289e+06 	 2.645107e-06 	 9.550099e+06 	
5.39339339e+06 	 2.643837e-06 	 9.548878e+06 	
5.39389389e+06 	 2.642569e-06 	 9.547657e+06 	
5.39439439e+06 	 2.641301e-06 	 9.546436e+06 	
5.39489489e+06 	 2.640033e-06 	 9.545216e+06 	
5.39539540e+06 	 2.638766e-06 	 9.543995e+06 	
5.39589590e+06 	 2.637500e-06 	 9.542775e+06 	
5.39639640e+06 	 2.636234e-06 	 9.541556e+06 	
5.39689690e+06 	 2.634969e-06 	 9.540336e+06 	
5.39739740e+06 	 2.633704e-06 	 9.539117e+06 	
5.39789790e+06 	 2.632440e-06 	 9.537898e+06 	
5.39839840e+06 	 2.631176e-06 	 9.536679e+06 	
5.39889890e+06 	 2.629913e-06 	 9.535461e+06 	
5.39939940e+06 	 2.628651e-06 	 9.534243e+06 	
5.39989990e+06 	 2.627389e-06 	 9.533025e+06 	
5.40040040e+06 	 2.626128e-06 	 9.531807e+06 	
5.40090090e+06 	 2.624868e-06 	 9.530590e+06 	
5.40140140e+06 	 2.623608e-06 	 9.529373e+06 	
5.40190190e+06 	 2.622348e-06 	 9.528156e+06 	
5.40240240e+06 	 2.621090e-06 	 9.526940e+06 	
5.40290290e+06 	 2.619831e-06 	 9.525723e+06 	
5.40340340e+06 	 2.618574e-06 	 9.524507e+06 	
5.40390390e+06 	 2.617317e-06 	 9.523292e+06 	
5.40440440e+06 	 2.616060e-06 	 9.522076e+06 	
5.40490490e+06 	 2.614804e-06 	 9.520861e+06 	
5.40540541e+06 	 2.613549e-06 	 9.519646e+06 	
5.40590591e+06 	 2.612294e-06 	 9.518431e+06 	
5.40640641e+06 	 2.611040e-06 	 9.517217e+06 	
5.40690691e+06 	 2.609787e-06 	 9.516003e+06 	
5.40740741e+06 	 2.608534e-06 	 9.514789e+06 	
5.40790791e+06 	 2.607281e-06 	 9.513575e+06 	
5.40840841e+06 	 2.606029e-06 	 9.512362e+06 	
5.40890891e+06 	 2.604778e-06 	 9.511149e+06 	
5.40940941e+06 	 2.603527e-06 	 9.509936e+06 	
5.40990991e+06 	 2.602277e-06 	 9.508724e+06 	
5.41041041e+06 	 2.601028e-06 	 9.507511e+06 	
5.41091091e+06 	 2.599779e-06 	 9.506299e+06 	
5.41141141e+06 	 2.598531e-06 	 9.505088e+06 	
5.41191191e+06 	 2.597283e-06 	 9.503876e+06 	
5.41241241e+06 	 2.596036e-06 	 9.502665e+06 	
5.41291291e+06 	 2.594789e-06 	 9.501454e+06 	
5.41341341e+06 	 2.593543e-06 	 9.500243e+06 	
5.41391391e+06 	 2.592297e-06 	 9.499033e+06 	
5.41441441e+06 	 2.591052e-06 	 9.497823e+06 	
5.41491491e+06 	 2.589808e-06 	 9.496613e+06 	
5.41541542e+06 	 2.588564e-06 	 9.495403e+06 	
5.41591592e+06 	 2.587321e-06 	 9.494194e+06 	
5.41641642e+06 	 2.586079e-06 	 9.492984e+06 	
5.41691692e+06 	 2.584837e-06 	 9.491776e+06 	
5.41741742e+06 	 2.583595e-06 	 9.490567e+06 	
5.41791792e+06 	 2.582354e-06 	 9.489359e+06 	
5.41841842e+06 	 2.581114e-06 	 9.488151e+06 	
5.41891892e+06 	 2.579874e-06 	 9.486943e+06 	
5.41941942e+06 	 2.578635e-06 	 9.485735e+06 	
5.41991992e+06 	 2.577396e-06 	 9.484528e+06 	
5.42042042e+06 	 2.576158e-06 	 9.483321e+06 	
5.42092092e+06 	 2.574921e-06 	 9.482114e+06 	
5.42142142e+06 	 2.573684e-06 	 9.480908e+06 	
5.42192192e+06 	 2.572448e-06 	 9.479702e+06 	
5.42242242e+06 	 2.571212e-06 	 9.478496e+06 	
5.42292292e+06 	 2.569977e-06 	 9.477290e+06 	
5.42342342e+06 	 2.568742e-06 	 9.476084e+06 	
5.42392392e+06 	 2.567508e-06 	 9.474879e+06 	
5.42442442e+06 	 2.566275e-06 	 9.473674e+06 	
5.42492492e+06 	 2.565042e-06 	 9.472470e+06 	
5.42542543e+06 	 2.563809e-06 	 9.471265e+06 	
5.42592593e+06 	 2.562578e-06 	 9.470061e+06 	
5.42642643e+06 	 2.561346e-06 	 9.468857e+06 	
5.42692693e+06 	 2.560116e-06 	 9.467654e+06 	
5.42742743e+06 	 2.558886e-06 	 9.466450e+06 	
5.42792793e+06 	 2.557656e-06 	 9.465247e+06 	
5.42842843e+06 	 2.556427e-06 	 9.464044e+06 	
5.42892893e+06 	 2.555199e-06 	 9.462842e+06 	
5.42942943e+06 	 2.553971e-06 	 9.461640e+06 	
5.42992993e+06 	 2.552744e-06 	 9.460438e+06 	
5.43043043e+06 	 2.551517e-06 	 9.459236e+06 	
5.43093093e+06 	 2.550291e-06 	 9.458034e+06 	
5.43143143e+06 	 2.549066e-06 	 9.456833e+06 	
5.43193193e+06 	 2.547841e-06 	 9.455632e+06 	
5.43243243e+06 	 2.546616e-06 	 9.454431e+06 	
5.43293293e+06 	 2.545392e-06 	 9.453231e+06 	
5.43343343e+06 	 2.544169e-06 	 9.452031e+06 	
5.43393393e+06 	 2.542946e-06 	 9.450831e+06 	
5.43443443e+06 	 2.541724e-06 	 9.449631e+06 	
5.43493493e+06 	 2.540502e-06 	 9.448432e+06 	
5.43543544e+06 	 2.539281e-06 	 9.447233e+06 	
5.43593594e+06 	 2.538061e-06 	 9.446034e+06 	
5.43643644e+06 	 2.536841e-06 	 9.444835e+06 	
5.43693694e+06 	 2.535622e-06 	 9.443637e+06 	
5.43743744e+06 	 2.534403e-06 	 9.442438e+06 	
5.43793794e+06 	 2.533184e-06 	 9.441241e+06 	
5.43843844e+06 	 2.531967e-06 	 9.440043e+06 	
5.43893894e+06 	 2.530750e-06 	 9.438846e+06 	
5.43943944e+06 	 2.529533e-06 	 9.437649e+06 	
5.43993994e+06 	 2.528317e-06 	 9.436452e+06 	
5.44044044e+06 	 2.527102e-06 	 9.435255e+06 	
5.44094094e+06 	 2.525887e-06 	 9.434059e+06 	
5.44144144e+06 	 2.524672e-06 	 9.432863e+06 	
5.44194194e+06 	 2.523459e-06 	 9.431667e+06 	
5.44244244e+06 	 2.522245e-06 	 9.430472e+06 	
5.44294294e+06 	 2.521033e-06 	 9.429276e+06 	
5.44344344e+06 	 2.519820e-06 	 9.428081e+06 	
5.44394394e+06 	 2.518609e-06 	 9.426887e+06 	
5.44444444e+06 	 2.517398e-06 	 9.425692e+06 	
5.44494494e+06 	 2.516187e-06 	 9.424498e+06 	
5.44544545e+06 	 2.514977e-06 	 9.423304e+06 	
5.44594595e+06 	 2.513768e-06 	 9.422110e+06 	
5.44644645e+06 	 2.512559e-06 	 9.420917e+06 	
5.44694695e+06 	 2.511351e-06 	 9.419724e+06 	
5.44744745e+06 	 2.510143e-06 	 9.418531e+06 	
5.44794795e+06 	 2.508936e-06 	 9.417338e+06 	
5.44844845e+06 	 2.507730e-06 	 9.416146e+06 	
5.44894895e+06 	 2.506524e-06 	 9.414953e+06 	
5.44944945e+06 	 2.505318e-06 	 9.413762e+06 	
5.44994995e+06 	 2.504113e-06 	 9.412570e+06 	
5.45045045e+06 	 2.502909e-06 	 9.411379e+06 	
5.45095095e+06 	 2.501705e-06 	 9.410187e+06 	
5.45145145e+06 	 2.500502e-06 	 9.408997e+06 	
5.45195195e+06 	 2.499299e-06 	 9.407806e+06 	
5.45245245e+06 	 2.498097e-06 	 9.406616e+06 	
5.45295295e+06 	 2.496895e-06 	 9.405426e+06 	
5.45345345e+06 	 2.495694e-06 	 9.404236e+06 	
5.45395395e+06 	 2.494493e-06 	 9.403046e+06 	
5.45445445e+06 	 2.493294e-06 	 9.401857e+06 	
5.45495495e+06 	 2.492094e-06 	 9.400668e+06 	
5.45545546e+06 	 2.490895e-06 	 9.399479e+06 	
5.45595596e+06 	 2.489697e-06 	 9.398290e+06 	
5.45645646e+06 	 2.488499e-06 	 9.397102e+06 	
5.45695696e+06 	 2.487302e-06 	 9.395914e+06 	
5.45745746e+06 	 2.486105e-06 	 9.394726e+06 	
5.45795796e+06 	 2.484909e-06 	 9.393539e+06 	
5.45845846e+06 	 2.483713e-06 	 9.392352e+06 	
5.45895896e+06 	 2.482518e-06 	 9.391165e+06 	
5.45945946e+06 	 2.481324e-06 	 9.389978e+06 	
5.45995996e+06 	 2.480130e-06 	 9.388791e+06 	
5.46046046e+06 	 2.478936e-06 	 9.387605e+06 	
5.46096096e+06 	 2.477743e-06 	 9.386419e+06 	
5.46146146e+06 	 2.476551e-06 	 9.385234e+06 	
5.46196196e+06 	 2.475359e-06 	 9.384048e+06 	
5.46246246e+06 	 2.474168e-06 	 9.382863e+06 	
5.46296296e+06 	 2.472977e-06 	 9.381678e+06 	
5.46346346e+06 	 2.471787e-06 	 9.380493e+06 	
5.46396396e+06 	 2.470598e-06 	 9.379309e+06 	
5.46446446e+06 	 2.469408e-06 	 9.378125e+06 	
5.46496496e+06 	 2.468220e-06 	 9.376941e+06 	
5.46546547e+06 	 2.467032e-06 	 9.375757e+06 	
5.46596597e+06 	 2.465844e-06 	 9.374574e+06 	
5.46646647e+06 	 2.464657e-06 	 9.373391e+06 	
5.46696697e+06 	 2.463471e-06 	 9.372208e+06 	
5.46746747e+06 	 2.462285e-06 	 9.371025e+06 	
5.46796797e+06 	 2.461100e-06 	 9.369843e+06 	
5.46846847e+06 	 2.459915e-06 	 9.368661e+06 	
5.46896897e+06 	 2.458731e-06 	 9.367479e+06 	
5.46946947e+06 	 2.457547e-06 	 9.366297e+06 	
5.46996997e+06 	 2.456364e-06 	 9.365116e+06 	
5.47047047e+06 	 2.455181e-06 	 9.363935e+06 	
5.47097097e+06 	 2.453999e-06 	 9.362754e+06 	
5.47147147e+06 	 2.452818e-06 	 9.361573e+06 	
5.47197197e+06 	 2.451637e-06 	 9.360393e+06 	
5.47247247e+06 	 2.450456e-06 	 9.359213e+06 	
5.47297297e+06 	 2.449276e-06 	 9.358033e+06 	
5.47347347e+06 	 2.448097e-06 	 9.356853e+06 	
5.47397397e+06 	 2.446918e-06 	 9.355674e+06 	
5.47447447e+06 	 2.445740e-06 	 9.354495e+06 	
5.47497497e+06 	 2.444562e-06 	 9.353316e+06 	
5.47547548e+06 	 2.443385e-06 	 9.352138e+06 	
5.47597598e+06 	 2.442208e-06 	 9.350959e+06 	
5.47647648e+06 	 2.441032e-06 	 9.349781e+06 	
5.47697698e+06 	 2.439856e-06 	 9.348603e+06 	
5.47747748e+06 	 2.438681e-06 	 9.347426e+06 	
5.47797798e+06 	 2.437506e-06 	 9.346249e+06 	
5.47847848e+06 	 2.436332e-06 	 9.345072e+06 	
5.47897898e+06 	 2.435159e-06 	 9.343895e+06 	
5.47947948e+06 	 2.433986e-06 	 9.342718e+06 	
5.47997998e+06 	 2.432813e-06 	 9.341542e+06 	
5.48048048e+06 	 2.431641e-06 	 9.340366e+06 	
5.48098098e+06 	 2.430470e-06 	 9.339190e+06 	
5.48148148e+06 	 2.429299e-06 	 9.338015e+06 	
5.48198198e+06 	 2.428129e-06 	 9.336839e+06 	
5.48248248e+06 	 2.426959e-06 	 9.335664e+06 	
5.48298298e+06 	 2.425790e-06 	 9.334490e+06 	
5.48348348e+06 	 2.424621e-06 	 9.333315e+06 	
5.48398398e+06 	 2.423453e-06 	 9.332141e+06 	
5.48448448e+06 	 2.422285e-06 	 9.330967e+06 	
5.48498498e+06 	 2.421118e-06 	 9.329793e+06 	
5.48548549e+06 	 2.419951e-06 	 9.328620e+06 	
5.48598599e+06 	 2.418785e-06 	 9.327447e+06 	
5.48648649e+06 	 2.417620e-06 	 9.326274e+06 	
5.48698699e+06 	 2.416455e-06 	 9.325101e+06 	
5.48748749e+06 	 2.415290e-06 	 9.323928e+06 	
5.48798799e+06 	 2.414126e-06 	 9.322756e+06 	
5.48848849e+06 	 2.412963e-06 	 9.321584e+06 	
5.48898899e+06 	 2.411800e-06 	 9.320413e+06 	
5.48948949e+06 	 2.410637e-06 	 9.319241e+06 	
5.48998999e+06 	 2.409475e-06 	 9.318070e+06 	
5.49049049e+06 	 2.408314e-06 	 9.316899e+06 	
5.49099099e+06 	 2.407153e-06 	 9.315728e+06 	
5.49149149e+06 	 2.405993e-06 	 9.314558e+06 	
5.49199199e+06 	 2.404833e-06 	 9.313388e+06 	
5.49249249e+06 	 2.403674e-06 	 9.312218e+06 	
5.49299299e+06 	 2.402515e-06 	 9.311048e+06 	
5.49349349e+06 	 2.401357e-06 	 9.309879e+06 	
5.49399399e+06 	 2.400199e-06 	 9.308709e+06 	
5.49449449e+06 	 2.399042e-06 	 9.307540e+06 	
5.49499499e+06 	 2.397885e-06 	 9.306372e+06 	
5.49549550e+06 	 2.396729e-06 	 9.305203e+06 	
5.49599600e+06 	 2.395574e-06 	 9.304035e+06 	
5.49649650e+06 	 2.394419e-06 	 9.302867e+06 	
5.49699700e+06 	 2.393264e-06 	 9.301700e+06 	
5.49749750e+06 	 2.392110e-06 	 9.300532e+06 	
5.49799800e+06 	 2.390957e-06 	 9.299365e+06 	
5.49849850e+06 	 2.389804e-06 	 9.298198e+06 	
5.49899900e+06 	 2.388651e-06 	 9.297031e+06 	
5.49949950e+06 	 2.387499e-06 	 9.295865e+06 	
5.50000000e+06 	 2.386348e-06 	 9.294699e+06 	
5.52871991e+06 	 2.321138e-06 	 9.228199e+06 	
5.55758979e+06 	 2.257256e-06 	 9.162172e+06 	
5.58661042e+06 	 2.194669e-06 	 9.096614e+06 	
5.61578259e+06 	 2.133348e-06 	 9.031523e+06 	
5.64510710e+06 	 2.073381e-06 	 8.966876e+06 	
5.67458473e+06 	 2.014525e-06 	 8.902709e+06 	
5.70421628e+06 	 1.956849e-06 	 8.839001e+06 	
5.73400257e+06 	 1.900231e-06 	 8.775771e+06 	
5.76394439e+06 	 1.844818e-06 	 8.712982e+06 	
5.79404257e+06 	 1.790502e-06 	 8.650648e+06 	
5.82429791e+06 	 1.737256e-06 	 8.588768e+06 	
5.85471124e+06 	 1.685148e-06 	 8.527320e+06 	
5.88528338e+06 	 1.633981e-06 	 8.466339e+06 	
5.91601516e+06 	 1.583810e-06 	 8.405808e+06 	
5.94690742e+06 	 1.534687e-06 	 8.345708e+06 	
5.97796099e+06 	 1.486449e-06 	 8.286070e+06 	
6.00917672e+06 	 1.439137e-06 	 8.226879e+06 	
6.04055545e+06 	 1.392728e-06 	 8.168134e+06 	
6.07209803e+06 	 1.347275e-06 	 8.109817e+06 	
6.10380532e+06 	 1.302620e-06 	 8.051962e+06 	
6.13567819e+06 	 1.258806e-06 	 7.994554e+06 	
6.16771748e+06 	 1.215813e-06 	 7.937593e+06 	
6.19992408e+06 	 1.173549e-06 	 7.881103e+06 	
6.23229885e+06 	 1.132126e-06 	 7.825045e+06 	
6.26484268e+06 	 1.091463e-06 	 7.769440e+06 	
6.29755645e+06 	 1.051487e-06 	 7.714308e+06 	
6.33044104e+06 	 1.012284e-06 	 7.659620e+06 	
6.36349735e+06 	 9.737881e-07 	 7.605393e+06 	
6.39672627e+06 	 9.359837e-07 	 7.551633e+06 	
6.43012870e+06 	 8.988034e-07 	 7.498363e+06 	
6.46370556e+06 	 8.623293e-07 	 7.445554e+06 	
6.49745775e+06 	 8.265032e-07 	 7.393227e+06 	
6.53138619e+06 	 7.912717e-07 	 7.341409e+06 	
6.56549179e+06 	 7.567004e-07 	 7.290075e+06 	
6.59977549e+06 	 7.227443e-07 	 7.239248e+06 	
6.63423821e+06 	 6.893957e-07 	 7.188939e+06 	
6.66888088e+06 	 6.566110e-07 	 7.139179e+06 	
6.70370446e+06 	 6.244557e-07 	 7.089945e+06 	
6.73870987e+06 	 5.928955e-07 	 7.041266e+06 	
6.77389808e+06 	 5.619020e-07 	 6.993176e+06 	
6.80927003e+06 	 5.315322e-07 	 6.945659e+06 	
6.84482669e+06 	 5.017671e-07 	 6.898748e+06 	
6.88056902e+06 	 4.726160e-07 	 6.852463e+06 	
6.91649798e+06 	 4.440662e-07 	 6.806845e+06 	
6.95261457e+06 	 4.161811e-07 	 6.761881e+06 	
6.98891974e+06 	 3.889584e-07 	 6.717612e+06 	
7.02541449e+06 	 3.624408e-07 	 6.674046e+06 	
7.06209982e+06 	 3.366209e-07 	 6.631243e+06 	
7.09897670e+06 	 3.115467e-07 	 6.589217e+06 	
7.13604615e+06 	 2.872533e-07 	 6.547999e+06 	
7.17330917e+06 	 2.637948e-07 	 6.507597e+06 	
7.21076677e+06 	 2.411831e-07 	 6.468081e+06 	
7.24841996e+06 	 2.194752e-07 	 6.429466e+06 	
7.28626977e+06 	 1.987265e-07 	 6.391763e+06 	
7.32431723e+06 	 1.789607e-07 	 6.355039e+06 	
7.36256336e+06 	 1.602305e-07 	 6.319306e+06 	
7.40100921e+06 	 1.425839e-07 	 6.284571e+06 	
7.43965581e+06 	 1.260419e-07 	 6.250895e+06 	
7.47850422e+06 	 1.106408e-07 	 6.218283e+06 	
7.51755548e+06 	 9.640741e-08 	 6.186727e+06 	
7.55681067e+06 	 8.334341e-08 	 6.156278e+06 	
7.59627083e+06 	 7.145443e-08 	 6.126922e+06 	
7.63593705e+06 	 6.072550e-08 	 6.098689e+06 	
7.67581040e+06 	 5.113980e-08 	 6.071520e+06 	
7.71589196e+06 	 4.265982e-08 	 6.045389e+06 	
7.75618282e+06 	 3.523222e-08 	 6.020319e+06 	
7.79668407e+06 	 2.879742e-08 	 5.996294e+06 	
7.83739681e+06 	 2.328903e-08 	 5.973209e+06 	
7.87832214e+06 	 1.862642e-08 	 5.951133e+06 	
7.91946118e+06 	 1.473109e-08 	 5.929884e+06 	
7.96081503e+06 	 1.151705e-08 	 5.909418e+06 	
8.00238483e+06 	 8.898992e-09 	 5.889699e+06 	
8.04417170e+06 	 6.794101e-09 	 5.870750e+06 	
8.08617677e+06 	 5.125247e-09 	 5.852273e+06 	
8.12840118e+06 	 3.819061e-09 	 5.834604e+06 	
8.17084608e+06 	 2.811384e-09 	 5.817238e+06 	
8.21351262e+06 	 2.044296e-09 	 5.800384e+06 	
8.25640195e+06 	 1.468366e-09 	 5.783988e+06 	
8.29951525e+06 	 1.041967e-09 	 5.767593e+06 	
8.34285367e+06 	 7.304419e-10 	 5.751512e+06 	
8.38641840e+06 	 5.058945e-10 	 5.735807e+06 	
8.43021061e+06 	 3.462215e-10 	 5.720110e+06 	
9.29326353e+06 	 1.000000e-20 	 5.440874e+06 	
1.02446725e+07 	 1.000000e-20 	 5.176456e+06 	
1.12934832e+07 	 1.000000e-20 	 4.925405e+06 	
1.24496671e+07 	 1.000000e-20 	 4.686972e+06 	
1.37242166e+07 	 1.000000e-20 	 4.460460e+06 	
1.51292498e+07 	 1.000000e-20 	 4.245220e+06 	
1.66781249e+07 	 1.000000e-20 	 4.040645e+06 	
1.83855679e+07 	 1.000000e-20 	 3.846169e+06 	
2.02678125e+07 	 1.000000e-20 	 3.661258e+06 	
2.23427541e+07 	 1.000000e-20 	 3.485415e+06 	
2.46301203e+07 	 1.000000e-20 	 3.318169e+06 	
2.71516584e+07 	 1.000000e-20 	 3.159080e+06 	
2.99313420e+07 	 1.000000e-20 	 3.007731e+06 	
3.29955991e+07 	 1.000000e-20 	 2.863731e+06 	
3.63735631e+07 	 1.000000e-20 	 2.726708e+06 	
4.00973502e+07 	 1.000000e-20 	 2.596314e+06 	
4.42023645e+07 	 1.000000e-20 	 2.472218e+06 	
4.87276346e+07 	 1.000000e-20 	 2.354107e+06 	
5.37161846e+07 	 1.000000e-20 	 2.241684e+06 	
5.92154435e+07 	 1.000000e-20 	 2.134671e+06 	
6.52776955e+07 	 1.000000e-20 	 2.032801e+06 	
7.19605779e+07 	 1.000000e-20 	 1.935821e+06 	
7.93276283e+07 	 1.000000e-20 	 1.843494e+06 	
8.74488894e+07 	 1.000000e-20 	 1.755592e+06 	
9.64015743e+07 	 1.000000e-20 	 1.671901e+06 	
1.06270801e+08 	 1.000000e-20 	 1.592216e+06 	
1.17150402e+08 	 1.000000e-20 	 1.516343e+06 	
1.29143815e+08 	 1.000000e-20 	 1.444098e+06 	
1.42365068e+08 	 1.000000e-20 	 1.375306e+06 	
1.56939862e+08 	 1.000000e-20 	 1.309799e+06 	
1.73006769e+08 	 1.000000e-20 	 1.247421e+06 	
1.90718544e+08 	 1.000000e-20 	 1.188020e+06 	
2.10243584e+08 	 1.000000e-20 	 1.131454e+06 	
2.31767523e+08 	 1.000000e-20 	 1.077586e+06 	
2.55495001e+08 	 1.000000e-20 	 1.026288e+06 	
2.81651608e+08 	 1.000000e-20 	 9.774346e+05 	
3.10486029e+08 	 1.000000e-20 	 9.309104e+05 	
3.42272409e+08 	 1.000000e-20 	 8.866035e+05 	
3.77312957e+08 	 1.000000e-20 	 8.444079e+05 	
4.15940824e+08 	 1.000000e-20 	 8.042226e+05 	
4.58523264e+08 	 1.000000e-20 	 7.659515e+05 	
5.05465133e+08 	 1.000000e-20 	 7.295032e+05 	
5.57212732e+08 	 1.000000e-20 	 6.947907e+05 	
6.14258054e+08 	 1.000000e-20 	 6.617311e+05 	
6.77143459e+08 	 1.000000e-20 	 6.302455e+05 	
7.46466833e+08 	 1.000000e-20 	 6.002590e+05 	
8.22887270e+08 	 1.000000e-20 	 5.716999e+05 	
9.07131341e+08 	 1.000000e-20 	 5.445003e+05 	
1.00000000e+09 	 1.000000e-20 	 5.185953e+05 	
