r (cm)        	 rho (g/cm3) 	 T (K)       		 Linf = 2.070060e+38
1.19998185e+06 	 5.539858e+04 	 1.271117e+09 	
1.20002400e+06 	 5.401892e+04 	 1.263072e+09 	
1.20025983e+06 	 4.681826e+04 	 1.218416e+09 	
1.20049199e+06 	 4.053406e+04 	 1.175068e+09 	
1.20072416e+06 	 3.497516e+04 	 1.132348e+09 	
1.20095632e+06 	 3.007377e+04 	 1.090278e+09 	
1.20114752e+06 	 2.648612e+04 	 1.056134e+09 	
1.20133872e+06 	 2.326835e+04 	 1.022457e+09 	
1.20152992e+06 	 2.038933e+04 	 9.892588e+08 	
1.20172112e+06 	 1.781986e+04 	 9.565527e+08 	
1.20191231e+06 	 1.553258e+04 	 9.243514e+08 	
1.20210236e+06 	 1.351342e+04 	 8.928574e+08 	
1.20229241e+06 	 1.172436e+04 	 8.618884e+08 	
1.20248245e+06 	 1.014357e+04 	 8.314577e+08 	
1.20263837e+06 	 8.987932e+03 	 8.069032e+08 	
1.20279429e+06 	 7.948386e+03 	 7.827275e+08 	
1.20295020e+06 	 7.015155e+03 	 7.589382e+08 	
1.20310612e+06 	 6.179089e+03 	 7.355429e+08 	
1.20326204e+06 	 5.431641e+03 	 7.125491e+08 	
1.20341796e+06 	 4.764845e+03 	 6.899642e+08 	
1.20357472e+06 	 4.168278e+03 	 6.676774e+08 	
1.20373147e+06 	 3.638760e+03 	 6.458190e+08 	
1.20388823e+06 	 3.169822e+03 	 6.243965e+08 	
1.20401764e+06 	 2.824094e+03 	 6.070450e+08 	
1.20414705e+06 	 2.512454e+03 	 5.899995e+08 	
1.20427646e+06 	 2.231991e+03 	 5.732637e+08 	
1.20440586e+06 	 1.979995e+03 	 5.568414e+08 	
1.20453527e+06 	 1.753947e+03 	 5.407362e+08 	
1.20466468e+06 	 1.551508e+03 	 5.249516e+08 	
1.20479409e+06 	 1.370511e+03 	 5.094908e+08 	
1.20492807e+06 	 1.203575e+03 	 4.938282e+08 	
1.20506205e+06 	 1.055430e+03 	 4.785194e+08 	
1.20517298e+06 	 9.456479e+02 	 4.661147e+08 	
1.20528391e+06 	 8.464679e+02 	 4.539561e+08 	
1.20539483e+06 	 7.569743e+02 	 4.420449e+08 	
1.20550576e+06 	 6.763187e+02 	 4.303825e+08 	
1.20561668e+06 	 6.037153e+02 	 4.189699e+08 	
1.20572761e+06 	 5.384377e+02 	 4.078080e+08 	
1.20583854e+06 	 4.798158e+02 	 3.968976e+08 	
1.20594946e+06 	 4.272320e+02 	 3.862392e+08 	
1.20606039e+06 	 3.801181e+02 	 3.758333e+08 	
1.20617774e+06 	 3.356535e+02 	 3.651001e+08 	
1.20627552e+06 	 3.024230e+02 	 3.563722e+08 	
1.20637330e+06 	 2.723451e+02 	 3.478403e+08 	
1.20647108e+06 	 2.451428e+02 	 3.395042e+08 	
1.20656887e+06 	 2.205608e+02 	 3.313634e+08 	
1.20666665e+06 	 1.983637e+02 	 3.234173e+08 	
1.20676443e+06 	 1.783352e+02 	 3.156653e+08 	
1.20686222e+06 	 1.602763e+02 	 3.081063e+08 	
1.20696000e+06 	 1.440046e+02 	 3.007396e+08 	
1.20705778e+06 	 1.293530e+02 	 2.935638e+08 	
1.20715557e+06 	 1.161683e+02 	 2.865777e+08 	
1.20725335e+06 	 1.043109e+02 	 2.797798e+08 	
1.20735113e+06 	 9.365300e+01 	 2.731685e+08 	
1.20744891e+06 	 8.407834e+01 	 2.667421e+08 	
1.20754670e+06 	 7.548098e+01 	 2.604988e+08 	
1.20764304e+06 	 6.787238e+01 	 2.545245e+08 	
1.20773938e+06 	 6.103522e+01 	 2.487239e+08 	
1.20783572e+06 	 5.489344e+01 	 2.430946e+08 	
1.20793206e+06 	 4.937801e+01 	 2.376346e+08 	
1.20802840e+06 	 4.442638e+01 	 2.323412e+08 	
1.20812474e+06 	 3.998188e+01 	 2.272120e+08 	
1.20822109e+06 	 3.599329e+01 	 2.222444e+08 	
1.20831743e+06 	 3.241430e+01 	 2.174355e+08 	
1.20841377e+06 	 2.920312e+01 	 2.127825e+08 	
1.20851011e+06 	 2.632206e+01 	 2.082825e+08 	
1.20860645e+06 	 2.373715e+01 	 2.039324e+08 	
1.20870279e+06 	 2.141782e+01 	 1.997292e+08 	
1.20879913e+06 	 1.933656e+01 	 1.956697e+08 	
1.20889547e+06 	 1.746866e+01 	 1.917507e+08 	
1.20899182e+06 	 1.579190e+01 	 1.879688e+08 	
1.20908816e+06 	 1.428636e+01 	 1.843207e+08 	
1.20918450e+06 	 1.293415e+01 	 1.808032e+08 	
1.20928084e+06 	 1.171926e+01 	 1.774127e+08 	
1.20937718e+06 	 1.062732e+01 	 1.741458e+08 	
1.20947862e+06 	 9.596390e+00 	 1.708360e+08 	
1.20958006e+06 	 8.674115e+00 	 1.676555e+08 	
1.20968149e+06 	 7.848579e+00 	 1.646002e+08 	
1.20978293e+06 	 7.109181e+00 	 1.616661e+08 	
1.20988437e+06 	 6.446498e+00 	 1.588492e+08 	
1.20998580e+06 	 5.852155e+00 	 1.561457e+08 	
1.21008724e+06 	 5.318708e+00 	 1.535515e+08 	
1.21018868e+06 	 4.839546e+00 	 1.510628e+08 	
1.21029011e+06 	 4.408792e+00 	 1.486757e+08 	
1.21042286e+06 	 3.909576e+00 	 1.456992e+08 	
1.21055561e+06 	 3.474167e+00 	 1.428821e+08 	
1.21068836e+06 	 3.093809e+00 	 1.402164e+08 	
1.21082111e+06 	 2.760993e+00 	 1.376944e+08 	
1.21095386e+06 	 2.469286e+00 	 1.353085e+08 	
1.21108661e+06 	 2.213163e+00 	 1.330514e+08 	
1.21121936e+06 	 1.987885e+00 	 1.309161e+08 	
1.21135211e+06 	 1.789377e+00 	 1.288960e+08 	
1.21148486e+06 	 1.614138e+00 	 1.269845e+08 	
1.21161761e+06 	 1.459151e+00 	 1.251755e+08 	
1.21175036e+06 	 1.321821e+00 	 1.234633e+08 	
1.21188311e+06 	 1.199905e+00 	 1.218421e+08 	
1.21201586e+06 	 1.091470e+00 	 1.203067e+08 	
1.21218850e+06 	 9.678925e-01 	 1.184301e+08 	
1.21236114e+06 	 8.611834e-01 	 1.166798e+08 	
1.21253377e+06 	 7.687482e-01 	 1.150462e+08 	
1.21270641e+06 	 6.884258e-01 	 1.135203e+08 	
1.21287905e+06 	 6.184120e-01 	 1.120939e+08 	
1.21305169e+06 	 5.571968e-01 	 1.107595e+08 	
1.21322433e+06 	 5.035132e-01 	 1.095099e+08 	
1.21345175e+06 	 4.425138e-01 	 1.079824e+08 	
1.21367918e+06 	 3.907450e-01 	 1.065777e+08 	
1.21390660e+06 	 3.465953e-01 	 1.052835e+08 	
1.21413402e+06 	 3.087653e-01 	 1.040892e+08 	
1.21436144e+06 	 2.762019e-01 	 1.029850e+08 	
1.21458886e+06 	 2.480482e-01 	 1.019625e+08 	
1.21486413e+06 	 2.188760e-01 	 1.008231e+08 	
1.21513940e+06 	 1.941418e-01 	 9.977993e+07 	
1.21541468e+06 	 1.730501e-01 	 9.882249e+07 	
1.21568995e+06 	 1.549664e-01 	 9.794153e+07 	
1.21596522e+06 	 1.393810e-01 	 9.712898e+07 	
1.21637016e+06 	 1.201483e-01 	 9.604328e+07 	
1.21677511e+06 	 1.044255e-01 	 9.507112e+07 	
1.21718005e+06 	 9.145085e-02 	 9.419648e+07 	
1.21758500e+06 	 8.065025e-02 	 9.340596e+07 	
1.21807294e+06 	 6.991071e-02 	 9.254944e+07 	
1.21856088e+06 	 6.112125e-02 	 9.178268e+07 	
1.21904883e+06 	 5.385530e-02 	 9.109244e+07 	
1.21953677e+06 	 4.779309e-02 	 9.046781e+07 	
1.22026453e+06 	 4.047864e-02 	 8.963898e+07 	
1.22099230e+06 	 3.472816e-02 	 8.891238e+07 	
1.22172006e+06 	 3.013737e-02 	 8.826953e+07 	
1.22274849e+06 	 2.509211e-02 	 8.747652e+07 	
1.22377692e+06 	 2.126044e-02 	 8.679156e+07 	
1.22480535e+06 	 1.828875e-02 	 8.619209e+07 	
1.22598579e+06 	 1.563699e-02 	 8.558785e+07 	
1.22716623e+06 	 1.357161e-02 	 8.505528e+07 	
1.22834667e+06 	 1.193331e-02 	 8.458031e+07 	
1.23011163e+06 	 1.005211e-02 	 8.395510e+07 	
1.23187659e+06 	 8.648094e-03 	 8.340933e+07 	
1.23389924e+06 	 7.437254e-03 	 8.285840e+07 	
1.23592190e+06 	 6.520031e-03 	 8.236887e+07 	
1.23794456e+06 	 5.808485e-03 	 8.192716e+07 	
1.24111828e+06 	 4.975531e-03 	 8.130774e+07 	
1.24429201e+06 	 4.374650e-03 	 8.075603e+07 	
1.24802710e+06 	 3.859114e-03 	 8.017022e+07 	
1.25176219e+06 	 3.480196e-03 	 7.963540e+07 	
1.25549728e+06 	 3.192962e-03 	 7.913896e+07 	
1.26117242e+06 	 2.872328e-03 	 7.843920e+07 	
1.26684756e+06 	 2.642379e-03 	 7.778784e+07 	
1.27252270e+06 	 2.470324e-03 	 7.717191e+07 	
1.28156790e+06 	 2.270470e-03 	 7.624332e+07 	
1.28581594e+06 	 2.197409e-03 	 7.582448e+07 	
1.29690118e+06 	 2.045409e-03 	 7.477069e+07 	
1.30470985e+06 	 1.960497e-03 	 7.405569e+07 	
1.31989442e+06 	 1.825542e-03 	 7.271565e+07 	
1.32962269e+06 	 1.752216e-03 	 7.188647e+07 	
1.34000000e+06 	 1.681362e-03 	 7.102406e+07 	
1.37000000e+06 	 1.503673e-03 	 6.864353e+07 	
1.39000000e+06 	 1.400856e-03 	 6.714037e+07 	
1.42000000e+06 	 1.263848e-03 	 6.499899e+07 	
1.44000000e+06 	 1.182161e-03 	 6.364147e+07 	
1.47000000e+06 	 1.071909e-03 	 6.170211e+07 	
1.49000000e+06 	 1.005698e-03 	 6.046971e+07 	
1.52000000e+06 	 9.158024e-04 	 5.870518e+07 	
1.54000000e+06 	 8.615673e-04 	 5.758156e+07 	
1.57000000e+06 	 7.876299e-04 	 5.596964e+07 	
1.59000000e+06 	 7.427684e-04 	 5.494115e+07 	
1.62000000e+06 	 6.814818e-04 	 5.346323e+07 	
1.65000000e+06 	 6.264770e-04 	 5.205791e+07 	
1.68000000e+06 	 5.770346e-04 	 5.072015e+07 	
1.71000000e+06 	 5.324614e-04 	 4.944524e+07 	
1.74000000e+06 	 4.921906e-04 	 4.822896e+07 	
1.77000000e+06 	 4.557276e-04 	 4.706742e+07 	
1.80000000e+06 	 4.226425e-04 	 4.595708e+07 	
1.83000000e+06 	 3.925606e-04 	 4.489470e+07 	
1.86000000e+06 	 3.651594e-04 	 4.387730e+07 	
1.89000000e+06 	 3.401563e-04 	 4.290215e+07 	
1.92000000e+06 	 3.172963e-04 	 4.196672e+07 	
1.95000000e+06 	 2.963599e-04 	 4.106866e+07 	
1.98000000e+06 	 2.771535e-04 	 4.020584e+07 	
2.01000000e+06 	 2.595080e-04 	 3.937626e+07 	
2.04000000e+06 	 2.432707e-04 	 3.857809e+07 	
2.07000000e+06 	 2.283090e-04 	 3.780960e+07 	
2.10000000e+06 	 2.145007e-04 	 3.706921e+07 	
2.13000000e+06 	 2.017404e-04 	 3.635542e+07 	
2.16000000e+06 	 1.899325e-04 	 3.566688e+07 	
2.19000000e+06 	 1.789921e-04 	 3.500228e+07 	
2.22000000e+06 	 1.688427e-04 	 3.436043e+07 	
2.25000000e+06 	 1.594156e-04 	 3.374020e+07 	
2.28000000e+06 	 1.506498e-04 	 3.314054e+07 	
2.31000000e+06 	 1.424894e-04 	 3.256047e+07 	
2.34000000e+06 	 1.348844e-04 	 3.199906e+07 	
2.37000000e+06 	 1.277893e-04 	 3.145545e+07 	
2.40000000e+06 	 1.211629e-04 	 3.092882e+07 	
2.43000000e+06 	 1.149675e-04 	 3.041840e+07 	
2.46000000e+06 	 1.091716e-04 	 2.992348e+07 	
2.49000000e+06 	 1.037426e-04 	 2.944338e+07 	
2.52000000e+06 	 9.865240e-05 	 2.897744e+07 	
2.55000000e+06 	 9.387708e-05 	 2.852508e+07 	
2.58000000e+06 	 8.939216e-05 	 2.808572e+07 	
2.61000000e+06 	 8.517623e-05 	 2.765881e+07 	
2.64000000e+06 	 8.121097e-05 	 2.724385e+07 	
2.67000000e+06 	 7.747772e-05 	 2.684036e+07 	
2.70000000e+06 	 7.396017e-05 	 2.644787e+07 	
2.73000000e+06 	 7.064332e-05 	 2.606595e+07 	
2.76000000e+06 	 6.751387e-05 	 2.569419e+07 	
2.79000000e+06 	 6.455869e-05 	 2.533220e+07 	
2.82000000e+06 	 6.176627e-05 	 2.497961e+07 	
2.85000000e+06 	 5.912584e-05 	 2.463606e+07 	
2.88000000e+06 	 5.662733e-05 	 2.430123e+07 	
2.91000000e+06 	 5.426158e-05 	 2.397478e+07 	
2.94000000e+06 	 5.202002e-05 	 2.365641e+07 	
2.97000000e+06 	 4.989515e-05 	 2.334584e+07 	
3.00000000e+06 	 4.787940e-05 	 2.304279e+07 	
3.03000000e+06 	 4.596603e-05 	 2.274700e+07 	
3.06000000e+06 	 4.414875e-05 	 2.245820e+07 	
3.09000000e+06 	 4.242195e-05 	 2.217618e+07 	
3.12000000e+06 	 4.078005e-05 	 2.190068e+07 	
3.15000000e+06 	 3.921802e-05 	 2.163150e+07 	
3.18000000e+06 	 3.773116e-05 	 2.136843e+07 	
3.21000000e+06 	 3.631525e-05 	 2.111126e+07 	
3.24000000e+06 	 3.496609e-05 	 2.085980e+07 	
3.27000000e+06 	 3.367988e-05 	 2.061388e+07 	
3.30000000e+06 	 3.245319e-05 	 2.037330e+07 	
3.33000000e+06 	 3.128261e-05 	 2.013791e+07 	
3.36000000e+06 	 3.016506e-05 	 1.990754e+07 	
3.39000000e+06 	 2.909762e-05 	 1.968204e+07 	
3.42000000e+06 	 2.807765e-05 	 1.946125e+07 	
3.45000000e+06 	 2.710255e-05 	 1.924504e+07 	
3.48000000e+06 	 2.616995e-05 	 1.903327e+07 	
3.51000000e+06 	 2.527760e-05 	 1.882580e+07 	
3.54000000e+06 	 2.442344e-05 	 1.862251e+07 	
3.57000000e+06 	 2.360548e-05 	 1.842328e+07 	
3.60000000e+06 	 2.282185e-05 	 1.822798e+07 	
3.63000000e+06 	 2.207084e-05 	 1.803652e+07 	
3.66000000e+06 	 2.135080e-05 	 1.784876e+07 	
3.69000000e+06 	 2.066017e-05 	 1.766463e+07 	
3.72000000e+06 	 1.999753e-05 	 1.748400e+07 	
3.75000000e+06 	 1.936149e-05 	 1.730679e+07 	
3.78000000e+06 	 1.875076e-05 	 1.713290e+07 	
3.81000000e+06 	 1.816412e-05 	 1.696224e+07 	
3.84000000e+06 	 1.760044e-05 	 1.679472e+07 	
3.87000000e+06 	 1.705862e-05 	 1.663027e+07 	
3.90000000e+06 	 1.653763e-05 	 1.646879e+07 	
3.93000000e+06 	 1.603651e-05 	 1.631022e+07 	
3.96000000e+06 	 1.555434e-05 	 1.615446e+07 	
3.99000000e+06 	 1.509027e-05 	 1.600147e+07 	
4.02000000e+06 	 1.464345e-05 	 1.585115e+07 	
4.05000000e+06 	 1.421312e-05 	 1.570344e+07 	
4.08000000e+06 	 1.379853e-05 	 1.555829e+07 	
4.11000000e+06 	 1.339901e-05 	 1.541561e+07 	
4.14000000e+06 	 1.301387e-05 	 1.527536e+07 	
4.17000000e+06 	 1.264249e-05 	 1.513747e+07 	
4.20000000e+06 	 1.228429e-05 	 1.500189e+07 	
4.23000000e+06 	 1.193869e-05 	 1.486855e+07 	
4.26000000e+06 	 1.160515e-05 	 1.473741e+07 	
4.29000000e+06 	 1.128316e-05 	 1.460841e+07 	
4.32000000e+06 	 1.097225e-05 	 1.448150e+07 	
4.35000000e+06 	 1.067194e-05 	 1.435664e+07 	
4.38000000e+06 	 1.038180e-05 	 1.423377e+07 	
4.41000000e+06 	 1.010142e-05 	 1.411285e+07 	
4.44000000e+06 	 9.830387e-06 	 1.399383e+07 	
4.47000000e+06 	 9.568331e-06 	 1.387667e+07 	
4.50000000e+06 	 9.314890e-06 	 1.376133e+07 	
4.53000000e+06 	 9.069717e-06 	 1.364777e+07 	
4.56000000e+06 	 8.832491e-06 	 1.353594e+07 	
4.59000000e+06 	 8.602895e-06 	 1.342581e+07 	
4.62000000e+06 	 8.380632e-06 	 1.331735e+07 	
4.65000000e+06 	 8.165415e-06 	 1.321051e+07 	
4.68000000e+06 	 7.956978e-06 	 1.310526e+07 	
4.71000000e+06 	 7.755057e-06 	 1.300156e+07 	
4.74000000e+06 	 7.559404e-06 	 1.289939e+07 	
4.77000000e+06 	 7.369787e-06 	 1.279870e+07 	
4.80000000e+06 	 7.185975e-06 	 1.269948e+07 	
4.83000000e+06 	 7.007754e-06 	 1.260168e+07 	
4.86000000e+06 	 6.834915e-06 	 1.250528e+07 	
4.89000000e+06 	 6.667264e-06 	 1.241025e+07 	
4.92000000e+06 	 6.504608e-06 	 1.231656e+07 	
4.95000000e+06 	 6.346767e-06 	 1.222418e+07 	
4.98000000e+06 	 6.193567e-06 	 1.213309e+07 	
5.01000000e+06 	 6.044842e-06 	 1.204326e+07 	
5.04000000e+06 	 5.900433e-06 	 1.195467e+07 	
5.07000000e+06 	 5.760188e-06 	 1.186728e+07 	
5.10000000e+06 	 5.623959e-06 	 1.178108e+07 	
5.13000000e+06 	 5.491607e-06 	 1.169605e+07 	
5.16000000e+06 	 5.362996e-06 	 1.161216e+07 	
5.19000000e+06 	 5.237999e-06 	 1.152938e+07 	
5.22000000e+06 	 5.116491e-06 	 1.144771e+07 	
5.25000000e+06 	 4.998353e-06 	 1.136710e+07 	
5.28000000e+06 	 4.883470e-06 	 1.128756e+07 	
5.31000000e+06 	 4.771734e-06 	 1.120905e+07 	
5.34000000e+06 	 4.663039e-06 	 1.113155e+07 	
5.37000000e+06 	 4.557283e-06 	 1.105506e+07 	
5.40000000e+06 	 4.454370e-06 	 1.097954e+07 	
5.43000000e+06 	 4.354206e-06 	 1.090498e+07 	
5.46000000e+06 	 4.256701e-06 	 1.083136e+07 	
5.49000000e+06 	 4.161770e-06 	 1.075867e+07 	
5.52000000e+06 	 4.069328e-06 	 1.068689e+07 	
5.55000000e+06 	 3.979296e-06 	 1.061600e+07 	
5.58000000e+06 	 3.891596e-06 	 1.054598e+07 	
5.61000000e+06 	 3.806155e-06 	 1.047683e+07 	
5.64000000e+06 	 3.722902e-06 	 1.040852e+07 	
5.67000000e+06 	 3.641767e-06 	 1.034104e+07 	
5.70000000e+06 	 3.562685e-06 	 1.027438e+07 	
5.73000000e+06 	 3.485591e-06 	 1.020852e+07 	
5.76000000e+06 	 3.410424e-06 	 1.014345e+07 	
5.79000000e+06 	 3.337126e-06 	 1.007915e+07 	
5.82000000e+06 	 3.265639e-06 	 1.001561e+07 	
5.85000000e+06 	 3.195907e-06 	 9.952823e+06 	
5.88000000e+06 	 3.127878e-06 	 9.890768e+06 	
5.91000000e+06 	 3.061501e-06 	 9.829436e+06 	
5.94000000e+06 	 2.996727e-06 	 9.768816e+06 	
6.00000000e+06 	 2.871795e-06 	 9.649659e+06 	
6.00050050e+06 	 2.870778e-06 	 9.648677e+06 	
6.00100100e+06 	 2.869762e-06 	 9.647694e+06 	
6.00150150e+06 	 2.868745e-06 	 9.646712e+06 	
6.00200200e+06 	 2.867730e-06 	 9.645730e+06 	
6.00250250e+06 	 2.866714e-06 	 9.644749e+06 	
6.00300300e+06 	 2.865699e-06 	 9.643767e+06 	
6.00350350e+06 	 2.864685e-06 	 9.642786e+06 	
6.00400400e+06 	 2.863671e-06 	 9.641805e+06 	
6.00450450e+06 	 2.862657e-06 	 9.640824e+06 	
6.00500501e+06 	 2.861643e-06 	 9.639843e+06 	
6.00550551e+06 	 2.860630e-06 	 9.638862e+06 	
6.00600601e+06 	 2.859618e-06 	 9.637882e+06 	
6.00650651e+06 	 2.858606e-06 	 9.636902e+06 	
6.00700701e+06 	 2.857594e-06 	 9.635922e+06 	
6.00750751e+06 	 2.856583e-06 	 9.634942e+06 	
6.00800801e+06 	 2.855572e-06 	 9.633962e+06 	
6.00850851e+06 	 2.854561e-06 	 9.632983e+06 	
6.00900901e+06 	 2.853551e-06 	 9.632003e+06 	
6.00950951e+06 	 2.852541e-06 	 9.631024e+06 	
6.01001001e+06 	 2.851532e-06 	 9.630045e+06 	
6.01051051e+06 	 2.850523e-06 	 9.629067e+06 	
6.01101101e+06 	 2.849515e-06 	 9.628088e+06 	
6.01151151e+06 	 2.848506e-06 	 9.627110e+06 	
6.01201201e+06 	 2.847499e-06 	 9.626132e+06 	
6.01251251e+06 	 2.846491e-06 	 9.625154e+06 	
6.01301301e+06 	 2.845485e-06 	 9.624176e+06 	
6.01351351e+06 	 2.844478e-06 	 9.623198e+06 	
6.01401401e+06 	 2.843472e-06 	 9.622221e+06 	
6.01451451e+06 	 2.842466e-06 	 9.621244e+06 	
6.01501502e+06 	 2.841461e-06 	 9.620267e+06 	
6.01551552e+06 	 2.840456e-06 	 9.619290e+06 	
6.01601602e+06 	 2.839452e-06 	 9.618313e+06 	
6.01651652e+06 	 2.838448e-06 	 9.617337e+06 	
6.01701702e+06 	 2.837444e-06 	 9.616360e+06 	
6.01751752e+06 	 2.836441e-06 	 9.615384e+06 	
6.01801802e+06 	 2.835438e-06 	 9.614408e+06 	
6.01851852e+06 	 2.834435e-06 	 9.613433e+06 	
6.01901902e+06 	 2.833433e-06 	 9.612457e+06 	
6.01951952e+06 	 2.832431e-06 	 9.611482e+06 	
6.02002002e+06 	 2.831430e-06 	 9.610507e+06 	
6.02052052e+06 	 2.830429e-06 	 9.609532e+06 	
6.02102102e+06 	 2.829429e-06 	 9.608557e+06 	
6.02152152e+06 	 2.828429e-06 	 9.607582e+06 	
6.02202202e+06 	 2.827429e-06 	 9.606608e+06 	
6.02252252e+06 	 2.826430e-06 	 9.605634e+06 	
6.02302302e+06 	 2.825431e-06 	 9.604660e+06 	
6.02352352e+06 	 2.824432e-06 	 9.603686e+06 	
6.02402402e+06 	 2.823434e-06 	 9.602712e+06 	
6.02452452e+06 	 2.822436e-06 	 9.601739e+06 	
6.02502503e+06 	 2.821439e-06 	 9.600765e+06 	
6.02552553e+06 	 2.820442e-06 	 9.599792e+06 	
6.02602603e+06 	 2.819446e-06 	 9.598819e+06 	
6.02652653e+06 	 2.818450e-06 	 9.597846e+06 	
6.02702703e+06 	 2.817454e-06 	 9.596874e+06 	
6.02752753e+06 	 2.816459e-06 	 9.595901e+06 	
6.02802803e+06 	 2.815464e-06 	 9.594929e+06 	
6.02852853e+06 	 2.814469e-06 	 9.593957e+06 	
6.02902903e+06 	 2.813475e-06 	 9.592985e+06 	
6.02952953e+06 	 2.812481e-06 	 9.592014e+06 	
6.03003003e+06 	 2.811488e-06 	 9.591042e+06 	
6.03053053e+06 	 2.810495e-06 	 9.590071e+06 	
6.03103103e+06 	 2.809503e-06 	 9.589100e+06 	
6.03153153e+06 	 2.808510e-06 	 9.588129e+06 	
6.03203203e+06 	 2.807519e-06 	 9.587158e+06 	
6.03253253e+06 	 2.806527e-06 	 9.586188e+06 	
6.03303303e+06 	 2.805536e-06 	 9.585217e+06 	
6.03353353e+06 	 2.804546e-06 	 9.584247e+06 	
6.03403403e+06 	 2.803556e-06 	 9.583277e+06 	
6.03453453e+06 	 2.802566e-06 	 9.582308e+06 	
6.03503504e+06 	 2.801576e-06 	 9.581338e+06 	
6.03553554e+06 	 2.800587e-06 	 9.580368e+06 	
6.03603604e+06 	 2.799599e-06 	 9.579399e+06 	
6.03653654e+06 	 2.798611e-06 	 9.578430e+06 	
6.03703704e+06 	 2.797623e-06 	 9.577461e+06 	
6.03753754e+06 	 2.796635e-06 	 9.576493e+06 	
6.03803804e+06 	 2.795648e-06 	 9.575524e+06 	
6.03853854e+06 	 2.794662e-06 	 9.574556e+06 	
6.03903904e+06 	 2.793675e-06 	 9.573588e+06 	
6.03953954e+06 	 2.792690e-06 	 9.572620e+06 	
6.04004004e+06 	 2.791704e-06 	 9.571652e+06 	
6.04054054e+06 	 2.790719e-06 	 9.570684e+06 	
6.04104104e+06 	 2.789734e-06 	 9.569717e+06 	
6.04154154e+06 	 2.788750e-06 	 9.568750e+06 	
6.04204204e+06 	 2.787766e-06 	 9.567783e+06 	
6.04254254e+06 	 2.786783e-06 	 9.566816e+06 	
6.04304304e+06 	 2.785800e-06 	 9.565849e+06 	
6.04354354e+06 	 2.784817e-06 	 9.564883e+06 	
6.04404404e+06 	 2.783835e-06 	 9.563916e+06 	
6.04454454e+06 	 2.782853e-06 	 9.562950e+06 	
6.04504505e+06 	 2.781871e-06 	 9.561984e+06 	
6.04554555e+06 	 2.780890e-06 	 9.561019e+06 	
6.04604605e+06 	 2.779909e-06 	 9.560053e+06 	
6.04654655e+06 	 2.778929e-06 	 9.559088e+06 	
6.04704705e+06 	 2.777949e-06 	 9.558123e+06 	
6.04754755e+06 	 2.776969e-06 	 9.557158e+06 	
6.04804805e+06 	 2.775990e-06 	 9.556193e+06 	
6.04854855e+06 	 2.775011e-06 	 9.555228e+06 	
6.04904905e+06 	 2.774033e-06 	 9.554264e+06 	
6.04954955e+06 	 2.773055e-06 	 9.553299e+06 	
6.05005005e+06 	 2.772077e-06 	 9.552335e+06 	
6.05055055e+06 	 2.771100e-06 	 9.551371e+06 	
6.05105105e+06 	 2.770123e-06 	 9.550408e+06 	
6.05155155e+06 	 2.769146e-06 	 9.549444e+06 	
6.05205205e+06 	 2.768170e-06 	 9.548481e+06 	
6.05255255e+06 	 2.767194e-06 	 9.547518e+06 	
6.05305305e+06 	 2.766219e-06 	 9.546555e+06 	
6.05355355e+06 	 2.765244e-06 	 9.545592e+06 	
6.05405405e+06 	 2.764270e-06 	 9.544629e+06 	
6.05455455e+06 	 2.763295e-06 	 9.543667e+06 	
6.05505506e+06 	 2.762322e-06 	 9.542704e+06 	
6.05555556e+06 	 2.761348e-06 	 9.541742e+06 	
6.05605606e+06 	 2.760375e-06 	 9.540780e+06 	
6.05655656e+06 	 2.759403e-06 	 9.539819e+06 	
6.05705706e+06 	 2.758430e-06 	 9.538857e+06 	
6.05755756e+06 	 2.757458e-06 	 9.537896e+06 	
6.05805806e+06 	 2.756487e-06 	 9.536935e+06 	
6.05855856e+06 	 2.755516e-06 	 9.535974e+06 	
6.05905906e+06 	 2.754545e-06 	 9.535013e+06 	
6.05955956e+06 	 2.753575e-06 	 9.534052e+06 	
6.06006006e+06 	 2.752605e-06 	 9.533092e+06 	
6.06056056e+06 	 2.751635e-06 	 9.532132e+06 	
6.06106106e+06 	 2.750666e-06 	 9.531171e+06 	
6.06156156e+06 	 2.749697e-06 	 9.530212e+06 	
6.06206206e+06 	 2.748729e-06 	 9.529252e+06 	
6.06256256e+06 	 2.747761e-06 	 9.528292e+06 	
6.06306306e+06 	 2.746793e-06 	 9.527333e+06 	
6.06356356e+06 	 2.745826e-06 	 9.526374e+06 	
6.06406406e+06 	 2.744859e-06 	 9.525415e+06 	
6.06456456e+06 	 2.743893e-06 	 9.524456e+06 	
6.06506507e+06 	 2.742927e-06 	 9.523497e+06 	
6.06556557e+06 	 2.741961e-06 	 9.522539e+06 	
6.06606607e+06 	 2.740996e-06 	 9.521581e+06 	
6.06656657e+06 	 2.740031e-06 	 9.520623e+06 	
6.06706707e+06 	 2.739066e-06 	 9.519665e+06 	
6.06756757e+06 	 2.738102e-06 	 9.518707e+06 	
6.06806807e+06 	 2.737138e-06 	 9.517749e+06 	
6.06856857e+06 	 2.736175e-06 	 9.516792e+06 	
6.06906907e+06 	 2.735212e-06 	 9.515835e+06 	
6.06956957e+06 	 2.734249e-06 	 9.514878e+06 	
6.07007007e+06 	 2.733287e-06 	 9.513921e+06 	
6.07057057e+06 	 2.732325e-06 	 9.512965e+06 	
6.07107107e+06 	 2.731363e-06 	 9.512008e+06 	
6.07157157e+06 	 2.730402e-06 	 9.511052e+06 	
6.07207207e+06 	 2.729441e-06 	 9.510096e+06 	
6.07257257e+06 	 2.728481e-06 	 9.509140e+06 	
6.07307307e+06 	 2.727521e-06 	 9.508184e+06 	
6.07357357e+06 	 2.726561e-06 	 9.507229e+06 	
6.07407407e+06 	 2.725602e-06 	 9.506273e+06 	
6.07457457e+06 	 2.724643e-06 	 9.505318e+06 	
6.07507508e+06 	 2.723685e-06 	 9.504363e+06 	
6.07557558e+06 	 2.722726e-06 	 9.503408e+06 	
6.07607608e+06 	 2.721769e-06 	 9.502454e+06 	
6.07657658e+06 	 2.720811e-06 	 9.501499e+06 	
6.07707708e+06 	 2.719854e-06 	 9.500545e+06 	
6.07757758e+06 	 2.718898e-06 	 9.499591e+06 	
6.07807808e+06 	 2.717941e-06 	 9.498637e+06 	
6.07857858e+06 	 2.716986e-06 	 9.497683e+06 	
6.07907908e+06 	 2.716030e-06 	 9.496730e+06 	
6.07957958e+06 	 2.715075e-06 	 9.495776e+06 	
6.08008008e+06 	 2.714120e-06 	 9.494823e+06 	
6.08058058e+06 	 2.713166e-06 	 9.493870e+06 	
6.08108108e+06 	 2.712212e-06 	 9.492917e+06 	
6.08158158e+06 	 2.711258e-06 	 9.491964e+06 	
6.08208208e+06 	 2.710305e-06 	 9.491012e+06 	
6.08258258e+06 	 2.709352e-06 	 9.490060e+06 	
6.08308308e+06 	 2.708400e-06 	 9.489108e+06 	
6.08358358e+06 	 2.707448e-06 	 9.488156e+06 	
6.08408408e+06 	 2.706496e-06 	 9.487204e+06 	
6.08458458e+06 	 2.705545e-06 	 9.486252e+06 	
6.08508509e+06 	 2.704594e-06 	 9.485301e+06 	
6.08558559e+06 	 2.703643e-06 	 9.484350e+06 	
6.08608609e+06 	 2.702693e-06 	 9.483399e+06 	
6.08658659e+06 	 2.701743e-06 	 9.482448e+06 	
6.08708709e+06 	 2.700793e-06 	 9.481497e+06 	
6.08758759e+06 	 2.699844e-06 	 9.480547e+06 	
6.08808809e+06 	 2.698896e-06 	 9.479596e+06 	
6.08858859e+06 	 2.697947e-06 	 9.478646e+06 	
6.08908909e+06 	 2.696999e-06 	 9.477696e+06 	
6.08958959e+06 	 2.696052e-06 	 9.476746e+06 	
6.09009009e+06 	 2.695104e-06 	 9.475797e+06 	
6.09059059e+06 	 2.694158e-06 	 9.474847e+06 	
6.09109109e+06 	 2.693211e-06 	 9.473898e+06 	
6.09159159e+06 	 2.692265e-06 	 9.472949e+06 	
6.09209209e+06 	 2.691319e-06 	 9.472000e+06 	
6.09259259e+06 	 2.690374e-06 	 9.471051e+06 	
6.09309309e+06 	 2.689429e-06 	 9.470103e+06 	
6.09359359e+06 	 2.688484e-06 	 9.469155e+06 	
6.09409409e+06 	 2.687540e-06 	 9.468206e+06 	
6.09459459e+06 	 2.686596e-06 	 9.467258e+06 	
6.09509510e+06 	 2.685653e-06 	 9.466311e+06 	
6.09559560e+06 	 2.684709e-06 	 9.465363e+06 	
6.09609610e+06 	 2.683767e-06 	 9.464415e+06 	
6.09659660e+06 	 2.682824e-06 	 9.463468e+06 	
6.09709710e+06 	 2.681882e-06 	 9.462521e+06 	
6.09759760e+06 	 2.680941e-06 	 9.461574e+06 	
6.09809810e+06 	 2.679999e-06 	 9.460627e+06 	
6.09859860e+06 	 2.679058e-06 	 9.459681e+06 	
6.09909910e+06 	 2.678118e-06 	 9.458734e+06 	
6.09959960e+06 	 2.677178e-06 	 9.457788e+06 	
6.10010010e+06 	 2.676238e-06 	 9.456842e+06 	
6.10060060e+06 	 2.675298e-06 	 9.455896e+06 	
6.10110110e+06 	 2.674359e-06 	 9.454951e+06 	
6.10160160e+06 	 2.673421e-06 	 9.454005e+06 	
6.10210210e+06 	 2.672482e-06 	 9.453060e+06 	
6.10260260e+06 	 2.671544e-06 	 9.452115e+06 	
6.10310310e+06 	 2.670607e-06 	 9.451170e+06 	
6.10360360e+06 	 2.669669e-06 	 9.450225e+06 	
6.10410410e+06 	 2.668733e-06 	 9.449280e+06 	
6.10460460e+06 	 2.667796e-06 	 9.448336e+06 	
6.10510511e+06 	 2.666860e-06 	 9.447392e+06 	
6.10560561e+06 	 2.665924e-06 	 9.446448e+06 	
6.10610611e+06 	 2.664989e-06 	 9.445504e+06 	
6.10660661e+06 	 2.664054e-06 	 9.444560e+06 	
6.10710711e+06 	 2.663119e-06 	 9.443616e+06 	
6.10760761e+06 	 2.662185e-06 	 9.442673e+06 	
6.10810811e+06 	 2.661251e-06 	 9.441730e+06 	
6.10860861e+06 	 2.660317e-06 	 9.440787e+06 	
6.10910911e+06 	 2.659384e-06 	 9.439844e+06 	
6.10960961e+06 	 2.658451e-06 	 9.438901e+06 	
6.11011011e+06 	 2.657519e-06 	 9.437959e+06 	
6.11061061e+06 	 2.656587e-06 	 9.437017e+06 	
6.11111111e+06 	 2.655655e-06 	 9.436074e+06 	
6.11161161e+06 	 2.654724e-06 	 9.435132e+06 	
6.11211211e+06 	 2.653793e-06 	 9.434191e+06 	
6.11261261e+06 	 2.652862e-06 	 9.433249e+06 	
6.11311311e+06 	 2.651932e-06 	 9.432308e+06 	
6.11361361e+06 	 2.651002e-06 	 9.431366e+06 	
6.11411411e+06 	 2.650072e-06 	 9.430425e+06 	
6.11461461e+06 	 2.649143e-06 	 9.429485e+06 	
6.11511512e+06 	 2.648214e-06 	 9.428544e+06 	
6.11561562e+06 	 2.647286e-06 	 9.427603e+06 	
6.11611612e+06 	 2.646358e-06 	 9.426663e+06 	
6.11661662e+06 	 2.645430e-06 	 9.425723e+06 	
6.11711712e+06 	 2.644503e-06 	 9.424783e+06 	
6.11761762e+06 	 2.643576e-06 	 9.423843e+06 	
6.11811812e+06 	 2.642649e-06 	 9.422903e+06 	
6.11861862e+06 	 2.641723e-06 	 9.421964e+06 	
6.11911912e+06 	 2.640797e-06 	 9.421025e+06 	
6.11961962e+06 	 2.639871e-06 	 9.420085e+06 	
6.12012012e+06 	 2.638946e-06 	 9.419146e+06 	
6.12062062e+06 	 2.638021e-06 	 9.418208e+06 	
6.12112112e+06 	 2.637097e-06 	 9.417269e+06 	
6.12162162e+06 	 2.636173e-06 	 9.416331e+06 	
6.12212212e+06 	 2.635249e-06 	 9.415392e+06 	
6.12262262e+06 	 2.634326e-06 	 9.414454e+06 	
6.12312312e+06 	 2.633403e-06 	 9.413516e+06 	
6.12362362e+06 	 2.632480e-06 	 9.412579e+06 	
6.12412412e+06 	 2.631558e-06 	 9.411641e+06 	
6.12462462e+06 	 2.630636e-06 	 9.410704e+06 	
6.12512513e+06 	 2.629714e-06 	 9.409767e+06 	
6.12562563e+06 	 2.628793e-06 	 9.408830e+06 	
6.12612613e+06 	 2.627872e-06 	 9.407893e+06 	
6.12662663e+06 	 2.626952e-06 	 9.406956e+06 	
6.12712713e+06 	 2.626032e-06 	 9.406020e+06 	
6.12762763e+06 	 2.625112e-06 	 9.405083e+06 	
6.12812813e+06 	 2.624192e-06 	 9.404147e+06 	
6.12862863e+06 	 2.623273e-06 	 9.403211e+06 	
6.12912913e+06 	 2.622355e-06 	 9.402276e+06 	
6.12962963e+06 	 2.621436e-06 	 9.401340e+06 	
6.13013013e+06 	 2.620518e-06 	 9.400405e+06 	
6.13063063e+06 	 2.619601e-06 	 9.399469e+06 	
6.13113113e+06 	 2.618684e-06 	 9.398534e+06 	
6.13163163e+06 	 2.617767e-06 	 9.397599e+06 	
6.13213213e+06 	 2.616850e-06 	 9.396665e+06 	
6.13263263e+06 	 2.615934e-06 	 9.395730e+06 	
6.13313313e+06 	 2.615018e-06 	 9.394796e+06 	
6.13363363e+06 	 2.614103e-06 	 9.393861e+06 	
6.13413413e+06 	 2.613188e-06 	 9.392927e+06 	
6.13463463e+06 	 2.612273e-06 	 9.391994e+06 	
6.13513514e+06 	 2.611358e-06 	 9.391060e+06 	
6.13563564e+06 	 2.610444e-06 	 9.390126e+06 	
6.13613614e+06 	 2.609531e-06 	 9.389193e+06 	
6.13663664e+06 	 2.608617e-06 	 9.388260e+06 	
6.13713714e+06 	 2.607704e-06 	 9.387327e+06 	
6.13763764e+06 	 2.606792e-06 	 9.386394e+06 	
6.13813814e+06 	 2.605880e-06 	 9.385462e+06 	
6.13863864e+06 	 2.604968e-06 	 9.384529e+06 	
6.13913914e+06 	 2.604056e-06 	 9.383597e+06 	
6.13963964e+06 	 2.603145e-06 	 9.382665e+06 	
6.14014014e+06 	 2.602234e-06 	 9.381733e+06 	
6.14064064e+06 	 2.601324e-06 	 9.380801e+06 	
6.14114114e+06 	 2.600414e-06 	 9.379869e+06 	
6.14164164e+06 	 2.599504e-06 	 9.378938e+06 	
6.14214214e+06 	 2.598594e-06 	 9.378007e+06 	
6.14264264e+06 	 2.597685e-06 	 9.377076e+06 	
6.14314314e+06 	 2.596777e-06 	 9.376145e+06 	
6.14364364e+06 	 2.595868e-06 	 9.375214e+06 	
6.14414414e+06 	 2.594960e-06 	 9.374284e+06 	
6.14464464e+06 	 2.594053e-06 	 9.373353e+06 	
6.14514515e+06 	 2.593145e-06 	 9.372423e+06 	
6.14564565e+06 	 2.592239e-06 	 9.371493e+06 	
6.14614615e+06 	 2.591332e-06 	 9.370563e+06 	
6.14664665e+06 	 2.590426e-06 	 9.369633e+06 	
6.14714715e+06 	 2.589520e-06 	 9.368704e+06 	
6.14764765e+06 	 2.588614e-06 	 9.367775e+06 	
6.14814815e+06 	 2.587709e-06 	 9.366846e+06 	
6.14864865e+06 	 2.586804e-06 	 9.365917e+06 	
6.14914915e+06 	 2.585900e-06 	 9.364988e+06 	
6.14964965e+06 	 2.584996e-06 	 9.364059e+06 	
6.15015015e+06 	 2.584092e-06 	 9.363131e+06 	
6.15065065e+06 	 2.583189e-06 	 9.362202e+06 	
6.15115115e+06 	 2.582286e-06 	 9.361274e+06 	
6.15165165e+06 	 2.581383e-06 	 9.360346e+06 	
6.15215215e+06 	 2.580480e-06 	 9.359419e+06 	
6.15265265e+06 	 2.579578e-06 	 9.358491e+06 	
6.15315315e+06 	 2.578677e-06 	 9.357564e+06 	
6.15365365e+06 	 2.577776e-06 	 9.356636e+06 	
6.15415415e+06 	 2.576875e-06 	 9.355709e+06 	
6.15465465e+06 	 2.575974e-06 	 9.354782e+06 	
6.15515516e+06 	 2.575074e-06 	 9.353856e+06 	
6.15565566e+06 	 2.574174e-06 	 9.352929e+06 	
6.15615616e+06 	 2.573274e-06 	 9.352003e+06 	
6.15665666e+06 	 2.572375e-06 	 9.351077e+06 	
6.15715716e+06 	 2.571476e-06 	 9.350151e+06 	
6.15765766e+06 	 2.570578e-06 	 9.349225e+06 	
6.15815816e+06 	 2.569680e-06 	 9.348299e+06 	
6.15865866e+06 	 2.568782e-06 	 9.347373e+06 	
6.15915916e+06 	 2.567884e-06 	 9.346448e+06 	
6.15965966e+06 	 2.566987e-06 	 9.345523e+06 	
6.16016016e+06 	 2.566091e-06 	 9.344598e+06 	
6.16066066e+06 	 2.565194e-06 	 9.343673e+06 	
6.16116116e+06 	 2.564298e-06 	 9.342749e+06 	
6.16166166e+06 	 2.563402e-06 	 9.341824e+06 	
6.16216216e+06 	 2.562507e-06 	 9.340900e+06 	
6.16266266e+06 	 2.561612e-06 	 9.339976e+06 	
6.16316316e+06 	 2.560717e-06 	 9.339052e+06 	
6.16366366e+06 	 2.559823e-06 	 9.338128e+06 	
6.16416416e+06 	 2.558929e-06 	 9.337204e+06 	
6.16466466e+06 	 2.558035e-06 	 9.336281e+06 	
6.16516517e+06 	 2.557142e-06 	 9.335358e+06 	
6.16566567e+06 	 2.556249e-06 	 9.334434e+06 	
6.16616617e+06 	 2.555357e-06 	 9.333511e+06 	
6.16666667e+06 	 2.554464e-06 	 9.332589e+06 	
6.16716717e+06 	 2.553572e-06 	 9.331666e+06 	
6.16766767e+06 	 2.552681e-06 	 9.330744e+06 	
6.16816817e+06 	 2.551790e-06 	 9.329822e+06 	
6.16866867e+06 	 2.550899e-06 	 9.328899e+06 	
6.16916917e+06 	 2.550008e-06 	 9.327978e+06 	
6.16966967e+06 	 2.549118e-06 	 9.327056e+06 	
6.17017017e+06 	 2.548228e-06 	 9.326134e+06 	
6.17067067e+06 	 2.547339e-06 	 9.325213e+06 	
6.17117117e+06 	 2.546450e-06 	 9.324292e+06 	
6.17167167e+06 	 2.545561e-06 	 9.323371e+06 	
6.17217217e+06 	 2.544673e-06 	 9.322450e+06 	
6.17267267e+06 	 2.543784e-06 	 9.321529e+06 	
6.17317317e+06 	 2.542897e-06 	 9.320609e+06 	
6.17367367e+06 	 2.542009e-06 	 9.319688e+06 	
6.17417417e+06 	 2.541122e-06 	 9.318768e+06 	
6.17467467e+06 	 2.540235e-06 	 9.317848e+06 	
6.17517518e+06 	 2.539349e-06 	 9.316928e+06 	
6.17567568e+06 	 2.538463e-06 	 9.316008e+06 	
6.17617618e+06 	 2.537577e-06 	 9.315089e+06 	
6.17667668e+06 	 2.536692e-06 	 9.314170e+06 	
6.17717718e+06 	 2.535807e-06 	 9.313251e+06 	
6.17767768e+06 	 2.534922e-06 	 9.312332e+06 	
6.17817818e+06 	 2.534038e-06 	 9.311413e+06 	
6.17867868e+06 	 2.533154e-06 	 9.310494e+06 	
6.17917918e+06 	 2.532270e-06 	 9.309576e+06 	
6.17967968e+06 	 2.531387e-06 	 9.308657e+06 	
6.18018018e+06 	 2.530504e-06 	 9.307739e+06 	
6.18068068e+06 	 2.529621e-06 	 9.306821e+06 	
6.18118118e+06 	 2.528739e-06 	 9.305903e+06 	
6.18168168e+06 	 2.527857e-06 	 9.304986e+06 	
6.18218218e+06 	 2.526976e-06 	 9.304068e+06 	
6.18268268e+06 	 2.526094e-06 	 9.303151e+06 	
6.18318318e+06 	 2.525213e-06 	 9.302234e+06 	
6.18368368e+06 	 2.524333e-06 	 9.301317e+06 	
6.18418418e+06 	 2.523453e-06 	 9.300400e+06 	
6.18468468e+06 	 2.522573e-06 	 9.299484e+06 	
6.18518519e+06 	 2.521693e-06 	 9.298567e+06 	
6.18568569e+06 	 2.520814e-06 	 9.297651e+06 	
6.18618619e+06 	 2.519935e-06 	 9.296735e+06 	
6.18668669e+06 	 2.519057e-06 	 9.295819e+06 	
6.18718719e+06 	 2.518178e-06 	 9.294903e+06 	
6.18768769e+06 	 2.517301e-06 	 9.293988e+06 	
6.18818819e+06 	 2.516423e-06 	 9.293072e+06 	
6.18868869e+06 	 2.515546e-06 	 9.292157e+06 	
6.18918919e+06 	 2.514669e-06 	 9.291242e+06 	
6.18968969e+06 	 2.513793e-06 	 9.290327e+06 	
6.19019019e+06 	 2.512916e-06 	 9.289412e+06 	
6.19069069e+06 	 2.512041e-06 	 9.288498e+06 	
6.19119119e+06 	 2.511165e-06 	 9.287583e+06 	
6.19169169e+06 	 2.510290e-06 	 9.286669e+06 	
6.19219219e+06 	 2.509415e-06 	 9.285755e+06 	
6.19269269e+06 	 2.508541e-06 	 9.284841e+06 	
6.19319319e+06 	 2.507667e-06 	 9.283928e+06 	
6.19369369e+06 	 2.506793e-06 	 9.283014e+06 	
6.19419419e+06 	 2.505919e-06 	 9.282101e+06 	
6.19469469e+06 	 2.505046e-06 	 9.281187e+06 	
6.19519520e+06 	 2.504173e-06 	 9.280274e+06 	
6.19569570e+06 	 2.503301e-06 	 9.279361e+06 	
6.19619620e+06 	 2.502429e-06 	 9.278449e+06 	
6.19669670e+06 	 2.501557e-06 	 9.277536e+06 	
6.19719720e+06 	 2.500686e-06 	 9.276624e+06 	
6.19769770e+06 	 2.499815e-06 	 9.275712e+06 	
6.19819820e+06 	 2.498944e-06 	 9.274800e+06 	
6.19869870e+06 	 2.498073e-06 	 9.273888e+06 	
6.19919920e+06 	 2.497203e-06 	 9.272976e+06 	
6.19969970e+06 	 2.496334e-06 	 9.272065e+06 	
6.20020020e+06 	 2.495464e-06 	 9.271153e+06 	
6.20070070e+06 	 2.494595e-06 	 9.270242e+06 	
6.20120120e+06 	 2.493726e-06 	 9.269331e+06 	
6.20170170e+06 	 2.492858e-06 	 9.268420e+06 	
6.20220220e+06 	 2.491990e-06 	 9.267510e+06 	
6.20270270e+06 	 2.491122e-06 	 9.266599e+06 	
6.20320320e+06 	 2.490255e-06 	 9.265689e+06 	
6.20370370e+06 	 2.489388e-06 	 9.264779e+06 	
6.20420420e+06 	 2.488521e-06 	 9.263869e+06 	
6.20470470e+06 	 2.487654e-06 	 9.262959e+06 	
6.20520521e+06 	 2.486788e-06 	 9.262049e+06 	
6.20570571e+06 	 2.485923e-06 	 9.261140e+06 	
6.20620621e+06 	 2.485057e-06 	 9.260230e+06 	
6.20670671e+06 	 2.484192e-06 	 9.259321e+06 	
6.20720721e+06 	 2.483327e-06 	 9.258412e+06 	
6.20770771e+06 	 2.482463e-06 	 9.257503e+06 	
6.20820821e+06 	 2.481599e-06 	 9.256595e+06 	
6.20870871e+06 	 2.480735e-06 	 9.255686e+06 	
6.20920921e+06 	 2.479872e-06 	 9.254778e+06 	
6.20970971e+06 	 2.479009e-06 	 9.253870e+06 	
6.21021021e+06 	 2.478146e-06 	 9.252962e+06 	
6.21071071e+06 	 2.477283e-06 	 9.252054e+06 	
6.21121121e+06 	 2.476421e-06 	 9.251146e+06 	
6.21171171e+06 	 2.475560e-06 	 9.250239e+06 	
6.21221221e+06 	 2.474698e-06 	 9.249332e+06 	
6.21271271e+06 	 2.473837e-06 	 9.248425e+06 	
6.21321321e+06 	 2.472976e-06 	 9.247518e+06 	
6.21371371e+06 	 2.472116e-06 	 9.246611e+06 	
6.21421421e+06 	 2.471256e-06 	 9.245704e+06 	
6.21471471e+06 	 2.470396e-06 	 9.244798e+06 	
6.21521522e+06 	 2.469537e-06 	 9.243891e+06 	
6.21571572e+06 	 2.468678e-06 	 9.242985e+06 	
6.21621622e+06 	 2.467819e-06 	 9.242079e+06 	
6.21671672e+06 	 2.466960e-06 	 9.241174e+06 	
6.21721722e+06 	 2.466102e-06 	 9.240268e+06 	
6.21771772e+06 	 2.465244e-06 	 9.239362e+06 	
6.21821822e+06 	 2.464387e-06 	 9.238457e+06 	
6.21871872e+06 	 2.463530e-06 	 9.237552e+06 	
6.21921922e+06 	 2.462673e-06 	 9.236647e+06 	
6.21971972e+06 	 2.461817e-06 	 9.235742e+06 	
6.22022022e+06 	 2.460960e-06 	 9.234838e+06 	
6.22072072e+06 	 2.460105e-06 	 9.233933e+06 	
6.22122122e+06 	 2.459249e-06 	 9.233029e+06 	
6.22172172e+06 	 2.458394e-06 	 9.232125e+06 	
6.22222222e+06 	 2.457539e-06 	 9.231221e+06 	
6.22272272e+06 	 2.456685e-06 	 9.230317e+06 	
6.22322322e+06 	 2.455831e-06 	 9.229413e+06 	
6.22372372e+06 	 2.454977e-06 	 9.228510e+06 	
6.22422422e+06 	 2.454123e-06 	 9.227607e+06 	
6.22472472e+06 	 2.453270e-06 	 9.226704e+06 	
6.22522523e+06 	 2.452417e-06 	 9.225801e+06 	
6.22572573e+06 	 2.451565e-06 	 9.224898e+06 	
6.22622623e+06 	 2.450712e-06 	 9.223995e+06 	
6.22672673e+06 	 2.449861e-06 	 9.223093e+06 	
6.22722723e+06 	 2.449009e-06 	 9.222190e+06 	
6.22772773e+06 	 2.448158e-06 	 9.221288e+06 	
6.22822823e+06 	 2.447307e-06 	 9.220386e+06 	
6.22872873e+06 	 2.446456e-06 	 9.219485e+06 	
6.22922923e+06 	 2.445606e-06 	 9.218583e+06 	
6.22972973e+06 	 2.444756e-06 	 9.217682e+06 	
6.23023023e+06 	 2.443907e-06 	 9.216780e+06 	
6.23073073e+06 	 2.443057e-06 	 9.215879e+06 	
6.23123123e+06 	 2.442208e-06 	 9.214978e+06 	
6.23173173e+06 	 2.441360e-06 	 9.214077e+06 	
6.23223223e+06 	 2.440512e-06 	 9.213177e+06 	
6.23273273e+06 	 2.439664e-06 	 9.212276e+06 	
6.23323323e+06 	 2.438816e-06 	 9.211376e+06 	
6.23373373e+06 	 2.437969e-06 	 9.210476e+06 	
6.23423423e+06 	 2.437122e-06 	 9.209576e+06 	
6.23473473e+06 	 2.436275e-06 	 9.208676e+06 	
6.23523524e+06 	 2.435429e-06 	 9.207777e+06 	
6.23573574e+06 	 2.434583e-06 	 9.206877e+06 	
6.23623624e+06 	 2.433737e-06 	 9.205978e+06 	
6.23673674e+06 	 2.432892e-06 	 9.205079e+06 	
6.23723724e+06 	 2.432047e-06 	 9.204180e+06 	
6.23773774e+06 	 2.431202e-06 	 9.203281e+06 	
6.23823824e+06 	 2.430357e-06 	 9.202382e+06 	
6.23873874e+06 	 2.429513e-06 	 9.201484e+06 	
6.23923924e+06 	 2.428670e-06 	 9.200585e+06 	
6.23973974e+06 	 2.427826e-06 	 9.199687e+06 	
6.24024024e+06 	 2.426983e-06 	 9.198789e+06 	
6.24074074e+06 	 2.426140e-06 	 9.197892e+06 	
6.24124124e+06 	 2.425298e-06 	 9.196994e+06 	
6.24174174e+06 	 2.424456e-06 	 9.196096e+06 	
6.24224224e+06 	 2.423614e-06 	 9.195199e+06 	
6.24274274e+06 	 2.422772e-06 	 9.194302e+06 	
6.24324324e+06 	 2.421931e-06 	 9.193405e+06 	
6.24374374e+06 	 2.421090e-06 	 9.192508e+06 	
6.24424424e+06 	 2.420250e-06 	 9.191611e+06 	
6.24474474e+06 	 2.419410e-06 	 9.190715e+06 	
6.24524525e+06 	 2.418570e-06 	 9.189819e+06 	
6.24574575e+06 	 2.417730e-06 	 9.188923e+06 	
6.24624625e+06 	 2.416891e-06 	 9.188027e+06 	
6.24674675e+06 	 2.416052e-06 	 9.187131e+06 	
6.24724725e+06 	 2.415213e-06 	 9.186235e+06 	
6.24774775e+06 	 2.414375e-06 	 9.185340e+06 	
6.24824825e+06 	 2.413537e-06 	 9.184444e+06 	
6.24874875e+06 	 2.412700e-06 	 9.183549e+06 	
6.24924925e+06 	 2.411862e-06 	 9.182654e+06 	
6.24974975e+06 	 2.411025e-06 	 9.181759e+06 	
6.25025025e+06 	 2.410189e-06 	 9.180864e+06 	
6.25075075e+06 	 2.409352e-06 	 9.179970e+06 	
6.25125125e+06 	 2.408516e-06 	 9.179076e+06 	
6.25175175e+06 	 2.407680e-06 	 9.178181e+06 	
6.25225225e+06 	 2.406845e-06 	 9.177287e+06 	
6.25275275e+06 	 2.406010e-06 	 9.176394e+06 	
6.25325325e+06 	 2.405175e-06 	 9.175500e+06 	
6.25375375e+06 	 2.404341e-06 	 9.174606e+06 	
6.25425425e+06 	 2.403507e-06 	 9.173713e+06 	
6.25475475e+06 	 2.402673e-06 	 9.172820e+06 	
6.25525526e+06 	 2.401839e-06 	 9.171927e+06 	
6.25575576e+06 	 2.401006e-06 	 9.171034e+06 	
6.25625626e+06 	 2.400173e-06 	 9.170141e+06 	
6.25675676e+06 	 2.399341e-06 	 9.169249e+06 	
6.25725726e+06 	 2.398508e-06 	 9.168356e+06 	
6.25775776e+06 	 2.397677e-06 	 9.167464e+06 	
6.25825826e+06 	 2.396845e-06 	 9.166572e+06 	
6.25875876e+06 	 2.396014e-06 	 9.165680e+06 	
6.25925926e+06 	 2.395183e-06 	 9.164788e+06 	
6.25975976e+06 	 2.394352e-06 	 9.163897e+06 	
6.26026026e+06 	 2.393522e-06 	 9.163005e+06 	
6.26076076e+06 	 2.392692e-06 	 9.162114e+06 	
6.26126126e+06 	 2.391862e-06 	 9.161223e+06 	
6.26176176e+06 	 2.391033e-06 	 9.160332e+06 	
6.26226226e+06 	 2.390204e-06 	 9.159442e+06 	
6.26276276e+06 	 2.389375e-06 	 9.158551e+06 	
6.26326326e+06 	 2.388547e-06 	 9.157661e+06 	
6.26376376e+06 	 2.387718e-06 	 9.156770e+06 	
6.26426426e+06 	 2.386891e-06 	 9.155880e+06 	
6.26476476e+06 	 2.386063e-06 	 9.154990e+06 	
6.26526527e+06 	 2.385236e-06 	 9.154100e+06 	
6.26576577e+06 	 2.384409e-06 	 9.153211e+06 	
6.26626627e+06 	 2.383583e-06 	 9.152321e+06 	
6.26676677e+06 	 2.382756e-06 	 9.151432e+06 	
6.26726727e+06 	 2.381930e-06 	 9.150543e+06 	
6.26776777e+06 	 2.381105e-06 	 9.149654e+06 	
6.26826827e+06 	 2.380280e-06 	 9.148765e+06 	
6.26876877e+06 	 2.379455e-06 	 9.147877e+06 	
6.26926927e+06 	 2.378630e-06 	 9.146988e+06 	
6.26976977e+06 	 2.377806e-06 	 9.146100e+06 	
6.27027027e+06 	 2.376982e-06 	 9.145212e+06 	
6.27077077e+06 	 2.376158e-06 	 9.144324e+06 	
6.27127127e+06 	 2.375335e-06 	 9.143436e+06 	
6.27177177e+06 	 2.374511e-06 	 9.142548e+06 	
6.27227227e+06 	 2.373689e-06 	 9.141661e+06 	
6.27277277e+06 	 2.372866e-06 	 9.140774e+06 	
6.27327327e+06 	 2.372044e-06 	 9.139886e+06 	
6.27377377e+06 	 2.371222e-06 	 9.138999e+06 	
6.27427427e+06 	 2.370401e-06 	 9.138113e+06 	
6.27477477e+06 	 2.369580e-06 	 9.137226e+06 	
6.27527528e+06 	 2.368759e-06 	 9.136339e+06 	
6.27577578e+06 	 2.367938e-06 	 9.135453e+06 	
6.27627628e+06 	 2.367118e-06 	 9.134567e+06 	
6.27677678e+06 	 2.366298e-06 	 9.133681e+06 	
6.27727728e+06 	 2.365478e-06 	 9.132795e+06 	
6.27777778e+06 	 2.364659e-06 	 9.131909e+06 	
6.27827828e+06 	 2.363840e-06 	 9.131024e+06 	
6.27877878e+06 	 2.363021e-06 	 9.130138e+06 	
6.27927928e+06 	 2.362203e-06 	 9.129253e+06 	
6.27977978e+06 	 2.361385e-06 	 9.128368e+06 	
6.28028028e+06 	 2.360567e-06 	 9.127483e+06 	
6.28078078e+06 	 2.359749e-06 	 9.126599e+06 	
6.28128128e+06 	 2.358932e-06 	 9.125714e+06 	
6.28178178e+06 	 2.358115e-06 	 9.124830e+06 	
6.28228228e+06 	 2.357299e-06 	 9.123945e+06 	
6.28278278e+06 	 2.356483e-06 	 9.123061e+06 	
6.28328328e+06 	 2.355667e-06 	 9.122177e+06 	
6.28378378e+06 	 2.354851e-06 	 9.121294e+06 	
6.28428428e+06 	 2.354036e-06 	 9.120410e+06 	
6.28478478e+06 	 2.353221e-06 	 9.119527e+06 	
6.28528529e+06 	 2.352406e-06 	 9.118643e+06 	
6.28578579e+06 	 2.351592e-06 	 9.117760e+06 	
6.28628629e+06 	 2.350778e-06 	 9.116877e+06 	
6.28678679e+06 	 2.349964e-06 	 9.115994e+06 	
6.28728729e+06 	 2.349150e-06 	 9.115112e+06 	
6.28778779e+06 	 2.348337e-06 	 9.114229e+06 	
6.28828829e+06 	 2.347524e-06 	 9.113347e+06 	
6.28878879e+06 	 2.346712e-06 	 9.112465e+06 	
6.28928929e+06 	 2.345900e-06 	 9.111583e+06 	
6.28978979e+06 	 2.345088e-06 	 9.110701e+06 	
6.29029029e+06 	 2.344276e-06 	 9.109819e+06 	
6.29079079e+06 	 2.343465e-06 	 9.108938e+06 	
6.29129129e+06 	 2.342654e-06 	 9.108057e+06 	
6.29179179e+06 	 2.341843e-06 	 9.107175e+06 	
6.29229229e+06 	 2.341033e-06 	 9.106294e+06 	
6.29279279e+06 	 2.340223e-06 	 9.105414e+06 	
6.29329329e+06 	 2.339413e-06 	 9.104533e+06 	
6.29379379e+06 	 2.338604e-06 	 9.103652e+06 	
6.29429429e+06 	 2.337794e-06 	 9.102772e+06 	
6.29479479e+06 	 2.336986e-06 	 9.101892e+06 	
6.29529530e+06 	 2.336177e-06 	 9.101012e+06 	
6.29579580e+06 	 2.335369e-06 	 9.100132e+06 	
6.29629630e+06 	 2.334561e-06 	 9.099252e+06 	
6.29679680e+06 	 2.333753e-06 	 9.098373e+06 	
6.29729730e+06 	 2.332946e-06 	 9.097493e+06 	
6.29779780e+06 	 2.332139e-06 	 9.096614e+06 	
6.29829830e+06 	 2.331332e-06 	 9.095735e+06 	
6.29879880e+06 	 2.330526e-06 	 9.094856e+06 	
6.29929930e+06 	 2.329720e-06 	 9.093977e+06 	
6.29979980e+06 	 2.328914e-06 	 9.093098e+06 	
6.30030030e+06 	 2.328108e-06 	 9.092220e+06 	
6.30080080e+06 	 2.327303e-06 	 9.091342e+06 	
6.30130130e+06 	 2.326498e-06 	 9.090464e+06 	
6.30180180e+06 	 2.325694e-06 	 9.089586e+06 	
6.30230230e+06 	 2.324890e-06 	 9.088708e+06 	
6.30280280e+06 	 2.324086e-06 	 9.087830e+06 	
6.30330330e+06 	 2.323282e-06 	 9.086953e+06 	
6.30380380e+06 	 2.322479e-06 	 9.086075e+06 	
6.30430430e+06 	 2.321676e-06 	 9.085198e+06 	
6.30480480e+06 	 2.320873e-06 	 9.084321e+06 	
6.30530531e+06 	 2.320070e-06 	 9.083444e+06 	
6.30580581e+06 	 2.319268e-06 	 9.082568e+06 	
6.30630631e+06 	 2.318466e-06 	 9.081691e+06 	
6.30680681e+06 	 2.317665e-06 	 9.080815e+06 	
6.30730731e+06 	 2.316864e-06 	 9.079939e+06 	
6.30780781e+06 	 2.316063e-06 	 9.079063e+06 	
6.30830831e+06 	 2.315262e-06 	 9.078187e+06 	
6.30880881e+06 	 2.314462e-06 	 9.077311e+06 	
6.30930931e+06 	 2.313662e-06 	 9.076435e+06 	
6.30980981e+06 	 2.312862e-06 	 9.075560e+06 	
6.31031031e+06 	 2.312063e-06 	 9.074685e+06 	
6.31081081e+06 	 2.311264e-06 	 9.073810e+06 	
6.31131131e+06 	 2.310465e-06 	 9.072935e+06 	
6.31181181e+06 	 2.309666e-06 	 9.072060e+06 	
6.31231231e+06 	 2.308868e-06 	 9.071185e+06 	
6.31281281e+06 	 2.308070e-06 	 9.070311e+06 	
6.31331331e+06 	 2.307273e-06 	 9.069437e+06 	
6.31381381e+06 	 2.306475e-06 	 9.068562e+06 	
6.31431431e+06 	 2.305678e-06 	 9.067688e+06 	
6.31481481e+06 	 2.304882e-06 	 9.066815e+06 	
6.31531532e+06 	 2.304085e-06 	 9.065941e+06 	
6.31581582e+06 	 2.303289e-06 	 9.065067e+06 	
6.31631632e+06 	 2.302493e-06 	 9.064194e+06 	
6.31681682e+06 	 2.301698e-06 	 9.063321e+06 	
6.31731732e+06 	 2.300903e-06 	 9.062448e+06 	
6.31781782e+06 	 2.300108e-06 	 9.061575e+06 	
6.31831832e+06 	 2.299313e-06 	 9.060702e+06 	
6.31881882e+06 	 2.298519e-06 	 9.059830e+06 	
6.31931932e+06 	 2.297725e-06 	 9.058957e+06 	
6.31981982e+06 	 2.296931e-06 	 9.058085e+06 	
6.32032032e+06 	 2.296138e-06 	 9.057213e+06 	
6.32082082e+06 	 2.295345e-06 	 9.056341e+06 	
6.32132132e+06 	 2.294552e-06 	 9.055469e+06 	
6.32182182e+06 	 2.293759e-06 	 9.054598e+06 	
6.32232232e+06 	 2.292967e-06 	 9.053726e+06 	
6.32282282e+06 	 2.292175e-06 	 9.052855e+06 	
6.32332332e+06 	 2.291384e-06 	 9.051984e+06 	
6.32382382e+06 	 2.290592e-06 	 9.051113e+06 	
6.32432432e+06 	 2.289801e-06 	 9.050242e+06 	
6.32482482e+06 	 2.289011e-06 	 9.049372e+06 	
6.32532533e+06 	 2.288220e-06 	 9.048501e+06 	
6.32582583e+06 	 2.287430e-06 	 9.047631e+06 	
6.32632633e+06 	 2.286640e-06 	 9.046761e+06 	
6.32682683e+06 	 2.285851e-06 	 9.045891e+06 	
6.32732733e+06 	 2.285061e-06 	 9.045021e+06 	
6.32782783e+06 	 2.284273e-06 	 9.044151e+06 	
6.32832833e+06 	 2.283484e-06 	 9.043281e+06 	
6.32882883e+06 	 2.282696e-06 	 9.042412e+06 	
6.32932933e+06 	 2.281908e-06 	 9.041543e+06 	
6.32982983e+06 	 2.281120e-06 	 9.040674e+06 	
6.33033033e+06 	 2.280332e-06 	 9.039805e+06 	
6.33083083e+06 	 2.279545e-06 	 9.038936e+06 	
6.33133133e+06 	 2.278758e-06 	 9.038068e+06 	
6.33183183e+06 	 2.277972e-06 	 9.037199e+06 	
6.33233233e+06 	 2.277186e-06 	 9.036331e+06 	
6.33283283e+06 	 2.276400e-06 	 9.035463e+06 	
6.33333333e+06 	 2.275614e-06 	 9.034595e+06 	
6.33383383e+06 	 2.274829e-06 	 9.033727e+06 	
6.33433433e+06 	 2.274043e-06 	 9.032859e+06 	
6.33483483e+06 	 2.273259e-06 	 9.031992e+06 	
6.33533534e+06 	 2.272474e-06 	 9.031124e+06 	
6.33583584e+06 	 2.271690e-06 	 9.030257e+06 	
6.33633634e+06 	 2.270906e-06 	 9.029390e+06 	
6.33683684e+06 	 2.270123e-06 	 9.028523e+06 	
6.33733734e+06 	 2.269339e-06 	 9.027657e+06 	
6.33783784e+06 	 2.268556e-06 	 9.026790e+06 	
6.33833834e+06 	 2.267773e-06 	 9.025924e+06 	
6.33883884e+06 	 2.266991e-06 	 9.025058e+06 	
6.33933934e+06 	 2.266209e-06 	 9.024191e+06 	
6.33983984e+06 	 2.265427e-06 	 9.023326e+06 	
6.34034034e+06 	 2.264646e-06 	 9.022460e+06 	
6.34084084e+06 	 2.263864e-06 	 9.021594e+06 	
6.34134134e+06 	 2.263083e-06 	 9.020729e+06 	
6.34184184e+06 	 2.262303e-06 	 9.019863e+06 	
6.34234234e+06 	 2.261522e-06 	 9.018998e+06 	
6.34284284e+06 	 2.260742e-06 	 9.018133e+06 	
6.34334334e+06 	 2.259962e-06 	 9.017268e+06 	
6.34384384e+06 	 2.259183e-06 	 9.016404e+06 	
6.34434434e+06 	 2.258404e-06 	 9.015539e+06 	
6.34484484e+06 	 2.257625e-06 	 9.014675e+06 	
6.34534535e+06 	 2.256846e-06 	 9.013811e+06 	
6.34584585e+06 	 2.256068e-06 	 9.012947e+06 	
6.34634635e+06 	 2.255290e-06 	 9.012083e+06 	
6.34684685e+06 	 2.254512e-06 	 9.011219e+06 	
6.34734735e+06 	 2.253735e-06 	 9.010356e+06 	
6.34784785e+06 	 2.252957e-06 	 9.009492e+06 	
6.34834835e+06 	 2.252181e-06 	 9.008629e+06 	
6.34884885e+06 	 2.251404e-06 	 9.007766e+06 	
6.34934935e+06 	 2.250628e-06 	 9.006903e+06 	
6.34984985e+06 	 2.249852e-06 	 9.006040e+06 	
6.35035035e+06 	 2.249076e-06 	 9.005177e+06 	
6.35085085e+06 	 2.248301e-06 	 9.004315e+06 	
6.35135135e+06 	 2.247525e-06 	 9.003453e+06 	
6.35185185e+06 	 2.246751e-06 	 9.002590e+06 	
6.35235235e+06 	 2.245976e-06 	 9.001728e+06 	
6.35285285e+06 	 2.245202e-06 	 9.000867e+06 	
6.35335335e+06 	 2.244428e-06 	 9.000005e+06 	
6.35385385e+06 	 2.243654e-06 	 8.999143e+06 	
6.35435435e+06 	 2.242881e-06 	 8.998282e+06 	
6.35485485e+06 	 2.242108e-06 	 8.997421e+06 	
6.35535536e+06 	 2.241335e-06 	 8.996560e+06 	
6.35585586e+06 	 2.240562e-06 	 8.995699e+06 	
6.35635636e+06 	 2.239790e-06 	 8.994838e+06 	
6.35685686e+06 	 2.239018e-06 	 8.993977e+06 	
6.35735736e+06 	 2.238247e-06 	 8.993117e+06 	
6.35785786e+06 	 2.237475e-06 	 8.992257e+06 	
6.35835836e+06 	 2.236704e-06 	 8.991396e+06 	
6.35885886e+06 	 2.235933e-06 	 8.990536e+06 	
6.35935936e+06 	 2.235163e-06 	 8.989677e+06 	
6.35985986e+06 	 2.234393e-06 	 8.988817e+06 	
6.36036036e+06 	 2.233623e-06 	 8.987957e+06 	
6.36086086e+06 	 2.232853e-06 	 8.987098e+06 	
6.36136136e+06 	 2.232084e-06 	 8.986239e+06 	
6.36186186e+06 	 2.231315e-06 	 8.985380e+06 	
6.36236236e+06 	 2.230546e-06 	 8.984521e+06 	
6.36286286e+06 	 2.229778e-06 	 8.983662e+06 	
6.36336336e+06 	 2.229009e-06 	 8.982804e+06 	
6.36386386e+06 	 2.228241e-06 	 8.981945e+06 	
6.36436436e+06 	 2.227474e-06 	 8.981087e+06 	
6.36486486e+06 	 2.226707e-06 	 8.980229e+06 	
6.36536537e+06 	 2.225940e-06 	 8.979371e+06 	
6.36586587e+06 	 2.225173e-06 	 8.978513e+06 	
6.36636637e+06 	 2.224406e-06 	 8.977655e+06 	
6.36686687e+06 	 2.223640e-06 	 8.976798e+06 	
6.36736737e+06 	 2.222874e-06 	 8.975940e+06 	
6.36786787e+06 	 2.222109e-06 	 8.975083e+06 	
6.36836837e+06 	 2.221343e-06 	 8.974226e+06 	
6.36886887e+06 	 2.220578e-06 	 8.973369e+06 	
6.36936937e+06 	 2.219813e-06 	 8.972513e+06 	
6.36986987e+06 	 2.219049e-06 	 8.971656e+06 	
6.37037037e+06 	 2.218285e-06 	 8.970800e+06 	
6.37087087e+06 	 2.217521e-06 	 8.969943e+06 	
6.37137137e+06 	 2.216757e-06 	 8.969087e+06 	
6.37187187e+06 	 2.215994e-06 	 8.968231e+06 	
6.37237237e+06 	 2.215231e-06 	 8.967375e+06 	
6.37287287e+06 	 2.214468e-06 	 8.966520e+06 	
6.37337337e+06 	 2.213706e-06 	 8.965664e+06 	
6.37387387e+06 	 2.212944e-06 	 8.964809e+06 	
6.37437437e+06 	 2.212182e-06 	 8.963954e+06 	
6.37487487e+06 	 2.211420e-06 	 8.963099e+06 	
6.37537538e+06 	 2.210659e-06 	 8.962244e+06 	
6.37587588e+06 	 2.209898e-06 	 8.961389e+06 	
6.37637638e+06 	 2.209137e-06 	 8.960535e+06 	
6.37687688e+06 	 2.208376e-06 	 8.959680e+06 	
6.37737738e+06 	 2.207616e-06 	 8.958826e+06 	
6.37787788e+06 	 2.206856e-06 	 8.957972e+06 	
6.37837838e+06 	 2.206097e-06 	 8.957118e+06 	
6.37887888e+06 	 2.205337e-06 	 8.956264e+06 	
6.37937938e+06 	 2.204578e-06 	 8.955410e+06 	
6.37987988e+06 	 2.203819e-06 	 8.954557e+06 	
6.38038038e+06 	 2.203061e-06 	 8.953704e+06 	
6.38088088e+06 	 2.202303e-06 	 8.952850e+06 	
6.38138138e+06 	 2.201545e-06 	 8.951997e+06 	
6.38188188e+06 	 2.200787e-06 	 8.951144e+06 	
6.38238238e+06 	 2.200030e-06 	 8.950292e+06 	
6.38288288e+06 	 2.199273e-06 	 8.949439e+06 	
6.38338338e+06 	 2.198516e-06 	 8.948587e+06 	
6.38388388e+06 	 2.197759e-06 	 8.947734e+06 	
6.38438438e+06 	 2.197003e-06 	 8.946882e+06 	
6.38488488e+06 	 2.196247e-06 	 8.946030e+06 	
6.38538539e+06 	 2.195491e-06 	 8.945179e+06 	
6.38588589e+06 	 2.194736e-06 	 8.944327e+06 	
6.38638639e+06 	 2.193981e-06 	 8.943475e+06 	
6.38688689e+06 	 2.193226e-06 	 8.942624e+06 	
6.38738739e+06 	 2.192471e-06 	 8.941773e+06 	
6.38788789e+06 	 2.191717e-06 	 8.940922e+06 	
6.38838839e+06 	 2.190963e-06 	 8.940071e+06 	
6.38888889e+06 	 2.190209e-06 	 8.939220e+06 	
6.38938939e+06 	 2.189456e-06 	 8.938370e+06 	
6.38988989e+06 	 2.188703e-06 	 8.937519e+06 	
6.39039039e+06 	 2.187950e-06 	 8.936669e+06 	
6.39089089e+06 	 2.187197e-06 	 8.935819e+06 	
6.39139139e+06 	 2.186445e-06 	 8.934969e+06 	
6.39189189e+06 	 2.185693e-06 	 8.934119e+06 	
6.39239239e+06 	 2.184941e-06 	 8.933269e+06 	
6.39289289e+06 	 2.184190e-06 	 8.932420e+06 	
6.39339339e+06 	 2.183438e-06 	 8.931571e+06 	
6.39389389e+06 	 2.182688e-06 	 8.930721e+06 	
6.39439439e+06 	 2.181937e-06 	 8.929872e+06 	
6.39489489e+06 	 2.181187e-06 	 8.929023e+06 	
6.39539540e+06 	 2.180436e-06 	 8.928175e+06 	
6.39589590e+06 	 2.179687e-06 	 8.927326e+06 	
6.39639640e+06 	 2.178937e-06 	 8.926478e+06 	
6.39689690e+06 	 2.178188e-06 	 8.925629e+06 	
6.39739740e+06 	 2.177439e-06 	 8.924781e+06 	
6.39789790e+06 	 2.176690e-06 	 8.923933e+06 	
6.39839840e+06 	 2.175942e-06 	 8.923085e+06 	
6.39889890e+06 	 2.175194e-06 	 8.922238e+06 	
6.39939940e+06 	 2.174446e-06 	 8.921390e+06 	
6.39989990e+06 	 2.173698e-06 	 8.920543e+06 	
6.40040040e+06 	 2.172951e-06 	 8.919696e+06 	
6.40090090e+06 	 2.172204e-06 	 8.918848e+06 	
6.40140140e+06 	 2.171457e-06 	 8.918002e+06 	
6.40190190e+06 	 2.170711e-06 	 8.917155e+06 	
6.40240240e+06 	 2.169964e-06 	 8.916308e+06 	
6.40290290e+06 	 2.169219e-06 	 8.915462e+06 	
6.40340340e+06 	 2.168473e-06 	 8.914615e+06 	
6.40390390e+06 	 2.167728e-06 	 8.913769e+06 	
6.40440440e+06 	 2.166982e-06 	 8.912923e+06 	
6.40490490e+06 	 2.166238e-06 	 8.912077e+06 	
6.40540541e+06 	 2.165493e-06 	 8.911232e+06 	
6.40590591e+06 	 2.164749e-06 	 8.910386e+06 	
6.40640641e+06 	 2.164005e-06 	 8.909541e+06 	
6.40690691e+06 	 2.163261e-06 	 8.908695e+06 	
6.40740741e+06 	 2.162518e-06 	 8.907850e+06 	
6.40790791e+06 	 2.161775e-06 	 8.907005e+06 	
6.40840841e+06 	 2.161032e-06 	 8.906161e+06 	
6.40890891e+06 	 2.160289e-06 	 8.905316e+06 	
6.40940941e+06 	 2.159547e-06 	 8.904471e+06 	
6.40990991e+06 	 2.158805e-06 	 8.903627e+06 	
6.41041041e+06 	 2.158063e-06 	 8.902783e+06 	
6.41091091e+06 	 2.157321e-06 	 8.901939e+06 	
6.41141141e+06 	 2.156580e-06 	 8.901095e+06 	
6.41191191e+06 	 2.155839e-06 	 8.900251e+06 	
6.41241241e+06 	 2.155099e-06 	 8.899408e+06 	
6.41291291e+06 	 2.154358e-06 	 8.898564e+06 	
6.41341341e+06 	 2.153618e-06 	 8.897721e+06 	
6.41391391e+06 	 2.152878e-06 	 8.896878e+06 	
6.41441441e+06 	 2.152139e-06 	 8.896035e+06 	
6.41491491e+06 	 2.151399e-06 	 8.895192e+06 	
6.41541542e+06 	 2.150660e-06 	 8.894349e+06 	
6.41591592e+06 	 2.149922e-06 	 8.893507e+06 	
6.41641642e+06 	 2.149183e-06 	 8.892664e+06 	
6.41691692e+06 	 2.148445e-06 	 8.891822e+06 	
6.41741742e+06 	 2.147707e-06 	 8.890980e+06 	
6.41791792e+06 	 2.146969e-06 	 8.890138e+06 	
6.41841842e+06 	 2.146232e-06 	 8.889296e+06 	
6.41891892e+06 	 2.145495e-06 	 8.888455e+06 	
6.41941942e+06 	 2.144758e-06 	 8.887613e+06 	
6.41991992e+06 	 2.144021e-06 	 8.886772e+06 	
6.42042042e+06 	 2.143285e-06 	 8.885931e+06 	
6.42092092e+06 	 2.142549e-06 	 8.885090e+06 	
6.42142142e+06 	 2.141813e-06 	 8.884249e+06 	
6.42192192e+06 	 2.141078e-06 	 8.883408e+06 	
6.42242242e+06 	 2.140342e-06 	 8.882568e+06 	
6.42292292e+06 	 2.139608e-06 	 8.881727e+06 	
6.42342342e+06 	 2.138873e-06 	 8.880887e+06 	
6.42392392e+06 	 2.138138e-06 	 8.880047e+06 	
6.42442442e+06 	 2.137404e-06 	 8.879207e+06 	
6.42492492e+06 	 2.136671e-06 	 8.878367e+06 	
6.42542543e+06 	 2.135937e-06 	 8.877527e+06 	
6.42592593e+06 	 2.135204e-06 	 8.876688e+06 	
6.42642643e+06 	 2.134471e-06 	 8.875849e+06 	
6.42692693e+06 	 2.133738e-06 	 8.875009e+06 	
6.42742743e+06 	 2.133005e-06 	 8.874170e+06 	
6.42792793e+06 	 2.132273e-06 	 8.873331e+06 	
6.42842843e+06 	 2.131541e-06 	 8.872493e+06 	
6.42892893e+06 	 2.130809e-06 	 8.871654e+06 	
6.42942943e+06 	 2.130078e-06 	 8.870815e+06 	
6.42992993e+06 	 2.129347e-06 	 8.869977e+06 	
6.43043043e+06 	 2.128616e-06 	 8.869139e+06 	
6.43093093e+06 	 2.127885e-06 	 8.868301e+06 	
6.43143143e+06 	 2.127155e-06 	 8.867463e+06 	
6.43193193e+06 	 2.126425e-06 	 8.866625e+06 	
6.43243243e+06 	 2.125695e-06 	 8.865788e+06 	
6.43293293e+06 	 2.124966e-06 	 8.864950e+06 	
6.43343343e+06 	 2.124236e-06 	 8.864113e+06 	
6.43393393e+06 	 2.123507e-06 	 8.863276e+06 	
6.43443443e+06 	 2.122779e-06 	 8.862439e+06 	
6.43493493e+06 	 2.122050e-06 	 8.861602e+06 	
6.43543544e+06 	 2.121322e-06 	 8.860766e+06 	
6.43593594e+06 	 2.120594e-06 	 8.859929e+06 	
6.43643644e+06 	 2.119866e-06 	 8.859093e+06 	
6.43693694e+06 	 2.119139e-06 	 8.858256e+06 	
6.43743744e+06 	 2.118412e-06 	 8.857420e+06 	
6.43793794e+06 	 2.117685e-06 	 8.856584e+06 	
6.43843844e+06 	 2.116959e-06 	 8.855749e+06 	
6.43893894e+06 	 2.116232e-06 	 8.854913e+06 	
6.43943944e+06 	 2.115506e-06 	 8.854078e+06 	
6.43993994e+06 	 2.114780e-06 	 8.853242e+06 	
6.44044044e+06 	 2.114055e-06 	 8.852407e+06 	
6.44094094e+06 	 2.113330e-06 	 8.851572e+06 	
6.44144144e+06 	 2.112605e-06 	 8.850737e+06 	
6.44194194e+06 	 2.111880e-06 	 8.849902e+06 	
6.44244244e+06 	 2.111156e-06 	 8.849068e+06 	
6.44294294e+06 	 2.110431e-06 	 8.848233e+06 	
6.44344344e+06 	 2.109707e-06 	 8.847399e+06 	
6.44394394e+06 	 2.108984e-06 	 8.846565e+06 	
6.44444444e+06 	 2.108260e-06 	 8.845731e+06 	
6.44494494e+06 	 2.107537e-06 	 8.844897e+06 	
6.44544545e+06 	 2.106815e-06 	 8.844064e+06 	
6.44594595e+06 	 2.106092e-06 	 8.843230e+06 	
6.44644645e+06 	 2.105370e-06 	 8.842397e+06 	
6.44694695e+06 	 2.104648e-06 	 8.841563e+06 	
6.44744745e+06 	 2.103926e-06 	 8.840730e+06 	
6.44794795e+06 	 2.103204e-06 	 8.839897e+06 	
6.44844845e+06 	 2.102483e-06 	 8.839064e+06 	
6.44894895e+06 	 2.101762e-06 	 8.838232e+06 	
6.44944945e+06 	 2.101041e-06 	 8.837399e+06 	
6.44994995e+06 	 2.100321e-06 	 8.836567e+06 	
6.45045045e+06 	 2.099601e-06 	 8.835735e+06 	
6.45095095e+06 	 2.098881e-06 	 8.834903e+06 	
6.45145145e+06 	 2.098161e-06 	 8.834071e+06 	
6.45195195e+06 	 2.097442e-06 	 8.833239e+06 	
6.45245245e+06 	 2.096723e-06 	 8.832407e+06 	
6.45295295e+06 	 2.096004e-06 	 8.831576e+06 	
6.45345345e+06 	 2.095285e-06 	 8.830745e+06 	
6.45395395e+06 	 2.094567e-06 	 8.829914e+06 	
6.45445445e+06 	 2.093849e-06 	 8.829082e+06 	
6.45495495e+06 	 2.093131e-06 	 8.828252e+06 	
6.45545546e+06 	 2.092413e-06 	 8.827421e+06 	
6.45595596e+06 	 2.091696e-06 	 8.826590e+06 	
6.45645646e+06 	 2.090979e-06 	 8.825760e+06 	
6.45695696e+06 	 2.090262e-06 	 8.824930e+06 	
6.45745746e+06 	 2.089546e-06 	 8.824099e+06 	
6.45795796e+06 	 2.088830e-06 	 8.823270e+06 	
6.45845846e+06 	 2.088114e-06 	 8.822440e+06 	
6.45895896e+06 	 2.087398e-06 	 8.821610e+06 	
6.45945946e+06 	 2.086683e-06 	 8.820780e+06 	
6.45995996e+06 	 2.085967e-06 	 8.819951e+06 	
6.46046046e+06 	 2.085253e-06 	 8.819122e+06 	
6.46096096e+06 	 2.084538e-06 	 8.818293e+06 	
6.46146146e+06 	 2.083824e-06 	 8.817464e+06 	
6.46196196e+06 	 2.083109e-06 	 8.816635e+06 	
6.46246246e+06 	 2.082396e-06 	 8.815806e+06 	
6.46296296e+06 	 2.081682e-06 	 8.814978e+06 	
6.46346346e+06 	 2.080969e-06 	 8.814149e+06 	
6.46396396e+06 	 2.080256e-06 	 8.813321e+06 	
6.46446446e+06 	 2.079543e-06 	 8.812493e+06 	
6.46496496e+06 	 2.078830e-06 	 8.811665e+06 	
6.46546547e+06 	 2.078118e-06 	 8.810837e+06 	
6.46596597e+06 	 2.077406e-06 	 8.810010e+06 	
6.46646647e+06 	 2.076694e-06 	 8.809182e+06 	
6.46696697e+06 	 2.075983e-06 	 8.808355e+06 	
6.46746747e+06 	 2.075271e-06 	 8.807528e+06 	
6.46796797e+06 	 2.074560e-06 	 8.806701e+06 	
6.46846847e+06 	 2.073850e-06 	 8.805874e+06 	
6.46896897e+06 	 2.073139e-06 	 8.805047e+06 	
6.46946947e+06 	 2.072429e-06 	 8.804221e+06 	
6.46996997e+06 	 2.071719e-06 	 8.803394e+06 	
6.47047047e+06 	 2.071009e-06 	 8.802568e+06 	
6.47097097e+06 	 2.070300e-06 	 8.801742e+06 	
6.47147147e+06 	 2.069591e-06 	 8.800916e+06 	
6.47197197e+06 	 2.068882e-06 	 8.800090e+06 	
6.47247247e+06 	 2.068173e-06 	 8.799264e+06 	
6.47297297e+06 	 2.067465e-06 	 8.798439e+06 	
6.47347347e+06 	 2.066757e-06 	 8.797613e+06 	
6.47397397e+06 	 2.066049e-06 	 8.796788e+06 	
6.47447447e+06 	 2.065341e-06 	 8.795963e+06 	
6.47497497e+06 	 2.064634e-06 	 8.795138e+06 	
6.47547548e+06 	 2.063927e-06 	 8.794313e+06 	
6.47597598e+06 	 2.063220e-06 	 8.793488e+06 	
6.47647648e+06 	 2.062513e-06 	 8.792664e+06 	
6.47697698e+06 	 2.061807e-06 	 8.791839e+06 	
6.47747748e+06 	 2.061101e-06 	 8.791015e+06 	
6.47797798e+06 	 2.060395e-06 	 8.790191e+06 	
6.47847848e+06 	 2.059690e-06 	 8.789367e+06 	
6.47897898e+06 	 2.058984e-06 	 8.788543e+06 	
6.47947948e+06 	 2.058279e-06 	 8.787719e+06 	
6.47997998e+06 	 2.057575e-06 	 8.786896e+06 	
6.48048048e+06 	 2.056870e-06 	 8.786073e+06 	
6.48098098e+06 	 2.056166e-06 	 8.785249e+06 	
6.48148148e+06 	 2.055462e-06 	 8.784426e+06 	
6.48198198e+06 	 2.054758e-06 	 8.783603e+06 	
6.48248248e+06 	 2.054055e-06 	 8.782781e+06 	
6.48298298e+06 	 2.053351e-06 	 8.781958e+06 	
6.48348348e+06 	 2.052648e-06 	 8.781135e+06 	
6.48398398e+06 	 2.051946e-06 	 8.780313e+06 	
6.48448448e+06 	 2.051243e-06 	 8.779491e+06 	
6.48498498e+06 	 2.050541e-06 	 8.778669e+06 	
6.48548549e+06 	 2.049839e-06 	 8.777847e+06 	
6.48598599e+06 	 2.049137e-06 	 8.777025e+06 	
6.48648649e+06 	 2.048436e-06 	 8.776203e+06 	
6.48698699e+06 	 2.047735e-06 	 8.775382e+06 	
6.48748749e+06 	 2.047034e-06 	 8.774561e+06 	
6.48798799e+06 	 2.046333e-06 	 8.773739e+06 	
6.48848849e+06 	 2.045633e-06 	 8.772918e+06 	
6.48898899e+06 	 2.044933e-06 	 8.772098e+06 	
6.48948949e+06 	 2.044233e-06 	 8.771277e+06 	
6.48998999e+06 	 2.043533e-06 	 8.770456e+06 	
6.49049049e+06 	 2.042834e-06 	 8.769636e+06 	
6.49099099e+06 	 2.042135e-06 	 8.768815e+06 	
6.49149149e+06 	 2.041436e-06 	 8.767995e+06 	
6.49199199e+06 	 2.040737e-06 	 8.767175e+06 	
6.49249249e+06 	 2.040039e-06 	 8.766355e+06 	
6.49299299e+06 	 2.039341e-06 	 8.765536e+06 	
6.49349349e+06 	 2.038643e-06 	 8.764716e+06 	
6.49399399e+06 	 2.037945e-06 	 8.763897e+06 	
6.49449449e+06 	 2.037248e-06 	 8.763077e+06 	
6.49499499e+06 	 2.036551e-06 	 8.762258e+06 	
6.49549550e+06 	 2.035854e-06 	 8.761439e+06 	
6.49599600e+06 	 2.035157e-06 	 8.760620e+06 	
6.49649650e+06 	 2.034461e-06 	 8.759802e+06 	
6.49699700e+06 	 2.033765e-06 	 8.758983e+06 	
6.49749750e+06 	 2.033069e-06 	 8.758165e+06 	
6.49799800e+06 	 2.032374e-06 	 8.757346e+06 	
6.49849850e+06 	 2.031678e-06 	 8.756528e+06 	
6.49899900e+06 	 2.030983e-06 	 8.755710e+06 	
6.49949950e+06 	 2.030289e-06 	 8.754892e+06 	
6.50000000e+06 	 2.029594e-06 	 8.754075e+06 	
6.53284919e+06 	 1.984557e-06 	 8.700721e+06 	
6.56586439e+06 	 1.940359e-06 	 8.647715e+06 	
6.59904644e+06 	 1.896982e-06 	 8.595055e+06 	
6.63239618e+06 	 1.854411e-06 	 8.542739e+06 	
6.66591446e+06 	 1.812629e-06 	 8.490764e+06 	
6.69960213e+06 	 1.771621e-06 	 8.439128e+06 	
6.73346005e+06 	 1.731370e-06 	 8.387831e+06 	
6.76748909e+06 	 1.691863e-06 	 8.336868e+06 	
6.80169009e+06 	 1.653083e-06 	 8.286239e+06 	
6.83606393e+06 	 1.615017e-06 	 8.235942e+06 	
6.87061150e+06 	 1.577649e-06 	 8.185975e+06 	
6.90533365e+06 	 1.541051e-06 	 8.136316e+06 	
6.94023128e+06 	 1.505053e-06 	 8.086999e+06 	
6.97530528e+06 	 1.469714e-06 	 8.038006e+06 	
7.01055653e+06 	 1.435021e-06 	 7.989335e+06 	
7.04598593e+06 	 1.400889e-06 	 7.941003e+06 	
7.08159437e+06 	 1.367441e-06 	 7.892974e+06 	
7.11738278e+06 	 1.334601e-06 	 7.845262e+06 	
7.15335205e+06 	 1.302356e-06 	 7.797865e+06 	
7.18950310e+06 	 1.270694e-06 	 7.750782e+06 	
7.22583684e+06 	 1.239533e-06 	 7.704032e+06 	
7.26235421e+06 	 1.208994e-06 	 7.657576e+06 	
7.29905612e+06 	 1.179004e-06 	 7.611430e+06 	
7.33594351e+06 	 1.149550e-06 	 7.565592e+06 	
7.37301733e+06 	 1.120561e-06 	 7.520081e+06 	
7.41027850e+06 	 1.092141e-06 	 7.474860e+06 	
7.44772799e+06 	 1.064225e-06 	 7.429944e+06 	
7.48536673e+06 	 1.036802e-06 	 7.385332e+06 	
7.52319568e+06 	 1.009915e-06 	 7.341006e+06 	
7.56121582e+06 	 9.834568e-07 	 7.296997e+06 	
7.59942810e+06 	 9.574630e-07 	 7.253289e+06 	
7.63783349e+06 	 9.319241e-07 	 7.209882e+06 	
7.67643297e+06 	 9.068310e-07 	 7.166774e+06 	
7.71522752e+06 	 8.822249e-07 	 7.123946e+06 	
7.75421813e+06 	 8.580028e-07 	 7.081433e+06 	
7.79340579e+06 	 8.342004e-07 	 7.039217e+06 	
7.83279149e+06 	 8.108091e-07 	 6.997299e+06 	
7.87237623e+06 	 7.878628e-07 	 6.955660e+06 	
7.91216103e+06 	 7.652747e-07 	 6.914333e+06 	
7.95214689e+06 	 7.430740e-07 	 6.873302e+06 	
7.99233482e+06 	 7.212531e-07 	 6.832568e+06 	
8.03272585e+06 	 6.997694e-07 	 6.792148e+06 	
8.07332101e+06 	 6.786812e-07 	 6.752010e+06 	
8.11412132e+06 	 6.579504e-07 	 6.712172e+06 	
8.15512783e+06 	 6.375703e-07 	 6.672632e+06 	
8.19634158e+06 	 6.175340e-07 	 6.633392e+06 	
8.23776360e+06 	 5.978681e-07 	 6.594435e+06 	
8.27939496e+06 	 5.785050e-07 	 6.555795e+06 	
8.32123672e+06 	 5.594680e-07 	 6.517459e+06 	
8.36328993e+06 	 5.407513e-07 	 6.479428e+06 	
8.40555566e+06 	 5.223766e-07 	 6.441688e+06 	
8.44803500e+06 	 5.042886e-07 	 6.404271e+06 	
8.49072901e+06 	 4.865066e-07 	 6.367165e+06 	
8.53363879e+06 	 4.690261e-07 	 6.330374e+06 	
8.57676542e+06 	 4.518434e-07 	 6.293900e+06 	
8.62011001e+06 	 4.349793e-07 	 6.257728e+06 	
8.66367364e+06 	 4.183849e-07 	 6.221896e+06 	
8.70745743e+06 	 4.020793e-07 	 6.186391e+06 	
8.75146249e+06 	 3.860602e-07 	 6.151217e+06 	
8.79568995e+06 	 3.703456e-07 	 6.116364e+06 	
8.84014091e+06 	 3.548975e-07 	 6.081865e+06 	
8.88481652e+06 	 3.397327e-07 	 6.047713e+06 	
8.92971791e+06 	 3.248512e-07 	 6.013913e+06 	
8.97484621e+06 	 3.102537e-07 	 5.980471e+06 	
9.02020258e+06 	 2.959583e-07 	 5.947374e+06 	
9.06578817e+06 	 2.819347e-07 	 5.914664e+06 	
9.11160414e+06 	 2.682005e-07 	 5.882332e+06 	
9.15765165e+06 	 2.547590e-07 	 5.850385e+06 	
9.20393187e+06 	 2.416007e-07 	 5.818850e+06 	
9.25044597e+06 	 2.287552e-07 	 5.787701e+06 	
9.29719515e+06 	 2.162156e-07 	 5.756962e+06 	
9.34418058e+06 	 2.039878e-07 	 5.726642e+06 	
9.39140347e+06 	 1.920884e-07 	 5.696733e+06 	
9.43886500e+06 	 1.805048e-07 	 5.667276e+06 	
9.48656639e+06 	 1.692537e-07 	 5.638266e+06 	
9.53450886e+06 	 1.583428e-07 	 5.609712e+06 	
9.58269361e+06 	 1.477881e-07 	 5.581605e+06 	
9.63112187e+06 	 1.375830e-07 	 5.553989e+06 	
9.67979488e+06 	 1.277430e-07 	 5.526855e+06 	
9.72871386e+06 	 1.182762e-07 	 5.500215e+06 	
9.77788007e+06 	 1.091963e-07 	 5.474057e+06 	
9.82729475e+06 	 1.004998e-07 	 5.448422e+06 	
9.87695916e+06 	 9.219868e-08 	 5.423304e+06 	
9.92687456e+06 	 8.429892e-08 	 5.398707e+06 	
9.97704221e+06 	 7.680102e-08 	 5.374659e+06 	
1.00274634e+07 	 6.971660e-08 	 5.351126e+06 	
1.00781394e+07 	 6.304382e-08 	 5.328130e+06 	
1.01290715e+07 	 5.678595e-08 	 5.305650e+06 	
1.01802610e+07 	 5.093598e-08 	 5.283725e+06 	
1.02317092e+07 	 4.549308e-08 	 5.262337e+06 	
1.02834174e+07 	 4.045384e-08 	 5.241457e+06 	
1.03353870e+07 	 3.580677e-08 	 5.221124e+06 	
1.03876191e+07 	 3.154400e-08 	 5.201312e+06 	
1.04401153e+07 	 2.765543e-08 	 5.181977e+06 	
1.04928767e+07 	 2.412442e-08 	 5.163162e+06 	
1.05459048e+07 	 2.093573e-08 	 5.144864e+06 	
1.05992008e+07 	 1.807442e-08 	 5.127005e+06 	
1.06527662e+07 	 1.551968e-08 	 5.109664e+06 	
1.07066023e+07 	 1.325452e-08 	 5.092709e+06 	
1.07607105e+07 	 1.125760e-08 	 5.076155e+06 	
1.08150922e+07 	 9.507122e-09 	 5.060088e+06 	
1.08697486e+07 	 7.983940e-09 	 5.044306e+06 	
1.09246813e+07 	 6.665590e-09 	 5.029034e+06 	
1.09798916e+07 	 5.533079e-09 	 5.014032e+06 	
1.10353809e+07 	 4.566535e-09 	 4.999245e+06 	
1.10911506e+07 	 3.746651e-09 	 4.984820e+06 	
1.11472022e+07 	 3.056029e-09 	 4.970617e+06 	
1.12035371e+07 	 2.478052e-09 	 4.956700e+06 	
1.12601566e+07 	 1.997658e-09 	 4.942955e+06 	
1.13170623e+07 	 1.600906e-09 	 4.929560e+06 	
1.13742556e+07 	 1.275604e-09 	 4.916073e+06 	
1.14317379e+07 	 1.010486e-09 	 4.902855e+06 	
1.14895107e+07 	 7.958596e-10 	 4.889826e+06 	
1.15475755e+07 	 6.232658e-10 	 4.876805e+06 	
1.16059338e+07 	 4.853220e-10 	 4.864075e+06 	
1.16645869e+07 	 3.758141e-10 	 4.851233e+06 	
1.27738264e+07 	 1.000000e-20 	 4.631354e+06 	
1.39885486e+07 	 1.000000e-20 	 4.422475e+06 	
1.53187843e+07 	 1.000000e-20 	 4.223292e+06 	
1.67755183e+07 	 1.000000e-20 	 4.033319e+06 	
1.83707798e+07 	 1.000000e-20 	 3.852099e+06 	
2.01177421e+07 	 1.000000e-20 	 3.679201e+06 	
2.20308312e+07 	 1.000000e-20 	 3.514220e+06 	
2.41258447e+07 	 1.000000e-20 	 3.356773e+06 	
2.64200828e+07 	 1.000000e-20 	 3.206497e+06 	
2.89324905e+07 	 1.000000e-20 	 3.063052e+06 	
3.16838148e+07 	 1.000000e-20 	 2.926114e+06 	
3.46967751e+07 	 1.000000e-20 	 2.795375e+06 	
3.79962518e+07 	 1.000000e-20 	 2.670546e+06 	
4.16094909e+07 	 1.000000e-20 	 2.551349e+06 	
4.55663297e+07 	 1.000000e-20 	 2.437525e+06 	
4.98994425e+07 	 1.000000e-20 	 2.328823e+06 	
5.46446111e+07 	 1.000000e-20 	 2.225007e+06 	
5.98410196e+07 	 1.000000e-20 	 2.125853e+06 	
6.55315787e+07 	 1.000000e-20 	 2.031148e+06 	
7.17632793e+07 	 1.000000e-20 	 1.940687e+06 	
7.85875812e+07 	 1.000000e-20 	 1.854278e+06 	
8.60608374e+07 	 1.000000e-20 	 1.771735e+06 	
9.42447601e+07 	 1.000000e-20 	 1.692884e+06 	
1.03206930e+08 	 1.000000e-20 	 1.617557e+06 	
1.13021354e+08 	 1.000000e-20 	 1.545595e+06 	
1.23769076e+08 	 1.000000e-20 	 1.476846e+06 	
1.35538850e+08 	 1.000000e-20 	 1.411164e+06 	
1.48427865e+08 	 1.000000e-20 	 1.348412e+06 	
1.62542557e+08 	 1.000000e-20 	 1.288458e+06 	
1.77999480e+08 	 1.000000e-20 	 1.231177e+06 	
1.94926273e+08 	 1.000000e-20 	 1.176447e+06 	
2.13462713e+08 	 1.000000e-20 	 1.124156e+06 	
2.33761868e+08 	 1.000000e-20 	 1.074193e+06 	
2.55991365e+08 	 1.000000e-20 	 1.026454e+06 	
2.80334766e+08 	 1.000000e-20 	 9.808407e+05 	
3.06993095e+08 	 1.000000e-20 	 9.372569e+05 	
3.36186486e+08 	 1.000000e-20 	 8.956123e+05 	
3.68156013e+08 	 1.000000e-20 	 8.558202e+05 	
4.03165669e+08 	 1.000000e-20 	 8.177981e+05 	
4.41504556e+08 	 1.000000e-20 	 7.814668e+05 	
4.83489264e+08 	 1.000000e-20 	 7.467510e+05 	
5.29466492e+08 	 1.000000e-20 	 7.135787e+05 	
5.79815907e+08 	 1.000000e-20 	 6.818811e+05 	
6.34953281e+08 	 1.000000e-20 	 6.515925e+05 	
6.95333923e+08 	 1.000000e-20 	 6.226501e+05 	
7.61456438e+08 	 1.000000e-20 	 5.949940e+05 	
8.33866849e+08 	 1.000000e-20 	 5.685670e+05 	
9.13163101e+08 	 1.000000e-20 	 5.433142e+05 	
1.00000000e+09 	 1.000000e-20 	 5.191836e+05 	
