r (cm)        	 rho (g/cm3) 	 T (K)       		 Linf = 2.076207e+38
1.19993080e+06 	 5.526257e+04 	 1.271947e+09 	
1.20014737e+06 	 4.850383e+04 	 1.230887e+09 	
1.20038149e+06 	 4.199129e+04 	 1.187090e+09 	
1.20061560e+06 	 3.623055e+04 	 1.143928e+09 	
1.20084972e+06 	 3.115131e+04 	 1.101421e+09 	
1.20104250e+06 	 2.743418e+04 	 1.066928e+09 	
1.20123527e+06 	 2.410031e+04 	 1.032906e+09 	
1.20142805e+06 	 2.111746e+04 	 9.993674e+08 	
1.20162082e+06 	 1.845538e+04 	 9.663254e+08 	
1.20181360e+06 	 1.608571e+04 	 9.337931e+08 	
1.20200519e+06 	 1.399409e+04 	 9.019783e+08 	
1.20219678e+06 	 1.214085e+04 	 8.706935e+08 	
1.20238838e+06 	 1.050339e+04 	 8.399521e+08 	
1.20254554e+06 	 9.306555e+03 	 8.151510e+08 	
1.20270269e+06 	 8.229958e+03 	 7.907325e+08 	
1.20285985e+06 	 7.263476e+03 	 7.667040e+08 	
1.20301701e+06 	 6.397631e+03 	 7.430733e+08 	
1.20317417e+06 	 5.623572e+03 	 7.198480e+08 	
1.20333133e+06 	 4.933050e+03 	 6.970357e+08 	
1.20348933e+06 	 4.315319e+03 	 6.745264e+08 	
1.20364732e+06 	 3.767022e+03 	 6.524497e+08 	
1.20380531e+06 	 3.281463e+03 	 6.308132e+08 	
1.20393572e+06 	 2.923538e+03 	 6.132911e+08 	
1.20406613e+06 	 2.600904e+03 	 5.960779e+08 	
1.20419654e+06 	 2.310549e+03 	 5.791775e+08 	
1.20432695e+06 	 2.049667e+03 	 5.625938e+08 	
1.20445736e+06 	 1.815649e+03 	 5.463305e+08 	
1.20458776e+06 	 1.606075e+03 	 5.303910e+08 	
1.20471817e+06 	 1.418701e+03 	 5.147787e+08 	
1.20485319e+06 	 1.245892e+03 	 4.989634e+08 	
1.20498820e+06 	 1.092536e+03 	 4.835054e+08 	
1.20509997e+06 	 9.789054e+02 	 4.709815e+08 	
1.20521174e+06 	 8.762485e+02 	 4.587062e+08 	
1.20532350e+06 	 7.836177e+02 	 4.466809e+08 	
1.20543527e+06 	 7.001346e+02 	 4.349069e+08 	
1.20554704e+06 	 6.249860e+02 	 4.233853e+08 	
1.20565881e+06 	 5.574200e+02 	 4.121172e+08 	
1.20577058e+06 	 4.967429e+02 	 4.011032e+08 	
1.20588234e+06 	 4.423155e+02 	 3.903439e+08 	
1.20599411e+06 	 3.935498e+02 	 3.798397e+08 	
1.20611234e+06 	 3.475291e+02 	 3.690062e+08 	
1.20620998e+06 	 3.134273e+02 	 3.602747e+08 	
1.20630762e+06 	 2.825327e+02 	 3.517379e+08 	
1.20640526e+06 	 2.545661e+02 	 3.433954e+08 	
1.20650289e+06 	 2.292696e+02 	 3.352468e+08 	
1.20660053e+06 	 2.064056e+02 	 3.272916e+08 	
1.20669817e+06 	 1.857553e+02 	 3.195290e+08 	
1.20679581e+06 	 1.671175e+02 	 3.119582e+08 	
1.20689345e+06 	 1.503075e+02 	 3.045782e+08 	
1.20699109e+06 	 1.351559e+02 	 2.973879e+08 	
1.20708873e+06 	 1.215074e+02 	 2.903860e+08 	
1.20718637e+06 	 1.092203e+02 	 2.835710e+08 	
1.20728400e+06 	 9.816464e+01 	 2.769416e+08 	
1.20738164e+06 	 8.822226e+01 	 2.704958e+08 	
1.20747928e+06 	 7.928529e+01 	 2.642320e+08 	
1.20757692e+06 	 7.125556e+01 	 2.581480e+08 	
1.20767456e+06 	 6.404384e+01 	 2.522419e+08 	
1.20777257e+06 	 5.754552e+01 	 2.464896e+08 	
1.20787059e+06 	 5.171553e+01 	 2.409119e+08 	
1.20796860e+06 	 4.648654e+01 	 2.355062e+08 	
1.20806662e+06 	 4.179766e+01 	 2.302698e+08 	
1.20816463e+06 	 3.759384e+01 	 2.252000e+08 	
1.20826265e+06 	 3.382539e+01 	 2.202940e+08 	
1.20836066e+06 	 3.044750e+01 	 2.155487e+08 	
1.20845867e+06 	 2.741981e+01 	 2.109612e+08 	
1.20855669e+06 	 2.470597e+01 	 2.065282e+08 	
1.20865470e+06 	 2.227328e+01 	 2.022465e+08 	
1.20875272e+06 	 2.009239e+01 	 1.981128e+08 	
1.20885073e+06 	 1.813691e+01 	 1.941238e+08 	
1.20894875e+06 	 1.638317e+01 	 1.902759e+08 	
1.20904676e+06 	 1.480997e+01 	 1.865659e+08 	
1.20914477e+06 	 1.339829e+01 	 1.829900e+08 	
1.20924279e+06 	 1.213109e+01 	 1.795448e+08 	
1.20934080e+06 	 1.099314e+01 	 1.762267e+08 	
1.20943882e+06 	 9.970813e+00 	 1.730321e+08 	
1.20953683e+06 	 9.051907e+00 	 1.699574e+08 	
1.20965896e+06 	 8.035268e+00 	 1.662886e+08 	
1.20978108e+06 	 7.143768e+00 	 1.627936e+08 	
1.20990321e+06 	 6.361250e+00 	 1.594654e+08 	
1.21002534e+06 	 5.673680e+00 	 1.562972e+08 	
1.21014747e+06 	 5.068872e+00 	 1.532823e+08 	
1.21026959e+06 	 4.536244e+00 	 1.504141e+08 	
1.21039172e+06 	 4.066609e+00 	 1.476861e+08 	
1.21051385e+06 	 3.651988e+00 	 1.450919e+08 	
1.21063597e+06 	 3.285450e+00 	 1.426255e+08 	
1.21075810e+06 	 2.960977e+00 	 1.402807e+08 	
1.21088023e+06 	 2.673335e+00 	 1.380518e+08 	
1.21100236e+06 	 2.417977e+00 	 1.359331e+08 	
1.21112448e+06 	 2.190943e+00 	 1.339191e+08 	
1.21124661e+06 	 1.988789e+00 	 1.320046e+08 	
1.21136874e+06 	 1.808515e+00 	 1.301844e+08 	
1.21149086e+06 	 1.647504e+00 	 1.284538e+08 	
1.21165017e+06 	 1.462689e+00 	 1.263232e+08 	
1.21180948e+06 	 1.302458e+00 	 1.243273e+08 	
1.21196878e+06 	 1.163169e+00 	 1.224567e+08 	
1.21212809e+06 	 1.041759e+00 	 1.207028e+08 	
1.21228740e+06 	 9.356518e-01 	 1.190575e+08 	
1.21244670e+06 	 8.426706e-01 	 1.175132e+08 	
1.21260601e+06 	 7.609766e-01 	 1.160628e+08 	
1.21276532e+06 	 6.890118e-01 	 1.146996e+08 	
1.21296464e+06 	 6.106711e-01 	 1.131076e+08 	
1.21316397e+06 	 5.433418e-01 	 1.116315e+08 	
1.21336330e+06 	 4.852500e-01 	 1.102614e+08 	
1.21356263e+06 	 4.349368e-01 	 1.089879e+08 	
1.21376195e+06 	 3.911983e-01 	 1.078029e+08 	
1.21396128e+06 	 3.530374e-01 	 1.066986e+08 	
1.21421318e+06 	 3.115147e-01 	 1.054081e+08 	
1.21446508e+06 	 2.762210e-01 	 1.042233e+08 	
1.21471698e+06 	 2.460643e-01 	 1.031333e+08 	
1.21496888e+06 	 2.201672e-01 	 1.021283e+08 	
1.21522077e+06 	 1.978204e-01 	 1.011998e+08 	
1.21547267e+06 	 1.784480e-01 	 1.003402e+08 	
1.21583048e+06 	 1.551394e-01 	 9.922450e+07 	
1.21618829e+06 	 1.358298e-01 	 9.821758e+07 	
1.21654611e+06 	 1.197055e-01 	 9.730529e+07 	
1.21690392e+06 	 1.061401e-01 	 9.647565e+07 	
1.21733088e+06 	 9.263144e-02 	 9.557968e+07 	
1.21775785e+06 	 8.144472e-02 	 9.477230e+07 	
1.21818481e+06 	 7.210042e-02 	 9.404137e+07 	
1.21861178e+06 	 6.423223e-02 	 9.337671e+07 	
1.21923006e+06 	 5.489337e-02 	 9.251461e+07 	
1.21984835e+06 	 4.742905e-02 	 9.175266e+07 	
1.22046664e+06 	 4.138512e-02 	 9.107411e+07 	
1.22129947e+06 	 3.492440e-02 	 9.026883e+07 	
1.22213230e+06 	 2.989116e-02 	 8.956552e+07 	
1.22296513e+06 	 2.590324e-02 	 8.894488e+07 	
1.22416131e+06 	 2.149123e-02 	 8.816911e+07 	
1.22535750e+06 	 1.817787e-02 	 8.750103e+07 	
1.22655368e+06 	 1.563126e-02 	 8.691714e+07 	
1.22792822e+06 	 1.337411e-02 	 8.632801e+07 	
1.22930276e+06 	 1.162824e-02 	 8.580823e+07 	
1.23067730e+06 	 1.025107e-02 	 8.534373e+07 	
1.23276056e+06 	 8.659794e-03 	 8.472232e+07 	
1.23484381e+06 	 7.482391e-03 	 8.417783e+07 	
1.23728114e+06 	 6.456081e-03 	 8.361440e+07 	
1.23971848e+06 	 5.687379e-03 	 8.311149e+07 	
1.24215581e+06 	 5.096421e-03 	 8.265514e+07 	
1.24581598e+06 	 4.435582e-03 	 8.203624e+07 	
1.24886413e+06 	 4.027165e-03 	 8.156723e+07 	
1.25369070e+06 	 3.551728e-03 	 8.088794e+07 	
1.25662972e+06 	 3.333190e-03 	 8.050349e+07 	
1.26255245e+06 	 2.999734e-03 	 7.977843e+07 	
1.26744273e+06 	 2.797905e-03 	 7.921793e+07 	
1.27515900e+06 	 2.563871e-03 	 7.838417e+07 	
1.28141383e+06 	 2.423211e-03 	 7.774229e+07 	
1.29163368e+06 	 2.250311e-03 	 7.674112e+07 	
1.29927352e+06 	 2.150115e-03 	 7.602229e+07 	
1.31422032e+06 	 1.995096e-03 	 7.467135e+07 	
1.31892877e+06 	 1.953571e-03 	 7.425846e+07 	
1.33795819e+06 	 1.807016e-03 	 7.264134e+07 	
1.34896573e+06 	 1.732927e-03 	 7.173962e+07 	
1.37628141e+06 	 1.570281e-03 	 6.959573e+07 	
1.37666667e+06 	 1.568203e-03 	 6.956643e+07 	
1.40000000e+06 	 1.446806e-03 	 6.783265e+07 	
1.43500000e+06 	 1.287483e-03 	 6.538191e+07 	
1.45833333e+06 	 1.193819e-03 	 6.383979e+07 	
1.49333333e+06 	 1.069181e-03 	 6.165223e+07 	
1.51666667e+06 	 9.952972e-04 	 6.027146e+07 	
1.55166667e+06 	 8.963398e-04 	 5.830725e+07 	
1.57500000e+06 	 8.373007e-04 	 5.706409e+07 	
1.61000000e+06 	 7.578325e-04 	 5.529123e+07 	
1.63333333e+06 	 7.102161e-04 	 5.416651e+07 	
1.66833333e+06 	 6.457171e-04 	 5.255875e+07 	
1.69166667e+06 	 6.068704e-04 	 5.153649e+07 	
1.72666667e+06 	 5.540628e-04 	 5.007222e+07 	
1.76166667e+06 	 5.070427e-04 	 4.868521e+07 	
1.78500000e+06 	 4.785006e-04 	 4.780047e+07 	
1.82000000e+06 	 4.394724e-04 	 4.652944e+07 	
1.85500000e+06 	 4.044507e-04 	 4.532129e+07 	
1.89000000e+06 	 3.729428e-04 	 4.417155e+07 	
1.92500000e+06 	 3.445321e-04 	 4.307619e+07 	
1.96000000e+06 	 3.188466e-04 	 4.203147e+07 	
1.99500000e+06 	 2.955761e-04 	 4.103405e+07 	
2.03000000e+06 	 2.744491e-04 	 4.008085e+07 	
2.06500000e+06 	 2.552288e-04 	 3.916905e+07 	
2.10000000e+06 	 2.377081e-04 	 3.829605e+07 	
2.13500000e+06 	 2.217089e-04 	 3.745949e+07 	
2.17000000e+06 	 2.070724e-04 	 3.665718e+07 	
2.20500000e+06 	 1.936586e-04 	 3.588710e+07 	
2.24000000e+06 	 1.813463e-04 	 3.514738e+07 	
2.27500000e+06 	 1.700250e-04 	 3.443630e+07 	
2.31000000e+06 	 1.595989e-04 	 3.375225e+07 	
2.34500000e+06 	 1.499842e-04 	 3.309376e+07 	
2.38000000e+06 	 1.411037e-04 	 3.245944e+07 	
2.41500000e+06 	 1.328912e-04 	 3.184803e+07 	
2.45000000e+06 	 1.252855e-04 	 3.125832e+07 	
2.48500000e+06 	 1.182324e-04 	 3.068921e+07 	
2.52000000e+06 	 1.116837e-04 	 3.013965e+07 	
2.55500000e+06 	 1.055962e-04 	 2.960867e+07 	
2.59000000e+06 	 9.993048e-05 	 2.909537e+07 	
2.62500000e+06 	 9.465207e-05 	 2.859891e+07 	
2.66000000e+06 	 8.972816e-05 	 2.811847e+07 	
2.69500000e+06 	 8.513019e-05 	 2.765331e+07 	
2.73000000e+06 	 8.083240e-05 	 2.720273e+07 	
2.76500000e+06 	 7.681099e-05 	 2.676607e+07 	
2.80000000e+06 	 7.304439e-05 	 2.634271e+07 	
2.83500000e+06 	 6.951359e-05 	 2.593206e+07 	
2.87000000e+06 	 6.620024e-05 	 2.553357e+07 	
2.90500000e+06 	 6.308815e-05 	 2.514671e+07 	
2.94000000e+06 	 6.016295e-05 	 2.477101e+07 	
2.97500000e+06 	 5.741081e-05 	 2.440599e+07 	
3.01000000e+06 	 5.481928e-05 	 2.405120e+07 	
3.04500000e+06 	 5.237698e-05 	 2.370624e+07 	
3.08000000e+06 	 5.007384e-05 	 2.337072e+07 	
3.11500000e+06 	 4.789999e-05 	 2.304426e+07 	
3.15000000e+06 	 4.584664e-05 	 2.272649e+07 	
3.18500000e+06 	 4.390590e-05 	 2.241710e+07 	
3.22000000e+06 	 4.207011e-05 	 2.211575e+07 	
3.25500000e+06 	 4.033242e-05 	 2.182215e+07 	
3.29000000e+06 	 3.868657e-05 	 2.153601e+07 	
3.32500000e+06 	 3.712654e-05 	 2.125705e+07 	
3.36000000e+06 	 3.564707e-05 	 2.098501e+07 	
3.39500000e+06 	 3.424298e-05 	 2.071965e+07 	
3.43000000e+06 	 3.290961e-05 	 2.046071e+07 	
3.46500000e+06 	 3.164273e-05 	 2.020799e+07 	
3.50000000e+06 	 3.043825e-05 	 1.996126e+07 	
3.53500000e+06 	 2.929242e-05 	 1.972031e+07 	
3.57000000e+06 	 2.820184e-05 	 1.948496e+07 	
3.60500000e+06 	 2.716323e-05 	 1.925500e+07 	
3.64000000e+06 	 2.617357e-05 	 1.903027e+07 	
3.67500000e+06 	 2.523010e-05 	 1.881059e+07 	
3.71000000e+06 	 2.433017e-05 	 1.859579e+07 	
3.74500000e+06 	 2.347133e-05 	 1.838572e+07 	
3.78000000e+06 	 2.265131e-05 	 1.818023e+07 	
3.81500000e+06 	 2.186798e-05 	 1.797917e+07 	
3.85000000e+06 	 2.111934e-05 	 1.778240e+07 	
3.88500000e+06 	 2.040352e-05 	 1.758979e+07 	
3.92000000e+06 	 1.971876e-05 	 1.740121e+07 	
3.95500000e+06 	 1.906344e-05 	 1.721654e+07 	
3.99000000e+06 	 1.843599e-05 	 1.703566e+07 	
4.02500000e+06 	 1.783498e-05 	 1.685846e+07 	
4.06000000e+06 	 1.725906e-05 	 1.668484e+07 	
4.09500000e+06 	 1.670694e-05 	 1.651467e+07 	
4.13000000e+06 	 1.617743e-05 	 1.634787e+07 	
4.16500000e+06 	 1.566941e-05 	 1.618434e+07 	
4.20000000e+06 	 1.518180e-05 	 1.602399e+07 	
4.23500000e+06 	 1.471360e-05 	 1.586672e+07 	
4.27000000e+06 	 1.426387e-05 	 1.571245e+07 	
4.30500000e+06 	 1.383173e-05 	 1.556110e+07 	
4.34000000e+06 	 1.341633e-05 	 1.541258e+07 	
4.37500000e+06 	 1.301689e-05 	 1.526682e+07 	
4.41000000e+06 	 1.263265e-05 	 1.512375e+07 	
4.44500000e+06 	 1.226290e-05 	 1.498329e+07 	
4.48000000e+06 	 1.190699e-05 	 1.484537e+07 	
4.51500000e+06 	 1.156427e-05 	 1.470993e+07 	
4.55000000e+06 	 1.123415e-05 	 1.457690e+07 	
4.58500000e+06 	 1.091606e-05 	 1.444622e+07 	
4.62000000e+06 	 1.060947e-05 	 1.431782e+07 	
4.65500000e+06 	 1.031387e-05 	 1.419166e+07 	
4.69000000e+06 	 1.002877e-05 	 1.406767e+07 	
4.72500000e+06 	 9.753726e-06 	 1.394580e+07 	
4.76000000e+06 	 9.488296e-06 	 1.382600e+07 	
4.79500000e+06 	 9.232070e-06 	 1.370822e+07 	
4.83000000e+06 	 8.984657e-06 	 1.359240e+07 	
4.86500000e+06 	 8.745689e-06 	 1.347850e+07 	
4.90000000e+06 	 8.514809e-06 	 1.336647e+07 	
4.93500000e+06 	 8.291682e-06 	 1.325627e+07 	
4.97000000e+06 	 8.075993e-06 	 1.314786e+07 	
5.00500000e+06 	 7.867435e-06 	 1.304119e+07 	
5.04000000e+06 	 7.665718e-06 	 1.293621e+07 	
5.07500000e+06 	 7.470568e-06 	 1.283291e+07 	
5.11000000e+06 	 7.281724e-06 	 1.273122e+07 	
5.14500000e+06 	 7.098935e-06 	 1.263112e+07 	
5.18000000e+06 	 6.921962e-06 	 1.253258e+07 	
5.21500000e+06 	 6.750580e-06 	 1.243554e+07 	
5.25000000e+06 	 6.584571e-06 	 1.234000e+07 	
5.28500000e+06 	 6.423728e-06 	 1.224589e+07 	
5.32000000e+06 	 6.267853e-06 	 1.215321e+07 	
5.35500000e+06 	 6.116759e-06 	 1.206191e+07 	
5.39000000e+06 	 5.970265e-06 	 1.197197e+07 	
5.42500000e+06 	 5.828199e-06 	 1.188336e+07 	
5.46000000e+06 	 5.690398e-06 	 1.179604e+07 	
5.49500000e+06 	 5.556703e-06 	 1.170999e+07 	
5.53000000e+06 	 5.426963e-06 	 1.162519e+07 	
5.56500000e+06 	 5.301035e-06 	 1.154160e+07 	
5.60000000e+06 	 5.178782e-06 	 1.145921e+07 	
5.63500000e+06 	 5.060072e-06 	 1.137798e+07 	
5.67000000e+06 	 4.944777e-06 	 1.129790e+07 	
5.70500000e+06 	 4.832777e-06 	 1.121893e+07 	
5.74000000e+06 	 4.723957e-06 	 1.114107e+07 	
5.77500000e+06 	 4.618205e-06 	 1.106427e+07 	
5.81000000e+06 	 4.515414e-06 	 1.098853e+07 	
5.84500000e+06 	 4.415483e-06 	 1.091383e+07 	
5.88000000e+06 	 4.318314e-06 	 1.084013e+07 	
5.91500000e+06 	 4.223812e-06 	 1.076743e+07 	
5.95000000e+06 	 4.131886e-06 	 1.069570e+07 	
5.98500000e+06 	 4.042452e-06 	 1.062492e+07 	
6.02000000e+06 	 3.955425e-06 	 1.055508e+07 	
6.05500000e+06 	 3.870725e-06 	 1.048615e+07 	
6.09000000e+06 	 3.788277e-06 	 1.041812e+07 	
6.12500000e+06 	 3.708005e-06 	 1.035098e+07 	
6.16000000e+06 	 3.629839e-06 	 1.028470e+07 	
6.19500000e+06 	 3.553711e-06 	 1.021927e+07 	
6.23000000e+06 	 3.479555e-06 	 1.015468e+07 	
6.26500000e+06 	 3.407308e-06 	 1.009090e+07 	
6.30000000e+06 	 3.336910e-06 	 1.002793e+07 	
6.33500000e+06 	 3.268302e-06 	 9.965747e+06 	
6.37000000e+06 	 3.201428e-06 	 9.904337e+06 	
6.40500000e+06 	 3.136234e-06 	 9.843687e+06 	
6.44000000e+06 	 3.072667e-06 	 9.783784e+06 	
6.47500000e+06 	 3.010677e-06 	 9.724614e+06 	
6.51000000e+06 	 2.950216e-06 	 9.666164e+06 	
6.54500000e+06 	 2.891238e-06 	 9.608421e+06 	
6.58000000e+06 	 2.833697e-06 	 9.551374e+06 	
6.61500000e+06 	 2.777550e-06 	 9.495009e+06 	
6.65000000e+06 	 2.722756e-06 	 9.439316e+06 	
6.68500000e+06 	 2.669273e-06 	 9.384281e+06 	
6.72000000e+06 	 2.617063e-06 	 9.329895e+06 	
6.75500000e+06 	 2.566089e-06 	 9.276146e+06 	
6.79000000e+06 	 2.516315e-06 	 9.223023e+06 	
6.82500000e+06 	 2.467704e-06 	 9.170515e+06 	
6.86000000e+06 	 2.420225e-06 	 9.118613e+06 	
6.89500000e+06 	 2.373843e-06 	 9.067306e+06 	
6.93000000e+06 	 2.328528e-06 	 9.016584e+06 	
7.00000000e+06 	 2.240976e-06 	 8.916857e+06 	
7.00050050e+06 	 2.240364e-06 	 8.916152e+06 	
7.00100100e+06 	 2.239753e-06 	 8.915447e+06 	
7.00150150e+06 	 2.239142e-06 	 8.914742e+06 	
7.00200200e+06 	 2.238531e-06 	 8.914038e+06 	
7.00250250e+06 	 2.237920e-06 	 8.913333e+06 	
7.00300300e+06 	 2.237309e-06 	 8.912629e+06 	
7.00350350e+06 	 2.236699e-06 	 8.911925e+06 	
7.00400400e+06 	 2.236089e-06 	 8.911221e+06 	
7.00450450e+06 	 2.235479e-06 	 8.910517e+06 	
7.00500501e+06 	 2.234869e-06 	 8.909813e+06 	
7.00550551e+06 	 2.234259e-06 	 8.909109e+06 	
7.00600601e+06 	 2.233650e-06 	 8.908405e+06 	
7.00650651e+06 	 2.233040e-06 	 8.907702e+06 	
7.00700701e+06 	 2.232431e-06 	 8.906998e+06 	
7.00750751e+06 	 2.231823e-06 	 8.906295e+06 	
7.00800801e+06 	 2.231214e-06 	 8.905592e+06 	
7.00850851e+06 	 2.230606e-06 	 8.904888e+06 	
7.00900901e+06 	 2.229997e-06 	 8.904185e+06 	
7.00950951e+06 	 2.229389e-06 	 8.903483e+06 	
7.01001001e+06 	 2.228781e-06 	 8.902780e+06 	
7.01051051e+06 	 2.228174e-06 	 8.902077e+06 	
7.01101101e+06 	 2.227566e-06 	 8.901375e+06 	
7.01151151e+06 	 2.226959e-06 	 8.900672e+06 	
7.01201201e+06 	 2.226352e-06 	 8.899970e+06 	
7.01251251e+06 	 2.225745e-06 	 8.899268e+06 	
7.01301301e+06 	 2.225139e-06 	 8.898565e+06 	
7.01351351e+06 	 2.224532e-06 	 8.897863e+06 	
7.01401401e+06 	 2.223926e-06 	 8.897162e+06 	
7.01451451e+06 	 2.223320e-06 	 8.896460e+06 	
7.01501502e+06 	 2.222714e-06 	 8.895758e+06 	
7.01551552e+06 	 2.222108e-06 	 8.895057e+06 	
7.01601602e+06 	 2.221503e-06 	 8.894355e+06 	
7.01651652e+06 	 2.220897e-06 	 8.893654e+06 	
7.01701702e+06 	 2.220292e-06 	 8.892953e+06 	
7.01751752e+06 	 2.219688e-06 	 8.892252e+06 	
7.01801802e+06 	 2.219083e-06 	 8.891551e+06 	
7.01851852e+06 	 2.218478e-06 	 8.890850e+06 	
7.01901902e+06 	 2.217874e-06 	 8.890149e+06 	
7.01951952e+06 	 2.217270e-06 	 8.889448e+06 	
7.02002002e+06 	 2.216666e-06 	 8.888748e+06 	
7.02052052e+06 	 2.216062e-06 	 8.888047e+06 	
7.02102102e+06 	 2.215459e-06 	 8.887347e+06 	
7.02152152e+06 	 2.214856e-06 	 8.886647e+06 	
7.02202202e+06 	 2.214253e-06 	 8.885947e+06 	
7.02252252e+06 	 2.213650e-06 	 8.885247e+06 	
7.02302302e+06 	 2.213047e-06 	 8.884547e+06 	
7.02352352e+06 	 2.212444e-06 	 8.883847e+06 	
7.02402402e+06 	 2.211842e-06 	 8.883148e+06 	
7.02452452e+06 	 2.211240e-06 	 8.882448e+06 	
7.02502503e+06 	 2.210638e-06 	 8.881749e+06 	
7.02552553e+06 	 2.210036e-06 	 8.881050e+06 	
7.02602603e+06 	 2.209435e-06 	 8.880350e+06 	
7.02652653e+06 	 2.208833e-06 	 8.879651e+06 	
7.02702703e+06 	 2.208232e-06 	 8.878952e+06 	
7.02752753e+06 	 2.207631e-06 	 8.878254e+06 	
7.02802803e+06 	 2.207031e-06 	 8.877555e+06 	
7.02852853e+06 	 2.206430e-06 	 8.876856e+06 	
7.02902903e+06 	 2.205830e-06 	 8.876158e+06 	
7.02952953e+06 	 2.205230e-06 	 8.875459e+06 	
7.03003003e+06 	 2.204630e-06 	 8.874761e+06 	
7.03053053e+06 	 2.204030e-06 	 8.874063e+06 	
7.03103103e+06 	 2.203430e-06 	 8.873365e+06 	
7.03153153e+06 	 2.202831e-06 	 8.872667e+06 	
7.03203203e+06 	 2.202232e-06 	 8.871969e+06 	
7.03253253e+06 	 2.201633e-06 	 8.871272e+06 	
7.03303303e+06 	 2.201034e-06 	 8.870574e+06 	
7.03353353e+06 	 2.200435e-06 	 8.869876e+06 	
7.03403403e+06 	 2.199837e-06 	 8.869179e+06 	
7.03453453e+06 	 2.199239e-06 	 8.868482e+06 	
7.03503504e+06 	 2.198641e-06 	 8.867785e+06 	
7.03553554e+06 	 2.198043e-06 	 8.867088e+06 	
7.03603604e+06 	 2.197445e-06 	 8.866391e+06 	
7.03653654e+06 	 2.196848e-06 	 8.865694e+06 	
7.03703704e+06 	 2.196250e-06 	 8.864997e+06 	
7.03753754e+06 	 2.195653e-06 	 8.864301e+06 	
7.03803804e+06 	 2.195057e-06 	 8.863604e+06 	
7.03853854e+06 	 2.194460e-06 	 8.862908e+06 	
7.03903904e+06 	 2.193863e-06 	 8.862212e+06 	
7.03953954e+06 	 2.193267e-06 	 8.861515e+06 	
7.04004004e+06 	 2.192671e-06 	 8.860819e+06 	
7.04054054e+06 	 2.192075e-06 	 8.860123e+06 	
7.04104104e+06 	 2.191480e-06 	 8.859428e+06 	
7.04154154e+06 	 2.190884e-06 	 8.858732e+06 	
7.04204204e+06 	 2.190289e-06 	 8.858036e+06 	
7.04254254e+06 	 2.189694e-06 	 8.857341e+06 	
7.04304304e+06 	 2.189099e-06 	 8.856646e+06 	
7.04354354e+06 	 2.188504e-06 	 8.855950e+06 	
7.04404404e+06 	 2.187909e-06 	 8.855255e+06 	
7.04454454e+06 	 2.187315e-06 	 8.854560e+06 	
7.04504505e+06 	 2.186721e-06 	 8.853865e+06 	
7.04554555e+06 	 2.186127e-06 	 8.853170e+06 	
7.04604605e+06 	 2.185533e-06 	 8.852476e+06 	
7.04654655e+06 	 2.184940e-06 	 8.851781e+06 	
7.04704705e+06 	 2.184346e-06 	 8.851087e+06 	
7.04754755e+06 	 2.183753e-06 	 8.850392e+06 	
7.04804805e+06 	 2.183160e-06 	 8.849698e+06 	
7.04854855e+06 	 2.182567e-06 	 8.849004e+06 	
7.04904905e+06 	 2.181975e-06 	 8.848310e+06 	
7.04954955e+06 	 2.181382e-06 	 8.847616e+06 	
7.05005005e+06 	 2.180790e-06 	 8.846922e+06 	
7.05055055e+06 	 2.180198e-06 	 8.846229e+06 	
7.05105105e+06 	 2.179606e-06 	 8.845535e+06 	
7.05155155e+06 	 2.179015e-06 	 8.844841e+06 	
7.05205205e+06 	 2.178423e-06 	 8.844148e+06 	
7.05255255e+06 	 2.177832e-06 	 8.843455e+06 	
7.05305305e+06 	 2.177241e-06 	 8.842762e+06 	
7.05355355e+06 	 2.176650e-06 	 8.842069e+06 	
7.05405405e+06 	 2.176059e-06 	 8.841376e+06 	
7.05455455e+06 	 2.175469e-06 	 8.840683e+06 	
7.05505506e+06 	 2.174878e-06 	 8.839990e+06 	
7.05555556e+06 	 2.174288e-06 	 8.839298e+06 	
7.05605606e+06 	 2.173698e-06 	 8.838605e+06 	
7.05655656e+06 	 2.173109e-06 	 8.837913e+06 	
7.05705706e+06 	 2.172519e-06 	 8.837221e+06 	
7.05755756e+06 	 2.171930e-06 	 8.836529e+06 	
7.05805806e+06 	 2.171341e-06 	 8.835837e+06 	
7.05855856e+06 	 2.170752e-06 	 8.835145e+06 	
7.05905906e+06 	 2.170163e-06 	 8.834453e+06 	
7.05955956e+06 	 2.169574e-06 	 8.833761e+06 	
7.06006006e+06 	 2.168986e-06 	 8.833070e+06 	
7.06056056e+06 	 2.168398e-06 	 8.832378e+06 	
7.06106106e+06 	 2.167810e-06 	 8.831687e+06 	
7.06156156e+06 	 2.167222e-06 	 8.830996e+06 	
7.06206206e+06 	 2.166634e-06 	 8.830304e+06 	
7.06256256e+06 	 2.166047e-06 	 8.829613e+06 	
7.06306306e+06 	 2.165460e-06 	 8.828922e+06 	
7.06356356e+06 	 2.164873e-06 	 8.828232e+06 	
7.06406406e+06 	 2.164286e-06 	 8.827541e+06 	
7.06456456e+06 	 2.163699e-06 	 8.826850e+06 	
7.06506507e+06 	 2.163113e-06 	 8.826160e+06 	
7.06556557e+06 	 2.162526e-06 	 8.825470e+06 	
7.06606607e+06 	 2.161940e-06 	 8.824779e+06 	
7.06656657e+06 	 2.161354e-06 	 8.824089e+06 	
7.06706707e+06 	 2.160768e-06 	 8.823399e+06 	
7.06756757e+06 	 2.160183e-06 	 8.822709e+06 	
7.06806807e+06 	 2.159598e-06 	 8.822019e+06 	
7.06856857e+06 	 2.159012e-06 	 8.821330e+06 	
7.06906907e+06 	 2.158427e-06 	 8.820640e+06 	
7.06956957e+06 	 2.157843e-06 	 8.819951e+06 	
7.07007007e+06 	 2.157258e-06 	 8.819261e+06 	
7.07057057e+06 	 2.156674e-06 	 8.818572e+06 	
7.07107107e+06 	 2.156089e-06 	 8.817883e+06 	
7.07157157e+06 	 2.155505e-06 	 8.817194e+06 	
7.07207207e+06 	 2.154922e-06 	 8.816505e+06 	
7.07257257e+06 	 2.154338e-06 	 8.815816e+06 	
7.07307307e+06 	 2.153754e-06 	 8.815127e+06 	
7.07357357e+06 	 2.153171e-06 	 8.814439e+06 	
7.07407407e+06 	 2.152588e-06 	 8.813750e+06 	
7.07457457e+06 	 2.152005e-06 	 8.813062e+06 	
7.07507508e+06 	 2.151422e-06 	 8.812374e+06 	
7.07557558e+06 	 2.150840e-06 	 8.811685e+06 	
7.07607608e+06 	 2.150258e-06 	 8.810997e+06 	
7.07657658e+06 	 2.149675e-06 	 8.810309e+06 	
7.07707708e+06 	 2.149094e-06 	 8.809622e+06 	
7.07757758e+06 	 2.148512e-06 	 8.808934e+06 	
7.07807808e+06 	 2.147930e-06 	 8.808246e+06 	
7.07857858e+06 	 2.147349e-06 	 8.807559e+06 	
7.07907908e+06 	 2.146768e-06 	 8.806871e+06 	
7.07957958e+06 	 2.146187e-06 	 8.806184e+06 	
7.08008008e+06 	 2.145606e-06 	 8.805497e+06 	
7.08058058e+06 	 2.145025e-06 	 8.804810e+06 	
7.08108108e+06 	 2.144445e-06 	 8.804123e+06 	
7.08158158e+06 	 2.143864e-06 	 8.803436e+06 	
7.08208208e+06 	 2.143284e-06 	 8.802749e+06 	
7.08258258e+06 	 2.142704e-06 	 8.802063e+06 	
7.08308308e+06 	 2.142125e-06 	 8.801376e+06 	
7.08358358e+06 	 2.141545e-06 	 8.800690e+06 	
7.08408408e+06 	 2.140966e-06 	 8.800004e+06 	
7.08458458e+06 	 2.140387e-06 	 8.799317e+06 	
7.08508509e+06 	 2.139808e-06 	 8.798631e+06 	
7.08558559e+06 	 2.139229e-06 	 8.797945e+06 	
7.08608609e+06 	 2.138650e-06 	 8.797259e+06 	
7.08658659e+06 	 2.138072e-06 	 8.796574e+06 	
7.08708709e+06 	 2.137494e-06 	 8.795888e+06 	
7.08758759e+06 	 2.136916e-06 	 8.795203e+06 	
7.08808809e+06 	 2.136338e-06 	 8.794517e+06 	
7.08858859e+06 	 2.135760e-06 	 8.793832e+06 	
7.08908909e+06 	 2.135183e-06 	 8.793147e+06 	
7.08958959e+06 	 2.134605e-06 	 8.792462e+06 	
7.09009009e+06 	 2.134028e-06 	 8.791777e+06 	
7.09059059e+06 	 2.133451e-06 	 8.791092e+06 	
7.09109109e+06 	 2.132875e-06 	 8.790407e+06 	
7.09159159e+06 	 2.132298e-06 	 8.789722e+06 	
7.09209209e+06 	 2.131722e-06 	 8.789038e+06 	
7.09259259e+06 	 2.131146e-06 	 8.788353e+06 	
7.09309309e+06 	 2.130570e-06 	 8.787669e+06 	
7.09359359e+06 	 2.129994e-06 	 8.786985e+06 	
7.09409409e+06 	 2.129418e-06 	 8.786301e+06 	
7.09459459e+06 	 2.128843e-06 	 8.785617e+06 	
7.09509510e+06 	 2.128268e-06 	 8.784933e+06 	
7.09559560e+06 	 2.127693e-06 	 8.784249e+06 	
7.09609610e+06 	 2.127118e-06 	 8.783565e+06 	
7.09659660e+06 	 2.126543e-06 	 8.782882e+06 	
7.09709710e+06 	 2.125969e-06 	 8.782198e+06 	
7.09759760e+06 	 2.125394e-06 	 8.781515e+06 	
7.09809810e+06 	 2.124820e-06 	 8.780832e+06 	
7.09859860e+06 	 2.124246e-06 	 8.780149e+06 	
7.09909910e+06 	 2.123672e-06 	 8.779466e+06 	
7.09959960e+06 	 2.123099e-06 	 8.778783e+06 	
7.10010010e+06 	 2.122525e-06 	 8.778100e+06 	
7.10060060e+06 	 2.121952e-06 	 8.777417e+06 	
7.10110110e+06 	 2.121379e-06 	 8.776735e+06 	
7.10160160e+06 	 2.120806e-06 	 8.776052e+06 	
7.10210210e+06 	 2.120234e-06 	 8.775370e+06 	
7.10260260e+06 	 2.119661e-06 	 8.774687e+06 	
7.10310310e+06 	 2.119089e-06 	 8.774005e+06 	
7.10360360e+06 	 2.118517e-06 	 8.773323e+06 	
7.10410410e+06 	 2.117945e-06 	 8.772641e+06 	
7.10460460e+06 	 2.117373e-06 	 8.771959e+06 	
7.10510511e+06 	 2.116802e-06 	 8.771278e+06 	
7.10560561e+06 	 2.116230e-06 	 8.770596e+06 	
7.10610611e+06 	 2.115659e-06 	 8.769915e+06 	
7.10660661e+06 	 2.115088e-06 	 8.769233e+06 	
7.10710711e+06 	 2.114517e-06 	 8.768552e+06 	
7.10760761e+06 	 2.113947e-06 	 8.767871e+06 	
7.10810811e+06 	 2.113376e-06 	 8.767190e+06 	
7.10860861e+06 	 2.112806e-06 	 8.766509e+06 	
7.10910911e+06 	 2.112236e-06 	 8.765828e+06 	
7.10960961e+06 	 2.111666e-06 	 8.765147e+06 	
7.11011011e+06 	 2.111096e-06 	 8.764467e+06 	
7.11061061e+06 	 2.110527e-06 	 8.763786e+06 	
7.11111111e+06 	 2.109957e-06 	 8.763106e+06 	
7.11161161e+06 	 2.109388e-06 	 8.762425e+06 	
7.11211211e+06 	 2.108819e-06 	 8.761745e+06 	
7.11261261e+06 	 2.108250e-06 	 8.761065e+06 	
7.11311311e+06 	 2.107682e-06 	 8.760385e+06 	
7.11361361e+06 	 2.107113e-06 	 8.759705e+06 	
7.11411411e+06 	 2.106545e-06 	 8.759025e+06 	
7.11461461e+06 	 2.105977e-06 	 8.758346e+06 	
7.11511512e+06 	 2.105409e-06 	 8.757666e+06 	
7.11561562e+06 	 2.104841e-06 	 8.756987e+06 	
7.11611612e+06 	 2.104274e-06 	 8.756307e+06 	
7.11661662e+06 	 2.103707e-06 	 8.755628e+06 	
7.11711712e+06 	 2.103139e-06 	 8.754949e+06 	
7.11761762e+06 	 2.102572e-06 	 8.754270e+06 	
7.11811812e+06 	 2.102006e-06 	 8.753591e+06 	
7.11861862e+06 	 2.101439e-06 	 8.752912e+06 	
7.11911912e+06 	 2.100873e-06 	 8.752234e+06 	
7.11961962e+06 	 2.100306e-06 	 8.751555e+06 	
7.12012012e+06 	 2.099740e-06 	 8.750877e+06 	
7.12062062e+06 	 2.099174e-06 	 8.750198e+06 	
7.12112112e+06 	 2.098609e-06 	 8.749520e+06 	
7.12162162e+06 	 2.098043e-06 	 8.748842e+06 	
7.12212212e+06 	 2.097478e-06 	 8.748164e+06 	
7.12262262e+06 	 2.096913e-06 	 8.747486e+06 	
7.12312312e+06 	 2.096348e-06 	 8.746808e+06 	
7.12362362e+06 	 2.095783e-06 	 8.746130e+06 	
7.12412412e+06 	 2.095218e-06 	 8.745453e+06 	
7.12462462e+06 	 2.094654e-06 	 8.744775e+06 	
7.12512513e+06 	 2.094090e-06 	 8.744098e+06 	
7.12562563e+06 	 2.093525e-06 	 8.743420e+06 	
7.12612613e+06 	 2.092962e-06 	 8.742743e+06 	
7.12662663e+06 	 2.092398e-06 	 8.742066e+06 	
7.12712713e+06 	 2.091834e-06 	 8.741389e+06 	
7.12762763e+06 	 2.091271e-06 	 8.740712e+06 	
7.12812813e+06 	 2.090708e-06 	 8.740036e+06 	
7.12862863e+06 	 2.090145e-06 	 8.739359e+06 	
7.12912913e+06 	 2.089582e-06 	 8.738682e+06 	
7.12962963e+06 	 2.089019e-06 	 8.738006e+06 	
7.13013013e+06 	 2.088457e-06 	 8.737330e+06 	
7.13063063e+06 	 2.087895e-06 	 8.736653e+06 	
7.13113113e+06 	 2.087333e-06 	 8.735977e+06 	
7.13163163e+06 	 2.086771e-06 	 8.735301e+06 	
7.13213213e+06 	 2.086209e-06 	 8.734625e+06 	
7.13263263e+06 	 2.085647e-06 	 8.733950e+06 	
7.13313313e+06 	 2.085086e-06 	 8.733274e+06 	
7.13363363e+06 	 2.084525e-06 	 8.732598e+06 	
7.13413413e+06 	 2.083964e-06 	 8.731923e+06 	
7.13463463e+06 	 2.083403e-06 	 8.731247e+06 	
7.13513514e+06 	 2.082842e-06 	 8.730572e+06 	
7.13563564e+06 	 2.082282e-06 	 8.729897e+06 	
7.13613614e+06 	 2.081722e-06 	 8.729222e+06 	
7.13663664e+06 	 2.081161e-06 	 8.728547e+06 	
7.13713714e+06 	 2.080602e-06 	 8.727872e+06 	
7.13763764e+06 	 2.080042e-06 	 8.727198e+06 	
7.13813814e+06 	 2.079482e-06 	 8.726523e+06 	
7.13863864e+06 	 2.078923e-06 	 8.725848e+06 	
7.13913914e+06 	 2.078364e-06 	 8.725174e+06 	
7.13963964e+06 	 2.077805e-06 	 8.724500e+06 	
7.14014014e+06 	 2.077246e-06 	 8.723826e+06 	
7.14064064e+06 	 2.076687e-06 	 8.723151e+06 	
7.14114114e+06 	 2.076129e-06 	 8.722477e+06 	
7.14164164e+06 	 2.075570e-06 	 8.721804e+06 	
7.14214214e+06 	 2.075012e-06 	 8.721130e+06 	
7.14264264e+06 	 2.074454e-06 	 8.720456e+06 	
7.14314314e+06 	 2.073896e-06 	 8.719783e+06 	
7.14364364e+06 	 2.073339e-06 	 8.719109e+06 	
7.14414414e+06 	 2.072781e-06 	 8.718436e+06 	
7.14464464e+06 	 2.072224e-06 	 8.717763e+06 	
7.14514515e+06 	 2.071667e-06 	 8.717090e+06 	
7.14564565e+06 	 2.071110e-06 	 8.716417e+06 	
7.14614615e+06 	 2.070553e-06 	 8.715744e+06 	
7.14664665e+06 	 2.069997e-06 	 8.715071e+06 	
7.14714715e+06 	 2.069440e-06 	 8.714398e+06 	
7.14764765e+06 	 2.068884e-06 	 8.713726e+06 	
7.14814815e+06 	 2.068328e-06 	 8.713053e+06 	
7.14864865e+06 	 2.067772e-06 	 8.712381e+06 	
7.14914915e+06 	 2.067217e-06 	 8.711708e+06 	
7.14964965e+06 	 2.066661e-06 	 8.711036e+06 	
7.15015015e+06 	 2.066106e-06 	 8.710364e+06 	
7.15065065e+06 	 2.065551e-06 	 8.709692e+06 	
7.15115115e+06 	 2.064996e-06 	 8.709020e+06 	
7.15165165e+06 	 2.064441e-06 	 8.708349e+06 	
7.15215215e+06 	 2.063887e-06 	 8.707677e+06 	
7.15265265e+06 	 2.063332e-06 	 8.707005e+06 	
7.15315315e+06 	 2.062778e-06 	 8.706334e+06 	
7.15365365e+06 	 2.062224e-06 	 8.705663e+06 	
7.15415415e+06 	 2.061670e-06 	 8.704992e+06 	
7.15465465e+06 	 2.061116e-06 	 8.704320e+06 	
7.15515516e+06 	 2.060563e-06 	 8.703649e+06 	
7.15565566e+06 	 2.060009e-06 	 8.702979e+06 	
7.15615616e+06 	 2.059456e-06 	 8.702308e+06 	
7.15665666e+06 	 2.058903e-06 	 8.701637e+06 	
7.15715716e+06 	 2.058350e-06 	 8.700966e+06 	
7.15765766e+06 	 2.057798e-06 	 8.700296e+06 	
7.15815816e+06 	 2.057245e-06 	 8.699626e+06 	
7.15865866e+06 	 2.056693e-06 	 8.698955e+06 	
7.15915916e+06 	 2.056141e-06 	 8.698285e+06 	
7.15965966e+06 	 2.055589e-06 	 8.697615e+06 	
7.16016016e+06 	 2.055037e-06 	 8.696945e+06 	
7.16066066e+06 	 2.054485e-06 	 8.696275e+06 	
7.16116116e+06 	 2.053934e-06 	 8.695606e+06 	
7.16166166e+06 	 2.053383e-06 	 8.694936e+06 	
7.16216216e+06 	 2.052832e-06 	 8.694267e+06 	
7.16266266e+06 	 2.052281e-06 	 8.693597e+06 	
7.16316316e+06 	 2.051730e-06 	 8.692928e+06 	
7.16366366e+06 	 2.051180e-06 	 8.692259e+06 	
7.16416416e+06 	 2.050629e-06 	 8.691590e+06 	
7.16466466e+06 	 2.050079e-06 	 8.690921e+06 	
7.16516517e+06 	 2.049529e-06 	 8.690252e+06 	
7.16566567e+06 	 2.048979e-06 	 8.689583e+06 	
7.16616617e+06 	 2.048430e-06 	 8.688914e+06 	
7.16666667e+06 	 2.047880e-06 	 8.688246e+06 	
7.16716717e+06 	 2.047331e-06 	 8.687577e+06 	
7.16766767e+06 	 2.046782e-06 	 8.686909e+06 	
7.16816817e+06 	 2.046233e-06 	 8.686241e+06 	
7.16866867e+06 	 2.045684e-06 	 8.685572e+06 	
7.16916917e+06 	 2.045135e-06 	 8.684904e+06 	
7.16966967e+06 	 2.044587e-06 	 8.684236e+06 	
7.17017017e+06 	 2.044039e-06 	 8.683569e+06 	
7.17067067e+06 	 2.043490e-06 	 8.682901e+06 	
7.17117117e+06 	 2.042943e-06 	 8.682233e+06 	
7.17167167e+06 	 2.042395e-06 	 8.681566e+06 	
7.17217217e+06 	 2.041847e-06 	 8.680898e+06 	
7.17267267e+06 	 2.041300e-06 	 8.680231e+06 	
7.17317317e+06 	 2.040753e-06 	 8.679564e+06 	
7.17367367e+06 	 2.040206e-06 	 8.678897e+06 	
7.17417417e+06 	 2.039659e-06 	 8.678230e+06 	
7.17467467e+06 	 2.039112e-06 	 8.677563e+06 	
7.17517518e+06 	 2.038566e-06 	 8.676896e+06 	
7.17567568e+06 	 2.038019e-06 	 8.676229e+06 	
7.17617618e+06 	 2.037473e-06 	 8.675563e+06 	
7.17667668e+06 	 2.036927e-06 	 8.674896e+06 	
7.17717718e+06 	 2.036381e-06 	 8.674230e+06 	
7.17767768e+06 	 2.035835e-06 	 8.673564e+06 	
7.17817818e+06 	 2.035290e-06 	 8.672898e+06 	
7.17867868e+06 	 2.034745e-06 	 8.672232e+06 	
7.17917918e+06 	 2.034200e-06 	 8.671566e+06 	
7.17967968e+06 	 2.033655e-06 	 8.670900e+06 	
7.18018018e+06 	 2.033110e-06 	 8.670234e+06 	
7.18068068e+06 	 2.032565e-06 	 8.669568e+06 	
7.18118118e+06 	 2.032021e-06 	 8.668903e+06 	
7.18168168e+06 	 2.031476e-06 	 8.668238e+06 	
7.18218218e+06 	 2.030932e-06 	 8.667572e+06 	
7.18268268e+06 	 2.030388e-06 	 8.666907e+06 	
7.18318318e+06 	 2.029845e-06 	 8.666242e+06 	
7.18368368e+06 	 2.029301e-06 	 8.665577e+06 	
7.18418418e+06 	 2.028758e-06 	 8.664912e+06 	
7.18468468e+06 	 2.028214e-06 	 8.664247e+06 	
7.18518519e+06 	 2.027671e-06 	 8.663583e+06 	
7.18568569e+06 	 2.027129e-06 	 8.662918e+06 	
7.18618619e+06 	 2.026586e-06 	 8.662253e+06 	
7.18668669e+06 	 2.026043e-06 	 8.661589e+06 	
7.18718719e+06 	 2.025501e-06 	 8.660925e+06 	
7.18768769e+06 	 2.024959e-06 	 8.660261e+06 	
7.18818819e+06 	 2.024417e-06 	 8.659597e+06 	
7.18868869e+06 	 2.023875e-06 	 8.658933e+06 	
7.18918919e+06 	 2.023333e-06 	 8.658269e+06 	
7.18968969e+06 	 2.022792e-06 	 8.657605e+06 	
7.19019019e+06 	 2.022250e-06 	 8.656941e+06 	
7.19069069e+06 	 2.021709e-06 	 8.656278e+06 	
7.19119119e+06 	 2.021168e-06 	 8.655614e+06 	
7.19169169e+06 	 2.020627e-06 	 8.654951e+06 	
7.19219219e+06 	 2.020087e-06 	 8.654288e+06 	
7.19269269e+06 	 2.019546e-06 	 8.653625e+06 	
7.19319319e+06 	 2.019006e-06 	 8.652962e+06 	
7.19369369e+06 	 2.018466e-06 	 8.652299e+06 	
7.19419419e+06 	 2.017926e-06 	 8.651636e+06 	
7.19469469e+06 	 2.017386e-06 	 8.650973e+06 	
7.19519520e+06 	 2.016846e-06 	 8.650311e+06 	
7.19569570e+06 	 2.016307e-06 	 8.649648e+06 	
7.19619620e+06 	 2.015768e-06 	 8.648986e+06 	
7.19669670e+06 	 2.015228e-06 	 8.648324e+06 	
7.19719720e+06 	 2.014689e-06 	 8.647661e+06 	
7.19769770e+06 	 2.014151e-06 	 8.646999e+06 	
7.19819820e+06 	 2.013612e-06 	 8.646337e+06 	
7.19869870e+06 	 2.013074e-06 	 8.645675e+06 	
7.19919920e+06 	 2.012535e-06 	 8.645014e+06 	
7.19969970e+06 	 2.011997e-06 	 8.644352e+06 	
7.20020020e+06 	 2.011459e-06 	 8.643690e+06 	
7.20070070e+06 	 2.010922e-06 	 8.643029e+06 	
7.20120120e+06 	 2.010384e-06 	 8.642368e+06 	
7.20170170e+06 	 2.009847e-06 	 8.641706e+06 	
7.20220220e+06 	 2.009309e-06 	 8.641045e+06 	
7.20270270e+06 	 2.008772e-06 	 8.640384e+06 	
7.20320320e+06 	 2.008235e-06 	 8.639723e+06 	
7.20370370e+06 	 2.007699e-06 	 8.639062e+06 	
7.20420420e+06 	 2.007162e-06 	 8.638402e+06 	
7.20470470e+06 	 2.006626e-06 	 8.637741e+06 	
7.20520521e+06 	 2.006090e-06 	 8.637081e+06 	
7.20570571e+06 	 2.005554e-06 	 8.636420e+06 	
7.20620621e+06 	 2.005018e-06 	 8.635760e+06 	
7.20670671e+06 	 2.004482e-06 	 8.635100e+06 	
7.20720721e+06 	 2.003946e-06 	 8.634440e+06 	
7.20770771e+06 	 2.003411e-06 	 8.633780e+06 	
7.20820821e+06 	 2.002876e-06 	 8.633120e+06 	
7.20870871e+06 	 2.002341e-06 	 8.632460e+06 	
7.20920921e+06 	 2.001806e-06 	 8.631800e+06 	
7.20970971e+06 	 2.001271e-06 	 8.631141e+06 	
7.21021021e+06 	 2.000737e-06 	 8.630481e+06 	
7.21071071e+06 	 2.000202e-06 	 8.629822e+06 	
7.21121121e+06 	 1.999668e-06 	 8.629162e+06 	
7.21171171e+06 	 1.999134e-06 	 8.628503e+06 	
7.21221221e+06 	 1.998600e-06 	 8.627844e+06 	
7.21271271e+06 	 1.998067e-06 	 8.627185e+06 	
7.21321321e+06 	 1.997533e-06 	 8.626526e+06 	
7.21371371e+06 	 1.997000e-06 	 8.625868e+06 	
7.21421421e+06 	 1.996467e-06 	 8.625209e+06 	
7.21471471e+06 	 1.995934e-06 	 8.624550e+06 	
7.21521522e+06 	 1.995401e-06 	 8.623892e+06 	
7.21571572e+06 	 1.994868e-06 	 8.623234e+06 	
7.21621622e+06 	 1.994336e-06 	 8.622575e+06 	
7.21671672e+06 	 1.993803e-06 	 8.621917e+06 	
7.21721722e+06 	 1.993271e-06 	 8.621259e+06 	
7.21771772e+06 	 1.992739e-06 	 8.620601e+06 	
7.21821822e+06 	 1.992207e-06 	 8.619943e+06 	
7.21871872e+06 	 1.991676e-06 	 8.619286e+06 	
7.21921922e+06 	 1.991144e-06 	 8.618628e+06 	
7.21971972e+06 	 1.990613e-06 	 8.617970e+06 	
7.22022022e+06 	 1.990082e-06 	 8.617313e+06 	
7.22072072e+06 	 1.989551e-06 	 8.616656e+06 	
7.22122122e+06 	 1.989020e-06 	 8.615998e+06 	
7.22172172e+06 	 1.988489e-06 	 8.615341e+06 	
7.22222222e+06 	 1.987959e-06 	 8.614684e+06 	
7.22272272e+06 	 1.987428e-06 	 8.614027e+06 	
7.22322322e+06 	 1.986898e-06 	 8.613371e+06 	
7.22372372e+06 	 1.986368e-06 	 8.612714e+06 	
7.22422422e+06 	 1.985838e-06 	 8.612057e+06 	
7.22472472e+06 	 1.985309e-06 	 8.611401e+06 	
7.22522523e+06 	 1.984779e-06 	 8.610744e+06 	
7.22572573e+06 	 1.984250e-06 	 8.610088e+06 	
7.22622623e+06 	 1.983721e-06 	 8.609432e+06 	
7.22672673e+06 	 1.983192e-06 	 8.608776e+06 	
7.22722723e+06 	 1.982663e-06 	 8.608120e+06 	
7.22772773e+06 	 1.982134e-06 	 8.607464e+06 	
7.22822823e+06 	 1.981606e-06 	 8.606808e+06 	
7.22872873e+06 	 1.981078e-06 	 8.606152e+06 	
7.22922923e+06 	 1.980549e-06 	 8.605497e+06 	
7.22972973e+06 	 1.980021e-06 	 8.604841e+06 	
7.23023023e+06 	 1.979494e-06 	 8.604186e+06 	
7.23073073e+06 	 1.978966e-06 	 8.603531e+06 	
7.23123123e+06 	 1.978438e-06 	 8.602876e+06 	
7.23173173e+06 	 1.977911e-06 	 8.602221e+06 	
7.23223223e+06 	 1.977384e-06 	 8.601566e+06 	
7.23273273e+06 	 1.976857e-06 	 8.600911e+06 	
7.23323323e+06 	 1.976330e-06 	 8.600256e+06 	
7.23373373e+06 	 1.975804e-06 	 8.599601e+06 	
7.23423423e+06 	 1.975277e-06 	 8.598947e+06 	
7.23473473e+06 	 1.974751e-06 	 8.598292e+06 	
7.23523524e+06 	 1.974225e-06 	 8.597638e+06 	
7.23573574e+06 	 1.973699e-06 	 8.596984e+06 	
7.23623624e+06 	 1.973173e-06 	 8.596330e+06 	
7.23673674e+06 	 1.972647e-06 	 8.595675e+06 	
7.23723724e+06 	 1.972122e-06 	 8.595022e+06 	
7.23773774e+06 	 1.971596e-06 	 8.594368e+06 	
7.23823824e+06 	 1.971071e-06 	 8.593714e+06 	
7.23873874e+06 	 1.970546e-06 	 8.593060e+06 	
7.23923924e+06 	 1.970021e-06 	 8.592407e+06 	
7.23973974e+06 	 1.969497e-06 	 8.591753e+06 	
7.24024024e+06 	 1.968972e-06 	 8.591100e+06 	
7.24074074e+06 	 1.968448e-06 	 8.590447e+06 	
7.24124124e+06 	 1.967924e-06 	 8.589794e+06 	
7.24174174e+06 	 1.967400e-06 	 8.589141e+06 	
7.24224224e+06 	 1.966876e-06 	 8.588488e+06 	
7.24274274e+06 	 1.966352e-06 	 8.587835e+06 	
7.24324324e+06 	 1.965829e-06 	 8.587182e+06 	
7.24374374e+06 	 1.965305e-06 	 8.586530e+06 	
7.24424424e+06 	 1.964782e-06 	 8.585877e+06 	
7.24474474e+06 	 1.964259e-06 	 8.585225e+06 	
7.24524525e+06 	 1.963736e-06 	 8.584572e+06 	
7.24574575e+06 	 1.963214e-06 	 8.583920e+06 	
7.24624625e+06 	 1.962691e-06 	 8.583268e+06 	
7.24674675e+06 	 1.962169e-06 	 8.582616e+06 	
7.24724725e+06 	 1.961646e-06 	 8.581964e+06 	
7.24774775e+06 	 1.961124e-06 	 8.581312e+06 	
7.24824825e+06 	 1.960603e-06 	 8.580661e+06 	
7.24874875e+06 	 1.960081e-06 	 8.580009e+06 	
7.24924925e+06 	 1.959559e-06 	 8.579357e+06 	
7.24974975e+06 	 1.959038e-06 	 8.578706e+06 	
7.25025025e+06 	 1.958517e-06 	 8.578055e+06 	
7.25075075e+06 	 1.957996e-06 	 8.577404e+06 	
7.25125125e+06 	 1.957475e-06 	 8.576752e+06 	
7.25175175e+06 	 1.956954e-06 	 8.576101e+06 	
7.25225225e+06 	 1.956434e-06 	 8.575451e+06 	
7.25275275e+06 	 1.955913e-06 	 8.574800e+06 	
7.25325325e+06 	 1.955393e-06 	 8.574149e+06 	
7.25375375e+06 	 1.954873e-06 	 8.573499e+06 	
7.25425425e+06 	 1.954353e-06 	 8.572848e+06 	
7.25475475e+06 	 1.953833e-06 	 8.572198e+06 	
7.25525526e+06 	 1.953314e-06 	 8.571547e+06 	
7.25575576e+06 	 1.952794e-06 	 8.570897e+06 	
7.25625626e+06 	 1.952275e-06 	 8.570247e+06 	
7.25675676e+06 	 1.951756e-06 	 8.569597e+06 	
7.25725726e+06 	 1.951237e-06 	 8.568947e+06 	
7.25775776e+06 	 1.950718e-06 	 8.568297e+06 	
7.25825826e+06 	 1.950200e-06 	 8.567648e+06 	
7.25875876e+06 	 1.949681e-06 	 8.566998e+06 	
7.25925926e+06 	 1.949163e-06 	 8.566349e+06 	
7.25975976e+06 	 1.948645e-06 	 8.565699e+06 	
7.26026026e+06 	 1.948127e-06 	 8.565050e+06 	
7.26076076e+06 	 1.947609e-06 	 8.564401e+06 	
7.26126126e+06 	 1.947091e-06 	 8.563752e+06 	
7.26176176e+06 	 1.946574e-06 	 8.563103e+06 	
7.26226226e+06 	 1.946057e-06 	 8.562454e+06 	
7.26276276e+06 	 1.945540e-06 	 8.561805e+06 	
7.26326326e+06 	 1.945023e-06 	 8.561157e+06 	
7.26376376e+06 	 1.944506e-06 	 8.560508e+06 	
7.26426426e+06 	 1.943989e-06 	 8.559860e+06 	
7.26476476e+06 	 1.943473e-06 	 8.559211e+06 	
7.26526527e+06 	 1.942956e-06 	 8.558563e+06 	
7.26576577e+06 	 1.942440e-06 	 8.557915e+06 	
7.26626627e+06 	 1.941924e-06 	 8.557267e+06 	
7.26676677e+06 	 1.941408e-06 	 8.556619e+06 	
7.26726727e+06 	 1.940893e-06 	 8.555971e+06 	
7.26776777e+06 	 1.940377e-06 	 8.555323e+06 	
7.26826827e+06 	 1.939862e-06 	 8.554676e+06 	
7.26876877e+06 	 1.939347e-06 	 8.554028e+06 	
7.26926927e+06 	 1.938832e-06 	 8.553380e+06 	
7.26976977e+06 	 1.938317e-06 	 8.552733e+06 	
7.27027027e+06 	 1.937802e-06 	 8.552086e+06 	
7.27077077e+06 	 1.937287e-06 	 8.551439e+06 	
7.27127127e+06 	 1.936773e-06 	 8.550792e+06 	
7.27177177e+06 	 1.936259e-06 	 8.550145e+06 	
7.27227227e+06 	 1.935745e-06 	 8.549498e+06 	
7.27277277e+06 	 1.935231e-06 	 8.548851e+06 	
7.27327327e+06 	 1.934717e-06 	 8.548204e+06 	
7.27377377e+06 	 1.934204e-06 	 8.547558e+06 	
7.27427427e+06 	 1.933690e-06 	 8.546911e+06 	
7.27477477e+06 	 1.933177e-06 	 8.546265e+06 	
7.27527528e+06 	 1.932664e-06 	 8.545619e+06 	
7.27577578e+06 	 1.932151e-06 	 8.544973e+06 	
7.27627628e+06 	 1.931638e-06 	 8.544327e+06 	
7.27677678e+06 	 1.931125e-06 	 8.543681e+06 	
7.27727728e+06 	 1.930613e-06 	 8.543035e+06 	
7.27777778e+06 	 1.930101e-06 	 8.542389e+06 	
7.27827828e+06 	 1.929589e-06 	 8.541743e+06 	
7.27877878e+06 	 1.929077e-06 	 8.541098e+06 	
7.27927928e+06 	 1.928565e-06 	 8.540452e+06 	
7.27977978e+06 	 1.928053e-06 	 8.539807e+06 	
7.28028028e+06 	 1.927542e-06 	 8.539162e+06 	
7.28078078e+06 	 1.927030e-06 	 8.538517e+06 	
7.28128128e+06 	 1.926519e-06 	 8.537872e+06 	
7.28178178e+06 	 1.926008e-06 	 8.537227e+06 	
7.28228228e+06 	 1.925497e-06 	 8.536582e+06 	
7.28278278e+06 	 1.924986e-06 	 8.535937e+06 	
7.28328328e+06 	 1.924476e-06 	 8.535292e+06 	
7.28378378e+06 	 1.923966e-06 	 8.534648e+06 	
7.28428428e+06 	 1.923455e-06 	 8.534003e+06 	
7.28478478e+06 	 1.922945e-06 	 8.533359e+06 	
7.28528529e+06 	 1.922435e-06 	 8.532715e+06 	
7.28578579e+06 	 1.921926e-06 	 8.532071e+06 	
7.28628629e+06 	 1.921416e-06 	 8.531427e+06 	
7.28678679e+06 	 1.920907e-06 	 8.530783e+06 	
7.28728729e+06 	 1.920397e-06 	 8.530139e+06 	
7.28778779e+06 	 1.919888e-06 	 8.529495e+06 	
7.28828829e+06 	 1.919379e-06 	 8.528851e+06 	
7.28878879e+06 	 1.918871e-06 	 8.528208e+06 	
7.28928929e+06 	 1.918362e-06 	 8.527564e+06 	
7.28978979e+06 	 1.917853e-06 	 8.526921e+06 	
7.29029029e+06 	 1.917345e-06 	 8.526278e+06 	
7.29079079e+06 	 1.916837e-06 	 8.525635e+06 	
7.29129129e+06 	 1.916329e-06 	 8.524992e+06 	
7.29179179e+06 	 1.915821e-06 	 8.524349e+06 	
7.29229229e+06 	 1.915313e-06 	 8.523706e+06 	
7.29279279e+06 	 1.914806e-06 	 8.523063e+06 	
7.29329329e+06 	 1.914299e-06 	 8.522420e+06 	
7.29379379e+06 	 1.913791e-06 	 8.521778e+06 	
7.29429429e+06 	 1.913284e-06 	 8.521135e+06 	
7.29479479e+06 	 1.912777e-06 	 8.520493e+06 	
7.29529530e+06 	 1.912271e-06 	 8.519851e+06 	
7.29579580e+06 	 1.911764e-06 	 8.519209e+06 	
7.29629630e+06 	 1.911258e-06 	 8.518567e+06 	
7.29679680e+06 	 1.910752e-06 	 8.517925e+06 	
7.29729730e+06 	 1.910245e-06 	 8.517283e+06 	
7.29779780e+06 	 1.909739e-06 	 8.516641e+06 	
7.29829830e+06 	 1.909234e-06 	 8.515999e+06 	
7.29879880e+06 	 1.908728e-06 	 8.515358e+06 	
7.29929930e+06 	 1.908223e-06 	 8.514716e+06 	
7.29979980e+06 	 1.907717e-06 	 8.514075e+06 	
7.30030030e+06 	 1.907212e-06 	 8.513434e+06 	
7.30080080e+06 	 1.906707e-06 	 8.512793e+06 	
7.30130130e+06 	 1.906202e-06 	 8.512151e+06 	
7.30180180e+06 	 1.905698e-06 	 8.511511e+06 	
7.30230230e+06 	 1.905193e-06 	 8.510870e+06 	
7.30280280e+06 	 1.904689e-06 	 8.510229e+06 	
7.30330330e+06 	 1.904185e-06 	 8.509588e+06 	
7.30380380e+06 	 1.903681e-06 	 8.508948e+06 	
7.30430430e+06 	 1.903177e-06 	 8.508307e+06 	
7.30480480e+06 	 1.902673e-06 	 8.507667e+06 	
7.30530531e+06 	 1.902169e-06 	 8.507027e+06 	
7.30580581e+06 	 1.901666e-06 	 8.506386e+06 	
7.30630631e+06 	 1.901163e-06 	 8.505746e+06 	
7.30680681e+06 	 1.900660e-06 	 8.505106e+06 	
7.30730731e+06 	 1.900157e-06 	 8.504466e+06 	
7.30780781e+06 	 1.899654e-06 	 8.503827e+06 	
7.30830831e+06 	 1.899151e-06 	 8.503187e+06 	
7.30880881e+06 	 1.898649e-06 	 8.502547e+06 	
7.30930931e+06 	 1.898146e-06 	 8.501908e+06 	
7.30980981e+06 	 1.897644e-06 	 8.501269e+06 	
7.31031031e+06 	 1.897142e-06 	 8.500629e+06 	
7.31081081e+06 	 1.896640e-06 	 8.499990e+06 	
7.31131131e+06 	 1.896139e-06 	 8.499351e+06 	
7.31181181e+06 	 1.895637e-06 	 8.498712e+06 	
7.31231231e+06 	 1.895136e-06 	 8.498073e+06 	
7.31281281e+06 	 1.894635e-06 	 8.497434e+06 	
7.31331331e+06 	 1.894133e-06 	 8.496796e+06 	
7.31381381e+06 	 1.893633e-06 	 8.496157e+06 	
7.31431431e+06 	 1.893132e-06 	 8.495519e+06 	
7.31481481e+06 	 1.892631e-06 	 8.494880e+06 	
7.31531532e+06 	 1.892131e-06 	 8.494242e+06 	
7.31581582e+06 	 1.891630e-06 	 8.493604e+06 	
7.31631632e+06 	 1.891130e-06 	 8.492966e+06 	
7.31681682e+06 	 1.890630e-06 	 8.492328e+06 	
7.31731732e+06 	 1.890130e-06 	 8.491690e+06 	
7.31781782e+06 	 1.889631e-06 	 8.491052e+06 	
7.31831832e+06 	 1.889131e-06 	 8.490414e+06 	
7.31881882e+06 	 1.888632e-06 	 8.489776e+06 	
7.31931932e+06 	 1.888133e-06 	 8.489139e+06 	
7.31981982e+06 	 1.887634e-06 	 8.488502e+06 	
7.32032032e+06 	 1.887135e-06 	 8.487864e+06 	
7.32082082e+06 	 1.886636e-06 	 8.487227e+06 	
7.32132132e+06 	 1.886137e-06 	 8.486590e+06 	
7.32182182e+06 	 1.885639e-06 	 8.485953e+06 	
7.32232232e+06 	 1.885141e-06 	 8.485316e+06 	
7.32282282e+06 	 1.884643e-06 	 8.484679e+06 	
7.32332332e+06 	 1.884145e-06 	 8.484042e+06 	
7.32382382e+06 	 1.883647e-06 	 8.483406e+06 	
7.32432432e+06 	 1.883149e-06 	 8.482769e+06 	
7.32482482e+06 	 1.882652e-06 	 8.482133e+06 	
7.32532533e+06 	 1.882154e-06 	 8.481497e+06 	
7.32582583e+06 	 1.881657e-06 	 8.480860e+06 	
7.32632633e+06 	 1.881160e-06 	 8.480224e+06 	
7.32682683e+06 	 1.880663e-06 	 8.479588e+06 	
7.32732733e+06 	 1.880167e-06 	 8.478952e+06 	
7.32782783e+06 	 1.879670e-06 	 8.478316e+06 	
7.32832833e+06 	 1.879174e-06 	 8.477681e+06 	
7.32882883e+06 	 1.878677e-06 	 8.477045e+06 	
7.32932933e+06 	 1.878181e-06 	 8.476409e+06 	
7.32982983e+06 	 1.877685e-06 	 8.475774e+06 	
7.33033033e+06 	 1.877189e-06 	 8.475139e+06 	
7.33083083e+06 	 1.876694e-06 	 8.474503e+06 	
7.33133133e+06 	 1.876198e-06 	 8.473868e+06 	
7.33183183e+06 	 1.875703e-06 	 8.473233e+06 	
7.33233233e+06 	 1.875208e-06 	 8.472598e+06 	
7.33283283e+06 	 1.874713e-06 	 8.471963e+06 	
7.33333333e+06 	 1.874218e-06 	 8.471329e+06 	
7.33383383e+06 	 1.873723e-06 	 8.470694e+06 	
7.33433433e+06 	 1.873228e-06 	 8.470059e+06 	
7.33483483e+06 	 1.872734e-06 	 8.469425e+06 	
7.33533534e+06 	 1.872240e-06 	 8.468790e+06 	
7.33583584e+06 	 1.871746e-06 	 8.468156e+06 	
7.33633634e+06 	 1.871252e-06 	 8.467522e+06 	
7.33683684e+06 	 1.870758e-06 	 8.466888e+06 	
7.33733734e+06 	 1.870264e-06 	 8.466254e+06 	
7.33783784e+06 	 1.869771e-06 	 8.465620e+06 	
7.33833834e+06 	 1.869277e-06 	 8.464986e+06 	
7.33883884e+06 	 1.868784e-06 	 8.464353e+06 	
7.33933934e+06 	 1.868291e-06 	 8.463719e+06 	
7.33983984e+06 	 1.867798e-06 	 8.463086e+06 	
7.34034034e+06 	 1.867306e-06 	 8.462452e+06 	
7.34084084e+06 	 1.866813e-06 	 8.461819e+06 	
7.34134134e+06 	 1.866321e-06 	 8.461186e+06 	
7.34184184e+06 	 1.865828e-06 	 8.460553e+06 	
7.34234234e+06 	 1.865336e-06 	 8.459920e+06 	
7.34284284e+06 	 1.864844e-06 	 8.459287e+06 	
7.34334334e+06 	 1.864352e-06 	 8.458654e+06 	
7.34384384e+06 	 1.863861e-06 	 8.458021e+06 	
7.34434434e+06 	 1.863369e-06 	 8.457388e+06 	
7.34484484e+06 	 1.862878e-06 	 8.456756e+06 	
7.34534535e+06 	 1.862387e-06 	 8.456124e+06 	
7.34584585e+06 	 1.861896e-06 	 8.455491e+06 	
7.34634635e+06 	 1.861405e-06 	 8.454859e+06 	
7.34684685e+06 	 1.860914e-06 	 8.454227e+06 	
7.34734735e+06 	 1.860423e-06 	 8.453595e+06 	
7.34784785e+06 	 1.859933e-06 	 8.452963e+06 	
7.34834835e+06 	 1.859442e-06 	 8.452331e+06 	
7.34884885e+06 	 1.858952e-06 	 8.451699e+06 	
7.34934935e+06 	 1.858462e-06 	 8.451068e+06 	
7.34984985e+06 	 1.857972e-06 	 8.450436e+06 	
7.35035035e+06 	 1.857483e-06 	 8.449805e+06 	
7.35085085e+06 	 1.856993e-06 	 8.449173e+06 	
7.35135135e+06 	 1.856504e-06 	 8.448542e+06 	
7.35185185e+06 	 1.856015e-06 	 8.447911e+06 	
7.35235235e+06 	 1.855526e-06 	 8.447280e+06 	
7.35285285e+06 	 1.855037e-06 	 8.446649e+06 	
7.35335335e+06 	 1.854548e-06 	 8.446018e+06 	
7.35385385e+06 	 1.854059e-06 	 8.445387e+06 	
7.35435435e+06 	 1.853571e-06 	 8.444756e+06 	
7.35485485e+06 	 1.853082e-06 	 8.444126e+06 	
7.35535536e+06 	 1.852594e-06 	 8.443495e+06 	
7.35585586e+06 	 1.852106e-06 	 8.442865e+06 	
7.35635636e+06 	 1.851618e-06 	 8.442235e+06 	
7.35685686e+06 	 1.851131e-06 	 8.441605e+06 	
7.35735736e+06 	 1.850643e-06 	 8.440974e+06 	
7.35785786e+06 	 1.850156e-06 	 8.440344e+06 	
7.35835836e+06 	 1.849668e-06 	 8.439715e+06 	
7.35885886e+06 	 1.849181e-06 	 8.439085e+06 	
7.35935936e+06 	 1.848694e-06 	 8.438455e+06 	
7.35985986e+06 	 1.848207e-06 	 8.437825e+06 	
7.36036036e+06 	 1.847721e-06 	 8.437196e+06 	
7.36086086e+06 	 1.847234e-06 	 8.436566e+06 	
7.36136136e+06 	 1.846748e-06 	 8.435937e+06 	
7.36186186e+06 	 1.846261e-06 	 8.435308e+06 	
7.36236236e+06 	 1.845775e-06 	 8.434679e+06 	
7.36286286e+06 	 1.845289e-06 	 8.434050e+06 	
7.36336336e+06 	 1.844804e-06 	 8.433421e+06 	
7.36386386e+06 	 1.844318e-06 	 8.432792e+06 	
7.36436436e+06 	 1.843833e-06 	 8.432163e+06 	
7.36486486e+06 	 1.843347e-06 	 8.431535e+06 	
7.36536537e+06 	 1.842862e-06 	 8.430906e+06 	
7.36586587e+06 	 1.842377e-06 	 8.430278e+06 	
7.36636637e+06 	 1.841892e-06 	 8.429649e+06 	
7.36686687e+06 	 1.841408e-06 	 8.429021e+06 	
7.36736737e+06 	 1.840923e-06 	 8.428393e+06 	
7.36786787e+06 	 1.840439e-06 	 8.427765e+06 	
7.36836837e+06 	 1.839954e-06 	 8.427137e+06 	
7.36886887e+06 	 1.839470e-06 	 8.426509e+06 	
7.36936937e+06 	 1.838986e-06 	 8.425881e+06 	
7.36986987e+06 	 1.838502e-06 	 8.425253e+06 	
7.37037037e+06 	 1.838019e-06 	 8.424626e+06 	
7.37087087e+06 	 1.837535e-06 	 8.423998e+06 	
7.37137137e+06 	 1.837052e-06 	 8.423371e+06 	
7.37187187e+06 	 1.836568e-06 	 8.422744e+06 	
7.37237237e+06 	 1.836085e-06 	 8.422116e+06 	
7.37287287e+06 	 1.835602e-06 	 8.421489e+06 	
7.37337337e+06 	 1.835120e-06 	 8.420862e+06 	
7.37387387e+06 	 1.834637e-06 	 8.420235e+06 	
7.37437437e+06 	 1.834155e-06 	 8.419609e+06 	
7.37487487e+06 	 1.833672e-06 	 8.418982e+06 	
7.37537538e+06 	 1.833190e-06 	 8.418355e+06 	
7.37587588e+06 	 1.832708e-06 	 8.417729e+06 	
7.37637638e+06 	 1.832226e-06 	 8.417102e+06 	
7.37687688e+06 	 1.831744e-06 	 8.416476e+06 	
7.37737738e+06 	 1.831263e-06 	 8.415850e+06 	
7.37787788e+06 	 1.830781e-06 	 8.415224e+06 	
7.37837838e+06 	 1.830300e-06 	 8.414597e+06 	
7.37887888e+06 	 1.829819e-06 	 8.413971e+06 	
7.37937938e+06 	 1.829338e-06 	 8.413346e+06 	
7.37987988e+06 	 1.828857e-06 	 8.412720e+06 	
7.38038038e+06 	 1.828376e-06 	 8.412094e+06 	
7.38088088e+06 	 1.827896e-06 	 8.411469e+06 	
7.38138138e+06 	 1.827415e-06 	 8.410843e+06 	
7.38188188e+06 	 1.826935e-06 	 8.410218e+06 	
7.38238238e+06 	 1.826455e-06 	 8.409592e+06 	
7.38288288e+06 	 1.825975e-06 	 8.408967e+06 	
7.38338338e+06 	 1.825495e-06 	 8.408342e+06 	
7.38388388e+06 	 1.825015e-06 	 8.407717e+06 	
7.38438438e+06 	 1.824536e-06 	 8.407092e+06 	
7.38488488e+06 	 1.824057e-06 	 8.406467e+06 	
7.38538539e+06 	 1.823577e-06 	 8.405843e+06 	
7.38588589e+06 	 1.823098e-06 	 8.405218e+06 	
7.38638639e+06 	 1.822619e-06 	 8.404594e+06 	
7.38688689e+06 	 1.822140e-06 	 8.403969e+06 	
7.38738739e+06 	 1.821662e-06 	 8.403345e+06 	
7.38788789e+06 	 1.821183e-06 	 8.402721e+06 	
7.38838839e+06 	 1.820705e-06 	 8.402096e+06 	
7.38888889e+06 	 1.820227e-06 	 8.401472e+06 	
7.38938939e+06 	 1.819749e-06 	 8.400848e+06 	
7.38988989e+06 	 1.819271e-06 	 8.400225e+06 	
7.39039039e+06 	 1.818793e-06 	 8.399601e+06 	
7.39089089e+06 	 1.818315e-06 	 8.398977e+06 	
7.39139139e+06 	 1.817838e-06 	 8.398354e+06 	
7.39189189e+06 	 1.817361e-06 	 8.397730e+06 	
7.39239239e+06 	 1.816883e-06 	 8.397107e+06 	
7.39289289e+06 	 1.816406e-06 	 8.396483e+06 	
7.39339339e+06 	 1.815930e-06 	 8.395860e+06 	
7.39389389e+06 	 1.815453e-06 	 8.395237e+06 	
7.39439439e+06 	 1.814976e-06 	 8.394614e+06 	
7.39489489e+06 	 1.814500e-06 	 8.393991e+06 	
7.39539540e+06 	 1.814024e-06 	 8.393368e+06 	
7.39589590e+06 	 1.813547e-06 	 8.392746e+06 	
7.39639640e+06 	 1.813071e-06 	 8.392123e+06 	
7.39689690e+06 	 1.812596e-06 	 8.391501e+06 	
7.39739740e+06 	 1.812120e-06 	 8.390878e+06 	
7.39789790e+06 	 1.811644e-06 	 8.390256e+06 	
7.39839840e+06 	 1.811169e-06 	 8.389634e+06 	
7.39889890e+06 	 1.810694e-06 	 8.389011e+06 	
7.39939940e+06 	 1.810218e-06 	 8.388389e+06 	
7.39989990e+06 	 1.809743e-06 	 8.387767e+06 	
7.40040040e+06 	 1.809269e-06 	 8.387146e+06 	
7.40090090e+06 	 1.808794e-06 	 8.386524e+06 	
7.40140140e+06 	 1.808319e-06 	 8.385902e+06 	
7.40190190e+06 	 1.807845e-06 	 8.385281e+06 	
7.40240240e+06 	 1.807371e-06 	 8.384659e+06 	
7.40290290e+06 	 1.806897e-06 	 8.384038e+06 	
7.40340340e+06 	 1.806423e-06 	 8.383416e+06 	
7.40390390e+06 	 1.805949e-06 	 8.382795e+06 	
7.40440440e+06 	 1.805475e-06 	 8.382174e+06 	
7.40490490e+06 	 1.805002e-06 	 8.381553e+06 	
7.40540541e+06 	 1.804528e-06 	 8.380932e+06 	
7.40590591e+06 	 1.804055e-06 	 8.380311e+06 	
7.40640641e+06 	 1.803582e-06 	 8.379691e+06 	
7.40690691e+06 	 1.803109e-06 	 8.379070e+06 	
7.40740741e+06 	 1.802636e-06 	 8.378450e+06 	
7.40790791e+06 	 1.802164e-06 	 8.377829e+06 	
7.40840841e+06 	 1.801691e-06 	 8.377209e+06 	
7.40890891e+06 	 1.801219e-06 	 8.376588e+06 	
7.40940941e+06 	 1.800747e-06 	 8.375968e+06 	
7.40990991e+06 	 1.800274e-06 	 8.375348e+06 	
7.41041041e+06 	 1.799803e-06 	 8.374728e+06 	
7.41091091e+06 	 1.799331e-06 	 8.374108e+06 	
7.41141141e+06 	 1.798859e-06 	 8.373489e+06 	
7.41191191e+06 	 1.798388e-06 	 8.372869e+06 	
7.41241241e+06 	 1.797916e-06 	 8.372249e+06 	
7.41291291e+06 	 1.797445e-06 	 8.371630e+06 	
7.41341341e+06 	 1.796974e-06 	 8.371011e+06 	
7.41391391e+06 	 1.796503e-06 	 8.370391e+06 	
7.41441441e+06 	 1.796032e-06 	 8.369772e+06 	
7.41491491e+06 	 1.795562e-06 	 8.369153e+06 	
7.41541542e+06 	 1.795091e-06 	 8.368534e+06 	
7.41591592e+06 	 1.794621e-06 	 8.367915e+06 	
7.41641642e+06 	 1.794151e-06 	 8.367296e+06 	
7.41691692e+06 	 1.793681e-06 	 8.366677e+06 	
7.41741742e+06 	 1.793211e-06 	 8.366059e+06 	
7.41791792e+06 	 1.792741e-06 	 8.365440e+06 	
7.41841842e+06 	 1.792271e-06 	 8.364822e+06 	
7.41891892e+06 	 1.791802e-06 	 8.364203e+06 	
7.41941942e+06 	 1.791333e-06 	 8.363585e+06 	
7.41991992e+06 	 1.790863e-06 	 8.362967e+06 	
7.42042042e+06 	 1.790394e-06 	 8.362349e+06 	
7.42092092e+06 	 1.789925e-06 	 8.361731e+06 	
7.42142142e+06 	 1.789457e-06 	 8.361113e+06 	
7.42192192e+06 	 1.788988e-06 	 8.360495e+06 	
7.42242242e+06 	 1.788520e-06 	 8.359877e+06 	
7.42292292e+06 	 1.788051e-06 	 8.359260e+06 	
7.42342342e+06 	 1.787583e-06 	 8.358642e+06 	
7.42392392e+06 	 1.787115e-06 	 8.358025e+06 	
7.42442442e+06 	 1.786647e-06 	 8.357408e+06 	
7.42492492e+06 	 1.786179e-06 	 8.356790e+06 	
7.42542543e+06 	 1.785712e-06 	 8.356173e+06 	
7.42592593e+06 	 1.785244e-06 	 8.355556e+06 	
7.42642643e+06 	 1.784777e-06 	 8.354939e+06 	
7.42692693e+06 	 1.784310e-06 	 8.354322e+06 	
7.42742743e+06 	 1.783843e-06 	 8.353706e+06 	
7.42792793e+06 	 1.783376e-06 	 8.353089e+06 	
7.42842843e+06 	 1.782909e-06 	 8.352472e+06 	
7.42892893e+06 	 1.782442e-06 	 8.351856e+06 	
7.42942943e+06 	 1.781976e-06 	 8.351239e+06 	
7.42992993e+06 	 1.781510e-06 	 8.350623e+06 	
7.43043043e+06 	 1.781043e-06 	 8.350007e+06 	
7.43093093e+06 	 1.780577e-06 	 8.349391e+06 	
7.43143143e+06 	 1.780112e-06 	 8.348775e+06 	
7.43193193e+06 	 1.779646e-06 	 8.348159e+06 	
7.43243243e+06 	 1.779180e-06 	 8.347543e+06 	
7.43293293e+06 	 1.778715e-06 	 8.346927e+06 	
7.43343343e+06 	 1.778249e-06 	 8.346312e+06 	
7.43393393e+06 	 1.777784e-06 	 8.345696e+06 	
7.43443443e+06 	 1.777319e-06 	 8.345081e+06 	
7.43493493e+06 	 1.776854e-06 	 8.344465e+06 	
7.43543544e+06 	 1.776389e-06 	 8.343850e+06 	
7.43593594e+06 	 1.775925e-06 	 8.343235e+06 	
7.43643644e+06 	 1.775460e-06 	 8.342620e+06 	
7.43693694e+06 	 1.774996e-06 	 8.342005e+06 	
7.43743744e+06 	 1.774532e-06 	 8.341390e+06 	
7.43793794e+06 	 1.774068e-06 	 8.340775e+06 	
7.43843844e+06 	 1.773604e-06 	 8.340160e+06 	
7.43893894e+06 	 1.773140e-06 	 8.339546e+06 	
7.43943944e+06 	 1.772676e-06 	 8.338931e+06 	
7.43993994e+06 	 1.772213e-06 	 8.338317e+06 	
7.44044044e+06 	 1.771750e-06 	 8.337702e+06 	
7.44094094e+06 	 1.771286e-06 	 8.337088e+06 	
7.44144144e+06 	 1.770823e-06 	 8.336474e+06 	
7.44194194e+06 	 1.770360e-06 	 8.335860e+06 	
7.44244244e+06 	 1.769898e-06 	 8.335246e+06 	
7.44294294e+06 	 1.769435e-06 	 8.334632e+06 	
7.44344344e+06 	 1.768973e-06 	 8.334018e+06 	
7.44394394e+06 	 1.768510e-06 	 8.333405e+06 	
7.44444444e+06 	 1.768048e-06 	 8.332791e+06 	
7.44494494e+06 	 1.767586e-06 	 8.332178e+06 	
7.44544545e+06 	 1.767124e-06 	 8.331564e+06 	
7.44594595e+06 	 1.766662e-06 	 8.330951e+06 	
7.44644645e+06 	 1.766201e-06 	 8.330338e+06 	
7.44694695e+06 	 1.765739e-06 	 8.329725e+06 	
7.44744745e+06 	 1.765278e-06 	 8.329112e+06 	
7.44794795e+06 	 1.764816e-06 	 8.328499e+06 	
7.44844845e+06 	 1.764355e-06 	 8.327886e+06 	
7.44894895e+06 	 1.763894e-06 	 8.327273e+06 	
7.44944945e+06 	 1.763434e-06 	 8.326660e+06 	
7.44994995e+06 	 1.762973e-06 	 8.326048e+06 	
7.45045045e+06 	 1.762512e-06 	 8.325435e+06 	
7.45095095e+06 	 1.762052e-06 	 8.324823e+06 	
7.45145145e+06 	 1.761592e-06 	 8.324211e+06 	
7.45195195e+06 	 1.761132e-06 	 8.323598e+06 	
7.45245245e+06 	 1.760672e-06 	 8.322986e+06 	
7.45295295e+06 	 1.760212e-06 	 8.322374e+06 	
7.45345345e+06 	 1.759752e-06 	 8.321762e+06 	
7.45395395e+06 	 1.759293e-06 	 8.321151e+06 	
7.45445445e+06 	 1.758833e-06 	 8.320539e+06 	
7.45495495e+06 	 1.758374e-06 	 8.319927e+06 	
7.45545546e+06 	 1.757915e-06 	 8.319316e+06 	
7.45595596e+06 	 1.757456e-06 	 8.318704e+06 	
7.45645646e+06 	 1.756997e-06 	 8.318093e+06 	
7.45695696e+06 	 1.756538e-06 	 8.317482e+06 	
7.45745746e+06 	 1.756080e-06 	 8.316870e+06 	
7.45795796e+06 	 1.755621e-06 	 8.316259e+06 	
7.45845846e+06 	 1.755163e-06 	 8.315648e+06 	
7.45895896e+06 	 1.754705e-06 	 8.315037e+06 	
7.45945946e+06 	 1.754247e-06 	 8.314427e+06 	
7.45995996e+06 	 1.753789e-06 	 8.313816e+06 	
7.46046046e+06 	 1.753331e-06 	 8.313205e+06 	
7.46096096e+06 	 1.752874e-06 	 8.312595e+06 	
7.46146146e+06 	 1.752416e-06 	 8.311984e+06 	
7.46196196e+06 	 1.751959e-06 	 8.311374e+06 	
7.46246246e+06 	 1.751502e-06 	 8.310764e+06 	
7.46296296e+06 	 1.751045e-06 	 8.310154e+06 	
7.46346346e+06 	 1.750588e-06 	 8.309544e+06 	
7.46396396e+06 	 1.750131e-06 	 8.308934e+06 	
7.46446446e+06 	 1.749674e-06 	 8.308324e+06 	
7.46496496e+06 	 1.749218e-06 	 8.307714e+06 	
7.46546547e+06 	 1.748762e-06 	 8.307104e+06 	
7.46596597e+06 	 1.748305e-06 	 8.306495e+06 	
7.46646647e+06 	 1.747849e-06 	 8.305885e+06 	
7.46696697e+06 	 1.747393e-06 	 8.305276e+06 	
7.46746747e+06 	 1.746938e-06 	 8.304666e+06 	
7.46796797e+06 	 1.746482e-06 	 8.304057e+06 	
7.46846847e+06 	 1.746026e-06 	 8.303448e+06 	
7.46896897e+06 	 1.745571e-06 	 8.302839e+06 	
7.46946947e+06 	 1.745116e-06 	 8.302230e+06 	
7.46996997e+06 	 1.744661e-06 	 8.301621e+06 	
7.47047047e+06 	 1.744206e-06 	 8.301012e+06 	
7.47097097e+06 	 1.743751e-06 	 8.300404e+06 	
7.47147147e+06 	 1.743296e-06 	 8.299795e+06 	
7.47197197e+06 	 1.742842e-06 	 8.299186e+06 	
7.47247247e+06 	 1.742387e-06 	 8.298578e+06 	
7.47297297e+06 	 1.741933e-06 	 8.297970e+06 	
7.47347347e+06 	 1.741479e-06 	 8.297361e+06 	
7.47397397e+06 	 1.741025e-06 	 8.296753e+06 	
7.47447447e+06 	 1.740571e-06 	 8.296145e+06 	
7.47497497e+06 	 1.740117e-06 	 8.295537e+06 	
7.47547548e+06 	 1.739664e-06 	 8.294930e+06 	
7.47597598e+06 	 1.739210e-06 	 8.294322e+06 	
7.47647648e+06 	 1.738757e-06 	 8.293714e+06 	
7.47697698e+06 	 1.738304e-06 	 8.293106e+06 	
7.47747748e+06 	 1.737851e-06 	 8.292499e+06 	
7.47797798e+06 	 1.737398e-06 	 8.291892e+06 	
7.47847848e+06 	 1.736945e-06 	 8.291284e+06 	
7.47897898e+06 	 1.736493e-06 	 8.290677e+06 	
7.47947948e+06 	 1.736040e-06 	 8.290070e+06 	
7.47997998e+06 	 1.735588e-06 	 8.289463e+06 	
7.48048048e+06 	 1.735136e-06 	 8.288856e+06 	
7.48098098e+06 	 1.734684e-06 	 8.288249e+06 	
7.48148148e+06 	 1.734232e-06 	 8.287642e+06 	
7.48198198e+06 	 1.733780e-06 	 8.287036e+06 	
7.48248248e+06 	 1.733328e-06 	 8.286429e+06 	
7.48298298e+06 	 1.732877e-06 	 8.285823e+06 	
7.48348348e+06 	 1.732425e-06 	 8.285216e+06 	
7.48398398e+06 	 1.731974e-06 	 8.284610e+06 	
7.48448448e+06 	 1.731523e-06 	 8.284004e+06 	
7.48498498e+06 	 1.731072e-06 	 8.283398e+06 	
7.48548549e+06 	 1.730621e-06 	 8.282792e+06 	
7.48598599e+06 	 1.730170e-06 	 8.282186e+06 	
7.48648649e+06 	 1.729720e-06 	 8.281580e+06 	
7.48698699e+06 	 1.729269e-06 	 8.280974e+06 	
7.48748749e+06 	 1.728819e-06 	 8.280368e+06 	
7.48798799e+06 	 1.728369e-06 	 8.279763e+06 	
7.48848849e+06 	 1.727919e-06 	 8.279157e+06 	
7.48898899e+06 	 1.727469e-06 	 8.278552e+06 	
7.48948949e+06 	 1.727019e-06 	 8.277947e+06 	
7.48998999e+06 	 1.726570e-06 	 8.277341e+06 	
7.49049049e+06 	 1.726120e-06 	 8.276736e+06 	
7.49099099e+06 	 1.725671e-06 	 8.276131e+06 	
7.49149149e+06 	 1.725222e-06 	 8.275526e+06 	
7.49199199e+06 	 1.724773e-06 	 8.274922e+06 	
7.49249249e+06 	 1.724324e-06 	 8.274317e+06 	
7.49299299e+06 	 1.723875e-06 	 8.273712e+06 	
7.49349349e+06 	 1.723426e-06 	 8.273108e+06 	
7.49399399e+06 	 1.722978e-06 	 8.272503e+06 	
7.49449449e+06 	 1.722529e-06 	 8.271899e+06 	
7.49499499e+06 	 1.722081e-06 	 8.271294e+06 	
7.49549550e+06 	 1.721633e-06 	 8.270690e+06 	
7.49599600e+06 	 1.721185e-06 	 8.270086e+06 	
7.49649650e+06 	 1.720737e-06 	 8.269482e+06 	
7.49699700e+06 	 1.720290e-06 	 8.268878e+06 	
7.49749750e+06 	 1.719842e-06 	 8.268274e+06 	
7.49799800e+06 	 1.719395e-06 	 8.267671e+06 	
7.49849850e+06 	 1.718947e-06 	 8.267067e+06 	
7.49899900e+06 	 1.718500e-06 	 8.266463e+06 	
7.49949950e+06 	 1.718053e-06 	 8.265860e+06 	
7.50000000e+06 	 1.717606e-06 	 8.265256e+06 	
7.53682323e+06 	 1.685094e-06 	 8.221111e+06 	
7.57382725e+06 	 1.653140e-06 	 8.177237e+06 	
7.61101295e+06 	 1.621732e-06 	 8.133632e+06 	
7.64838122e+06 	 1.590861e-06 	 8.090294e+06 	
7.68593297e+06 	 1.560518e-06 	 8.047221e+06 	
7.72366908e+06 	 1.530693e-06 	 8.004412e+06 	
7.76159047e+06 	 1.501377e-06 	 7.961866e+06 	
7.79969804e+06 	 1.472560e-06 	 7.919580e+06 	
7.83799272e+06 	 1.444234e-06 	 7.877554e+06 	
7.87647541e+06 	 1.416390e-06 	 7.835785e+06 	
7.91514704e+06 	 1.389018e-06 	 7.794272e+06 	
7.95400854e+06 	 1.362112e-06 	 7.753014e+06 	
7.99306084e+06 	 1.335662e-06 	 7.712009e+06 	
8.03230488e+06 	 1.309661e-06 	 7.671255e+06 	
8.07174160e+06 	 1.284099e-06 	 7.630751e+06 	
8.11137194e+06 	 1.258970e-06 	 7.590495e+06 	
8.15119686e+06 	 1.234265e-06 	 7.550487e+06 	
8.19121731e+06 	 1.210039e-06 	 7.510706e+06 	
8.23143425e+06 	 1.186168e-06 	 7.471185e+06 	
8.27184865e+06 	 1.162701e-06 	 7.431906e+06 	
8.31246147e+06 	 1.139630e-06 	 7.392867e+06 	
8.35327369e+06 	 1.116947e-06 	 7.354069e+06 	
8.39428629e+06 	 1.094647e-06 	 7.315508e+06 	
8.43550025e+06 	 1.072662e-06 	 7.277203e+06 	
8.47691656e+06 	 1.051099e-06 	 7.239117e+06 	
8.51853622e+06 	 1.029898e-06 	 7.201264e+06 	
8.56036022e+06 	 1.009053e-06 	 7.163645e+06 	
8.60238956e+06 	 9.885561e-07 	 7.126257e+06 	
8.64462526e+06 	 9.683485e-07 	 7.089118e+06 	
8.68706833e+06 	 9.485257e-07 	 7.052192e+06 	
8.72971978e+06 	 9.290333e-07 	 7.015494e+06 	
8.77258064e+06 	 9.098654e-07 	 6.979022e+06 	
8.81565194e+06 	 8.910164e-07 	 6.942776e+06 	
8.85893470e+06 	 8.724328e-07 	 6.906772e+06 	
8.90242998e+06 	 8.541989e-07 	 6.870976e+06 	
8.94613881e+06 	 8.362666e-07 	 6.835402e+06 	
8.99006223e+06 	 8.186304e-07 	 6.800049e+06 	
9.03420131e+06 	 8.012851e-07 	 6.764917e+06 	
9.07855711e+06 	 7.842672e-07 	 6.729986e+06 	
9.12313067e+06 	 7.674928e-07 	 6.695288e+06 	
9.16792309e+06 	 7.509945e-07 	 6.660807e+06 	
9.21293542e+06 	 7.347672e-07 	 6.626541e+06 	
9.25816876e+06 	 7.188061e-07 	 6.592491e+06 	
9.30362418e+06 	 7.031427e-07 	 6.558637e+06 	
9.34930277e+06 	 6.877041e-07 	 6.525011e+06 	
9.39520564e+06 	 6.725182e-07 	 6.491597e+06 	
9.44133388e+06 	 6.575806e-07 	 6.458393e+06 	
9.48768860e+06 	 6.428868e-07 	 6.425399e+06 	
9.53427090e+06 	 6.284327e-07 	 6.392614e+06 	
9.58108192e+06 	 6.142486e-07 	 6.360020e+06 	
9.62812277e+06 	 6.002650e-07 	 6.327648e+06 	
9.67539457e+06 	 5.865090e-07 	 6.295483e+06 	
9.72289847e+06 	 5.729767e-07 	 6.263524e+06 	
9.77063561e+06 	 5.596642e-07 	 6.231769e+06 	
9.81860712e+06 	 5.465382e-07 	 6.200236e+06 	
9.86681416e+06 	 5.336508e-07 	 6.168891e+06 	
9.91525788e+06 	 5.209718e-07 	 6.137750e+06 	
9.96393946e+06 	 5.084976e-07 	 6.106811e+06 	
1.00128600e+07 	 4.962247e-07 	 6.076074e+06 	
1.00620208e+07 	 4.841745e-07 	 6.045524e+06 	
1.01114230e+07 	 4.722967e-07 	 6.015188e+06 	
1.01610677e+07 	 4.606104e-07 	 5.985052e+06 	
1.02109561e+07 	 4.491124e-07 	 5.955117e+06 	
1.02610895e+07 	 4.377996e-07 	 5.925381e+06 	
1.03114690e+07 	 4.266690e-07 	 5.895845e+06 	
1.03620959e+07 	 4.156945e-07 	 5.866525e+06 	
1.04129713e+07 	 4.049170e-07 	 5.837389e+06 	
1.04640965e+07 	 3.943129e-07 	 5.808452e+06 	
1.05154728e+07 	 3.838794e-07 	 5.779715e+06 	
1.05671013e+07 	 3.736138e-07 	 5.751176e+06 	
1.06189832e+07 	 3.635327e-07 	 5.722820e+06 	
1.06711199e+07 	 3.535973e-07 	 5.694678e+06 	
1.07235126e+07 	 3.438225e-07 	 5.666734e+06 	
1.07761625e+07 	 3.342061e-07 	 5.638989e+06 	
1.08290709e+07 	 3.247458e-07 	 5.611444e+06 	
1.08822391e+07 	 3.154236e-07 	 5.584114e+06 	
1.09356683e+07 	 3.062675e-07 	 5.556971e+06 	
1.09893599e+07 	 2.972612e-07 	 5.530029e+06 	
1.10433150e+07 	 2.884028e-07 	 5.503288e+06 	
1.10975351e+07 	 2.796905e-07 	 5.476750e+06 	
1.11520214e+07 	 2.711226e-07 	 5.450414e+06 	
1.12067752e+07 	 2.627117e-07 	 5.424265e+06 	
1.12617978e+07 	 2.544295e-07 	 5.398335e+06 	
1.13170906e+07 	 2.462873e-07 	 5.372610e+06 	
1.13726548e+07 	 2.382840e-07 	 5.347091e+06 	
1.14284918e+07 	 2.304183e-07 	 5.321779e+06 	
1.14846030e+07 	 2.226778e-07 	 5.296692e+06 	
1.15409897e+07 	 2.150832e-07 	 5.271800e+06 	
1.15976532e+07 	 2.076234e-07 	 5.247119e+06 	
1.16545950e+07 	 2.002976e-07 	 5.222651e+06 	
1.17118163e+07 	 1.931052e-07 	 5.198398e+06 	
1.17693185e+07 	 1.860457e-07 	 5.174360e+06 	
1.18271031e+07 	 1.791287e-07 	 5.150522e+06 	
1.18851714e+07 	 1.723350e-07 	 5.126918e+06 	
1.19435248e+07 	 1.656734e-07 	 5.103535e+06 	
1.20021647e+07 	 1.591441e-07 	 5.080375e+06 	
1.20610924e+07 	 1.527470e-07 	 5.057439e+06 	
1.21203096e+07 	 1.464744e-07 	 5.034747e+06 	
1.21798174e+07 	 1.403418e-07 	 5.012268e+06 	
1.22396174e+07 	 1.343423e-07 	 4.990021e+06 	
1.22997111e+07 	 1.284764e-07 	 4.968008e+06 	
1.23600997e+07 	 1.227446e-07 	 4.946229e+06 	
1.24207849e+07 	 1.171538e-07 	 4.924672e+06 	
1.24817680e+07 	 1.116929e-07 	 4.903369e+06 	
1.25430506e+07 	 1.063685e-07 	 4.882308e+06 	
1.26046340e+07 	 1.011812e-07 	 4.861492e+06 	
1.26665197e+07 	 9.613198e-08 	 4.840921e+06 	
1.27287094e+07 	 9.122654e-08 	 4.820582e+06 	
1.27912043e+07 	 8.645657e-08 	 4.800508e+06 	
1.28540061e+07 	 8.182735e-08 	 4.780686e+06 	
1.29171162e+07 	 7.733971e-08 	 4.761118e+06 	
1.29805362e+07 	 7.299444e-08 	 4.741805e+06 	
1.30442676e+07 	 6.878848e-08 	 4.722769e+06 	
1.31083119e+07 	 6.472961e-08 	 4.703975e+06 	
1.31726706e+07 	 6.081489e-08 	 4.685441e+06 	
1.32373453e+07 	 5.704465e-08 	 4.667169e+06 	
1.33023375e+07 	 5.341636e-08 	 4.649177e+06 	
1.33676488e+07 	 4.993521e-08 	 4.631432e+06 	
1.34332808e+07 	 4.659849e-08 	 4.613951e+06 	
1.34992351e+07 	 4.340577e-08 	 4.596732e+06 	
1.35655131e+07 	 4.035432e-08 	 4.579797e+06 	
1.36321166e+07 	 3.744707e-08 	 4.563108e+06 	
1.36990470e+07 	 3.468093e-08 	 4.546682e+06 	
1.37663061e+07 	 3.205439e-08 	 4.530516e+06 	
1.38338954e+07 	 2.956726e-08 	 4.514585e+06 	
1.39018166e+07 	 2.721441e-08 	 4.498931e+06 	
1.39700712e+07 	 2.499484e-08 	 4.483530e+06 	
1.40386610e+07 	 2.290707e-08 	 4.468353e+06 	
1.41075875e+07 	 2.094583e-08 	 4.453443e+06 	
1.41768524e+07 	 1.910890e-08 	 4.438775e+06 	
1.42464574e+07 	 1.739168e-08 	 4.424381e+06 	
1.43164041e+07 	 1.579218e-08 	 4.410195e+06 	
1.43866943e+07 	 1.430628e-08 	 4.396202e+06 	
1.44573296e+07 	 1.292833e-08 	 4.382456e+06 	
1.45283116e+07 	 1.165388e-08 	 4.368968e+06 	
1.45996422e+07 	 1.047941e-08 	 4.355664e+06 	
1.46713230e+07 	 9.400010e-09 	 4.342536e+06 	
1.47433557e+07 	 8.410359e-09 	 4.329621e+06 	
1.48157421e+07 	 7.505824e-09 	 4.316885e+06 	
1.48884839e+07 	 6.681265e-09 	 4.304357e+06 	
1.49615828e+07 	 5.932245e-09 	 4.291951e+06 	
1.50350407e+07 	 5.253053e-09 	 4.279847e+06 	
1.51088592e+07 	 4.639974e-09 	 4.267786e+06 	
1.51830401e+07 	 4.087592e-09 	 4.255960e+06 	
1.52575852e+07 	 3.591834e-09 	 4.244180e+06 	
1.53324964e+07 	 3.147727e-09 	 4.232699e+06 	
1.54077753e+07 	 2.751493e-09 	 4.221279e+06 	
1.54834238e+07 	 2.399020e-09 	 4.209894e+06 	
1.55594438e+07 	 2.086352e-09 	 4.198571e+06 	
1.56358370e+07 	 1.809588e-09 	 4.187600e+06 	
1.57126052e+07 	 1.565686e-09 	 4.176494e+06 	
1.57897504e+07 	 1.351098e-09 	 4.165722e+06 	
1.58672744e+07 	 1.163015e-09 	 4.154978e+06 	
1.59451789e+07 	 9.986604e-10 	 4.144185e+06 	
1.60234660e+07 	 8.554385e-10 	 4.133353e+06 	
1.61021374e+07 	 7.308709e-10 	 4.122970e+06 	
1.61811951e+07 	 6.229915e-10 	 4.112320e+06 	
1.62606409e+07 	 5.297123e-10 	 4.102027e+06 	
1.63404768e+07 	 4.493854e-10 	 4.091369e+06 	
1.64207047e+07 	 3.802849e-10 	 4.081322e+06 	
1.65013265e+07 	 3.210720e-10 	 4.071240e+06 	
1.65823441e+07 	 2.704876e-10 	 4.060825e+06 	
1.66637595e+07 	 2.273557e-10 	 4.050492e+06 	
1.67455746e+07 	 1.906604e-10 	 4.040512e+06 	
1.68277914e+07 	 1.595435e-10 	 4.030417e+06 	
1.82907136e+07 	 1.000000e-20 	 3.863482e+06 	
1.98808147e+07 	 1.000000e-20 	 3.704037e+06 	
2.16091510e+07 	 1.000000e-20 	 3.551307e+06 	
2.34877401e+07 	 1.000000e-20 	 3.404993e+06 	
2.55296442e+07 	 1.000000e-20 	 3.264811e+06 	
2.77490609e+07 	 1.000000e-20 	 3.130492e+06 	
3.01614223e+07 	 1.000000e-20 	 3.001780e+06 	
3.27835022e+07 	 1.000000e-20 	 2.878431e+06 	
3.56335322e+07 	 1.000000e-20 	 2.760213e+06 	
3.87313293e+07 	 1.000000e-20 	 2.646905e+06 	
4.20984330e+07 	 1.000000e-20 	 2.538297e+06 	
4.57582555e+07 	 1.000000e-20 	 2.434187e+06 	
4.97362442e+07 	 1.000000e-20 	 2.334386e+06 	
5.40600589e+07 	 1.000000e-20 	 2.238709e+06 	
5.87597640e+07 	 1.000000e-20 	 2.146983e+06 	
6.38680374e+07 	 1.000000e-20 	 2.059041e+06 	
6.94203980e+07 	 1.000000e-20 	 1.974724e+06 	
7.54554524e+07 	 1.000000e-20 	 1.893879e+06 	
8.20151636e+07 	 1.000000e-20 	 1.816362e+06 	
8.91451425e+07 	 1.000000e-20 	 1.742033e+06 	
9.68949654e+07 	 1.000000e-20 	 1.670760e+06 	
1.05318518e+08 	 1.000000e-20 	 1.602414e+06 	
1.14474372e+08 	 1.000000e-20 	 1.536875e+06 	
1.24426188e+08 	 1.000000e-20 	 1.474026e+06 	
1.35243165e+08 	 1.000000e-20 	 1.413756e+06 	
1.47000514e+08 	 1.000000e-20 	 1.355957e+06 	
1.59779987e+08 	 1.000000e-20 	 1.300527e+06 	
1.73670442e+08 	 1.000000e-20 	 1.247369e+06 	
1.88768462e+08 	 1.000000e-20 	 1.196389e+06 	
2.05179027e+08 	 1.000000e-20 	 1.147497e+06 	
2.23016242e+08 	 1.000000e-20 	 1.100607e+06 	
2.42404134e+08 	 1.000000e-20 	 1.055636e+06 	
2.63477509e+08 	 1.000000e-20 	 1.012506e+06 	
2.86382897e+08 	 1.000000e-20 	 9.711402e+05 	
3.11279561e+08 	 1.000000e-20 	 9.314672e+05 	
3.38340615e+08 	 1.000000e-20 	 8.934169e+05 	
3.67754218e+08 	 1.000000e-20 	 8.569229e+05 	
3.99724889e+08 	 1.000000e-20 	 8.219211e+05 	
4.34474927e+08 	 1.000000e-20 	 7.883505e+05 	
4.72245955e+08 	 1.000000e-20 	 7.561522e+05 	
5.13300603e+08 	 1.000000e-20 	 7.252702e+05 	
5.57924333e+08 	 1.000000e-20 	 6.956504e+05 	
6.06427422e+08 	 1.000000e-20 	 6.672411e+05 	
6.59147121e+08 	 1.000000e-20 	 6.399928e+05 	
7.16450001e+08 	 1.000000e-20 	 6.138579e+05 	
7.78734500e+08 	 1.000000e-20 	 5.887908e+05 	
8.46433695e+08 	 1.000000e-20 	 5.647479e+05 	
9.20018313e+08 	 1.000000e-20 	 5.416872e+05 	
1.00000000e+09 	 1.000000e-20 	 5.195686e+05 	
