r (cm)        	 rho (g/cm3) 	 T (K)       		 Linf = 3.186326e+38
1.20004251e+06 	 1.286303e+05 	 1.244604e+09 	
1.20010035e+06 	 1.188448e+05 	 1.219594e+09 	
1.20060836e+06 	 5.625904e+04 	 1.006991e+09 	
1.20101987e+06 	 2.832760e+04 	 8.453800e+08 	
1.20143139e+06 	 1.310305e+04 	 6.951426e+08 	
1.20176554e+06 	 6.522126e+03 	 5.828434e+08 	
1.20208668e+06 	 3.117489e+03 	 4.841958e+08 	
1.20233523e+06 	 1.676415e+03 	 4.147042e+08 	
1.20258377e+06 	 8.621786e+02 	 3.516331e+08 	
1.20282917e+06 	 4.280205e+02 	 2.959766e+08 	
1.20303177e+06 	 2.326912e+02 	 2.551227e+08 	
1.20323438e+06 	 1.233269e+02 	 2.189163e+08 	
1.20341333e+06 	 6.916105e+01 	 1.907619e+08 	
1.20359228e+06 	 3.831471e+01 	 1.660924e+08 	
1.20377124e+06 	 2.108192e+01 	 1.447493e+08 	
1.20395019e+06 	 1.159340e+01 	 1.265191e+08 	
1.20413192e+06 	 6.357434e+00 	 1.109262e+08 	
1.20431365e+06 	 3.534310e+00 	 9.796992e+07 	
1.20449538e+06 	 2.005736e+00 	 8.732368e+07 	
1.20467712e+06 	 1.168664e+00 	 7.865788e+07 	
1.20490321e+06 	 6.231094e-01 	 7.016513e+07 	
1.20512930e+06 	 3.499612e-01 	 6.369338e+07 	
1.20535539e+06 	 2.072640e-01 	 5.876954e+07 	
1.20558148e+06 	 1.291975e-01 	 5.501041e+07 	
1.20586449e+06 	 7.640603e-02 	 5.149928e+07 	
1.20614750e+06 	 4.823281e-02 	 4.892703e+07 	
1.20643050e+06 	 3.219928e-02 	 4.700405e+07 	
1.20671351e+06 	 2.253813e-02 	 4.553532e+07 	
1.20715059e+06 	 1.402042e-02 	 4.386871e+07 	
1.20758766e+06 	 9.390355e-03 	 4.268027e+07 	
1.20822636e+06 	 5.779660e-03 	 4.146347e+07 	
1.20886505e+06 	 3.888391e-03 	 4.061822e+07 	
1.20925854e+06 	 3.151184e-03 	 4.021485e+07 	
1.21015213e+06 	 2.103913e-03 	 3.951149e+07 	
1.21088669e+06 	 1.601450e-03 	 3.907985e+07 	
1.21221465e+06 	 1.077833e-03 	 3.849809e+07 	
1.21321367e+06 	 8.505202e-04 	 3.816581e+07 	
1.21531065e+06 	 5.813695e-04 	 3.763520e+07 	
1.21882121e+06 	 3.839147e-04 	 3.700854e+07 	
1.22131826e+06 	 3.162087e-04 	 3.666201e+07 	
1.22381530e+06 	 2.742776e-04 	 3.636005e+07 	
1.22524222e+06 	 2.571055e-04 	 3.620098e+07 	
1.22899528e+06 	 2.257725e-04 	 3.581384e+07 	
1.23122808e+06 	 2.131199e-04 	 3.559861e+07 	
1.23346088e+06 	 2.032147e-04 	 3.539117e+07 	
1.23569368e+06 	 1.952348e-04 	 3.518970e+07 	
1.23901154e+06 	 1.858032e-04 	 3.489867e+07 	
1.25437278e+06 	 1.588486e-04 	 3.362592e+07 	
1.26973402e+06 	 1.407326e-04 	 3.242177e+07 	
1.27127015e+06 	 1.391023e-04 	 3.230412e+07 	
1.27142376e+06 	 1.389406e-04 	 3.229238e+07 	
1.27143912e+06 	 1.389244e-04 	 3.229121e+07 	
1.27144066e+06 	 1.389228e-04 	 3.229109e+07 	
1.27494066e+06 	 1.353018e-04 	 3.202489e+07 	
1.28194066e+06 	 1.283813e-04 	 3.149948e+07 	
1.28894066e+06 	 1.218456e-04 	 3.098314e+07 	
1.29360732e+06 	 1.176791e-04 	 3.064380e+07 	
1.29400732e+06 	 1.173405e-04 	 3.061494e+07 	
1.29436630e+06 	 1.170383e-04 	 3.058906e+07 	
1.29469963e+06 	 1.167585e-04 	 3.056506e+07 	
1.29586630e+06 	 1.157523e-04 	 3.048106e+07 	
1.30053296e+06 	 1.117916e-04 	 3.014733e+07 	
1.30753296e+06 	 1.061128e-04 	 2.965376e+07 	
1.31219963e+06 	 1.024922e-04 	 2.932930e+07 	
1.31286630e+06 	 1.019949e-04 	 2.928328e+07 	
1.31342630e+06 	 1.015798e-04 	 2.924469e+07 	
1.31482630e+06 	 1.005312e-04 	 2.914835e+07 	
1.31949296e+06 	 9.709755e-05 	 2.882945e+07 	
1.32649296e+06 	 9.216972e-05 	 2.835769e+07 	
1.33115963e+06 	 8.902559e-05 	 2.804750e+07 	
1.33164239e+06 	 8.871491e-05 	 2.801564e+07 	
1.33206663e+06 	 8.844350e-05 	 2.798768e+07 	
1.33245552e+06 	 8.819596e-05 	 2.796207e+07 	
1.33281450e+06 	 8.796852e-05 	 2.793846e+07 	
1.33314783e+06 	 8.775693e-05 	 2.791654e+07 	
1.33431450e+06 	 8.699926e-05 	 2.783988e+07 	
1.33898116e+06 	 8.402027e-05 	 2.753524e+07 	
1.34598116e+06 	 7.974652e-05 	 2.708452e+07 	
1.35064783e+06 	 7.701432e-05 	 2.678809e+07 	
1.35113059e+06 	 7.674475e-05 	 2.675765e+07 	
1.35156809e+06 	 7.650159e-05 	 2.673010e+07 	
1.35196809e+06 	 7.628034e-05 	 2.670494e+07 	
1.35234647e+06 	 7.607178e-05 	 2.668115e+07 	
1.35269647e+06 	 7.587969e-05 	 2.665918e+07 	
1.35302980e+06 	 7.569731e-05 	 2.663826e+07 	
1.35334091e+06 	 7.552775e-05 	 2.661876e+07 	
1.35363878e+06 	 7.536593e-05 	 2.660010e+07 	
1.35392450e+06 	 7.521120e-05 	 2.658221e+07 	
1.35419901e+06 	 7.506298e-05 	 2.656504e+07 	
1.35446316e+06 	 7.492046e-05 	 2.654852e+07 	
1.35520000e+06 	 7.450862e-05 	 2.650241e+07 	
1.35800000e+06 	 7.294988e-05 	 2.632787e+07 	
1.36500000e+06 	 6.919010e-05 	 2.589658e+07 	
1.37200000e+06 	 6.558696e-05 	 2.547255e+07 	
1.37900000e+06 	 6.207455e-05 	 2.505602e+07 	
1.38600000e+06 	 5.852451e-05 	 2.464788e+07 	
1.39066667e+06 	 5.603454e-05 	 2.438134e+07 	
1.39766667e+06 	 5.178630e-05 	 2.399306e+07 	
1.40000000e+06 	 5.014176e-05 	 2.386768e+07 	
