r (cm)        	 rho (g/cm3) 	 T (K)       		 Linf = 3.519716e+38
1.19992828e+06 	 1.191928e+05 	 1.271564e+09 	
1.19992953e+06 	 1.190022e+05 	 1.271052e+09 	
1.20046549e+06 	 5.743647e+04 	 1.058181e+09 	
1.20091213e+06 	 2.915690e+04 	 8.932922e+08 	
1.20135876e+06 	 1.376537e+04 	 7.416721e+08 	
1.20172979e+06 	 6.952017e+03 	 6.271530e+08 	
1.20206292e+06 	 3.589301e+03 	 5.341082e+08 	
1.20239605e+06 	 1.773032e+03 	 4.510146e+08 	
1.20266499e+06 	 9.742330e+02 	 3.915389e+08 	
1.20295255e+06 	 5.013909e+02 	 3.356323e+08 	
1.20318674e+06 	 2.880905e+02 	 2.959608e+08 	
1.20342093e+06 	 1.645666e+02 	 2.614156e+08 	
1.20365512e+06 	 9.406594e+01 	 2.317619e+08 	
1.20388931e+06 	 5.418035e+01 	 2.066647e+08 	
1.20417420e+06 	 2.826136e+01 	 1.816684e+08 	
1.20445908e+06 	 1.522683e+01 	 1.619350e+08 	
1.20474396e+06 	 8.544516e+00 	 1.465590e+08 	
1.20502885e+06 	 5.016689e+00 	 1.346743e+08 	
1.20531373e+06 	 3.085666e+00 	 1.255119e+08 	
1.20566074e+06 	 1.814022e+00 	 1.171105e+08 	
1.20600776e+06 	 1.133964e+00 	 1.109077e+08 	
1.20635477e+06 	 7.483659e-01 	 1.062581e+08 	
1.20670178e+06 	 5.176058e-01 	 1.027099e+08 	
1.20722228e+06 	 3.204042e-01 	 9.879775e+07 	
1.20774279e+06 	 2.129977e-01 	 9.600610e+07 	
1.20845646e+06 	 1.330725e-01 	 9.330425e+07 	
1.20917013e+06 	 8.996187e-02 	 9.140624e+07 	
1.20988380e+06 	 6.456310e-02 	 9.000583e+07 	
1.21059748e+06 	 4.853801e-02 	 8.893030e+07 	
1.21192122e+06 	 3.136124e-02 	 8.747350e+07 	
1.21324496e+06 	 2.212784e-02 	 8.644097e+07 	
1.21533169e+06 	 1.443367e-02 	 8.528703e+07 	
1.21741842e+06 	 1.043578e-02 	 8.445806e+07 	
1.21862481e+06 	 8.948778e-03 	 8.406872e+07 	
1.22164899e+06 	 6.582884e-03 	 8.327256e+07 	
1.22405351e+06 	 5.469382e-03 	 8.275928e+07 	
1.22878493e+06 	 4.198783e-03 	 8.192708e+07 	
1.23235074e+06 	 3.650067e-03 	 8.139488e+07 	
1.23948661e+06 	 3.022744e-03 	 8.046525e+07 	
1.25115849e+06 	 2.550449e-03 	 7.914442e+07 	
1.26031309e+06 	 2.358907e-03 	 7.819461e+07 	
1.26946768e+06 	 2.229023e-03 	 7.728736e+07 	
1.27412953e+06 	 2.175424e-03 	 7.683728e+07 	
1.28554697e+06 	 2.063813e-03 	 7.576191e+07 	
1.30047414e+06 	 1.941105e-03 	 7.440434e+07 	
1.30196686e+06 	 1.929729e-03 	 7.427128e+07 	
1.30211613e+06 	 1.928599e-03 	 7.425800e+07 	
1.30213106e+06 	 1.928486e-03 	 7.425667e+07 	
1.30213255e+06 	 1.928474e-03 	 7.425654e+07 	
1.31879922e+06 	 1.809096e-03 	 7.280231e+07 	
1.33129922e+06 	 1.726929e-03 	 7.174694e+07 	
1.35629922e+06 	 1.576859e-03 	 6.972037e+07 	
1.38129922e+06 	 1.443390e-03 	 6.779874e+07 	
1.40629922e+06 	 1.324052e-03 	 6.597407e+07 	
1.43129922e+06 	 1.217048e-03 	 6.423933e+07 	
1.43963255e+06 	 1.183894e-03 	 6.367998e+07 	
1.44463255e+06 	 1.164594e-03 	 6.334875e+07 	
1.46129922e+06 	 1.102816e-03 	 6.226742e+07 	
1.46393080e+06 	 1.093543e-03 	 6.209990e+07 	
1.47393080e+06 	 1.058885e-03 	 6.147073e+07 	
1.48393080e+06 	 1.025633e-03 	 6.085342e+07 	
1.48809746e+06 	 1.012219e-03 	 6.059965e+07 	
1.50476413e+06 	 9.605141e-04 	 5.960393e+07 	
1.50976413e+06 	 9.457285e-04 	 5.931121e+07 	
1.52643080e+06 	 8.982786e-04 	 5.835448e+07 	
1.52906238e+06 	 8.911520e-04 	 5.820612e+07 	
1.53322904e+06 	 8.799393e-04 	 5.797260e+07 	
1.54989571e+06 	 8.365955e-04 	 5.705558e+07 	
1.55267349e+06 	 8.297261e-04 	 5.690545e+07 	
1.55721894e+06 	 8.185619e-04 	 5.666131e+07 	
1.57388561e+06 	 7.790377e-04 	 5.578250e+07 	
1.57626656e+06 	 7.736674e-04 	 5.565909e+07 	
1.58081201e+06 	 7.634533e-04 	 5.542484e+07 	
1.59747868e+06 	 7.272502e-04 	 5.458133e+07 	
1.59997868e+06 	 7.220872e-04 	 5.445693e+07 	
1.60197868e+06 	 7.179725e-04 	 5.435778e+07 	
1.61197868e+06 	 6.976543e-04 	 5.386690e+07 	
1.62197868e+06 	 6.780941e-04 	 5.338428e+07 	
1.62753424e+06 	 6.675570e-04 	 5.311966e+07 	
1.64420090e+06 	 6.370615e-04 	 5.234023e+07 	
1.64658186e+06 	 6.329053e-04 	 5.223068e+07 	
1.65158186e+06 	 6.242083e-04 	 5.200193e+07 	
1.66824852e+06 	 5.961943e-04 	 5.125270e+07 	
1.67033186e+06 	 5.928579e-04 	 5.116052e+07 	
1.67533186e+06 	 5.848535e-04 	 5.094044e+07 	
1.69199852e+06 	 5.590443e-04 	 5.021937e+07 	
1.69449852e+06 	 5.553502e-04 	 5.011291e+07 	
1.70005408e+06 	 5.471750e-04 	 4.987775e+07 	
1.71672074e+06 	 5.234734e-04 	 4.918441e+07 	
1.71872074e+06 	 5.207677e-04 	 4.910247e+07 	
1.72038741e+06 	 5.185099e-04 	 4.903437e+07 	
1.72872074e+06 	 5.072820e-04 	 4.869634e+07 	
1.74122074e+06 	 4.910322e-04 	 4.819742e+07 	
1.74300646e+06 	 4.888096e-04 	 4.812698e+07 	
1.74456896e+06 	 4.868555e-04 	 4.806548e+07 	
1.75706896e+06 	 4.714076e-04 	 4.757848e+07 	
1.76540229e+06 	 4.614841e-04 	 4.725896e+07 	
1.76725414e+06 	 4.593474e-04 	 4.718854e+07 	
1.77280970e+06 	 4.529218e-04 	 4.697833e+07 	
1.78947637e+06 	 4.342467e-04 	 4.635799e+07 	
1.79147637e+06 	 4.321173e-04 	 4.628464e+07 	
1.79320050e+06 	 4.302925e-04 	 4.622158e+07 	
1.80320050e+06 	 4.197022e-04 	 4.585870e+07 	
1.81570050e+06 	 4.069285e-04 	 4.541253e+07 	
1.81762358e+06 	 4.050414e-04 	 4.534466e+07 	
1.82387358e+06 	 3.988899e-04 	 4.512523e+07 	
1.84054025e+06 	 3.829948e-04 	 4.454961e+07 	
1.84271416e+06 	 3.810211e-04 	 4.447560e+07 	
1.84456601e+06 	 3.793493e-04 	 4.441273e+07 	
1.85081601e+06 	 3.736884e-04 	 4.420164e+07 	
1.86748268e+06 	 3.590638e-04 	 4.364773e+07 	
1.86948268e+06 	 3.573942e-04 	 4.358219e+07 	
1.87120682e+06 	 3.559604e-04 	 4.352583e+07 	
1.87745682e+06 	 3.507380e-04 	 4.332253e+07 	
1.89412348e+06 	 3.372414e-04 	 4.278892e+07 	
1.89620682e+06 	 3.356354e-04 	 4.272314e+07 	
1.89799253e+06 	 3.342621e-04 	 4.266689e+07 	
1.90424253e+06 	 3.294399e-04 	 4.247101e+07 	
1.92090920e+06 	 3.169674e-04 	 4.195672e+07 	
1.92308311e+06 	 3.154187e-04 	 4.189055e+07 	
1.92493496e+06 	 3.141095e-04 	 4.183434e+07 	
1.93207782e+06 	 3.090281e-04 	 4.161869e+07 	
1.94874449e+06 	 2.975344e-04 	 4.112344e+07 	
1.95074449e+06 	 2.962220e-04 	 4.106480e+07 	
1.95246863e+06 	 2.950978e-04 	 4.101437e+07 	
1.95961148e+06 	 2.904027e-04 	 4.080653e+07 	
1.97627815e+06 	 2.797794e-04 	 4.032908e+07 	
1.97827815e+06 	 2.785659e-04 	 4.027254e+07 	
1.98006386e+06 	 2.774868e-04 	 4.022218e+07 	
1.98720672e+06 	 2.731441e-04 	 4.002175e+07 	
2.00387339e+06 	 2.633162e-04 	 3.956124e+07 	
2.00625434e+06 	 2.619756e-04 	 3.949630e+07 	
2.00833767e+06 	 2.608061e-04 	 3.943964e+07 	
2.01548053e+06 	 2.567923e-04 	 3.924643e+07 	
2.03214720e+06 	 2.477072e-04 	 3.880236e+07 	
2.03432111e+06 	 2.465774e-04 	 3.874518e+07 	
2.03624419e+06 	 2.455853e-04 	 3.869473e+07 	
2.03841810e+06 	 2.444540e-04 	 3.863782e+07 	
2.04841810e+06 	 2.392858e-04 	 3.837792e+07 	
2.06091810e+06 	 2.330306e-04 	 3.805763e+07 	
2.06300143e+06 	 2.320299e-04 	 3.800478e+07 	
2.06485328e+06 	 2.311398e-04 	 3.795790e+07 	
2.07199614e+06 	 2.276954e-04 	 3.777799e+07 	
2.08866281e+06 	 2.198942e-04 	 3.736431e+07 	
2.09083672e+06 	 2.189241e-04 	 3.731103e+07 	
2.09275980e+06 	 2.180722e-04 	 3.726401e+07 	
2.10109313e+06 	 2.143505e-04 	 3.706137e+07 	
2.11775980e+06 	 2.071293e-04 	 3.666217e+07 	
2.11975980e+06 	 2.063035e-04 	 3.661485e+07 	
2.12154551e+06 	 2.055711e-04 	 3.657270e+07 	
2.13404551e+06 	 2.004111e-04 	 3.627987e+07 	
2.14654551e+06 	 1.954164e-04 	 3.599140e+07 	
2.14846859e+06 	 1.946798e-04 	 3.594744e+07 	
2.15019273e+06 	 1.940231e-04 	 3.590811e+07 	
2.16269273e+06 	 1.892274e-04 	 3.562511e+07 	
2.17519273e+06 	 1.845840e-04 	 3.534625e+07 	
2.17719273e+06 	 1.838716e-04 	 3.530205e+07 	
2.17897844e+06 	 1.832380e-04 	 3.526268e+07 	
2.19147844e+06 	 1.787778e-04 	 3.498906e+07 	
2.20397844e+06 	 1.744577e-04 	 3.471940e+07 	
2.20590152e+06 	 1.738209e-04 	 3.467830e+07 	
2.20768723e+06 	 1.732331e-04 	 3.464022e+07 	
2.21153339e+06 	 1.719467e-04 	 3.455838e+07 	
2.22820005e+06 	 1.664825e-04 	 3.420783e+07 	
2.23320005e+06 	 1.648959e-04 	 3.410398e+07 	
2.23520005e+06 	 1.642791e-04 	 3.406264e+07 	
2.23705191e+06 	 1.637081e-04 	 3.402443e+07 	
2.24538524e+06 	 1.611207e-04 	 3.385337e+07 	
2.26205191e+06 	 1.560898e-04 	 3.351601e+07 	
2.26422582e+06 	 1.554640e-04 	 3.347251e+07 	
2.26614890e+06 	 1.549143e-04 	 3.343411e+07 	
2.26793461e+06 	 1.544032e-04 	 3.339853e+07 	
2.27626794e+06 	 1.520007e-04 	 3.323328e+07 	
2.29293461e+06 	 1.473317e-04 	 3.290732e+07 	
2.29510852e+06 	 1.467505e-04 	 3.286529e+07 	
2.29710852e+06 	 1.462191e-04 	 3.282670e+07 	
2.30095468e+06 	 1.451830e-04 	 3.275268e+07 	
2.31762134e+06 	 1.407758e-04 	 3.243541e+07 	
2.32317690e+06 	 1.393530e-04 	 3.233096e+07 	
2.32580848e+06 	 1.386954e-04 	 3.228172e+07 	
2.34247514e+06 	 1.345447e-04 	 3.197291e+07 	
2.35247514e+06 	 1.321338e-04 	 3.179028e+07 	
2.35541632e+06 	 1.314461e-04 	 3.173696e+07 	
2.35804790e+06 	 1.308256e-04 	 3.168938e+07 	
2.38304790e+06 	 1.250994e-04 	 3.124381e+07 	
2.38617290e+06 	 1.244178e-04 	 3.118897e+07 	
2.38895068e+06 	 1.238166e-04 	 3.114037e+07 	
2.39145068e+06 	 1.232702e-04 	 3.109674e+07 	
2.41645068e+06 	 1.179592e-04 	 3.066650e+07 	
2.41957568e+06 	 1.173268e-04 	 3.061354e+07 	
2.42235346e+06 	 1.167677e-04 	 3.056660e+07 	
2.43235346e+06 	 1.147543e-04 	 3.039864e+07 	
2.44902012e+06 	 1.114904e-04 	 3.012249e+07 	
2.45196130e+06 	 1.109373e-04 	 3.007428e+07 	
2.45459288e+06 	 1.104460e-04 	 3.003126e+07 	
2.45697383e+06 	 1.099996e-04 	 2.999243e+07 	
2.46947383e+06 	 1.076674e-04 	 2.979000e+07 	
2.48197383e+06 	 1.054021e-04 	 2.959012e+07 	
2.48491501e+06 	 1.048870e-04 	 2.954348e+07 	
2.48754659e+06 	 1.044221e-04 	 2.950185e+07 	
2.51254659e+06 	 1.001184e-04 	 2.911168e+07 	
2.51567159e+06 	 9.960591e-05 	 2.906362e+07 	
2.51844936e+06 	 9.915383e-05 	 2.902102e+07 	
2.52108094e+06 	 9.872196e-05 	 2.898076e+07 	
2.54608094e+06 	 9.471228e-05 	 2.860327e+07 	
2.54871252e+06 	 9.431148e-05 	 2.856410e+07 	
2.55109347e+06 	 9.395128e-05 	 2.852876e+07 	
2.55326739e+06 	 9.362320e-05 	 2.849655e+07 	
2.56326739e+06 	 9.210201e-05 	 2.834915e+07 	
2.57993405e+06 	 8.963231e-05 	 2.810661e+07 	
2.58231501e+06 	 8.929490e-05 	 2.807231e+07 	
2.58448892e+06 	 8.898878e-05 	 2.804106e+07 	
2.58686987e+06 	 8.864980e-05 	 2.800689e+07 	
2.59936987e+06 	 8.687634e-05 	 2.782869e+07 	
2.61186987e+06 	 8.515161e-05 	 2.765261e+07 	
2.61464765e+06 	 8.477975e-05 	 2.761378e+07 	
2.62464765e+06 	 8.343966e-05 	 2.747478e+07 	
2.64131432e+06 	 8.126294e-05 	 2.724598e+07 	
2.64381432e+06 	 8.095030e-05 	 2.721200e+07 	
2.64608704e+06 	 8.066788e-05 	 2.718118e+07 	
2.64817038e+06 	 8.040894e-05 	 2.715298e+07 	
2.66483704e+06 	 7.833077e-05 	 2.692912e+07 	
2.67483704e+06 	 7.711974e-05 	 2.679647e+07 	
2.67761482e+06 	 7.679197e-05 	 2.675986e+07 	
2.68761482e+06 	 7.561030e-05 	 2.662875e+07 	
2.70428149e+06 	 7.368979e-05 	 2.641288e+07 	
2.70678149e+06 	 7.341417e-05 	 2.638082e+07 	
2.70905421e+06 	 7.316519e-05 	 2.635173e+07 	
2.71113755e+06 	 7.293644e-05 	 2.632512e+07 	
2.72113755e+06 	 7.182886e-05 	 2.619794e+07 	
2.73780421e+06 	 7.002837e-05 	 2.598852e+07 	
2.74018517e+06 	 6.978251e-05 	 2.595888e+07 	
2.74235908e+06 	 6.955743e-05 	 2.593188e+07 	
2.75235908e+06 	 6.851498e-05 	 2.580822e+07 	
2.76902575e+06 	 6.681994e-05 	 2.560456e+07 	
2.77152575e+06 	 6.657667e-05 	 2.557430e+07 	
2.77379847e+06 	 6.635482e-05 	 2.554684e+07 	
2.78379847e+06 	 6.537315e-05 	 2.542658e+07 	
2.80046514e+06 	 6.377660e-05 	 2.522848e+07 	
2.80296514e+06 	 6.354748e-05 	 2.519905e+07 	
2.80534609e+06 	 6.332831e-05 	 2.517107e+07 	
2.81534609e+06 	 6.240334e-05 	 2.505408e+07 	
2.83201276e+06 	 6.089864e-05 	 2.486135e+07 	
2.83464434e+06 	 6.067117e-05 	 2.483121e+07 	
2.83702529e+06 	 6.046447e-05 	 2.480398e+07 	
2.84702529e+06 	 5.959240e-05 	 2.469016e+07 	
2.86369196e+06 	 5.817346e-05 	 2.450260e+07 	
2.86632354e+06 	 5.795893e-05 	 2.447326e+07 	
2.86870449e+06 	 5.776387e-05 	 2.444677e+07 	
2.87870449e+06 	 5.694107e-05 	 2.433598e+07 	
2.89537116e+06 	 5.560201e-05 	 2.415340e+07 	
2.89800273e+06 	 5.539955e-05 	 2.412483e+07 	
2.90038369e+06 	 5.521533e-05 	 2.409903e+07 	
2.91038369e+06 	 5.443844e-05 	 2.399116e+07 	
2.92705035e+06 	 5.317387e-05 	 2.381337e+07 	
2.92968193e+06 	 5.298267e-05 	 2.378555e+07 	
2.93206288e+06 	 5.280857e-05 	 2.376042e+07 	
2.94206288e+06 	 5.207451e-05 	 2.365536e+07 	
2.95872955e+06 	 5.087946e-05 	 2.348217e+07 	
2.96136113e+06 	 5.069868e-05 	 2.345507e+07 	
2.96520728e+06 	 5.043361e-05 	 2.341555e+07 	
2.99020728e+06 	 4.872189e-05 	 2.316148e+07 	
2.99314846e+06 	 4.853056e-05 	 2.313196e+07 	
2.99578004e+06 	 4.835829e-05 	 2.310560e+07 	
3.00578004e+06 	 4.770222e-05 	 2.300586e+07 	
3.02244671e+06 	 4.663367e-05 	 2.284142e+07 	
3.02522448e+06 	 4.646294e-05 	 2.281425e+07 	
3.02772448e+06 	 4.630812e-05 	 2.278984e+07 	
3.03772448e+06 	 4.568718e-05 	 2.269264e+07 	
3.05439115e+06 	 4.467570e-05 	 2.253233e+07 	
3.05716893e+06 	 4.451372e-05 	 2.250585e+07 	
3.06216893e+06 	 4.421863e-05 	 2.245828e+07 	
3.07883560e+06 	 4.324778e-05 	 2.230104e+07 	
3.08597845e+06 	 4.284208e-05 	 2.223429e+07 	
3.09052391e+06 	 4.258888e-05 	 2.219203e+07 	
3.11552391e+06 	 4.120919e-05 	 2.196208e+07 	
3.11885724e+06 	 4.103364e-05 	 2.193179e+07 	
3.12340269e+06 	 4.079395e-05 	 2.189059e+07 	
3.14840269e+06 	 3.948773e-05 	 2.166641e+07 	
3.15173603e+06 	 3.932127e-05 	 2.163687e+07 	
3.16423603e+06 	 3.869406e-05 	 2.152668e+07 	
3.18090269e+06 	 3.787589e-05 	 2.138137e+07 	
3.18645825e+06 	 3.761123e-05 	 2.133337e+07 	
3.21145825e+06 	 3.643371e-05 	 2.111969e+07 	
3.21502968e+06 	 3.627292e-05 	 2.108952e+07 	
3.22002968e+06 	 3.604610e-05 	 2.104739e+07 	
3.23669635e+06 	 3.529813e-05 	 2.090804e+07 	
3.24502968e+06 	 3.493326e-05 	 2.083902e+07 	
3.25058523e+06 	 3.469321e-05 	 2.079325e+07 	
3.26725190e+06 	 3.398089e-05 	 2.065701e+07 	
3.27558523e+06 	 3.363266e-05 	 2.058953e+07 	
3.28808523e+06 	 3.311876e-05 	 2.048907e+07 	
3.30475190e+06 	 3.244804e-05 	 2.035653e+07 	
3.31100190e+06 	 3.220344e-05 	 2.030726e+07 	
3.33600190e+06 	 3.123732e-05 	 2.011229e+07 	
3.34016857e+06 	 3.108227e-05 	 2.008016e+07 	
3.35266857e+06 	 3.061747e-05 	 1.998428e+07 	
3.36933523e+06 	 3.001062e-05 	 1.985775e+07 	
3.37558523e+06 	 2.978803e-05 	 1.981070e+07 	
3.40058523e+06 	 2.891438e-05 	 1.962451e+07 	
3.42558523e+06 	 2.807359e-05 	 1.944157e+07 	
3.45058523e+06 	 2.726394e-05 	 1.926179e+07 	
3.47558523e+06 	 2.648395e-05 	 1.908508e+07 	
3.50058523e+06 	 2.573238e-05 	 1.891139e+07 	
3.52558523e+06 	 2.500798e-05 	 1.874062e+07 	
3.55058523e+06 	 2.430944e-05 	 1.857271e+07 	
3.57558523e+06 	 2.363564e-05 	 1.840759e+07 	
3.60058523e+06 	 2.298548e-05 	 1.824519e+07 	
3.62558523e+06 	 2.235797e-05 	 1.808544e+07 	
3.65058523e+06 	 2.175191e-05 	 1.792829e+07 	
3.66725190e+06 	 2.135983e-05 	 1.782493e+07 	
3.67725190e+06 	 2.112945e-05 	 1.776345e+07 	
3.70225190e+06 	 2.056548e-05 	 1.761146e+07 	
3.72725190e+06 	 2.002061e-05 	 1.746187e+07 	
3.75225190e+06 	 1.949401e-05 	 1.731465e+07 	
3.77725190e+06 	 1.898506e-05 	 1.716972e+07 	
3.80225190e+06 	 1.849297e-05 	 1.702704e+07 	
3.82725190e+06 	 1.801704e-05 	 1.688656e+07 	
3.85225190e+06 	 1.755663e-05 	 1.674823e+07 	
3.87725190e+06 	 1.711112e-05 	 1.661200e+07 	
3.90225190e+06 	 1.667996e-05 	 1.647783e+07 	
3.92725190e+06 	 1.626256e-05 	 1.634566e+07 	
3.95225190e+06 	 1.585839e-05 	 1.621546e+07 	
3.97725190e+06 	 1.546699e-05 	 1.608718e+07 	
4.00225190e+06 	 1.508782e-05 	 1.596079e+07 	
4.02725190e+06 	 1.472042e-05 	 1.583624e+07 	
4.05225190e+06 	 1.436435e-05 	 1.571349e+07 	
4.07725190e+06 	 1.401922e-05 	 1.559250e+07 	
4.10225190e+06 	 1.368456e-05 	 1.547324e+07 	
4.12725190e+06 	 1.336008e-05 	 1.535568e+07 	
4.15225190e+06 	 1.304533e-05 	 1.523977e+07 	
4.17725190e+06 	 1.273992e-05 	 1.512549e+07 	
4.20225190e+06 	 1.244361e-05 	 1.501279e+07 	
4.22725190e+06 	 1.215601e-05 	 1.490166e+07 	
4.25225190e+06 	 1.187681e-05 	 1.479205e+07 	
4.27725190e+06 	 1.160569e-05 	 1.468394e+07 	
4.30225190e+06 	 1.134236e-05 	 1.457730e+07 	
4.32725190e+06 	 1.108659e-05 	 1.447209e+07 	
4.35225190e+06 	 1.083798e-05 	 1.436830e+07 	
4.37725190e+06 	 1.059642e-05 	 1.426590e+07 	
4.40225190e+06 	 1.036155e-05 	 1.416485e+07 	
4.41891857e+06 	 1.020861e-05 	 1.409823e+07 	
4.42077042e+06 	 1.019275e-05 	 1.409089e+07 	
4.42255613e+06 	 1.017752e-05 	 1.408382e+07 	
4.42428027e+06 	 1.016287e-05 	 1.407700e+07 	
4.42594694e+06 	 1.014876e-05 	 1.407042e+07 	
4.42755984e+06 	 1.013514e-05 	 1.406405e+07 	
4.42907499e+06 	 1.012239e-05 	 1.405807e+07 	
4.43054558e+06 	 1.011007e-05 	 1.405227e+07 	
4.43197415e+06 	 1.009813e-05 	 1.404665e+07 	
4.43336304e+06 	 1.008656e-05 	 1.404118e+07 	
4.43471439e+06 	 1.007533e-05 	 1.403587e+07 	
4.43603018e+06 	 1.006444e-05 	 1.403070e+07 	
4.43731223e+06 	 1.005385e-05 	 1.402567e+07 	
4.43856223e+06 	 1.004356e-05 	 1.402077e+07 	
4.43978175e+06 	 1.003354e-05 	 1.401599e+07 	
4.44097222e+06 	 1.002377e-05 	 1.401132e+07 	
4.44375000e+06 	 9.999338e-06 	 1.400039e+07 	
4.46875000e+06 	 9.778402e-06 	 1.390272e+07 	
4.49375000e+06 	 9.564188e-06 	 1.380635e+07 	
4.51875000e+06 	 9.356239e-06 	 1.371124e+07 	
4.54375000e+06 	 9.154107e-06 	 1.361738e+07 	
4.56875000e+06 	 8.957348e-06 	 1.352474e+07 	
4.59375000e+06 	 8.765535e-06 	 1.343330e+07 	
4.61875000e+06 	 8.578264e-06 	 1.334303e+07 	
4.64375000e+06 	 8.395158e-06 	 1.325393e+07 	
4.66875000e+06 	 8.215877e-06 	 1.316597e+07 	
4.69375000e+06 	 8.040095e-06 	 1.307915e+07 	
4.71875000e+06 	 7.867439e-06 	 1.299346e+07 	
4.74375000e+06 	 7.697296e-06 	 1.290892e+07 	
4.76875000e+06 	 7.529126e-06 	 1.282552e+07 	
4.79375000e+06 	 7.362034e-06 	 1.274329e+07 	
4.81875000e+06 	 7.195048e-06 	 1.266223e+07 	
4.84375000e+06 	 7.027154e-06 	 1.258239e+07 	
4.86875000e+06 	 6.856723e-06 	 1.250383e+07 	
4.89375000e+06 	 6.682105e-06 	 1.242663e+07 	
4.91875000e+06 	 6.501389e-06 	 1.235086e+07 	
4.94375000e+06 	 6.312522e-06 	 1.227664e+07 	
4.96875000e+06 	 6.113106e-06 	 1.220409e+07 	
4.99375000e+06 	 5.899875e-06 	 1.213344e+07 	
5.00000000e+06 	 5.844223e-06 	 1.211609e+07 	
