r (km)        	 rho (g/cm3) 	 T (K)       	 P (dyne/cm2) 		 Linf = 3.142638e+38
1.20000569e+01 	 1.300951e+05 	 1.240404e+09 	 1.604931e+22
1.20049965e+01 	 6.303018e+04 	 1.030054e+09 	 6.881634e+21
1.20091383e+01 	 3.169189e+04 	 8.640987e+08 	 3.108162e+21
1.20132800e+01 	 1.460882e+04 	 7.094900e+08 	 1.282539e+21
1.20166333e+01 	 7.247592e+03 	 5.939650e+08 	 5.810067e+20
1.20198497e+01 	 3.447645e+03 	 4.923965e+08 	 2.535514e+20
1.20223195e+01 	 1.850960e+03 	 4.211765e+08 	 1.277070e+20
1.20247893e+01 	 9.476642e+02 	 3.563107e+08 	 6.158830e+19
1.20272189e+01 	 4.677526e+02 	 2.990538e+08 	 2.884510e+19
1.20292049e+01 	 2.537409e+02 	 2.572537e+08 	 1.509287e+19
1.20311908e+01 	 1.336936e+02 	 2.200229e+08 	 7.734151e+18
1.20328981e+01 	 7.548724e+01 	 1.916594e+08 	 4.299995e+18
1.20346054e+01 	 4.195434e+01 	 1.665966e+08 	 2.376028e+18
1.20363127e+01 	 2.305367e+01 	 1.447170e+08 	 1.312997e+18
1.20380200e+01 	 1.259253e+01 	 1.258517e+08 	 7.309165e+17
1.20396233e+01 	 7.137503e+00 	 1.106912e+08 	 4.275880e+17
1.20412266e+01 	 4.069232e+00 	 9.779379e+07 	 2.553352e+17
1.20428299e+01 	 2.347099e+00 	 8.693311e+07 	 1.566869e+17
1.20444332e+01 	 1.377040e+00 	 7.787204e+07 	 9.938626e+16
1.20460365e+01 	 8.256575e-01 	 7.037314e+07 	 6.545504e+16
1.20481212e+01 	 4.412242e-01 	 6.258394e+07 	 4.040048e+16
1.20502058e+01 	 2.473897e-01 	 5.658827e+07 	 2.672833e+16
1.20522905e+01 	 1.458195e-01 	 5.198608e+07 	 1.888947e+16
1.20543751e+01 	 9.027471e-02 	 4.844746e+07 	 1.416469e+16
1.20569393e+01 	 5.330790e-02 	 4.517288e+07 	 1.065052e+16
1.20595034e+01 	 3.351131e-02 	 4.275274e+07 	 8.514106e+15
1.20620676e+01 	 2.224619e-02 	 4.093290e+07 	 7.136210e+15
1.20646318e+01 	 1.547448e-02 	 3.953810e+07 	 6.200920e+15
1.20686504e+01 	 9.470036e-03 	 3.793296e+07 	 5.243769e+15
1.20726691e+01 	 6.255201e-03 	 3.679350e+07 	 4.636084e+15
1.20775331e+01 	 4.097403e-03 	 3.580189e+07 	 4.152448e+15
1.20823972e+01 	 2.869349e-03 	 3.507915e+07 	 3.825016e+15
1.20872613e+01 	 2.116184e-03 	 3.452986e+07 	 3.589679e+15
1.20953949e+01 	 1.388372e-03 	 3.385489e+07 	 3.315854e+15
1.21019549e+01 	 1.050018e-03 	 3.345167e+07 	 3.160082e+15
1.21138774e+01 	 6.981463e-04 	 3.290872e+07 	 2.959247e+15
1.21189166e+01 	 6.051979e-04 	 3.272780e+07 	 2.894538e+15
1.21377045e+01 	 3.964474e-04 	 3.220332e+07 	 2.713046e+15
1.21490291e+01 	 3.268003e-04 	 3.196057e+07 	 2.632041e+15
1.21795928e+01 	 2.247907e-04 	 3.145063e+07 	 2.467871e+15
1.21974721e+01 	 1.931132e-04 	 3.121026e+07 	 2.393233e+15
1.22720843e+01 	 1.342119e-04 	 3.040844e+07 	 2.156530e+15
1.23466966e+01 	 1.134077e-04 	 2.974223e+07 	 1.973640e+15
1.24908333e+01 	 9.518527e-05 	 2.857354e+07 	 1.681233e+15
1.25125000e+01 	 9.325883e-05 	 2.840473e+07 	 1.641851e+15
1.25775000e+01 	 8.784144e-05 	 2.790470e+07 	 1.529256e+15
1.26425000e+01 	 8.292012e-05 	 2.741420e+07 	 1.424535e+15
1.27075000e+01 	 7.829469e-05 	 2.693227e+07 	 1.326975e+15
1.27725000e+01 	 7.389596e-05 	 2.645895e+07 	 1.236121e+15
1.28375000e+01 	 6.960450e-05 	 2.599466e+07 	 1.151613e+15
1.29025000e+01 	 6.518603e-05 	 2.554049e+07 	 1.073215e+15
1.29675000e+01 	 6.018904e-05 	 2.510052e+07 	 1.001150e+15
1.30000000e+01 	 5.726243e-05 	 2.488801e+07 	 9.676720e+14
