r (km)        	 rho (g/cm3) 	 T (K)       	 P (dyne/cm2) 		 Linf = 3.343325e+38
1.20000319e+01 	 1.241803e+05 	 1.257338e+09 	 1.604931e+22
1.20028999e+01 	 8.385859e+04 	 1.137890e+09 	 1.017408e+22
1.20074708e+01 	 4.225595e+04 	 9.566021e+08 	 4.625485e+21
1.20120417e+01 	 1.958598e+04 	 7.882420e+08 	 1.932340e+21
1.20157612e+01 	 9.767105e+03 	 6.623177e+08 	 8.867466e+20
1.20193402e+01 	 4.683135e+03 	 5.518089e+08 	 3.941327e+20
1.20221136e+01 	 2.528544e+03 	 4.740811e+08 	 2.017407e+20
1.20248870e+01 	 1.310004e+03 	 4.037721e+08 	 9.983347e+19
1.20276279e+01 	 6.577956e+02 	 3.419465e+08 	 4.842775e+19
1.20298477e+01 	 3.670095e+02 	 2.975988e+08 	 2.655393e+19
1.20320674e+01 	 2.009526e+02 	 2.583990e+08 	 1.446304e+19
1.20342872e+01 	 1.085695e+02 	 2.242628e+08 	 7.888815e+18
1.20364220e+01 	 5.968881e+01 	 1.960362e+08 	 4.450089e+18
1.20385569e+01 	 3.285733e+01 	 1.720516e+08 	 2.560378e+18
1.20406917e+01 	 1.825472e+01 	 1.519641e+08 	 1.516913e+18
1.20428265e+01 	 1.031482e+01 	 1.353654e+08 	 9.333329e+17
1.20449614e+01 	 5.968458e+00 	 1.218112e+08 	 6.003138e+17
1.20475222e+01 	 3.218772e+00 	 1.089327e+08 	 3.768497e+17
1.20500831e+01 	 1.820669e+00 	 9.903861e+07 	 2.538115e+17
1.20526439e+01 	 1.082573e+00 	 9.146623e+07 	 1.826504e+17
1.20552048e+01 	 6.760478e-01 	 8.566196e+07 	 1.393846e+17
1.20587143e+01 	 3.818506e-01 	 7.979445e+07 	 1.041287e+17
1.20622238e+01 	 2.326529e-01 	 7.560804e+07 	 8.350446e+16
1.20657334e+01 	 1.511667e-01 	 7.255110e+07 	 7.055213e+16
1.20703694e+01 	 9.273421e-02 	 6.965027e+07 	 5.975028e+16
1.20750055e+01 	 6.124999e-02 	 6.758815e+07 	 5.288387e+16
1.20796416e+01 	 4.288365e-02 	 6.606531e+07 	 4.821774e+16
1.20842777e+01 	 3.145567e-02 	 6.490245e+07 	 4.487444e+16
1.20925362e+01 	 1.979613e-02 	 6.340048e+07 	 4.082505e+16
1.21007947e+01 	 1.357216e-02 	 6.234919e+07 	 3.816354e+16
1.21110628e+01 	 9.253115e-03 	 6.140853e+07 	 3.589790e+16
1.21213308e+01 	 6.767803e-03 	 6.071435e+07 	 3.429384e+16
1.21315989e+01 	 5.216356e-03 	 6.017471e+07 	 3.308563e+16
1.21491322e+01 	 3.653985e-03 	 5.947354e+07 	 3.156520e+16
1.21636415e+01 	 2.895825e-03 	 5.902503e+07 	 3.062125e+16
1.21884696e+01 	 2.129711e-03 	 5.842013e+07 	 2.938271e+16
1.22050984e+01 	 1.816108e-03 	 5.808817e+07 	 2.871954e+16
1.22533181e+01 	 1.310979e-03 	 5.731050e+07 	 2.721067e+16
1.22894809e+01 	 1.118155e-03 	 5.683115e+07 	 2.631108e+16
1.22989490e+01 	 1.081232e-03 	 5.671474e+07 	 2.609606e+16
1.22998959e+01 	 1.077771e-03 	 5.670327e+07 	 2.607494e+16
1.22999905e+01 	 1.077428e-03 	 5.670212e+07 	 2.607283e+16
1.23000000e+01 	 1.077393e-03 	 5.670201e+07 	 2.607262e+16
1.24000000e+01 	 8.555945e-04 	 5.560687e+07 	 2.411543e+16
1.25000000e+01 	 7.595329e-04 	 5.463639e+07 	 2.247531e+16
1.25666667e+01 	 7.191585e-04 	 5.402279e+07 	 2.148248e+16
1.26666667e+01 	 6.736678e-04 	 5.313365e+07 	 2.010270e+16
1.27666667e+01 	 6.365107e-04 	 5.227198e+07 	 1.883004e+16
1.28333333e+01 	 6.144338e-04 	 5.171055e+07 	 1.803399e+16
1.29333333e+01 	 5.833645e-04 	 5.088524e+07 	 1.690995e+16
1.30333333e+01 	 5.542631e-04 	 5.007913e+07 	 1.586361e+16
1.31333333e+01 	 5.271882e-04 	 4.929185e+07 	 1.488933e+16
1.32333333e+01 	 5.015272e-04 	 4.852214e+07 	 1.398088e+16
1.33333333e+01 	 4.774002e-04 	 4.776976e+07 	 1.313369e+16
1.34333333e+01 	 4.545824e-04 	 4.703396e+07 	 1.234300e+16
1.35333333e+01 	 4.329983e-04 	 4.631420e+07 	 1.160462e+16
1.36333333e+01 	 4.125334e-04 	 4.560995e+07 	 1.091472e+16
1.37000000e+01 	 3.995112e-04 	 4.514887e+07 	 1.048001e+16
1.38000000e+01 	 3.808683e-04 	 4.446950e+07 	 9.863317e+15
1.39000000e+01 	 3.631733e-04 	 4.380442e+07 	 9.286368e+15
1.40000000e+01 	 3.464174e-04 	 4.315329e+07 	 8.746408e+15
1.41000000e+01 	 3.305524e-04 	 4.251568e+07 	 8.240815e+15
1.42000000e+01 	 3.154954e-04 	 4.189109e+07 	 7.767122e+15
1.42666667e+01 	 3.059203e-04 	 4.148185e+07 	 7.468029e+15
1.43666667e+01 	 2.919565e-04 	 4.087786e+07 	 7.042486e+15
1.44666667e+01 	 2.788689e-04 	 4.028636e+07 	 6.643630e+15
1.45333333e+01 	 2.705972e-04 	 3.989875e+07 	 6.391615e+15
1.46333333e+01 	 2.585176e-04 	 3.932647e+07 	 6.032717e+15
1.47333333e+01 	 2.469472e-04 	 3.876516e+07 	 5.695602e+15
1.48333333e+01 	 2.360889e-04 	 3.821512e+07 	 5.379151e+15
1.49333333e+01 	 2.257511e-04 	 3.767558e+07 	 5.081741e+15
1.50333333e+01 	 2.159054e-04 	 3.714628e+07 	 4.802132e+15
1.51333333e+01 	 2.065298e-04 	 3.662698e+07 	 4.539179e+15
1.52333333e+01 	 1.976025e-04 	 3.611743e+07 	 4.291807e+15
1.53333333e+01 	 1.891011e-04 	 3.561737e+07 	 4.059010e+15
1.54333333e+01 	 1.810031e-04 	 3.512655e+07 	 3.839852e+15
1.55333333e+01 	 1.732873e-04 	 3.464472e+07 	 3.633462e+15
1.56333333e+01 	 1.659339e-04 	 3.417164e+07 	 3.439026e+15
1.57333333e+01 	 1.589253e-04 	 3.370708e+07 	 3.255793e+15
1.58333333e+01 	 1.522434e-04 	 3.325085e+07 	 3.083067e+15
1.59333333e+01 	 1.458323e-04 	 3.280259e+07 	 2.920144e+15
1.60000000e+01 	 1.418016e-04 	 3.250843e+07 	 2.816798e+15
1.61000000e+01 	 1.359137e-04 	 3.207334e+07 	 2.669000e+15
1.62000000e+01 	 1.302687e-04 	 3.164575e+07 	 2.529492e+15
1.62666667e+01 	 1.266587e-04 	 3.136485e+07 	 2.440868e+15
1.63333333e+01 	 1.231982e-04 	 3.108732e+07 	 2.355616e+15
1.64333333e+01 	 1.181210e-04 	 3.067663e+07 	 2.233583e+15
1.65333333e+01 	 1.132539e-04 	 3.027283e+07 	 2.118281e+15
1.66333333e+01 	 1.086478e-04 	 2.987605e+07 	 2.009390e+15
1.67333333e+01 	 1.042450e-04 	 2.948591e+07 	 1.906467e+15
1.68000000e+01 	 1.014413e-04 	 2.922953e+07 	 1.841021e+15
1.69000000e+01 	 9.734520e-05 	 2.885006e+07 	 1.747261e+15
1.70000000e+01 	 9.338772e-05 	 2.847661e+07 	 1.658534e+15
1.70666667e+01 	 9.091710e-05 	 2.823140e+07 	 1.602140e+15
1.71333333e+01 	 8.848902e-05 	 2.798868e+07 	 1.547750e+15
1.72333333e+01 	 8.494185e-05 	 2.762934e+07 	 1.469782e+15
1.73000000e+01 	 8.267096e-05 	 2.739304e+07 	 1.420141e+15
1.73666667e+01 	 8.048798e-05 	 2.715936e+07 	 1.372300e+15
1.74666667e+01 	 7.728616e-05 	 2.681326e+07 	 1.303675e+15
1.75666667e+01 	 7.421734e-05 	 2.647261e+07 	 1.238675e+15
1.76666667e+01 	 7.129853e-05 	 2.613743e+07 	 1.177123e+15
1.77666667e+01 	 6.849072e-05 	 2.580739e+07 	 1.118785e+15
1.78666667e+01 	 6.581758e-05 	 2.548259e+07 	 1.063517e+15
1.79666667e+01 	 6.325898e-05 	 2.516281e+07 	 1.011129e+15
1.80666667e+01 	 6.080658e-05 	 2.484790e+07 	 9.614555e+14
1.81666667e+01 	 5.844679e-05 	 2.453772e+07 	 9.143389e+14
1.82666667e+01 	 5.616661e-05 	 2.423209e+07 	 8.696274e+14
1.83666667e+01 	 5.398681e-05 	 2.393110e+07 	 8.272188e+14
1.84333333e+01 	 5.261926e-05 	 2.373321e+07 	 8.001955e+14
1.85333333e+01 	 5.060149e-05 	 2.343976e+07 	 7.613464e+14
1.86333333e+01 	 4.865641e-05 	 2.315057e+07 	 7.244631e+14
1.87333333e+01 	 4.679275e-05 	 2.286565e+07 	 6.894515e+14
1.88333333e+01 	 4.500521e-05 	 2.258490e+07 	 6.562095e+14
1.89333333e+01 	 4.328942e-05 	 2.230824e+07 	 6.246419e+14
1.90333333e+01 	 4.164173e-05 	 2.203560e+07 	 5.946608e+14
1.91333333e+01 	 4.004538e-05 	 2.176679e+07 	 5.661695e+14
1.92333333e+01 	 3.852430e-05 	 2.150204e+07 	 5.391232e+14
1.93333333e+01 	 3.705218e-05 	 2.124115e+07 	 5.134295e+14
1.94333333e+01 	 3.560534e-05 	 2.098393e+07 	 4.890087e+14
1.95333333e+01 	 3.419753e-05 	 2.073078e+07 	 4.658338e+14
1.96333333e+01 	 3.279596e-05 	 2.048186e+07 	 4.438600e+14
1.97333333e+01 	 3.136672e-05 	 2.023758e+07 	 4.230604e+14
1.98333333e+01 	 2.985926e-05 	 1.999865e+07 	 4.034321e+14
1.99333333e+01 	 2.818157e-05 	 1.976657e+07 	 3.850278e+14
2.00000000e+01 	 2.690199e-05 	 1.961674e+07 	 3.734854e+14
