r (km)        	 rho (g/cm3) 	 T (K)       	 P (dyne/cm2) 		 Linf = 3.566726e+38
1.19999940e+01 	 1.179013e+05 	 1.275239e+09 	 1.604931e+22
1.20006312e+01 	 1.086733e+05 	 1.249367e+09 	 1.461163e+22
1.20059457e+01 	 5.266624e+04 	 1.041821e+09 	 6.384250e+21
1.20104020e+01 	 2.678232e+04 	 8.804342e+08 	 2.980223e+21
1.20148583e+01 	 1.270159e+04 	 7.324298e+08 	 1.303190e+21
1.20185633e+01 	 6.455189e+03 	 6.208537e+08 	 6.233478e+20
1.20221796e+01 	 3.170727e+03 	 5.230151e+08 	 2.915648e+20
1.20251069e+01 	 1.722423e+03 	 4.523585e+08 	 1.539199e+20
1.20280343e+01 	 9.103807e+02 	 3.896574e+08 	 8.013600e+19
1.20309855e+01 	 4.684060e+02 	 3.346198e+08 	 4.133724e+19
1.20334163e+01 	 2.682059e+02 	 2.953873e+08 	 2.411229e+19
1.20358470e+01 	 1.531600e+02 	 2.614761e+08 	 1.427166e+19
1.20382778e+01 	 8.783463e+01 	 2.325900e+08 	 8.647363e+18
1.20411490e+01 	 4.624284e+01 	 2.043925e+08 	 4.987429e+18
1.20440203e+01 	 2.500605e+01 	 1.818543e+08 	 3.040148e+18
1.20468915e+01 	 1.401363e+01 	 1.640975e+08 	 1.971259e+18
1.20497628e+01 	 8.185408e+00 	 1.502468e+08 	 1.361391e+18
1.20526340e+01 	 4.995858e+00 	 1.394957e+08 	 9.981410e+17
1.20560833e+01 	 2.924516e+00 	 1.297073e+08 	 7.373344e+17
1.20595327e+01 	 1.816346e+00 	 1.224339e+08 	 5.804645e+17
1.20629820e+01 	 1.189786e+00 	 1.169622e+08 	 4.805945e+17
1.20664313e+01 	 8.165972e-01 	 1.127809e+08 	 4.137195e+17
1.20715090e+01 	 5.041150e-01 	 1.082442e+08 	 3.495985e+17
1.20765866e+01 	 3.337600e-01 	 1.049960e+08 	 3.086645e+17
1.20835272e+01 	 2.074674e-01 	 1.018573e+08 	 2.727644e+17
1.20904679e+01 	 1.394733e-01 	 9.965299e+07 	 2.495695e+17
1.20974086e+01 	 9.953278e-02 	 9.802974e+07 	 2.334995e+17
1.21043493e+01 	 7.441679e-02 	 9.678668e+07 	 2.217511e+17
1.21170028e+01 	 4.794322e-02 	 9.513481e+07 	 2.068616e+17
1.21296562e+01 	 3.366761e-02 	 9.396668e+07 	 1.968142e+17
1.21492225e+01 	 2.191759e-02 	 9.268903e+07 	 1.862666e+17
1.21687889e+01 	 1.575220e-02 	 9.177482e+07 	 1.789945e+17
1.21807667e+01 	 1.333163e-02 	 9.132437e+07 	 1.754936e+17
1.22090304e+01 	 9.715236e-03 	 9.046621e+07 	 1.689715e+17
1.22320754e+01 	 7.965777e-03 	 8.990526e+07 	 1.648107e+17
1.22749647e+01 	 6.057667e-03 	 8.905414e+07 	 1.586485e+17
1.23075216e+01 	 5.211185e-03 	 8.851160e+07 	 1.548135e+17
1.23750773e+01 	 4.205481e-03 	 8.754556e+07 	 1.481601e+17
1.23944586e+01 	 4.021281e-03 	 8.729437e+07 	 1.464662e+17
1.25047344e+01 	 3.380826e-03 	 8.598971e+07 	 1.379020e+17
1.25564575e+01 	 3.209811e-03 	 8.542472e+07 	 1.343127e+17
1.27490469e+01 	 2.834255e-03 	 8.345666e+07 	 1.223556e+17
1.28949061e+01 	 2.657006e-03 	 8.205441e+07 	 1.143371e+17
1.29094921e+01 	 2.641403e-03 	 8.191729e+07 	 1.135747e+17
1.29109507e+01 	 2.639858e-03 	 8.190361e+07 	 1.134988e+17
1.29110965e+01 	 2.639704e-03 	 8.190224e+07 	 1.134912e+17
1.29111111e+01 	 2.639037e-03 	 8.190184e+07 	 1.134890e+17
1.33111111e+01 	 2.279258e-03 	 7.832350e+07 	 9.491765e+16
1.37111111e+01 	 1.990581e-03 	 7.504759e+07 	 8.000646e+16
1.41111111e+01 	 1.748649e-03 	 7.203377e+07 	 6.790823e+16
1.45111111e+01 	 1.543790e-03 	 6.925188e+07 	 5.801012e+16
1.49111111e+01 	 1.369129e-03 	 6.667641e+07 	 4.985009e+16
1.53111111e+01 	 1.219718e-03 	 6.428580e+07 	 4.307618e+16
1.58111111e+01 	 1.062062e-03 	 6.152907e+07 	 3.614914e+16
1.62111111e+01 	 9.547640e-04 	 5.948896e+07 	 3.158799e+16
1.66111111e+01 	 8.611457e-04 	 5.758041e+07 	 2.772522e+16
1.70111111e+01 	 7.792283e-04 	 5.579143e+07 	 2.443687e+16
1.75111111e+01 	 6.908660e-04 	 5.370737e+07 	 2.098509e+16
1.80111111e+01 	 6.155262e-04 	 5.177552e+07 	 1.812479e+16
1.85111111e+01 	 5.503512e-04 	 4.997957e+07 	 1.573784e+16
1.87333333e+01 	 5.248030e-04 	 4.922181e+07 	 1.480489e+16
1.90666667e+01 	 4.889274e-04 	 4.812760e+07 	 1.353168e+16
1.97333333e+01 	 4.262157e-04 	 4.608171e+07 	 1.137336e+16
2.01333333e+01 	 3.937684e-04 	 4.493757e+07 	 1.028520e+16
2.06333333e+01 	 3.575647e-04 	 4.358664e+07 	 9.103063e+15
2.11333333e+01 	 3.255872e-04 	 4.231658e+07 	 8.087530e+15
2.16333333e+01 	 2.975095e-04 	 4.112102e+07 	 7.211556e+15
2.21333333e+01 	 2.725455e-04 	 3.999329e+07 	 6.452412e+15
2.24666667e+01 	 2.574331e-04 	 3.927636e+07 	 6.002030e+15
2.28000000e+01 	 2.434279e-04 	 3.858564e+07 	 5.590826e+15
2.32000000e+01 	 2.279320e-04 	 3.778939e+07 	 5.143425e+15
2.35333333e+01 	 2.160215e-04 	 3.715156e+07 	 4.804866e+15
2.38666667e+01 	 2.049343e-04 	 3.653583e+07 	 4.494161e+15
2.42000000e+01 	 1.945998e-04 	 3.594108e+07 	 4.208594e+15
2.45333333e+01 	 1.849597e-04 	 3.536628e+07 	 3.945755e+15
2.48666667e+01 	 1.759471e-04 	 3.481044e+07 	 3.703484e+15
2.52000000e+01 	 1.675180e-04 	 3.427267e+07 	 3.479877e+15
2.55333333e+01 	 1.596195e-04 	 3.375208e+07 	 3.273215e+15
2.58666667e+01 	 1.522248e-04 	 3.324794e+07 	 3.081990e+15
2.62666667e+01 	 1.439104e-04 	 3.266341e+07 	 2.870901e+15
2.69333333e+01 	 1.313923e-04 	 3.173624e+07 	 2.558548e+15
2.76000000e+01 	 1.203453e-04 	 3.086345e+07 	 2.288493e+15
2.82666667e+01 	 1.105442e-04 	 3.004049e+07 	 2.053995e+15
2.87666667e+01 	 1.038806e-04 	 2.945328e+07 	 1.898042e+15
2.91666667e+01 	 9.894472e-05 	 2.900095e+07 	 1.784103e+15
2.98333333e+01 	 9.137694e-05 	 2.827924e+07 	 1.613027e+15
3.03333333e+01 	 8.623490e-05 	 2.776293e+07 	 1.498415e+15
3.10000000e+01 	 7.996081e-05 	 2.710533e+07 	 1.361411e+15
3.16666667e+01 	 7.429995e-05 	 2.648064e+07 	 1.240180e+15
3.23333333e+01 	 6.916568e-05 	 2.588642e+07 	 1.132552e+15
3.30000000e+01 	 6.451447e-05 	 2.532063e+07 	 1.036736e+15
3.40000000e+01 	 5.830981e-05 	 2.452092e+07 	 9.118361e+14
3.46666667e+01 	 5.463307e-05 	 2.401797e+07 	 8.392958e+14
3.53333333e+01 	 5.127180e-05 	 2.353730e+07 	 7.740984e+14
3.63333333e+01 	 4.672372e-05 	 2.285472e+07 	 6.881346e+14
3.70000000e+01 	 4.399326e-05 	 2.242354e+07 	 6.376553e+14
3.80000000e+01 	 4.031747e-05 	 2.180997e+07 	 5.706755e+14
3.86666667e+01 	 3.810793e-05 	 2.142146e+07 	 5.310866e+14
3.96666667e+01 	 3.508312e-05 	 2.086685e+07 	 4.781860e+14
4.06666667e+01 	 3.238561e-05 	 2.034376e+07 	 4.320103e+14
4.13333333e+01 	 3.073855e-05 	 2.001115e+07 	 4.044425e+14
4.20000000e+01 	 2.921233e-05 	 1.969077e+07 	 3.791570e+14
4.26666667e+01 	 2.779161e-05 	 1.938190e+07 	 3.559211e+14
4.36666667e+01 	 2.585061e-05 	 1.893911e+07 	 3.244941e+14
4.43333333e+01 	 2.465272e-05 	 1.865648e+07 	 3.055534e+14
4.53333333e+01 	 2.300786e-05 	 1.825050e+07 	 2.798127e+14
4.63333333e+01 	 2.151083e-05 	 1.786445e+07 	 2.568781e+14
4.73333333e+01 	 2.014615e-05 	 1.749693e+07 	 2.363826e+14
4.80000000e+01 	 1.931108e-05 	 1.726172e+07 	 2.239258e+14
4.90000000e+01 	 1.814058e-05 	 1.692237e+07 	 2.068296e+14
5.00000000e+01 	 1.706916e-05 	 1.659841e+07 	 1.914406e+14
5.06666667e+01 	 1.639988e-05 	 1.639038e+07 	 1.820219e+14
5.16666667e+01 	 1.547178e-05 	 1.608987e+07 	 1.690355e+14
5.26666667e+01 	 1.461784e-05 	 1.580226e+07 	 1.572694e+14
5.33333333e+01 	 1.409029e-05 	 1.561736e+07 	 1.500367e+14
5.43333333e+01 	 1.334356e-05 	 1.534946e+07 	 1.400036e+14
5.53333333e+01 	 1.265300e-05 	 1.509245e+07 	 1.308597e+14
5.63333333e+01 	 1.201317e-05 	 1.484568e+07 	 1.225088e+14
5.73333333e+01 	 1.141961e-05 	 1.460857e+07 	 1.148675e+14
5.83333333e+01 	 1.086847e-05 	 1.438057e+07 	 1.078627e+14
5.93333333e+01 	 1.035537e-05 	 1.416117e+07 	 1.014293e+14
6.03333333e+01 	 9.877079e-06 	 1.394989e+07 	 9.551029e+13
6.13333333e+01 	 9.430684e-06 	 1.374630e+07 	 9.005554e+13
6.23333333e+01 	 9.013459e-06 	 1.355000e+07 	 8.502046e+13
6.33333333e+01 	 8.622885e-06 	 1.336059e+07 	 8.036543e+13
6.43333333e+01 	 8.257172e-06 	 1.317774e+07 	 7.605542e+13
6.53333333e+01 	 7.914104e-06 	 1.300111e+07 	 7.205891e+13
6.63333333e+01 	 7.591837e-06 	 1.283039e+07 	 6.834792e+13
6.73333333e+01 	 7.288773e-06 	 1.266529e+07 	 6.489733e+13
6.83333333e+01 	 7.003484e-06 	 1.250554e+07 	 6.168456e+13
6.93333333e+01 	 6.734699e-06 	 1.235090e+07 	 5.868950e+13
7.03333333e+01 	 6.481158e-06 	 1.220112e+07 	 5.589394e+13
7.13333333e+01 	 6.241738e-06 	 1.205598e+07 	 5.328143e+13
7.23333333e+01 	 6.015451e-06 	 1.191527e+07 	 5.083711e+13
7.33333333e+01 	 5.801421e-06 	 1.177879e+07 	 4.854764e+13
7.43333333e+01 	 5.598763e-06 	 1.164636e+07 	 4.640086e+13
7.53333333e+01 	 5.406682e-06 	 1.151780e+07 	 4.438574e+13
7.63333333e+01 	 5.224468e-06 	 1.139294e+07 	 4.249219e+13
7.73333333e+01 	 5.051516e-06 	 1.127164e+07 	 4.071115e+13
7.83333333e+01 	 4.887212e-06 	 1.115373e+07 	 3.903433e+13
7.93333333e+01 	 4.730985e-06 	 1.103910e+07 	 3.745411e+13
8.03333333e+01 	 4.582296e-06 	 1.092759e+07 	 3.596352e+13
8.13333333e+01 	 4.440755e-06 	 1.081908e+07 	 3.455631e+13
8.23333333e+01 	 4.305850e-06 	 1.071347e+07 	 3.322659e+13
8.33333333e+01 	 4.177187e-06 	 1.061063e+07 	 3.196902e+13
8.43333333e+01 	 4.054433e-06 	 1.051045e+07 	 3.077874e+13
8.53333333e+01 	 3.937218e-06 	 1.041285e+07 	 2.965124e+13
8.63333333e+01 	 3.825211e-06 	 1.031771e+07 	 2.858237e+13
8.73333333e+01 	 3.718105e-06 	 1.022495e+07 	 2.756829e+13
8.83333333e+01 	 3.615656e-06 	 1.013448e+07 	 2.660550e+13
8.93333333e+01 	 3.517577e-06 	 1.004623e+07 	 2.569074e+13
9.03333333e+01 	 3.423607e-06 	 9.960094e+06 	 2.482097e+13
9.13333333e+01 	 3.333578e-06 	 9.876021e+06 	 2.399346e+13
9.23333333e+01 	 3.247231e-06 	 9.793930e+06 	 2.320559e+13
9.33333333e+01 	 3.164366e-06 	 9.713750e+06 	 2.245496e+13
9.43333333e+01 	 3.084810e-06 	 9.635416e+06 	 2.173935e+13
9.53333333e+01 	 3.008419e-06 	 9.558870e+06 	 2.105673e+13
9.63333333e+01 	 2.935008e-06 	 9.484051e+06 	 2.040516e+13
9.73333333e+01 	 2.864424e-06 	 9.410900e+06 	 1.978287e+13
9.83333333e+01 	 2.796503e-06 	 9.339360e+06 	 1.918814e+13
9.93333333e+01 	 2.731155e-06 	 9.269384e+06 	 1.861950e+13
1.00333333e+02 	 2.668234e-06 	 9.200920e+06 	 1.807546e+13
1.01333333e+02 	 2.607621e-06 	 9.133919e+06 	 1.755468e+13
1.02333333e+02 	 2.549210e-06 	 9.068336e+06 	 1.705590e+13
1.03333333e+02 	 2.492894e-06 	 9.004126e+06 	 1.657794e+13
1.04333333e+02 	 2.438572e-06 	 8.941248e+06 	 1.611969e+13
1.05333333e+02 	 2.386150e-06 	 8.879660e+06 	 1.568013e+13
1.06333333e+02 	 2.335542e-06 	 8.819323e+06 	 1.525827e+13
1.07333333e+02 	 2.286682e-06 	 8.760202e+06 	 1.485322e+13
1.08333333e+02 	 2.239478e-06 	 8.702259e+06 	 1.446413e+13
1.09333333e+02 	 2.193825e-06 	 8.645457e+06 	 1.409016e+13
1.10333333e+02 	 2.149732e-06 	 8.589771e+06 	 1.373063e+13
1.11333333e+02 	 2.107093e-06 	 8.535164e+06 	 1.338479e+13
1.12333333e+02 	 2.065726e-06 	 8.481593e+06 	 1.305190e+13
1.13333333e+02 	 2.025673e-06 	 8.429040e+06 	 1.273141e+13
1.14333333e+02 	 1.986843e-06 	 8.377474e+06 	 1.242271e+13
1.15333333e+02 	 1.949139e-06 	 8.326867e+06 	 1.212524e+13
1.16333333e+02 	 1.913326e-06 	 8.277248e+06 	 1.183880e+13
1.17333333e+02 	 1.878121e-06 	 8.228500e+06 	 1.156236e+13
1.18333333e+02 	 1.843988e-06 	 8.180639e+06 	 1.129569e+13
1.19333333e+02 	 1.810885e-06 	 8.133639e+06 	 1.103833e+13
1.20333333e+02 	 1.778768e-06 	 8.087478e+06 	 1.078987e+13
1.21333333e+02 	 1.747599e-06 	 8.042134e+06 	 1.054991e+13
1.22333333e+02 	 1.717349e-06 	 7.997587e+06 	 1.031810e+13
1.23333333e+02 	 1.687964e-06 	 7.953813e+06 	 1.009404e+13
1.24333333e+02 	 1.659429e-06 	 7.910796e+06 	 9.877438e+12
1.25333333e+02 	 1.631704e-06 	 7.868514e+06 	 9.667955e+12
1.26333333e+02 	 1.604756e-06 	 7.826950e+06 	 9.465289e+12
1.27333333e+02 	 1.578567e-06 	 7.786087e+06 	 9.269166e+12
1.28333333e+02 	 1.553088e-06 	 7.745904e+06 	 9.079290e+12
1.29333333e+02 	 1.528309e-06 	 7.706386e+06 	 8.895422e+12
1.30333333e+02 	 1.504206e-06 	 7.667519e+06 	 8.717318e+12
1.31333333e+02 	 1.480747e-06 	 7.629285e+06 	 8.544739e+12
1.32333333e+02 	 1.457910e-06 	 7.591669e+06 	 8.377463e+12
1.33333333e+02 	 1.435678e-06 	 7.554658e+06 	 8.215285e+12
1.34333333e+02 	 1.414026e-06 	 7.518236e+06 	 8.058000e+12
1.35333333e+02 	 1.392920e-06 	 7.482387e+06 	 7.905403e+12
1.36333333e+02 	 1.372359e-06 	 7.447101e+06 	 7.757330e+12
1.37333333e+02 	 1.352321e-06 	 7.412365e+06 	 7.613607e+12
1.38333333e+02 	 1.332785e-06 	 7.378165e+06 	 7.474064e+12
1.39333333e+02 	 1.313733e-06 	 7.344490e+06 	 7.338543e+12
1.40333333e+02 	 1.295154e-06 	 7.311329e+06 	 7.206899e+12
1.41333333e+02 	 1.277027e-06 	 7.278669e+06 	 7.078985e+12
1.42333333e+02 	 1.259325e-06 	 7.246496e+06 	 6.954651e+12
1.43333333e+02 	 1.242049e-06 	 7.214804e+06 	 6.833783e+12
1.44333333e+02 	 1.225180e-06 	 7.183582e+06 	 6.716257e+12
1.45333333e+02 	 1.208697e-06 	 7.152819e+06 	 6.601949e+12
1.46333333e+02 	 1.192580e-06 	 7.122508e+06 	 6.490750e+12
1.47333333e+02 	 1.176910e-06 	 7.092629e+06 	 6.382518e+12
1.48333333e+02 	 1.161627e-06 	 7.063179e+06 	 6.277171e+12
1.49333333e+02 	 1.146718e-06 	 7.034153e+06 	 6.174619e+12
1.50333333e+02 	 1.132126e-06 	 7.005533e+06 	 6.074742e+12
1.51333333e+02 	 1.117843e-06 	 6.977315e+06 	 5.977455e+12
1.52333333e+02 	 1.103863e-06 	 6.949491e+06 	 5.882675e+12
1.53333333e+02 	 1.090176e-06 	 6.922054e+06 	 5.790323e+12
1.54333333e+02 	 1.076774e-06 	 6.894997e+06 	 5.700321e+12
1.55333333e+02 	 1.063648e-06 	 6.868315e+06 	 5.612596e+12
1.56333333e+02 	 1.050791e-06 	 6.842000e+06 	 5.527073e+12
1.57333333e+02 	 1.038194e-06 	 6.816046e+06 	 5.443683e+12
1.58333333e+02 	 1.025847e-06 	 6.790445e+06 	 5.362359e+12
1.59333333e+02 	 1.013742e-06 	 6.765192e+06 	 5.283034e+12
1.60333333e+02 	 1.001869e-06 	 6.740280e+06 	 5.205644e+12
1.61333333e+02 	 9.902207e-07 	 6.715701e+06 	 5.130128e+12
1.62333333e+02 	 9.787871e-07 	 6.691450e+06 	 5.056426e+12
1.63333333e+02 	 9.675594e-07 	 6.667519e+06 	 4.984479e+12
1.64333333e+02 	 9.565287e-07 	 6.643902e+06 	 4.914231e+12
1.65333333e+02 	 9.456865e-07 	 6.620593e+06 	 4.845629e+12
1.66333333e+02 	 9.350246e-07 	 6.597585e+06 	 4.778620e+12
1.67333333e+02 	 9.245353e-07 	 6.574871e+06 	 4.713154e+12
1.68333333e+02 	 9.142122e-07 	 6.552448e+06 	 4.649185e+12
1.69333333e+02 	 9.040502e-07 	 6.530310e+06 	 4.586672e+12
1.70333333e+02 	 8.940462e-07 	 6.508455e+06 	 4.525579e+12
1.71333333e+02 	 8.841990e-07 	 6.486886e+06 	 4.465885e+12
1.72333333e+02 	 8.745044e-07 	 6.465610e+06 	 4.407583e+12
1.73333333e+02 	 8.649359e-07 	 6.444609e+06 	 4.350596e+12
1.74333333e+02 	 8.554852e-07 	 6.423880e+06 	 4.294889e+12
1.75333333e+02 	 8.461433e-07 	 6.403418e+06 	 4.240428e+12
1.76333333e+02 	 8.369000e-07 	 6.383221e+06 	 4.187182e+12
1.77333333e+02 	 8.277471e-07 	 6.363286e+06 	 4.135119e+12
1.78333333e+02 	 8.186754e-07 	 6.343610e+06 	 4.084210e+12
1.79333333e+02 	 8.096810e-07 	 6.324196e+06 	 4.034440e+12
1.80333333e+02 	 8.007481e-07 	 6.305040e+06 	 3.985779e+12
1.81333333e+02 	 7.918611e-07 	 6.286120e+06 	 3.938152e+12
1.82333333e+02 	 7.830223e-07 	 6.267463e+06 	 3.891606e+12
1.83333333e+02 	 7.742155e-07 	 6.249056e+06 	 3.846090e+12
1.84333333e+02 	 7.654300e-07 	 6.230898e+06 	 3.801582e+12
1.85333333e+02 	 7.566554e-07 	 6.212988e+06 	 3.758060e+12
1.86333333e+02 	 7.478825e-07 	 6.195328e+06 	 3.715512e+12
1.87333333e+02 	 7.390977e-07 	 6.177916e+06 	 3.673917e+12
1.88333333e+02 	 7.302886e-07 	 6.160754e+06 	 3.633261e+12
1.89333333e+02 	 7.214453e-07 	 6.143824e+06 	 3.593487e+12
1.90333333e+02 	 7.125562e-07 	 6.127151e+06 	 3.554637e+12
1.91333333e+02 	 7.036084e-07 	 6.110727e+06 	 3.516675e+12
1.92333333e+02 	 6.945894e-07 	 6.094551e+06 	 3.479586e+12
1.93333333e+02 	 6.854865e-07 	 6.078626e+06 	 3.443358e+12
1.94333333e+02 	 6.762969e-07 	 6.062954e+06 	 3.407983e+12
1.95333333e+02 	 6.670046e-07 	 6.047536e+06 	 3.373447e+12
1.96333333e+02 	 6.576019e-07 	 6.032373e+06 	 3.339740e+12
1.97333333e+02 	 6.480105e-07 	 6.017465e+06 	 3.306845e+12
1.98333333e+02 	 6.382412e-07 	 6.002817e+06 	 3.274762e+12
1.99333333e+02 	 6.285358e-07 	 5.988438e+06 	 3.243497e+12
2.00000000e+02 	 6.221511e-07 	 5.978997e+06 	 3.223088e+12
