r (km)        	 rho (g/cm3) 	 T (K)       	 P (dyne/cm2) 		 Linf = 3.543984e+38
1.20002658e+01 	 1.185269e+05 	 1.273460e+09 	 1.604931e+22
1.20013217e+01 	 1.034431e+05 	 1.230530e+09 	 1.371889e+22
1.20069433e+01 	 4.742142e+04 	 1.011840e+09 	 5.627665e+21
1.20114695e+01 	 2.347552e+04 	 8.493817e+08 	 2.551109e+21
1.20157967e+01 	 1.117796e+04 	 7.072880e+08 	 1.121796e+21
1.20191136e+01 	 6.025949e+03 	 6.081845e+08 	 5.724097e+20
1.20224306e+01 	 3.111215e+03 	 5.183891e+08 	 2.821531e+20
1.20256971e+01 	 1.558338e+03 	 4.396594e+08 	 1.367208e+20
1.20283364e+01 	 8.684798e+02 	 3.833515e+08 	 7.511080e+19
1.20309757e+01 	 4.751644e+02 	 3.336736e+08 	 4.109350e+19
1.20336150e+01 	 2.568438e+02 	 2.905654e+08 	 2.260407e+19
1.20361692e+01 	 1.410540e+02 	 2.548980e+08 	 1.287560e+19
1.20387234e+01 	 7.781230e+01 	 2.248305e+08 	 7.528671e+18
1.20412776e+01 	 4.349732e+01 	 1.998853e+08 	 4.564904e+18
1.20438318e+01 	 2.484027e+01 	 1.794888e+08 	 2.893898e+18
1.20465369e+01 	 1.415188e+01 	 1.621505e+08 	 1.885701e+18
1.20492421e+01 	 8.366495e+00 	 1.484569e+08 	 1.301997e+18
1.20519472e+01 	 5.147958e+00 	 1.377035e+08 	 9.507465e+17
1.20546524e+01 	 3.298219e+00 	 1.292683e+08 	 7.306359e+17
1.20585293e+01 	 1.864032e+00 	 1.202079e+08 	 5.404687e+17
1.20624061e+01 	 1.132295e+00 	 1.136944e+08 	 4.293721e+17
1.20662830e+01 	 7.321560e-01 	 1.089197e+08 	 3.598841e+17
1.20714347e+01 	 4.445842e-01 	 1.043612e+08 	 3.020238e+17
1.20765863e+01 	 2.908209e-01 	 1.011306e+08 	 2.656136e+17
1.20817380e+01 	 2.018176e-01 	 9.875522e+07 	 2.411015e+17
1.20868897e+01 	 1.468418e-01 	 9.695034e+07 	 2.236878e+17
1.20955503e+01 	 9.347004e-02 	 9.474326e+07 	 2.037479e+17
1.21042110e+01 	 6.438671e-02 	 9.318584e+07 	 1.905357e+17
1.21170007e+01 	 4.119633e-02 	 9.157177e+07 	 1.775607e+17
1.21297904e+01 	 2.881579e-02 	 9.043586e+07 	 1.688521e+17
1.21461652e+01 	 1.998214e-02 	 8.937911e+07 	 1.610537e+17
1.21625399e+01 	 1.491866e-02 	 8.858858e+07 	 1.554060e+17
1.21789146e+01 	 1.175543e-02 	 8.796255e+07 	 1.510440e+17
1.22055726e+01 	 8.667054e-03 	 8.716031e+07 	 1.455937e+17
1.22201784e+01 	 7.578311e-03 	 8.679599e+07 	 1.431694e+17
1.22595684e+01 	 5.722751e-03 	 8.597657e+07 	 1.378303e+17
1.22898050e+01 	 4.887372e-03 	 8.545227e+07 	 1.344949e+17
1.23529112e+01 	 3.891271e-03 	 8.452250e+07 	 1.287318e+17
1.23911055e+01 	 3.540715e-03 	 8.402603e+07 	 1.257323e+17
1.24996436e+01 	 2.985017e-03 	 8.276000e+07 	 1.183221e+17
1.25481539e+01 	 2.842027e-03 	 8.223629e+07 	 1.153550e+17
1.27451123e+01 	 2.499826e-03 	 8.024682e+07 	 1.045901e+17
1.27936038e+01 	 2.442570e-03 	 7.977954e+07 	 1.021752e+17
1.30269371e+01 	 2.219120e-03 	 7.761658e+07 	 9.153695e+16
1.32602705e+01 	 2.035649e-03 	 7.557117e+07 	 8.226269e+16
1.34936038e+01 	 1.873933e-03 	 7.362881e+07 	 7.412575e+16
1.38436038e+01 	 1.662049e-03 	 7.089042e+07 	 6.369831e+16
1.39836038e+01 	 1.586102e-03 	 6.984956e+07 	 6.003882e+16
1.40204459e+01 	 1.566935e-03 	 6.958057e+07 	 5.911932e+16
1.41954459e+01 	 1.479493e-03 	 6.832962e+07 	 5.498109e+16
1.43704459e+01 	 1.398214e-03 	 6.712142e+07 	 5.119432e+16
1.47204459e+01 	 1.252498e-03 	 6.482543e+07 	 4.454085e+16
1.47508807e+01 	 1.240879e-03 	 6.463301e+07 	 4.401437e+16
1.48675474e+01 	 1.197220e-03 	 6.390531e+07 	 4.206536e+16
1.49550474e+01 	 1.165813e-03 	 6.336991e+07 	 4.067327e+16
1.49883807e+01 	 1.154170e-03 	 6.316825e+07 	 4.015801e+16
1.51633807e+01 	 1.095116e-03 	 6.212943e+07 	 3.758081e+16
1.51903038e+01 	 1.086480e-03 	 6.197261e+07 	 3.720281e+16
1.52778038e+01 	 1.058749e-03 	 6.146803e+07 	 3.600590e+16
1.53944704e+01 	 1.023204e-03 	 6.080755e+07 	 3.448311e+16
1.54333593e+01 	 1.011740e-03 	 6.059047e+07 	 3.399332e+16
1.56083593e+01 	 9.619192e-04 	 5.963175e+07 	 3.189235e+16
1.59583593e+01 	 8.715811e-04 	 5.780025e+07 	 2.815107e+16
1.61916927e+01 	 8.174267e-04 	 5.663888e+07 	 2.595580e+16
1.63666927e+01 	 7.796724e-04 	 5.579725e+07 	 2.444707e+16
1.63971274e+01 	 7.734027e-04 	 5.565340e+07 	 2.419595e+16
1.64437941e+01 	 7.638398e-04 	 5.543417e+07 	 2.381694e+16
1.66187941e+01 	 7.291670e-04 	 5.462670e+07 	 2.245927e+16
1.66467941e+01 	 7.238808e-04 	 5.449969e+07 	 2.225111e+16
1.66934608e+01 	 7.151032e-04 	 5.428920e+07 	 2.190935e+16
1.68684608e+01 	 6.832748e-04 	 5.351369e+07 	 2.068402e+16
1.68925987e+01 	 6.790945e-04 	 5.340847e+07 	 2.052182e+16
1.69392654e+01 	 6.710140e-04 	 5.320609e+07 	 2.021254e+16
1.71142654e+01 	 6.416839e-04 	 5.246023e+07 	 1.910275e+16
1.71384033e+01 	 6.378333e-04 	 5.235900e+07 	 1.895574e+16
1.71884033e+01 	 6.298565e-04 	 5.215044e+07 	 1.865551e+16
1.73634033e+01 	 6.028388e-04 	 5.143297e+07 	 1.764988e+16
1.73846154e+01 	 5.997250e-04 	 5.134737e+07 	 1.753267e+16
1.74346154e+01 	 5.923608e-04 	 5.114658e+07 	 1.726003e+16
1.76096154e+01 	 5.674087e-04 	 5.045564e+07 	 1.634609e+16
1.76296154e+01 	 5.646961e-04 	 5.037789e+07 	 1.624557e+16
1.76796154e+01 	 5.578835e-04 	 5.018441e+07 	 1.599744e+16
1.78546154e+01 	 5.347991e-04 	 4.951846e+07 	 1.516504e+16
1.78740599e+01 	 5.323566e-04 	 4.944558e+07 	 1.507596e+16
1.79240599e+01 	 5.260442e-04 	 4.925902e+07 	 1.484971e+16
1.80990599e+01 	 5.046495e-04 	 4.861670e+07 	 1.409018e+16
1.81185043e+01 	 5.023860e-04 	 4.854639e+07 	 1.400885e+16
1.82060043e+01 	 4.921802e-04 	 4.823221e+07 	 1.364971e+16
1.83460043e+01 	 4.764053e-04 	 4.773774e+07 	 1.309851e+16
1.83654487e+01 	 4.743051e-04 	 4.766989e+07 	 1.302420e+16
1.84192949e+01 	 4.684566e-04 	 4.748286e+07 	 1.282100e+16
1.85942949e+01 	 4.500443e-04 	 4.688477e+07 	 1.218714e+16
1.86132138e+01 	 4.481526e-04 	 4.682105e+07 	 1.212101e+16
1.86298805e+01 	 4.464773e-04 	 4.676503e+07 	 1.206311e+16
1.87698805e+01 	 4.325493e-04 	 4.629936e+07 	 1.158976e+16
1.88476583e+01 	 4.250828e-04 	 4.604461e+07 	 1.133677e+16
1.88665772e+01 	 4.233244e-04 	 4.598309e+07 	 1.127631e+16
1.89832439e+01 	 4.124704e-04 	 4.560700e+07 	 1.091190e+16
1.90999105e+01 	 4.019876e-04 	 4.523691e+07 	 1.056199e+16
1.91188294e+01 	 4.003553e-04 	 4.517749e+07 	 1.050661e+16
1.91394177e+01 	 3.985642e-04 	 4.511297e+07 	 1.044672e+16
1.92560843e+01 	 3.885128e-04 	 4.475062e+07 	 1.011511e+16
1.93560843e+01 	 3.801842e-04 	 4.444459e+07 	 9.841236e+15
1.93755288e+01 	 3.786229e-04 	 4.438560e+07 	 9.789094e+15
1.94391651e+01 	 3.734739e-04 	 4.419348e+07 	 9.620702e+15
1.96141651e+01 	 3.597262e-04 	 4.367339e+07 	 9.175747e+15
1.96367458e+01 	 3.580383e-04 	 4.360721e+07 	 9.120257e+15
1.96561902e+01 	 3.565929e-04 	 4.355038e+07 	 9.072805e+15
1.97198266e+01 	 3.518287e-04 	 4.336526e+07 	 8.919527e+15
1.98948266e+01 	 3.391140e-04 	 4.286403e+07 	 8.514240e+15
1.99154148e+01 	 3.376914e-04 	 4.280586e+07 	 8.468116e+15
1.99338359e+01 	 3.364228e-04 	 4.275394e+07 	 8.427107e+15
1.99974723e+01 	 3.320049e-04 	 4.257540e+07 	 8.287217e+15
2.01724723e+01 	 3.202030e-04 	 4.209183e+07 	 7.917075e+15
2.01943473e+01 	 3.188000e-04 	 4.203219e+07 	 7.872303e+15
2.02132662e+01 	 3.175958e-04 	 4.198075e+07 	 7.833837e+15
2.02312149e+01 	 3.164437e-04 	 4.193204e+07 	 7.797541e+15
2.03712149e+01 	 3.075345e-04 	 4.155569e+07 	 7.521348e+15
2.04587149e+01 	 3.021517e-04 	 4.132387e+07 	 7.354912e+15
2.04781593e+01 	 3.009976e-04 	 4.127274e+07 	 7.318578e+15
2.04956593e+01 	 2.999538e-04 	 4.122681e+07 	 7.286055e+15
2.06123260e+01 	 2.930094e-04 	 4.092299e+07 	 7.073641e+15
2.07289927e+01 	 2.862903e-04 	 4.062358e+07 	 6.868887e+15
2.07495809e+01 	 2.851505e-04 	 4.057124e+07 	 6.833551e+15
2.07680020e+01 	 2.841321e-04 	 4.052451e+07 	 6.802122e+15
2.10013353e+01 	 2.713773e-04 	 3.994116e+07 	 6.418834e+15
2.10225474e+01 	 2.702825e-04 	 3.988900e+07 	 6.385368e+15
2.10414663e+01 	 2.693128e-04 	 3.984259e+07 	 6.355704e+15
2.10647997e+01 	 2.681027e-04 	 3.978546e+07 	 6.319330e+15
2.12047997e+01 	 2.609216e-04 	 3.944593e+07 	 6.106357e+15
2.12922997e+01 	 2.565772e-04 	 3.923665e+07 	 5.977793e+15
2.13135118e+01 	 2.555596e-04 	 3.918628e+07 	 5.947157e+15
2.13347239e+01 	 2.545397e-04 	 3.913603e+07 	 5.916708e+15
2.15680572e+01 	 2.434824e-04 	 3.859115e+07 	 5.594018e+15
2.15899322e+01 	 2.425030e-04 	 3.854088e+07 	 5.564928e+15
2.16093767e+01 	 2.416384e-04 	 3.849631e+07 	 5.539230e+15
2.16268767e+01 	 2.408555e-04 	 3.845626e+07 	 5.516218e+15
2.17668767e+01 	 2.346105e-04 	 3.813865e+07 	 5.336224e+15
2.18668767e+01 	 2.302931e-04 	 3.791496e+07 	 5.212133e+15
2.18902100e+01 	 2.293199e-04 	 3.786318e+07 	 5.183715e+15
2.19161359e+01 	 2.282353e-04 	 3.780578e+07 	 5.152357e+15
2.21494693e+01 	 2.186403e-04 	 3.729661e+07 	 4.880343e+15
2.21736072e+01 	 2.177002e-04 	 3.724476e+07 	 4.853259e+15
2.21948193e+01 	 2.168798e-04 	 3.719931e+07 	 4.829613e+15
2.22207453e+01 	 2.158713e-04 	 3.714388e+07 	 4.800894e+15
2.24540786e+01 	 2.069452e-04 	 3.665206e+07 	 4.551622e+15
2.24790786e+01 	 2.060386e-04 	 3.660017e+07 	 4.525901e+15
2.25016592e+01 	 2.052255e-04 	 3.655343e+07 	 4.502826e+15
2.25308259e+01 	 2.041692e-04 	 3.649320e+07 	 4.473224e+15
2.27641592e+01 	 1.958676e-04 	 3.601816e+07 	 4.244814e+15
2.27900852e+01 	 1.949926e-04 	 3.596617e+07 	 4.220361e+15
2.28134185e+01 	 1.942104e-04 	 3.591951e+07 	 4.198503e+15
2.28438533e+01 	 1.931845e-04 	 3.585881e+07 	 4.170192e+15
2.30771866e+01 	 1.854644e-04 	 3.539988e+07 	 3.960770e+15
2.31005199e+01 	 1.847329e-04 	 3.535467e+07 	 3.940574e+15
2.31211082e+01 	 1.840918e-04 	 3.531487e+07 	 3.922862e+15
2.31515430e+01 	 1.831353e-04 	 3.525617e+07 	 3.896845e+15
2.33848763e+01 	 1.759324e-04 	 3.481229e+07 	 3.704271e+15
2.34074569e+01 	 1.752726e-04 	 3.476996e+07 	 3.686289e+15
2.34280452e+01 	 1.746747e-04 	 3.473146e+07 	 3.669988e+15
2.34598634e+01 	 1.737409e-04 	 3.467209e+07 	 3.644957e+15
2.36931967e+01 	 1.670108e-04 	 3.424256e+07 	 3.467667e+15
2.37173346e+01 	 1.663513e-04 	 3.419878e+07 	 3.449963e+15
2.37392096e+01 	 1.657577e-04 	 3.415919e+07 	 3.434017e+15
2.37742096e+01 	 1.647983e-04 	 3.409600e+07 	 3.408679e+15
2.40075430e+01 	 1.585211e-04 	 3.368045e+07 	 3.245517e+15
2.40308763e+01 	 1.579263e-04 	 3.363949e+07 	 3.229756e+15
2.40527513e+01 	 1.573714e-04 	 3.360118e+07 	 3.215068e+15
2.40877513e+01 	 1.564748e-04 	 3.354002e+07 	 3.191724e+15
2.43210846e+01 	 1.506074e-04 	 3.313774e+07 	 3.041329e+15
2.43436653e+01 	 1.500697e-04 	 3.309935e+07 	 3.027263e+15
2.43642535e+01 	 1.495826e-04 	 3.306444e+07 	 3.014509e+15
2.43836979e+01 	 1.491200e-04 	 3.303151e+07 	 3.002520e+15
2.45003646e+01 	 1.463305e-04 	 3.283519e+07 	 2.931772e+15
2.46403646e+01 	 1.430790e-04 	 3.260267e+07 	 2.849606e+15
2.46622396e+01 	 1.425925e-04 	 3.256667e+07 	 2.837041e+15
2.46828278e+01 	 1.421367e-04 	 3.253286e+07 	 2.825277e+15
2.47196699e+01 	 1.413105e-04 	 3.247249e+07 	 2.804363e+15
2.49530033e+01 	 1.361732e-04 	 3.209511e+07 	 2.676255e+15
2.49755839e+01 	 1.357026e-04 	 3.205910e+07 	 2.664262e+15
2.49967960e+01 	 1.352626e-04 	 3.202533e+07 	 2.653056e+15
2.50356849e+01 	 1.344455e-04 	 3.196357e+07 	 2.632650e+15
2.52690183e+01 	 1.296328e-04 	 3.159782e+07 	 2.514201e+15
2.52915989e+01 	 1.291918e-04 	 3.156290e+07 	 2.503107e+15
2.53128110e+01 	 1.287800e-04 	 3.153017e+07 	 2.492741e+15
2.53539875e+01 	 1.279703e-04 	 3.146679e+07 	 2.472757e+15
2.55873208e+01 	 1.234517e-04 	 3.111219e+07 	 2.363163e+15
2.56123208e+01 	 1.229931e-04 	 3.107471e+07 	 2.351796e+15
2.56356542e+01 	 1.225676e-04 	 3.103981e+07 	 2.341249e+15
2.56794042e+01 	 1.217604e-04 	 3.097454e+07 	 2.321618e+15
2.59127375e+01 	 1.175349e-04 	 3.063088e+07 	 2.220289e+15
2.59368754e+01 	 1.171204e-04 	 3.059580e+07 	 2.210136e+15
2.59587504e+01 	 1.167471e-04 	 3.056408e+07 	 2.200984e+15
2.60025004e+01 	 1.159897e-04 	 3.050079e+07 	 2.182809e+15
2.62358338e+01 	 1.120211e-04 	 3.016748e+07 	 2.088946e+15
2.62599717e+01 	 1.116322e-04 	 3.013345e+07 	 2.079538e+15
2.62818467e+01 	 1.112820e-04 	 3.010268e+07 	 2.071057e+15
2.63044273e+01 	 1.109160e-04 	 3.007096e+07 	 2.062342e+15
2.64444273e+01 	 1.086505e-04 	 2.987569e+07 	 2.009293e+15
2.65610940e+01 	 1.068154e-04 	 2.971492e+07 	 1.966390e+15
2.65852319e+01 	 1.064496e-04 	 2.968190e+07 	 1.957665e+15
2.66318986e+01 	 1.057343e-04 	 2.961823e+07 	 1.940921e+15
2.68652319e+01 	 1.022210e-04 	 2.930383e+07 	 1.859810e+15
2.68911579e+01 	 1.018505e-04 	 2.926934e+07 	 1.851071e+15
2.69144912e+01 	 1.015187e-04 	 2.923838e+07 	 1.843250e+15
2.69611579e+01 	 1.008466e-04 	 2.917659e+07 	 1.827719e+15
2.71944912e+01 	 9.754227e-05 	 2.887144e+07 	 1.752447e+15
2.72214143e+01 	 9.718056e-05 	 2.883668e+07 	 1.744023e+15
2.72455522e+01 	 9.685824e-05 	 2.880559e+07 	 1.736513e+15
2.72955522e+01 	 9.618169e-05 	 2.874135e+07 	 1.721074e+15
2.75288855e+01 	 9.307724e-05 	 2.844520e+07 	 1.651227e+15
2.75558086e+01 	 9.273731e-05 	 2.841146e+07 	 1.643407e+15
2.75808086e+01 	 9.242236e-05 	 2.838020e+07 	 1.636186e+15
2.77208086e+01 	 9.064487e-05 	 2.820624e+07 	 1.596437e+15
2.78608086e+01 	 8.891373e-05 	 2.803442e+07 	 1.557891e+15
2.79191420e+01 	 8.820934e-05 	 2.796346e+07 	 1.542178e+15
2.81524753e+01 	 8.544273e-05 	 2.768310e+07 	 1.481254e+15
2.85024753e+01 	 8.151355e-05 	 2.727305e+07 	 1.395422e+15
2.88524753e+01 	 7.782176e-05 	 2.687504e+07 	 1.315731e+15
2.92024753e+01 	 7.434915e-05 	 2.648856e+07 	 1.241664e+15
2.95524753e+01 	 7.107899e-05 	 2.611312e+07 	 1.172750e+15
2.99024753e+01 	 6.799750e-05 	 2.574826e+07 	 1.108567e+15
3.02524753e+01 	 6.509011e-05 	 2.539355e+07 	 1.048730e+15
3.06024753e+01 	 6.234509e-05 	 2.504857e+07 	 9.928915e+14
3.09524753e+01 	 5.975140e-05 	 2.471294e+07 	 9.407358e+14
3.13024753e+01 	 5.729877e-05 	 2.438629e+07 	 8.919754e+14
3.16524753e+01 	 5.497872e-05 	 2.406828e+07 	 8.463499e+14
3.20024753e+01 	 5.278142e-05 	 2.375856e+07 	 8.036198e+14
3.23524753e+01 	 5.069902e-05 	 2.345684e+07 	 7.635676e+14
3.27024753e+01 	 4.872404e-05 	 2.316279e+07 	 7.259945e+14
3.30524753e+01 	 4.685059e-05 	 2.287615e+07 	 6.907194e+14
3.34024753e+01 	 4.507176e-05 	 2.259665e+07 	 6.575754e+14
3.37524753e+01 	 4.338157e-05 	 2.232402e+07 	 6.264101e+14
3.41024753e+01 	 4.177457e-05 	 2.205801e+07 	 5.970832e+14
3.44524753e+01 	 4.024581e-05 	 2.179840e+07 	 5.694660e+14
3.48024753e+01 	 3.879083e-05 	 2.154496e+07 	 5.434405e+14
3.51524753e+01 	 3.740509e-05 	 2.129748e+07 	 5.188980e+14
3.55024753e+01 	 3.608447e-05 	 2.105575e+07 	 4.957379e+14
3.58524753e+01 	 3.482525e-05 	 2.081958e+07 	 4.738677e+14
3.62024753e+01 	 3.362399e-05 	 2.058879e+07 	 4.532024e+14
3.65524753e+01 	 3.247724e-05 	 2.036319e+07 	 4.336632e+14
3.69024753e+01 	 3.138182e-05 	 2.014263e+07 	 4.151771e+14
3.72524753e+01 	 3.033479e-05 	 1.992693e+07 	 3.976768e+14
3.73302531e+01 	 3.010987e-05 	 1.987966e+07 	 3.939165e+14
3.73635864e+01 	 3.001640e-05 	 1.985949e+07 	 3.923204e+14
3.73940212e+01 	 2.993156e-05 	 1.984111e+07 	 3.908704e+14
3.74220212e+01 	 2.985393e-05 	 1.982424e+07 	 3.895423e+14
3.74479471e+01 	 2.978247e-05 	 1.980864e+07 	 3.883179e+14
3.74729471e+01 	 2.971384e-05 	 1.979362e+07 	 3.871418e+14
3.74962804e+01 	 2.965012e-05 	 1.977963e+07 	 3.860483e+14
3.75188611e+01 	 2.958869e-05 	 1.976611e+07 	 3.849937e+14
3.75400732e+01 	 2.953097e-05 	 1.975342e+07 	 3.840063e+14
3.75984065e+01 	 2.936708e-05 	 1.971856e+07 	 3.813025e+14
3.77734065e+01 	 2.888021e-05 	 1.961471e+07 	 3.733330e+14
3.81234065e+01 	 2.793874e-05 	 1.941037e+07 	 3.580169e+14
3.84734065e+01 	 2.703958e-05 	 1.921040e+07 	 3.434898e+14
3.88234065e+01 	 2.617958e-05 	 1.901466e+07 	 3.297027e+14
3.91734065e+01 	 2.535505e-05 	 1.882300e+07 	 3.166094e+14
3.92122954e+01 	 2.526815e-05 	 1.880198e+07 	 3.151975e+14
3.92472954e+01 	 2.519047e-05 	 1.878310e+07 	 3.139337e+14
3.92806288e+01 	 2.511685e-05 	 1.876517e+07 	 3.127361e+14
3.93110635e+01 	 2.505003e-05 	 1.874882e+07 	 3.116478e+14
3.93402302e+01 	 2.498627e-05 	 1.873318e+07 	 3.106093e+14
3.93671533e+01 	 2.492774e-05 	 1.871877e+07 	 3.096547e+14
3.93930792e+01 	 2.487162e-05 	 1.870492e+07 	 3.087389e+14
3.94248974e+01 	 2.480124e-05 	 1.868792e+07 	 3.076184e+14
3.96582307e+01 	 2.428473e-05 	 1.856417e+07 	 2.995508e+14
4.00082307e+01 	 2.353787e-05 	 1.838172e+07 	 2.879469e+14
4.03582307e+01 	 2.282274e-05 	 1.820297e+07 	 2.769089e+14
4.07082307e+01 	 2.213717e-05 	 1.802780e+07 	 2.664031e+14
4.10582307e+01 	 2.147936e-05 	 1.785611e+07 	 2.563988e+14
4.14082307e+01 	 2.084808e-05 	 1.768781e+07 	 2.468676e+14
4.17582307e+01 	 2.024166e-05 	 1.752278e+07 	 2.377823e+14
4.21082307e+01 	 1.965884e-05 	 1.736093e+07 	 2.291182e+14
4.23415641e+01 	 1.928262e-05 	 1.725475e+07 	 2.235642e+14
4.26915641e+01 	 1.873646e-05 	 1.709800e+07 	 2.155507e+14
4.29248974e+01 	 1.838443e-05 	 1.699516e+07 	 2.104113e+14
4.32748974e+01 	 1.787207e-05 	 1.684329e+07 	 2.029902e+14
4.36248974e+01 	 1.737838e-05 	 1.669422e+07 	 1.958989e+14
4.38582307e+01 	 1.705961e-05 	 1.659637e+07 	 1.913465e+14
4.42082307e+01 	 1.659676e-05 	 1.645185e+07 	 1.847681e+14
4.45582307e+01 	 1.614965e-05 	 1.630993e+07 	 1.784746e+14
4.49082307e+01 	 1.571955e-05 	 1.617059e+07 	 1.724529e+14
4.52582307e+01 	 1.530371e-05 	 1.603371e+07 	 1.666876e+14
4.53019807e+01 	 1.525429e-05 	 1.601679e+07 	 1.659853e+14
4.53431572e+01 	 1.520803e-05 	 1.600091e+07 	 1.653278e+14
4.53799993e+01 	 1.516691e-05 	 1.598672e+07 	 1.647423e+14
4.54149993e+01 	 1.512806e-05 	 1.597327e+07 	 1.641886e+14
4.54483326e+01 	 1.509125e-05 	 1.596049e+07 	 1.636635e+14
4.54801508e+01 	 1.505625e-05 	 1.594830e+07 	 1.631643e+14
4.55093175e+01 	 1.502388e-05 	 1.593714e+07 	 1.627081e+14
4.56259842e+01 	 1.489174e-05 	 1.589261e+07 	 1.608971e+14
4.58593175e+01 	 1.463193e-05 	 1.580433e+07 	 1.573518e+14
4.60926508e+01 	 1.437873e-05 	 1.571709e+07 	 1.539061e+14
4.64426508e+01 	 1.400944e-05 	 1.558811e+07 	 1.489159e+14
4.66759842e+01 	 1.377114e-05 	 1.550338e+07 	 1.457043e+14
4.70259842e+01 	 1.342334e-05 	 1.537808e+07 	 1.410507e+14
4.72593175e+01 	 1.319860e-05 	 1.529574e+07 	 1.380541e+14
4.76093175e+01 	 1.287036e-05 	 1.517396e+07 	 1.337096e+14
4.79593175e+01 	 1.255307e-05 	 1.505421e+07 	 1.295386e+14
4.83093175e+01 	 1.224636e-05 	 1.493645e+07 	 1.255327e+14
4.86593175e+01 	 1.194971e-05 	 1.482063e+07 	 1.216841e+14
4.90093175e+01 	 1.166309e-05 	 1.470671e+07 	 1.179857e+14
4.93593175e+01 	 1.138554e-05 	 1.459463e+07 	 1.144300e+14
4.97093175e+01 	 1.111721e-05 	 1.448437e+07 	 1.110109e+14
5.00593175e+01 	 1.085736e-05 	 1.437587e+07 	 1.077218e+14
5.04093175e+01 	 1.060567e-05 	 1.426909e+07 	 1.045567e+14
5.07593175e+01 	 1.036180e-05 	 1.416399e+07 	 1.015100e+14
5.11093175e+01 	 1.012552e-05 	 1.406052e+07 	 9.857629e+13
5.14593175e+01 	 9.896434e-06 	 1.395866e+07 	 9.575062e+13
5.18093175e+01 	 9.674519e-06 	 1.385837e+07 	 9.302836e+13
5.21593175e+01 	 9.459338e-06 	 1.375962e+07 	 9.040487e+13
5.25093175e+01 	 9.250626e-06 	 1.366236e+07 	 8.787582e+13
5.28593175e+01 	 9.048126e-06 	 1.356657e+07 	 8.543711e+13
5.32093175e+01 	 8.851594e-06 	 1.347221e+07 	 8.308484e+13
5.35593175e+01 	 8.660813e-06 	 1.337925e+07 	 8.081530e+13
5.39093175e+01 	 8.475596e-06 	 1.328766e+07 	 7.862502e+13
5.42593175e+01 	 8.295697e-06 	 1.319741e+07 	 7.651063e+13
5.46093175e+01 	 8.121057e-06 	 1.310848e+07 	 7.446913e+13
5.49593175e+01 	 7.951391e-06 	 1.302084e+07 	 7.249736e+13
5.53093175e+01 	 7.786399e-06 	 1.293445e+07 	 7.059242e+13
5.56593175e+01 	 7.625981e-06 	 1.284929e+07 	 6.875162e+13
5.60093175e+01 	 7.469985e-06 	 1.276534e+07 	 6.697242e+13
5.60504940e+01 	 7.452654e-06 	 1.275557e+07 	 6.676750e+13
5.60893829e+01 	 7.436368e-06 	 1.274635e+07 	 6.657471e+13
5.61262250e+01 	 7.421010e-06 	 1.273763e+07 	 6.639275e+13
5.61612250e+01 	 7.406486e-06 	 1.272936e+07 	 6.622050e+13
5.61945583e+01 	 7.392713e-06 	 1.272149e+07 	 6.605699e+13
5.62263765e+01 	 7.379621e-06 	 1.271400e+07 	 6.590142e+13
5.62568113e+01 	 7.367147e-06 	 1.270684e+07 	 6.575306e+13
5.62859779e+01 	 7.355238e-06 	 1.269998e+07 	 6.561129e+13
5.63139779e+01 	 7.343848e-06 	 1.269341e+07 	 6.547557e+13
5.63409010e+01 	 7.332949e-06 	 1.268710e+07 	 6.534543e+13
5.63678241e+01 	 7.322074e-06 	 1.268079e+07 	 6.521563e+13
5.63937500e+01 	 7.311633e-06 	 1.267473e+07 	 6.509095e+13
5.64375000e+01 	 7.293207e-06 	 1.266448e+07 	 6.488069e+13
5.66125000e+01 	 7.218836e-06 	 1.262363e+07 	 6.404758e+13
5.69625000e+01 	 7.073242e-06 	 1.254278e+07 	 6.242251e+13
5.73125000e+01 	 6.931921e-06 	 1.246306e+07 	 6.085061e+13
5.76625000e+01 	 6.794658e-06 	 1.238445e+07 	 5.932974e+13
5.80125000e+01 	 6.661246e-06 	 1.230691e+07 	 5.785786e+13
5.83625000e+01 	 6.531491e-06 	 1.223043e+07 	 5.643303e+13
5.87125000e+01 	 6.405218e-06 	 1.215499e+07 	 5.505337e+13
5.90625000e+01 	 6.282282e-06 	 1.208055e+07 	 5.371716e+13
5.94125000e+01 	 6.162585e-06 	 1.200711e+07 	 5.242274e+13
5.97625000e+01 	 6.045975e-06 	 1.193464e+07 	 5.116852e+13
6.01125000e+01 	 5.932467e-06 	 1.186313e+07 	 4.995312e+13
6.04625000e+01 	 5.821841e-06 	 1.179255e+07 	 4.877500e+13
6.08125000e+01 	 5.713980e-06 	 1.172290e+07 	 4.763280e+13
6.11625000e+01 	 5.608772e-06 	 1.165415e+07 	 4.652517e+13
6.15125000e+01 	 5.506115e-06 	 1.158628e+07 	 4.545086e+13
6.18625000e+01 	 5.405915e-06 	 1.151929e+07 	 4.440870e+13
6.22125000e+01 	 5.308052e-06 	 1.145315e+07 	 4.339749e+13
6.25625000e+01 	 5.212458e-06 	 1.138785e+07 	 4.241631e+13
6.29125000e+01 	 5.118982e-06 	 1.132339e+07 	 4.146401e+13
6.32625000e+01 	 5.027514e-06 	 1.125974e+07 	 4.053961e+13
6.36125000e+01 	 4.937944e-06 	 1.119690e+07 	 3.964215e+13
6.39625000e+01 	 4.850155e-06 	 1.113486e+07 	 3.877075e+13
6.43125000e+01 	 4.763983e-06 	 1.107360e+07 	 3.792460e+13
6.46625000e+01 	 4.679308e-06 	 1.101313e+07 	 3.710288e+13
6.50125000e+01 	 4.595970e-06 	 1.095343e+07 	 3.630492e+13
6.53625000e+01 	 4.513713e-06 	 1.089451e+07 	 3.553004e+13
6.57125000e+01 	 4.432327e-06 	 1.083636e+07 	 3.477758e+13
6.60625000e+01 	 4.351600e-06 	 1.077900e+07 	 3.404694e+13
6.64125000e+01 	 4.271307e-06 	 1.072240e+07 	 3.333752e+13
6.67625000e+01 	 4.191185e-06 	 1.066659e+07 	 3.264884e+13
6.71125000e+01 	 4.110883e-06 	 1.061158e+07 	 3.198050e+13
6.74625000e+01 	 4.030101e-06 	 1.055737e+07 	 3.133193e+13
6.78125000e+01 	 3.948060e-06 	 1.050404e+07 	 3.070358e+13
6.81625000e+01 	 3.864450e-06 	 1.045158e+07 	 3.009479e+13
6.85125000e+01 	 3.778801e-06 	 1.040002e+07 	 2.950531e+13
6.88625000e+01 	 3.690586e-06 	 1.034940e+07 	 2.893504e+13
6.92125000e+01 	 3.599120e-06 	 1.029978e+07 	 2.838412e+13
6.95625000e+01 	 3.503561e-06 	 1.025123e+07 	 2.785261e+13
6.99125000e+01 	 3.403073e-06 	 1.020383e+07 	 2.734108e+13
7.00000000e+01 	 3.377219e-06 	 1.019218e+07 	 2.721637e+13
