r (cm)        	 rho (g/cm3) 	 T (K)       		 Linf = 4.984887e+38
1.00008994e+06 	 2.272824e+05 	 1.645696e+09 	
1.00011808e+06 	 2.076592e+05 	 1.609885e+09 	
1.00016357e+06 	 1.790024e+05 	 1.552788e+09 	
1.00020120e+06 	 1.579316e+05 	 1.506320e+09 	
1.00023882e+06 	 1.390314e+05 	 1.460556e+09 	
1.00027645e+06 	 1.221171e+05 	 1.415515e+09 	
1.00031407e+06 	 1.070158e+05 	 1.371217e+09 	
1.00035169e+06 	 9.356573e+04 	 1.327682e+09 	
1.00038841e+06 	 8.188690e+04 	 1.285949e+09 	
1.00042513e+06 	 7.150606e+04 	 1.244980e+09 	
1.00046185e+06 	 6.230147e+04 	 1.204795e+09 	
1.00049857e+06 	 5.416010e+04 	 1.165413e+09 	
1.00052907e+06 	 4.813034e+04 	 1.133323e+09 	
1.00055957e+06 	 4.270607e+04 	 1.101811e+09 	
1.00059007e+06 	 3.783516e+04 	 1.070886e+09 	
1.00062057e+06 	 3.346902e+04 	 1.040560e+09 	
1.00065107e+06 	 2.956239e+04 	 1.010843e+09 	
1.00068157e+06 	 2.607325e+04 	 9.817453e+08 	
1.00071249e+06 	 2.292274e+04 	 9.528923e+08 	
1.00074341e+06 	 2.012366e+04 	 9.246947e+08 	
1.00077432e+06 	 1.764145e+04 	 8.971616e+08 	
1.00079980e+06 	 1.581176e+04 	 8.749810e+08 	
1.00082527e+06 	 1.415914e+04 	 8.532620e+08 	
1.00085074e+06 	 1.266830e+04 	 8.320088e+08 	
1.00087622e+06 	 1.132507e+04 	 8.112252e+08 	
1.00090169e+06 	 1.011629e+04 	 7.909149e+08 	
1.00092717e+06 	 9.029807e+03 	 7.710809e+08 	
1.00095264e+06 	 8.054386e+03 	 7.517258e+08 	
1.00097811e+06 	 7.179678e+03 	 7.328521e+08 	
1.00100359e+06 	 6.396159e+03 	 7.144614e+08 	
1.00103053e+06 	 5.657010e+03 	 6.955375e+08 	
1.00105294e+06 	 5.105672e+03 	 6.802116e+08 	
1.00107535e+06 	 4.606574e+03 	 6.652611e+08 	
1.00109775e+06 	 4.155103e+03 	 6.506857e+08 	
1.00112016e+06 	 3.747006e+03 	 6.364849e+08 	
1.00114257e+06 	 3.378366e+03 	 6.226578e+08 	
1.00116498e+06 	 3.045583e+03 	 6.092029e+08 	
1.00118739e+06 	 2.745349e+03 	 5.961186e+08 	
1.00120979e+06 	 2.474634e+03 	 5.834027e+08 	
1.00123220e+06 	 2.230662e+03 	 5.710528e+08 	
1.00125461e+06 	 2.010896e+03 	 5.590660e+08 	
1.00127702e+06 	 1.813018e+03 	 5.474390e+08 	
1.00129943e+06 	 1.634915e+03 	 5.361682e+08 	
1.00132184e+06 	 1.474665e+03 	 5.252496e+08 	
1.00134424e+06 	 1.330518e+03 	 5.146786e+08 	
1.00136665e+06 	 1.200884e+03 	 5.044507e+08 	
1.00138906e+06 	 1.084323e+03 	 4.945607e+08 	
1.00141147e+06 	 9.795281e+02 	 4.850031e+08 	
1.00143388e+06 	 8.853174e+02 	 4.757722e+08 	
1.00145844e+06 	 7.929441e+02 	 4.660219e+08 	
1.00148300e+06 	 7.107414e+02 	 4.566484e+08 	
1.00150756e+06 	 6.375797e+02 	 4.476432e+08 	
1.00153213e+06 	 5.724509e+02 	 4.389970e+08 	
1.00155669e+06 	 5.144567e+02 	 4.307006e+08 	
1.00158125e+06 	 4.627973e+02 	 4.227443e+08 	
1.00160582e+06 	 4.167612e+02 	 4.151183e+08 	
1.00163038e+06 	 3.757162e+02 	 4.078126e+08 	
1.00165494e+06 	 3.391008e+02 	 4.008171e+08 	
1.00167950e+06 	 3.064167e+02 	 3.941215e+08 	
1.00170407e+06 	 2.772219e+02 	 3.877157e+08 	
1.00172863e+06 	 2.511247e+02 	 3.815893e+08 	
1.00175319e+06 	 2.277777e+02 	 3.757321e+08 	
1.00177775e+06 	 2.068736e+02 	 3.701339e+08 	
1.00180232e+06 	 1.881399e+02 	 3.647846e+08 	
1.00182688e+06 	 1.713354e+02 	 3.596743e+08 	
1.00185144e+06 	 1.562467e+02 	 3.547932e+08 	
1.00187601e+06 	 1.426846e+02 	 3.501317e+08 	
1.00190057e+06 	 1.304819e+02 	 3.456804e+08 	
1.00192513e+06 	 1.194904e+02 	 3.414302e+08 	
1.00194969e+06 	 1.095786e+02 	 3.373720e+08 	
1.00197426e+06 	 1.006304e+02 	 3.334972e+08 	
1.00200448e+06 	 9.079194e+01 	 3.289693e+08 	
1.00203470e+06 	 8.208864e+01 	 3.246913e+08 	
1.00206492e+06 	 7.437550e+01 	 3.206488e+08 	
1.00209514e+06 	 6.752724e+01 	 3.168279e+08 	
1.00212536e+06 	 6.143558e+01 	 3.132157e+08 	
1.00215558e+06 	 5.600680e+01 	 3.097997e+08 	
1.00218580e+06 	 5.115969e+01 	 3.065681e+08 	
1.00221602e+06 	 4.682382e+01 	 3.035099e+08 	
1.00224624e+06 	 4.293803e+01 	 3.006144e+08 	
1.00227646e+06 	 3.944912e+01 	 2.978719e+08 	
1.00230668e+06 	 3.631077e+01 	 2.952729e+08 	
1.00234372e+06 	 3.288369e+01 	 2.922705e+08 	
1.00238075e+06 	 2.985882e+01 	 2.894557e+08 	
1.00241779e+06 	 2.718181e+01 	 2.868146e+08 	
1.00245483e+06 	 2.480643e+01 	 2.843341e+08 	
1.00249187e+06 	 2.269325e+01 	 2.820027e+08 	
1.00252891e+06 	 2.080858e+01 	 2.798092e+08 	
1.00256594e+06 	 1.912353e+01 	 2.777437e+08 	
1.00260298e+06 	 1.761334e+01 	 2.757970e+08 	
1.00264002e+06 	 1.625665e+01 	 2.739604e+08 	
1.00267706e+06 	 1.503506e+01 	 2.722261e+08 	
1.00271410e+06 	 1.393265e+01 	 2.705869e+08 	
1.00275114e+06 	 1.293563e+01 	 2.690361e+08 	
1.00279871e+06 	 1.179042e+01 	 2.671640e+08 	
1.00284629e+06 	 1.077773e+01 	 2.654160e+08 	
1.00289387e+06 	 9.879283e+00 	 2.637813e+08 	
1.00294145e+06 	 9.079679e+00 	 2.622504e+08 	
1.00298903e+06 	 8.365882e+00 	 2.608146e+08 	
1.00303661e+06 	 7.726818e+00 	 2.594662e+08 	
1.00308419e+06 	 7.153052e+00 	 2.581979e+08 	
1.00313176e+06 	 6.636517e+00 	 2.570035e+08 	
1.00319073e+06 	 6.065443e+00 	 2.556169e+08 	
1.00324971e+06 	 5.560562e+00 	 2.543250e+08 	
1.00330868e+06 	 5.112569e+00 	 2.531190e+08 	
1.00336765e+06 	 4.713664e+00 	 2.519911e+08 	
1.00342662e+06 	 4.357285e+00 	 2.509344e+08 	
1.00348559e+06 	 4.037887e+00 	 2.499426e+08 	
1.00354456e+06 	 3.750763e+00 	 2.490102e+08 	
1.00360353e+06 	 3.491903e+00 	 2.481323e+08 	
1.00367863e+06 	 3.197795e+00 	 2.470859e+08 	
1.00375374e+06 	 2.938040e+00 	 2.461125e+08 	
1.00382884e+06 	 2.707700e+00 	 2.452047e+08 	
1.00390394e+06 	 2.502662e+00 	 2.443563e+08 	
1.00397904e+06 	 2.319488e+00 	 2.435617e+08 	
1.00405414e+06 	 2.155285e+00 	 2.428159e+08 	
1.00414805e+06 	 1.972973e+00 	 2.419457e+08 	
1.00424195e+06 	 1.812547e+00 	 2.411375e+08 	
1.00433585e+06 	 1.670743e+00 	 2.403851e+08 	
1.00442976e+06 	 1.544870e+00 	 2.396826e+08 	
1.00452366e+06 	 1.432693e+00 	 2.390252e+08 	
1.00461756e+06 	 1.332346e+00 	 2.384085e+08 	
1.00473716e+06 	 1.219227e+00 	 2.376761e+08 	
1.00485676e+06 	 1.120106e+00 	 2.369968e+08 	
1.00497635e+06 	 1.032816e+00 	 2.363648e+08 	
1.00509595e+06 	 9.555824e-01 	 2.357749e+08 	
1.00521554e+06 	 8.869484e-01 	 2.352229e+08 	
1.00537086e+06 	 8.086936e-01 	 2.345563e+08 	
1.00552617e+06 	 7.407702e-01 	 2.339400e+08 	
1.00568149e+06 	 6.814628e-01 	 2.333679e+08 	
1.00583681e+06 	 6.293929e-01 	 2.328350e+08 	
1.00599212e+06 	 5.834432e-01 	 2.323369e+08 	
1.00618195e+06 	 5.342770e-01 	 2.317699e+08 	
1.00637178e+06 	 4.915554e-01 	 2.312435e+08 	
1.00656161e+06 	 4.542085e-01 	 2.307529e+08 	
1.00675144e+06 	 4.213777e-01 	 2.302938e+08 	
1.00694126e+06 	 3.923674e-01 	 2.298627e+08 	
1.00721020e+06 	 3.567222e-01 	 2.292942e+08 	
1.00747914e+06 	 3.263403e-01 	 2.287687e+08 	
1.00774807e+06 	 3.002366e-01 	 2.282804e+08 	
1.00801701e+06 	 2.776450e-01 	 2.278243e+08 	
1.00838782e+06 	 2.511640e-01 	 2.272411e+08 	
1.00875863e+06 	 2.290192e-01 	 2.267029e+08 	
1.00912945e+06 	 2.103113e-01 	 2.262029e+08 	
1.00950026e+06 	 1.943623e-01 	 2.257356e+08 	
1.00995013e+06 	 1.779804e-01 	 2.252059e+08 	
1.01039999e+06 	 1.641996e-01 	 2.247112e+08 	
1.01084986e+06 	 1.524946e-01 	 2.242462e+08 	
1.01129973e+06 	 1.424668e-01 	 2.238066e+08 	
1.01197013e+06 	 1.299902e-01 	 2.231914e+08 	
1.01264053e+06 	 1.198152e-01 	 2.226162e+08 	
1.01331093e+06 	 1.114065e-01 	 2.220740e+08 	
1.01425138e+06 	 1.018669e-01 	 2.213587e+08 	
1.01519183e+06 	 9.430131e-02 	 2.206865e+08 	
1.01613228e+06 	 8.819961e-02 	 2.200488e+08 	
1.01722180e+06 	 8.249899e-02 	 2.193449e+08 	
1.01831133e+06 	 7.790350e-02 	 2.186715e+08 	
1.01940085e+06 	 7.414363e-02 	 2.180229e+08 	
1.02101052e+06 	 6.972271e-02 	 2.171012e+08 	
1.02262019e+06 	 6.628617e-02 	 2.162140e+08 	
1.02479455e+06 	 6.272339e-02 	 2.150579e+08 	
1.02696891e+06 	 6.000856e-02 	 2.139392e+08 	
1.02914328e+06 	 5.786596e-02 	 2.128494e+08 	
1.03131764e+06 	 5.611873e-02 	 2.117828e+08 	
1.03472883e+06 	 5.390762e-02 	 2.101470e+08 	
1.03637028e+06 	 5.300337e-02 	 2.093735e+08 	
1.04062290e+06 	 5.097238e-02 	 2.074044e+08 	
1.04380121e+06 	 4.965327e-02 	 2.059615e+08 	
1.05010713e+06 	 4.733375e-02 	 2.031622e+08 	
1.05252669e+06 	 4.651470e-02 	 2.021088e+08 	
1.06152161e+06 	 4.369378e-02 	 1.982847e+08 	
1.06681253e+06 	 4.216010e-02 	 1.960998e+08 	
1.06968128e+06 	 4.136046e-02 	 1.949342e+08 	
1.06996816e+06 	 4.128165e-02 	 1.948183e+08 	
1.06999684e+06 	 4.127378e-02 	 1.948068e+08 	
1.06999971e+06 	 4.127299e-02 	 1.948056e+08 	
1.07000000e+06 	 4.127291e-02 	 1.948055e+08 	
1.08500000e+06 	 3.741836e-02 	 1.889257e+08 	
1.10000000e+06 	 3.401503e-02 	 1.833717e+08 	
1.12000000e+06 	 3.007326e-02 	 1.764284e+08 	
1.13500000e+06 	 2.749314e-02 	 1.715371e+08 	
1.15000000e+06 	 2.518874e-02 	 1.668940e+08 	
1.16500000e+06 	 2.312703e-02 	 1.624810e+08 	
1.18500000e+06 	 2.070035e-02 	 1.569263e+08 	
1.20000000e+06 	 1.909028e-02 	 1.529880e+08 	
1.22000000e+06 	 1.718328e-02 	 1.480155e+08 	
1.23500000e+06 	 1.591067e-02 	 1.444797e+08 	
1.25000000e+06 	 1.475465e-02 	 1.410979e+08 	
1.27000000e+06 	 1.337545e-02 	 1.368117e+08 	
1.29000000e+06 	 1.215626e-02 	 1.327611e+08 	
1.30500000e+06 	 1.133312e-02 	 1.298663e+08 	
1.32500000e+06 	 1.034271e-02 	 1.261840e+08 	
1.34000000e+06 	 9.671435e-03 	 1.235469e+08 	
1.36000000e+06 	 8.859430e-03 	 1.201853e+08 	
1.38000000e+06 	 8.132684e-03 	 1.169889e+08 	
1.40000000e+06 	 7.479502e-03 	 1.139457e+08 	
1.42000000e+06 	 6.891660e-03 	 1.110453e+08 	
1.43500000e+06 	 6.488424e-03 	 1.089576e+08 	
1.45500000e+06 	 5.996473e-03 	 1.062841e+08 	
1.47500000e+06 	 5.550909e-03 	 1.037286e+08 	
1.49500000e+06 	 5.146504e-03 	 1.012837e+08 	
1.51500000e+06 	 4.778445e-03 	 9.894230e+07 	
1.53500000e+06 	 4.443152e-03 	 9.669818e+07 	
1.55000000e+06 	 4.210909e-03 	 9.507534e+07 	
1.57000000e+06 	 3.924787e-03 	 9.298764e+07 	
1.59000000e+06 	 3.662815e-03 	 9.098218e+07 	
1.62000000e+06 	 3.309586e-03 	 8.811794e+07 	
1.64000000e+06 	 3.097891e-03 	 8.629831e+07 	
1.66000000e+06 	 2.902949e-03 	 8.454594e+07 	
1.68000000e+06 	 2.723259e-03 	 8.285726e+07 	
1.70000000e+06 	 2.557276e-03 	 8.122888e+07 	
1.72000000e+06 	 2.403936e-03 	 7.965775e+07 	
1.74000000e+06 	 2.261911e-03 	 7.814088e+07 	
1.76000000e+06 	 2.130354e-03 	 7.667563e+07 	
1.78000000e+06 	 2.008374e-03 	 7.525946e+07 	
1.81000000e+06 	 1.841215e-03 	 7.322189e+07 	
1.83000000e+06 	 1.739477e-03 	 7.191820e+07 	
1.85000000e+06 	 1.644702e-03 	 7.065587e+07 	
1.87000000e+06 	 1.556289e-03 	 6.943297e+07 	
1.90000000e+06 	 1.434599e-03 	 6.766874e+07 	
1.92000000e+06 	 1.360087e-03 	 6.653692e+07 	
1.94000000e+06 	 1.290391e-03 	 6.543876e+07 	
1.97000000e+06 	 1.193942e-03 	 6.385139e+07 	
1.99000000e+06 	 1.134628e-03 	 6.283114e+07 	
2.02000000e+06 	 1.052466e-03 	 6.135465e+07 	
2.04000000e+06 	 1.001804e-03 	 6.040452e+07 	
2.06000000e+06 	 9.541534e-04 	 5.948045e+07 	
2.09000000e+06 	 8.878793e-04 	 5.814098e+07 	
2.11000000e+06 	 8.469174e-04 	 5.727771e+07 	
2.14000000e+06 	 7.897308e-04 	 5.602495e+07 	
2.16000000e+06 	 7.543172e-04 	 5.521674e+07 	
2.19000000e+06 	 7.047950e-04 	 5.404275e+07 	
2.21000000e+06 	 6.740119e-04 	 5.328456e+07 	
2.24000000e+06 	 6.309533e-04 	 5.218228e+07 	
2.27000000e+06 	 5.912548e-04 	 5.111996e+07 	
2.29000000e+06 	 5.665065e-04 	 5.043290e+07 	
2.32000000e+06 	 5.317795e-04 	 4.943265e+07 	
2.34000000e+06 	 5.101047e-04 	 4.878523e+07 	
2.37000000e+06 	 4.796089e-04 	 4.784186e+07 	
2.40000000e+06 	 4.513368e-04 	 4.693036e+07 	
2.42000000e+06 	 4.336305e-04 	 4.633962e+07 	
2.45000000e+06 	 4.086928e-04 	 4.547790e+07 	
2.48000000e+06 	 3.854977e-04 	 4.464409e+07 	
2.50000000e+06 	 3.709409e-04 	 4.410310e+07 	
2.53000000e+06 	 3.503650e-04 	 4.331303e+07 	
2.56000000e+06 	 3.311918e-04 	 4.254760e+07 	
2.59000000e+06 	 3.133059e-04 	 4.180571e+07 	
2.61000000e+06 	 3.020379e-04 	 4.132365e+07 	
2.64000000e+06 	 2.860857e-04 	 4.061872e+07 	
2.67000000e+06 	 2.711507e-04 	 3.993463e+07 	
2.70000000e+06 	 2.571737e-04 	 3.927054e+07 	
2.73000000e+06 	 2.440802e-04 	 3.862560e+07 	
2.76000000e+06 	 2.318068e-04 	 3.799902e+07 	
2.79000000e+06 	 2.202868e-04 	 3.739003e+07 	
2.82000000e+06 	 2.094638e-04 	 3.679792e+07 	
2.85000000e+06 	 1.992926e-04 	 3.622202e+07 	
2.88000000e+06 	 1.897258e-04 	 3.566169e+07 	
2.91000000e+06 	 1.807227e-04 	 3.511632e+07 	
2.94000000e+06 	 1.722392e-04 	 3.458534e+07 	
2.97000000e+06 	 1.642443e-04 	 3.406819e+07 	
3.00000000e+06 	 1.567006e-04 	 3.356436e+07 	
3.03000000e+06 	 1.495806e-04 	 3.307334e+07 	
3.06000000e+06 	 1.428557e-04 	 3.259469e+07 	
3.09000000e+06 	 1.364995e-04 	 3.212793e+07 	
3.12000000e+06 	 1.304882e-04 	 3.167265e+07 	
3.15000000e+06 	 1.248011e-04 	 3.122844e+07 	
3.18000000e+06 	 1.194145e-04 	 3.079490e+07 	
3.21000000e+06 	 1.143122e-04 	 3.037168e+07 	
3.24000000e+06 	 1.094750e-04 	 2.995841e+07 	
3.27000000e+06 	 1.048864e-04 	 2.955475e+07 	
3.30000000e+06 	 1.005325e-04 	 2.916039e+07 	
3.33000000e+06 	 9.639815e-05 	 2.877502e+07 	
3.36000000e+06 	 9.247042e-05 	 2.839833e+07 	
3.39000000e+06 	 8.873705e-05 	 2.803005e+07 	
3.42000000e+06 	 8.518696e-05 	 2.766990e+07 	
3.45000000e+06 	 8.180914e-05 	 2.731763e+07 	
3.48000000e+06 	 7.859402e-05 	 2.697299e+07 	
3.51000000e+06 	 7.553198e-05 	 2.663574e+07 	
3.54000000e+06 	 7.261463e-05 	 2.630565e+07 	
3.57000000e+06 	 6.983382e-05 	 2.598250e+07 	
3.60000000e+06 	 6.718189e-05 	 2.566607e+07 	
3.63000000e+06 	 6.465183e-05 	 2.535618e+07 	
3.66000000e+06 	 6.223720e-05 	 2.505262e+07 	
3.69000000e+06 	 5.993149e-05 	 2.475521e+07 	
3.72000000e+06 	 5.772895e-05 	 2.446376e+07 	
3.75000000e+06 	 5.562406e-05 	 2.417810e+07 	
3.78000000e+06 	 5.361189e-05 	 2.389807e+07 	
3.81000000e+06 	 5.168739e-05 	 2.362351e+07 	
3.84000000e+06 	 4.984625e-05 	 2.335427e+07 	
3.87000000e+06 	 4.808406e-05 	 2.309019e+07 	
3.90000000e+06 	 4.639677e-05 	 2.283113e+07 	
3.93000000e+06 	 4.478076e-05 	 2.257695e+07 	
3.96000000e+06 	 4.323236e-05 	 2.232752e+07 	
3.99000000e+06 	 4.174820e-05 	 2.208272e+07 	
4.02000000e+06 	 4.032524e-05 	 2.184242e+07 	
4.05000000e+06 	 3.896039e-05 	 2.160649e+07 	
4.08000000e+06 	 3.765088e-05 	 2.137483e+07 	
4.11000000e+06 	 3.639402e-05 	 2.114733e+07 	
4.14000000e+06 	 3.518737e-05 	 2.092387e+07 	
4.17000000e+06 	 3.402849e-05 	 2.070435e+07 	
4.20000000e+06 	 3.291520e-05 	 2.048867e+07 	
4.23000000e+06 	 3.184532e-05 	 2.027674e+07 	
4.26000000e+06 	 3.081690e-05 	 2.006845e+07 	
4.29000000e+06 	 2.982800e-05 	 1.986373e+07 	
4.32000000e+06 	 2.887682e-05 	 1.966248e+07 	
4.35000000e+06 	 2.796165e-05 	 1.946462e+07 	
4.38000000e+06 	 2.708091e-05 	 1.927006e+07 	
4.41000000e+06 	 2.623305e-05 	 1.907872e+07 	
4.44000000e+06 	 2.541659e-05 	 1.889054e+07 	
4.47000000e+06 	 2.463020e-05 	 1.870543e+07 	
4.50000000e+06 	 2.387253e-05 	 1.852331e+07 	
4.53000000e+06 	 2.314234e-05 	 1.834413e+07 	
4.56000000e+06 	 2.243845e-05 	 1.816781e+07 	
4.59000000e+06 	 2.175977e-05 	 1.799429e+07 	
4.62000000e+06 	 2.110518e-05 	 1.782350e+07 	
4.65000000e+06 	 2.047370e-05 	 1.765538e+07 	
4.68000000e+06 	 1.986434e-05 	 1.748988e+07 	
4.71000000e+06 	 1.927620e-05 	 1.732692e+07 	
4.74000000e+06 	 1.870839e-05 	 1.716646e+07 	
4.77000000e+06 	 1.816008e-05 	 1.700844e+07 	
4.80000000e+06 	 1.763047e-05 	 1.685280e+07 	
4.83000000e+06 	 1.711881e-05 	 1.669950e+07 	
4.86000000e+06 	 1.662438e-05 	 1.654848e+07 	
4.89000000e+06 	 1.614648e-05 	 1.639970e+07 	
4.92000000e+06 	 1.568446e-05 	 1.625311e+07 	
4.95000000e+06 	 1.523769e-05 	 1.610866e+07 	
4.98000000e+06 	 1.480557e-05 	 1.596630e+07 	
5.01000000e+06 	 1.438753e-05 	 1.582600e+07 	
5.04000000e+06 	 1.398302e-05 	 1.568770e+07 	
5.07000000e+06 	 1.359153e-05 	 1.555138e+07 	
5.10000000e+06 	 1.321255e-05 	 1.541698e+07 	
5.13000000e+06 	 1.284560e-05 	 1.528447e+07 	
5.16000000e+06 	 1.249024e-05 	 1.515381e+07 	
5.19000000e+06 	 1.214602e-05 	 1.502496e+07 	
5.22000000e+06 	 1.181253e-05 	 1.489789e+07 	
5.25000000e+06 	 1.148936e-05 	 1.477256e+07 	
5.28000000e+06 	 1.117614e-05 	 1.464894e+07 	
5.31000000e+06 	 1.087251e-05 	 1.452699e+07 	
5.34000000e+06 	 1.057810e-05 	 1.440669e+07 	
5.37000000e+06 	 1.029258e-05 	 1.428799e+07 	
5.40000000e+06 	 1.001564e-05 	 1.417087e+07 	
5.43000000e+06 	 9.746955e-06 	 1.405530e+07 	
5.46000000e+06 	 9.486240e-06 	 1.394125e+07 	
5.49000000e+06 	 9.233211e-06 	 1.382869e+07 	
5.52000000e+06 	 8.987592e-06 	 1.371760e+07 	
5.55000000e+06 	 8.749124e-06 	 1.360793e+07 	
5.58000000e+06 	 8.517554e-06 	 1.349968e+07 	
5.61000000e+06 	 8.292646e-06 	 1.339281e+07 	
5.64000000e+06 	 8.074165e-06 	 1.328729e+07 	
5.67000000e+06 	 7.861890e-06 	 1.318311e+07 	
5.70000000e+06 	 7.655609e-06 	 1.308024e+07 	
5.73000000e+06 	 7.455118e-06 	 1.297865e+07 	
5.76000000e+06 	 7.260217e-06 	 1.287832e+07 	
5.79000000e+06 	 7.070720e-06 	 1.277924e+07 	
5.82000000e+06 	 6.886444e-06 	 1.268137e+07 	
5.85000000e+06 	 6.707214e-06 	 1.258469e+07 	
5.88000000e+06 	 6.532861e-06 	 1.248920e+07 	
5.91000000e+06 	 6.363224e-06 	 1.239485e+07 	
5.94000000e+06 	 6.198149e-06 	 1.230165e+07 	
6.00000000e+06 	 5.881084e-06 	 1.211856e+07 	
6.00050050e+06 	 5.878510e-06 	 1.211705e+07 	
6.00100100e+06 	 5.875937e-06 	 1.211554e+07 	
6.00150150e+06 	 5.873365e-06 	 1.211403e+07 	
6.00200200e+06 	 5.870795e-06 	 1.211252e+07 	
6.00250250e+06 	 5.868226e-06 	 1.211102e+07 	
6.00300300e+06 	 5.865657e-06 	 1.210951e+07 	
6.00350350e+06 	 5.863090e-06 	 1.210800e+07 	
6.00400400e+06 	 5.860525e-06 	 1.210649e+07 	
6.00450450e+06 	 5.857960e-06 	 1.210499e+07 	
6.00500501e+06 	 5.855396e-06 	 1.210348e+07 	
6.00550551e+06 	 5.852834e-06 	 1.210198e+07 	
6.00600601e+06 	 5.850272e-06 	 1.210047e+07 	
6.00650651e+06 	 5.847712e-06 	 1.209896e+07 	
6.00700701e+06 	 5.845153e-06 	 1.209746e+07 	
6.00750751e+06 	 5.842595e-06 	 1.209595e+07 	
6.00800801e+06 	 5.840039e-06 	 1.209445e+07 	
6.00850851e+06 	 5.837483e-06 	 1.209295e+07 	
6.00900901e+06 	 5.834929e-06 	 1.209144e+07 	
6.00950951e+06 	 5.832375e-06 	 1.208994e+07 	
6.01001001e+06 	 5.829823e-06 	 1.208844e+07 	
6.01051051e+06 	 5.827272e-06 	 1.208693e+07 	
6.01101101e+06 	 5.824722e-06 	 1.208543e+07 	
6.01151151e+06 	 5.822173e-06 	 1.208393e+07 	
6.01201201e+06 	 5.819626e-06 	 1.208243e+07 	
6.01251251e+06 	 5.817079e-06 	 1.208092e+07 	
6.01301301e+06 	 5.814534e-06 	 1.207942e+07 	
6.01351351e+06 	 5.811989e-06 	 1.207792e+07 	
6.01401401e+06 	 5.809446e-06 	 1.207642e+07 	
6.01451451e+06 	 5.806904e-06 	 1.207492e+07 	
6.01501502e+06 	 5.804363e-06 	 1.207342e+07 	
6.01551552e+06 	 5.801824e-06 	 1.207192e+07 	
6.01601602e+06 	 5.799285e-06 	 1.207042e+07 	
6.01651652e+06 	 5.796748e-06 	 1.206892e+07 	
6.01701702e+06 	 5.794211e-06 	 1.206742e+07 	
6.01751752e+06 	 5.791676e-06 	 1.206592e+07 	
6.01801802e+06 	 5.789142e-06 	 1.206442e+07 	
6.01851852e+06 	 5.786609e-06 	 1.206293e+07 	
6.01901902e+06 	 5.784077e-06 	 1.206143e+07 	
6.01951952e+06 	 5.781546e-06 	 1.205993e+07 	
6.02002002e+06 	 5.779017e-06 	 1.205843e+07 	
6.02052052e+06 	 5.776488e-06 	 1.205694e+07 	
6.02102102e+06 	 5.773961e-06 	 1.205544e+07 	
6.02152152e+06 	 5.771435e-06 	 1.205394e+07 	
6.02202202e+06 	 5.768910e-06 	 1.205245e+07 	
6.02252252e+06 	 5.766386e-06 	 1.205095e+07 	
6.02302302e+06 	 5.763863e-06 	 1.204946e+07 	
6.02352352e+06 	 5.761341e-06 	 1.204796e+07 	
6.02402402e+06 	 5.758820e-06 	 1.204647e+07 	
6.02452452e+06 	 5.756301e-06 	 1.204497e+07 	
6.02502503e+06 	 5.753782e-06 	 1.204348e+07 	
6.02552553e+06 	 5.751265e-06 	 1.204198e+07 	
6.02602603e+06 	 5.748749e-06 	 1.204049e+07 	
6.02652653e+06 	 5.746234e-06 	 1.203900e+07 	
6.02702703e+06 	 5.743720e-06 	 1.203750e+07 	
6.02752753e+06 	 5.741207e-06 	 1.203601e+07 	
6.02802803e+06 	 5.738695e-06 	 1.203452e+07 	
6.02852853e+06 	 5.736185e-06 	 1.203302e+07 	
6.02902903e+06 	 5.733675e-06 	 1.203153e+07 	
6.02952953e+06 	 5.731167e-06 	 1.203004e+07 	
6.03003003e+06 	 5.728660e-06 	 1.202855e+07 	
6.03053053e+06 	 5.726154e-06 	 1.202706e+07 	
6.03103103e+06 	 5.723649e-06 	 1.202557e+07 	
6.03153153e+06 	 5.721145e-06 	 1.202408e+07 	
6.03203203e+06 	 5.718642e-06 	 1.202259e+07 	
6.03253253e+06 	 5.716140e-06 	 1.202110e+07 	
6.03303303e+06 	 5.713640e-06 	 1.201961e+07 	
6.03353353e+06 	 5.711140e-06 	 1.201812e+07 	
6.03403403e+06 	 5.708642e-06 	 1.201663e+07 	
6.03453453e+06 	 5.706144e-06 	 1.201514e+07 	
6.03503504e+06 	 5.703648e-06 	 1.201365e+07 	
6.03553554e+06 	 5.701153e-06 	 1.201216e+07 	
6.03603604e+06 	 5.698659e-06 	 1.201068e+07 	
6.03653654e+06 	 5.696166e-06 	 1.200919e+07 	
6.03703704e+06 	 5.693675e-06 	 1.200770e+07 	
6.03753754e+06 	 5.691184e-06 	 1.200621e+07 	
6.03803804e+06 	 5.688695e-06 	 1.200473e+07 	
6.03853854e+06 	 5.686206e-06 	 1.200324e+07 	
6.03903904e+06 	 5.683719e-06 	 1.200176e+07 	
6.03953954e+06 	 5.681233e-06 	 1.200027e+07 	
6.04004004e+06 	 5.678747e-06 	 1.199878e+07 	
6.04054054e+06 	 5.676263e-06 	 1.199730e+07 	
6.04104104e+06 	 5.673780e-06 	 1.199581e+07 	
6.04154154e+06 	 5.671299e-06 	 1.199433e+07 	
6.04204204e+06 	 5.668818e-06 	 1.199284e+07 	
6.04254254e+06 	 5.666338e-06 	 1.199136e+07 	
6.04304304e+06 	 5.663860e-06 	 1.198988e+07 	
6.04354354e+06 	 5.661382e-06 	 1.198839e+07 	
6.04404404e+06 	 5.658906e-06 	 1.198691e+07 	
6.04454454e+06 	 5.656431e-06 	 1.198543e+07 	
6.04504505e+06 	 5.653956e-06 	 1.198395e+07 	
6.04554555e+06 	 5.651483e-06 	 1.198246e+07 	
6.04604605e+06 	 5.649011e-06 	 1.198098e+07 	
6.04654655e+06 	 5.646540e-06 	 1.197950e+07 	
6.04704705e+06 	 5.644071e-06 	 1.197802e+07 	
6.04754755e+06 	 5.641602e-06 	 1.197654e+07 	
6.04804805e+06 	 5.639134e-06 	 1.197506e+07 	
6.04854855e+06 	 5.636668e-06 	 1.197358e+07 	
6.04904905e+06 	 5.634202e-06 	 1.197210e+07 	
6.04954955e+06 	 5.631738e-06 	 1.197062e+07 	
6.05005005e+06 	 5.629275e-06 	 1.196914e+07 	
6.05055055e+06 	 5.626812e-06 	 1.196766e+07 	
6.05105105e+06 	 5.624351e-06 	 1.196618e+07 	
6.05155155e+06 	 5.621891e-06 	 1.196470e+07 	
6.05205205e+06 	 5.619432e-06 	 1.196322e+07 	
6.05255255e+06 	 5.616975e-06 	 1.196174e+07 	
6.05305305e+06 	 5.614518e-06 	 1.196026e+07 	
6.05355355e+06 	 5.612062e-06 	 1.195879e+07 	
6.05405405e+06 	 5.609608e-06 	 1.195731e+07 	
6.05455455e+06 	 5.607154e-06 	 1.195583e+07 	
6.05505506e+06 	 5.604702e-06 	 1.195436e+07 	
6.05555556e+06 	 5.602250e-06 	 1.195288e+07 	
6.05605606e+06 	 5.599800e-06 	 1.195140e+07 	
6.05655656e+06 	 5.597351e-06 	 1.194993e+07 	
6.05705706e+06 	 5.594903e-06 	 1.194845e+07 	
6.05755756e+06 	 5.592456e-06 	 1.194698e+07 	
6.05805806e+06 	 5.590010e-06 	 1.194550e+07 	
6.05855856e+06 	 5.587565e-06 	 1.194403e+07 	
6.05905906e+06 	 5.585121e-06 	 1.194255e+07 	
6.05955956e+06 	 5.582679e-06 	 1.194108e+07 	
6.06006006e+06 	 5.580237e-06 	 1.193960e+07 	
6.06056056e+06 	 5.577796e-06 	 1.193813e+07 	
6.06106106e+06 	 5.575357e-06 	 1.193666e+07 	
6.06156156e+06 	 5.572919e-06 	 1.193518e+07 	
6.06206206e+06 	 5.570481e-06 	 1.193371e+07 	
6.06256256e+06 	 5.568045e-06 	 1.193224e+07 	
6.06306306e+06 	 5.565610e-06 	 1.193077e+07 	
6.06356356e+06 	 5.563176e-06 	 1.192930e+07 	
6.06406406e+06 	 5.560743e-06 	 1.192782e+07 	
6.06456456e+06 	 5.558311e-06 	 1.192635e+07 	
6.06506507e+06 	 5.555880e-06 	 1.192488e+07 	
6.06556557e+06 	 5.553450e-06 	 1.192341e+07 	
6.06606607e+06 	 5.551021e-06 	 1.192194e+07 	
6.06656657e+06 	 5.548593e-06 	 1.192047e+07 	
6.06706707e+06 	 5.546167e-06 	 1.191900e+07 	
6.06756757e+06 	 5.543741e-06 	 1.191753e+07 	
6.06806807e+06 	 5.541317e-06 	 1.191606e+07 	
6.06856857e+06 	 5.538893e-06 	 1.191459e+07 	
6.06906907e+06 	 5.536471e-06 	 1.191312e+07 	
6.06956957e+06 	 5.534050e-06 	 1.191166e+07 	
6.07007007e+06 	 5.531629e-06 	 1.191019e+07 	
6.07057057e+06 	 5.529210e-06 	 1.190872e+07 	
6.07107107e+06 	 5.526792e-06 	 1.190725e+07 	
6.07157157e+06 	 5.524375e-06 	 1.190579e+07 	
6.07207207e+06 	 5.521959e-06 	 1.190432e+07 	
6.07257257e+06 	 5.519544e-06 	 1.190285e+07 	
6.07307307e+06 	 5.517130e-06 	 1.190139e+07 	
6.07357357e+06 	 5.514717e-06 	 1.189992e+07 	
6.07407407e+06 	 5.512305e-06 	 1.189845e+07 	
6.07457457e+06 	 5.509895e-06 	 1.189699e+07 	
6.07507508e+06 	 5.507485e-06 	 1.189552e+07 	
6.07557558e+06 	 5.505076e-06 	 1.189406e+07 	
6.07607608e+06 	 5.502669e-06 	 1.189259e+07 	
6.07657658e+06 	 5.500262e-06 	 1.189113e+07 	
6.07707708e+06 	 5.497857e-06 	 1.188967e+07 	
6.07757758e+06 	 5.495453e-06 	 1.188820e+07 	
6.07807808e+06 	 5.493049e-06 	 1.188674e+07 	
6.07857858e+06 	 5.490647e-06 	 1.188528e+07 	
6.07907908e+06 	 5.488246e-06 	 1.188381e+07 	
6.07957958e+06 	 5.485846e-06 	 1.188235e+07 	
6.08008008e+06 	 5.483447e-06 	 1.188089e+07 	
6.08058058e+06 	 5.481049e-06 	 1.187943e+07 	
6.08108108e+06 	 5.478652e-06 	 1.187796e+07 	
6.08158158e+06 	 5.476256e-06 	 1.187650e+07 	
6.08208208e+06 	 5.473861e-06 	 1.187504e+07 	
6.08258258e+06 	 5.471467e-06 	 1.187358e+07 	
6.08308308e+06 	 5.469074e-06 	 1.187212e+07 	
6.08358358e+06 	 5.466682e-06 	 1.187066e+07 	
6.08408408e+06 	 5.464292e-06 	 1.186920e+07 	
6.08458458e+06 	 5.461902e-06 	 1.186774e+07 	
6.08508509e+06 	 5.459513e-06 	 1.186628e+07 	
6.08558559e+06 	 5.457126e-06 	 1.186482e+07 	
6.08608609e+06 	 5.454739e-06 	 1.186336e+07 	
6.08658659e+06 	 5.452354e-06 	 1.186190e+07 	
6.08708709e+06 	 5.449969e-06 	 1.186045e+07 	
6.08758759e+06 	 5.447586e-06 	 1.185899e+07 	
6.08808809e+06 	 5.445204e-06 	 1.185753e+07 	
6.08858859e+06 	 5.442822e-06 	 1.185607e+07 	
6.08908909e+06 	 5.440442e-06 	 1.185462e+07 	
6.08958959e+06 	 5.438063e-06 	 1.185316e+07 	
6.09009009e+06 	 5.435685e-06 	 1.185170e+07 	
6.09059059e+06 	 5.433308e-06 	 1.185025e+07 	
6.09109109e+06 	 5.430931e-06 	 1.184879e+07 	
6.09159159e+06 	 5.428556e-06 	 1.184733e+07 	
6.09209209e+06 	 5.426182e-06 	 1.184588e+07 	
6.09259259e+06 	 5.423809e-06 	 1.184442e+07 	
6.09309309e+06 	 5.421438e-06 	 1.184297e+07 	
6.09359359e+06 	 5.419067e-06 	 1.184151e+07 	
6.09409409e+06 	 5.416697e-06 	 1.184006e+07 	
6.09459459e+06 	 5.414328e-06 	 1.183861e+07 	
6.09509510e+06 	 5.411960e-06 	 1.183715e+07 	
6.09559560e+06 	 5.409593e-06 	 1.183570e+07 	
6.09609610e+06 	 5.407228e-06 	 1.183425e+07 	
6.09659660e+06 	 5.404863e-06 	 1.183279e+07 	
6.09709710e+06 	 5.402499e-06 	 1.183134e+07 	
6.09759760e+06 	 5.400137e-06 	 1.182989e+07 	
6.09809810e+06 	 5.397775e-06 	 1.182844e+07 	
6.09859860e+06 	 5.395415e-06 	 1.182698e+07 	
6.09909910e+06 	 5.393055e-06 	 1.182553e+07 	
6.09959960e+06 	 5.390697e-06 	 1.182408e+07 	
6.10010010e+06 	 5.388339e-06 	 1.182263e+07 	
6.10060060e+06 	 5.385983e-06 	 1.182118e+07 	
6.10110110e+06 	 5.383627e-06 	 1.181973e+07 	
6.10160160e+06 	 5.381273e-06 	 1.181828e+07 	
6.10210210e+06 	 5.378920e-06 	 1.181683e+07 	
6.10260260e+06 	 5.376567e-06 	 1.181538e+07 	
6.10310310e+06 	 5.374216e-06 	 1.181393e+07 	
6.10360360e+06 	 5.371866e-06 	 1.181248e+07 	
6.10410410e+06 	 5.369516e-06 	 1.181103e+07 	
6.10460460e+06 	 5.367168e-06 	 1.180959e+07 	
6.10510511e+06 	 5.364821e-06 	 1.180814e+07 	
6.10560561e+06 	 5.362475e-06 	 1.180669e+07 	
6.10610611e+06 	 5.360130e-06 	 1.180524e+07 	
6.10660661e+06 	 5.357786e-06 	 1.180380e+07 	
6.10710711e+06 	 5.355442e-06 	 1.180235e+07 	
6.10760761e+06 	 5.353100e-06 	 1.180090e+07 	
6.10810811e+06 	 5.350759e-06 	 1.179946e+07 	
6.10860861e+06 	 5.348419e-06 	 1.179801e+07 	
6.10910911e+06 	 5.346080e-06 	 1.179656e+07 	
6.10960961e+06 	 5.343742e-06 	 1.179512e+07 	
6.11011011e+06 	 5.341405e-06 	 1.179367e+07 	
6.11061061e+06 	 5.339069e-06 	 1.179223e+07 	
6.11111111e+06 	 5.336734e-06 	 1.179078e+07 	
6.11161161e+06 	 5.334400e-06 	 1.178934e+07 	
6.11211211e+06 	 5.332068e-06 	 1.178789e+07 	
6.11261261e+06 	 5.329736e-06 	 1.178645e+07 	
6.11311311e+06 	 5.327405e-06 	 1.178501e+07 	
6.11361361e+06 	 5.325075e-06 	 1.178356e+07 	
6.11411411e+06 	 5.322746e-06 	 1.178212e+07 	
6.11461461e+06 	 5.320418e-06 	 1.178068e+07 	
6.11511512e+06 	 5.318091e-06 	 1.177924e+07 	
6.11561562e+06 	 5.315766e-06 	 1.177779e+07 	
6.11611612e+06 	 5.313441e-06 	 1.177635e+07 	
6.11661662e+06 	 5.311117e-06 	 1.177491e+07 	
6.11711712e+06 	 5.308794e-06 	 1.177347e+07 	
6.11761762e+06 	 5.306473e-06 	 1.177203e+07 	
6.11811812e+06 	 5.304152e-06 	 1.177059e+07 	
6.11861862e+06 	 5.301832e-06 	 1.176915e+07 	
6.11911912e+06 	 5.299513e-06 	 1.176771e+07 	
6.11961962e+06 	 5.297196e-06 	 1.176627e+07 	
6.12012012e+06 	 5.294879e-06 	 1.176483e+07 	
6.12062062e+06 	 5.292563e-06 	 1.176339e+07 	
6.12112112e+06 	 5.290249e-06 	 1.176195e+07 	
6.12162162e+06 	 5.287935e-06 	 1.176051e+07 	
6.12212212e+06 	 5.285622e-06 	 1.175907e+07 	
6.12262262e+06 	 5.283311e-06 	 1.175763e+07 	
6.12312312e+06 	 5.281000e-06 	 1.175620e+07 	
6.12362362e+06 	 5.278690e-06 	 1.175476e+07 	
6.12412412e+06 	 5.276382e-06 	 1.175332e+07 	
6.12462462e+06 	 5.274074e-06 	 1.175188e+07 	
6.12512513e+06 	 5.271767e-06 	 1.175045e+07 	
6.12562563e+06 	 5.269462e-06 	 1.174901e+07 	
6.12612613e+06 	 5.267157e-06 	 1.174757e+07 	
6.12662663e+06 	 5.264853e-06 	 1.174614e+07 	
6.12712713e+06 	 5.262551e-06 	 1.174470e+07 	
6.12762763e+06 	 5.260249e-06 	 1.174327e+07 	
6.12812813e+06 	 5.257948e-06 	 1.174183e+07 	
6.12862863e+06 	 5.255649e-06 	 1.174040e+07 	
6.12912913e+06 	 5.253350e-06 	 1.173896e+07 	
6.12962963e+06 	 5.251052e-06 	 1.173753e+07 	
6.13013013e+06 	 5.248756e-06 	 1.173609e+07 	
6.13063063e+06 	 5.246460e-06 	 1.173466e+07 	
6.13113113e+06 	 5.244165e-06 	 1.173323e+07 	
6.13163163e+06 	 5.241872e-06 	 1.173179e+07 	
6.13213213e+06 	 5.239579e-06 	 1.173036e+07 	
6.13263263e+06 	 5.237287e-06 	 1.172893e+07 	
6.13313313e+06 	 5.234997e-06 	 1.172750e+07 	
6.13363363e+06 	 5.232707e-06 	 1.172606e+07 	
6.13413413e+06 	 5.230418e-06 	 1.172463e+07 	
6.13463463e+06 	 5.228131e-06 	 1.172320e+07 	
6.13513514e+06 	 5.225844e-06 	 1.172177e+07 	
6.13563564e+06 	 5.223558e-06 	 1.172034e+07 	
6.13613614e+06 	 5.221273e-06 	 1.171891e+07 	
6.13663664e+06 	 5.218990e-06 	 1.171748e+07 	
6.13713714e+06 	 5.216707e-06 	 1.171605e+07 	
6.13763764e+06 	 5.214425e-06 	 1.171462e+07 	
6.13813814e+06 	 5.212144e-06 	 1.171319e+07 	
6.13863864e+06 	 5.209864e-06 	 1.171176e+07 	
6.13913914e+06 	 5.207586e-06 	 1.171033e+07 	
6.13963964e+06 	 5.205308e-06 	 1.170890e+07 	
6.14014014e+06 	 5.203031e-06 	 1.170747e+07 	
6.14064064e+06 	 5.200755e-06 	 1.170605e+07 	
6.14114114e+06 	 5.198480e-06 	 1.170462e+07 	
6.14164164e+06 	 5.196206e-06 	 1.170319e+07 	
6.14214214e+06 	 5.193934e-06 	 1.170176e+07 	
6.14264264e+06 	 5.191662e-06 	 1.170034e+07 	
6.14314314e+06 	 5.189391e-06 	 1.169891e+07 	
6.14364364e+06 	 5.187121e-06 	 1.169748e+07 	
6.14414414e+06 	 5.184852e-06 	 1.169606e+07 	
6.14464464e+06 	 5.182584e-06 	 1.169463e+07 	
6.14514515e+06 	 5.180317e-06 	 1.169320e+07 	
6.14564565e+06 	 5.178051e-06 	 1.169178e+07 	
6.14614615e+06 	 5.175786e-06 	 1.169035e+07 	
6.14664665e+06 	 5.173522e-06 	 1.168893e+07 	
6.14714715e+06 	 5.171259e-06 	 1.168750e+07 	
6.14764765e+06 	 5.168996e-06 	 1.168608e+07 	
6.14814815e+06 	 5.166735e-06 	 1.168466e+07 	
6.14864865e+06 	 5.164475e-06 	 1.168323e+07 	
6.14914915e+06 	 5.162216e-06 	 1.168181e+07 	
6.14964965e+06 	 5.159958e-06 	 1.168039e+07 	
6.15015015e+06 	 5.157701e-06 	 1.167896e+07 	
6.15065065e+06 	 5.155444e-06 	 1.167754e+07 	
6.15115115e+06 	 5.153189e-06 	 1.167612e+07 	
6.15165165e+06 	 5.150935e-06 	 1.167470e+07 	
6.15215215e+06 	 5.148681e-06 	 1.167327e+07 	
6.15265265e+06 	 5.146429e-06 	 1.167185e+07 	
6.15315315e+06 	 5.144178e-06 	 1.167043e+07 	
6.15365365e+06 	 5.141927e-06 	 1.166901e+07 	
6.15415415e+06 	 5.139678e-06 	 1.166759e+07 	
6.15465465e+06 	 5.137429e-06 	 1.166617e+07 	
6.15515516e+06 	 5.135182e-06 	 1.166475e+07 	
6.15565566e+06 	 5.132935e-06 	 1.166333e+07 	
6.15615616e+06 	 5.130690e-06 	 1.166191e+07 	
6.15665666e+06 	 5.128445e-06 	 1.166049e+07 	
6.15715716e+06 	 5.126202e-06 	 1.165907e+07 	
6.15765766e+06 	 5.123959e-06 	 1.165765e+07 	
6.15815816e+06 	 5.121717e-06 	 1.165623e+07 	
6.15865866e+06 	 5.119477e-06 	 1.165482e+07 	
6.15915916e+06 	 5.117237e-06 	 1.165340e+07 	
6.15965966e+06 	 5.114998e-06 	 1.165198e+07 	
6.16016016e+06 	 5.112760e-06 	 1.165056e+07 	
6.16066066e+06 	 5.110523e-06 	 1.164915e+07 	
6.16116116e+06 	 5.108287e-06 	 1.164773e+07 	
6.16166166e+06 	 5.106052e-06 	 1.164631e+07 	
6.16216216e+06 	 5.103819e-06 	 1.164490e+07 	
6.16266266e+06 	 5.101585e-06 	 1.164348e+07 	
6.16316316e+06 	 5.099353e-06 	 1.164206e+07 	
6.16366366e+06 	 5.097122e-06 	 1.164065e+07 	
6.16416416e+06 	 5.094892e-06 	 1.163923e+07 	
6.16466466e+06 	 5.092663e-06 	 1.163782e+07 	
6.16516517e+06 	 5.090435e-06 	 1.163640e+07 	
6.16566567e+06 	 5.088208e-06 	 1.163499e+07 	
6.16616617e+06 	 5.085981e-06 	 1.163358e+07 	
6.16666667e+06 	 5.083756e-06 	 1.163216e+07 	
6.16716717e+06 	 5.081532e-06 	 1.163075e+07 	
6.16766767e+06 	 5.079308e-06 	 1.162933e+07 	
6.16816817e+06 	 5.077086e-06 	 1.162792e+07 	
6.16866867e+06 	 5.074864e-06 	 1.162651e+07 	
6.16916917e+06 	 5.072644e-06 	 1.162510e+07 	
6.16966967e+06 	 5.070424e-06 	 1.162368e+07 	
6.17017017e+06 	 5.068205e-06 	 1.162227e+07 	
6.17067067e+06 	 5.065988e-06 	 1.162086e+07 	
6.17117117e+06 	 5.063771e-06 	 1.161945e+07 	
6.17167167e+06 	 5.061555e-06 	 1.161804e+07 	
6.17217217e+06 	 5.059340e-06 	 1.161663e+07 	
6.17267267e+06 	 5.057126e-06 	 1.161522e+07 	
6.17317317e+06 	 5.054914e-06 	 1.161381e+07 	
6.17367367e+06 	 5.052702e-06 	 1.161240e+07 	
6.17417417e+06 	 5.050490e-06 	 1.161099e+07 	
6.17467467e+06 	 5.048280e-06 	 1.160958e+07 	
6.17517518e+06 	 5.046071e-06 	 1.160817e+07 	
6.17567568e+06 	 5.043863e-06 	 1.160676e+07 	
6.17617618e+06 	 5.041656e-06 	 1.160535e+07 	
6.17667668e+06 	 5.039450e-06 	 1.160394e+07 	
6.17717718e+06 	 5.037244e-06 	 1.160253e+07 	
6.17767768e+06 	 5.035040e-06 	 1.160113e+07 	
6.17817818e+06 	 5.032836e-06 	 1.159972e+07 	
6.17867868e+06 	 5.030634e-06 	 1.159831e+07 	
6.17917918e+06 	 5.028432e-06 	 1.159690e+07 	
6.17967968e+06 	 5.026232e-06 	 1.159550e+07 	
6.18018018e+06 	 5.024032e-06 	 1.159409e+07 	
6.18068068e+06 	 5.021833e-06 	 1.159268e+07 	
6.18118118e+06 	 5.019635e-06 	 1.159128e+07 	
6.18168168e+06 	 5.017439e-06 	 1.158987e+07 	
6.18218218e+06 	 5.015243e-06 	 1.158847e+07 	
6.18268268e+06 	 5.013048e-06 	 1.158706e+07 	
6.18318318e+06 	 5.010854e-06 	 1.158566e+07 	
6.18368368e+06 	 5.008661e-06 	 1.158425e+07 	
6.18418418e+06 	 5.006469e-06 	 1.158285e+07 	
6.18468468e+06 	 5.004277e-06 	 1.158144e+07 	
6.18518519e+06 	 5.002087e-06 	 1.158004e+07 	
6.18568569e+06 	 4.999898e-06 	 1.157864e+07 	
6.18618619e+06 	 4.997709e-06 	 1.157723e+07 	
6.18668669e+06 	 4.995522e-06 	 1.157583e+07 	
6.18718719e+06 	 4.993335e-06 	 1.157443e+07 	
6.18768769e+06 	 4.991150e-06 	 1.157303e+07 	
6.18818819e+06 	 4.988965e-06 	 1.157162e+07 	
6.18868869e+06 	 4.986782e-06 	 1.157022e+07 	
6.18918919e+06 	 4.984599e-06 	 1.156882e+07 	
6.18968969e+06 	 4.982417e-06 	 1.156742e+07 	
6.19019019e+06 	 4.980236e-06 	 1.156602e+07 	
6.19069069e+06 	 4.978056e-06 	 1.156462e+07 	
6.19119119e+06 	 4.975877e-06 	 1.156322e+07 	
6.19169169e+06 	 4.973699e-06 	 1.156182e+07 	
6.19219219e+06 	 4.971522e-06 	 1.156042e+07 	
6.19269269e+06 	 4.969346e-06 	 1.155902e+07 	
6.19319319e+06 	 4.967170e-06 	 1.155762e+07 	
6.19369369e+06 	 4.964996e-06 	 1.155622e+07 	
6.19419419e+06 	 4.962823e-06 	 1.155482e+07 	
6.19469469e+06 	 4.960650e-06 	 1.155342e+07 	
6.19519520e+06 	 4.958479e-06 	 1.155202e+07 	
6.19569570e+06 	 4.956308e-06 	 1.155062e+07 	
6.19619620e+06 	 4.954138e-06 	 1.154923e+07 	
6.19669670e+06 	 4.951969e-06 	 1.154783e+07 	
6.19719720e+06 	 4.949802e-06 	 1.154643e+07 	
6.19769770e+06 	 4.947635e-06 	 1.154503e+07 	
6.19819820e+06 	 4.945469e-06 	 1.154364e+07 	
6.19869870e+06 	 4.943303e-06 	 1.154224e+07 	
6.19919920e+06 	 4.941139e-06 	 1.154084e+07 	
6.19969970e+06 	 4.938976e-06 	 1.153945e+07 	
6.20020020e+06 	 4.936814e-06 	 1.153805e+07 	
6.20070070e+06 	 4.934652e-06 	 1.153666e+07 	
6.20120120e+06 	 4.932492e-06 	 1.153526e+07 	
6.20170170e+06 	 4.930332e-06 	 1.153387e+07 	
6.20220220e+06 	 4.928174e-06 	 1.153247e+07 	
6.20270270e+06 	 4.926016e-06 	 1.153108e+07 	
6.20320320e+06 	 4.923859e-06 	 1.152968e+07 	
6.20370370e+06 	 4.921704e-06 	 1.152829e+07 	
6.20420420e+06 	 4.919549e-06 	 1.152690e+07 	
6.20470470e+06 	 4.917395e-06 	 1.152550e+07 	
6.20520521e+06 	 4.915242e-06 	 1.152411e+07 	
6.20570571e+06 	 4.913089e-06 	 1.152272e+07 	
6.20620621e+06 	 4.910938e-06 	 1.152133e+07 	
6.20670671e+06 	 4.908788e-06 	 1.151993e+07 	
6.20720721e+06 	 4.906638e-06 	 1.151854e+07 	
6.20770771e+06 	 4.904490e-06 	 1.151715e+07 	
6.20820821e+06 	 4.902342e-06 	 1.151576e+07 	
6.20870871e+06 	 4.900196e-06 	 1.151437e+07 	
6.20920921e+06 	 4.898050e-06 	 1.151298e+07 	
6.20970971e+06 	 4.895905e-06 	 1.151159e+07 	
6.21021021e+06 	 4.893761e-06 	 1.151020e+07 	
6.21071071e+06 	 4.891618e-06 	 1.150881e+07 	
6.21121121e+06 	 4.889476e-06 	 1.150742e+07 	
6.21171171e+06 	 4.887335e-06 	 1.150603e+07 	
6.21221221e+06 	 4.885195e-06 	 1.150464e+07 	
6.21271271e+06 	 4.883055e-06 	 1.150325e+07 	
6.21321321e+06 	 4.880917e-06 	 1.150186e+07 	
6.21371371e+06 	 4.878779e-06 	 1.150047e+07 	
6.21421421e+06 	 4.876643e-06 	 1.149908e+07 	
6.21471471e+06 	 4.874507e-06 	 1.149769e+07 	
6.21521522e+06 	 4.872372e-06 	 1.149631e+07 	
6.21571572e+06 	 4.870238e-06 	 1.149492e+07 	
6.21621622e+06 	 4.868105e-06 	 1.149353e+07 	
6.21671672e+06 	 4.865973e-06 	 1.149215e+07 	
6.21721722e+06 	 4.863842e-06 	 1.149076e+07 	
6.21771772e+06 	 4.861712e-06 	 1.148937e+07 	
6.21821822e+06 	 4.859583e-06 	 1.148799e+07 	
6.21871872e+06 	 4.857454e-06 	 1.148660e+07 	
6.21921922e+06 	 4.855327e-06 	 1.148522e+07 	
6.21971972e+06 	 4.853200e-06 	 1.148383e+07 	
6.22022022e+06 	 4.851074e-06 	 1.148245e+07 	
6.22072072e+06 	 4.848949e-06 	 1.148106e+07 	
6.22122122e+06 	 4.846825e-06 	 1.147968e+07 	
6.22172172e+06 	 4.844702e-06 	 1.147829e+07 	
6.22222222e+06 	 4.842580e-06 	 1.147691e+07 	
6.22272272e+06 	 4.840459e-06 	 1.147552e+07 	
6.22322322e+06 	 4.838339e-06 	 1.147414e+07 	
6.22372372e+06 	 4.836219e-06 	 1.147276e+07 	
6.22422422e+06 	 4.834101e-06 	 1.147137e+07 	
6.22472472e+06 	 4.831983e-06 	 1.146999e+07 	
6.22522523e+06 	 4.829867e-06 	 1.146861e+07 	
6.22572573e+06 	 4.827751e-06 	 1.146723e+07 	
6.22622623e+06 	 4.825636e-06 	 1.146585e+07 	
6.22672673e+06 	 4.823522e-06 	 1.146446e+07 	
6.22722723e+06 	 4.821409e-06 	 1.146308e+07 	
6.22772773e+06 	 4.819297e-06 	 1.146170e+07 	
6.22822823e+06 	 4.817185e-06 	 1.146032e+07 	
6.22872873e+06 	 4.815075e-06 	 1.145894e+07 	
6.22922923e+06 	 4.812965e-06 	 1.145756e+07 	
6.22972973e+06 	 4.810857e-06 	 1.145618e+07 	
6.23023023e+06 	 4.808749e-06 	 1.145480e+07 	
6.23073073e+06 	 4.806642e-06 	 1.145342e+07 	
6.23123123e+06 	 4.804536e-06 	 1.145204e+07 	
6.23173173e+06 	 4.802431e-06 	 1.145066e+07 	
6.23223223e+06 	 4.800327e-06 	 1.144928e+07 	
6.23273273e+06 	 4.798224e-06 	 1.144791e+07 	
6.23323323e+06 	 4.796122e-06 	 1.144653e+07 	
6.23373373e+06 	 4.794020e-06 	 1.144515e+07 	
6.23423423e+06 	 4.791920e-06 	 1.144377e+07 	
6.23473473e+06 	 4.789820e-06 	 1.144240e+07 	
6.23523524e+06 	 4.787721e-06 	 1.144102e+07 	
6.23573574e+06 	 4.785623e-06 	 1.143964e+07 	
6.23623624e+06 	 4.783526e-06 	 1.143826e+07 	
6.23673674e+06 	 4.781430e-06 	 1.143689e+07 	
6.23723724e+06 	 4.779335e-06 	 1.143551e+07 	
6.23773774e+06 	 4.777240e-06 	 1.143414e+07 	
6.23823824e+06 	 4.775147e-06 	 1.143276e+07 	
6.23873874e+06 	 4.773054e-06 	 1.143139e+07 	
6.23923924e+06 	 4.770963e-06 	 1.143001e+07 	
6.23973974e+06 	 4.768872e-06 	 1.142864e+07 	
6.24024024e+06 	 4.766782e-06 	 1.142726e+07 	
6.24074074e+06 	 4.764693e-06 	 1.142589e+07 	
6.24124124e+06 	 4.762605e-06 	 1.142451e+07 	
6.24174174e+06 	 4.760517e-06 	 1.142314e+07 	
6.24224224e+06 	 4.758431e-06 	 1.142177e+07 	
6.24274274e+06 	 4.756346e-06 	 1.142039e+07 	
6.24324324e+06 	 4.754261e-06 	 1.141902e+07 	
6.24374374e+06 	 4.752177e-06 	 1.141765e+07 	
6.24424424e+06 	 4.750094e-06 	 1.141628e+07 	
6.24474474e+06 	 4.748012e-06 	 1.141490e+07 	
6.24524525e+06 	 4.745931e-06 	 1.141353e+07 	
6.24574575e+06 	 4.743851e-06 	 1.141216e+07 	
6.24624625e+06 	 4.741772e-06 	 1.141079e+07 	
6.24674675e+06 	 4.739693e-06 	 1.140942e+07 	
6.24724725e+06 	 4.737616e-06 	 1.140805e+07 	
6.24774775e+06 	 4.735539e-06 	 1.140668e+07 	
6.24824825e+06 	 4.733463e-06 	 1.140531e+07 	
6.24874875e+06 	 4.731388e-06 	 1.140394e+07 	
6.24924925e+06 	 4.729314e-06 	 1.140257e+07 	
6.24974975e+06 	 4.727241e-06 	 1.140120e+07 	
6.25025025e+06 	 4.725169e-06 	 1.139983e+07 	
6.25075075e+06 	 4.723097e-06 	 1.139846e+07 	
6.25125125e+06 	 4.721027e-06 	 1.139709e+07 	
6.25175175e+06 	 4.718957e-06 	 1.139572e+07 	
6.25225225e+06 	 4.716888e-06 	 1.139435e+07 	
6.25275275e+06 	 4.714820e-06 	 1.139299e+07 	
6.25325325e+06 	 4.712753e-06 	 1.139162e+07 	
6.25375375e+06 	 4.710687e-06 	 1.139025e+07 	
6.25425425e+06 	 4.708622e-06 	 1.138888e+07 	
6.25475475e+06 	 4.706557e-06 	 1.138752e+07 	
6.25525526e+06 	 4.704494e-06 	 1.138615e+07 	
6.25575576e+06 	 4.702431e-06 	 1.138478e+07 	
6.25625626e+06 	 4.700369e-06 	 1.138342e+07 	
6.25675676e+06 	 4.698308e-06 	 1.138205e+07 	
6.25725726e+06 	 4.696248e-06 	 1.138069e+07 	
6.25775776e+06 	 4.694189e-06 	 1.137932e+07 	
6.25825826e+06 	 4.692131e-06 	 1.137796e+07 	
6.25875876e+06 	 4.690073e-06 	 1.137659e+07 	
6.25925926e+06 	 4.688016e-06 	 1.137523e+07 	
6.25975976e+06 	 4.685961e-06 	 1.137386e+07 	
6.26026026e+06 	 4.683906e-06 	 1.137250e+07 	
6.26076076e+06 	 4.681852e-06 	 1.137114e+07 	
6.26126126e+06 	 4.679799e-06 	 1.136977e+07 	
6.26176176e+06 	 4.677746e-06 	 1.136841e+07 	
6.26226226e+06 	 4.675695e-06 	 1.136705e+07 	
6.26276276e+06 	 4.673644e-06 	 1.136568e+07 	
6.26326326e+06 	 4.671595e-06 	 1.136432e+07 	
6.26376376e+06 	 4.669546e-06 	 1.136296e+07 	
6.26426426e+06 	 4.667498e-06 	 1.136160e+07 	
6.26476476e+06 	 4.665451e-06 	 1.136023e+07 	
6.26526527e+06 	 4.663405e-06 	 1.135887e+07 	
6.26576577e+06 	 4.661359e-06 	 1.135751e+07 	
6.26626627e+06 	 4.659315e-06 	 1.135615e+07 	
6.26676677e+06 	 4.657271e-06 	 1.135479e+07 	
6.26726727e+06 	 4.655228e-06 	 1.135343e+07 	
6.26776777e+06 	 4.653186e-06 	 1.135207e+07 	
6.26826827e+06 	 4.651145e-06 	 1.135071e+07 	
6.26876877e+06 	 4.649105e-06 	 1.134935e+07 	
6.26926927e+06 	 4.647065e-06 	 1.134799e+07 	
6.26976977e+06 	 4.645027e-06 	 1.134663e+07 	
6.27027027e+06 	 4.642989e-06 	 1.134527e+07 	
6.27077077e+06 	 4.640952e-06 	 1.134391e+07 	
6.27127127e+06 	 4.638917e-06 	 1.134256e+07 	
6.27177177e+06 	 4.636881e-06 	 1.134120e+07 	
6.27227227e+06 	 4.634847e-06 	 1.133984e+07 	
6.27277277e+06 	 4.632814e-06 	 1.133848e+07 	
6.27327327e+06 	 4.630781e-06 	 1.133713e+07 	
6.27377377e+06 	 4.628750e-06 	 1.133577e+07 	
6.27427427e+06 	 4.626719e-06 	 1.133441e+07 	
6.27477477e+06 	 4.624689e-06 	 1.133306e+07 	
6.27527528e+06 	 4.622660e-06 	 1.133170e+07 	
6.27577578e+06 	 4.620631e-06 	 1.133034e+07 	
6.27627628e+06 	 4.618604e-06 	 1.132899e+07 	
6.27677678e+06 	 4.616577e-06 	 1.132763e+07 	
6.27727728e+06 	 4.614552e-06 	 1.132628e+07 	
6.27777778e+06 	 4.612527e-06 	 1.132492e+07 	
6.27827828e+06 	 4.610503e-06 	 1.132357e+07 	
6.27877878e+06 	 4.608480e-06 	 1.132221e+07 	
6.27927928e+06 	 4.606457e-06 	 1.132086e+07 	
6.27977978e+06 	 4.604436e-06 	 1.131951e+07 	
6.28028028e+06 	 4.602415e-06 	 1.131815e+07 	
6.28078078e+06 	 4.600396e-06 	 1.131680e+07 	
6.28128128e+06 	 4.598377e-06 	 1.131544e+07 	
6.28178178e+06 	 4.596359e-06 	 1.131409e+07 	
6.28228228e+06 	 4.594341e-06 	 1.131274e+07 	
6.28278278e+06 	 4.592325e-06 	 1.131139e+07 	
6.28328328e+06 	 4.590309e-06 	 1.131003e+07 	
6.28378378e+06 	 4.588295e-06 	 1.130868e+07 	
6.28428428e+06 	 4.586281e-06 	 1.130733e+07 	
6.28478478e+06 	 4.584268e-06 	 1.130598e+07 	
6.28528529e+06 	 4.582256e-06 	 1.130463e+07 	
6.28578579e+06 	 4.580244e-06 	 1.130328e+07 	
6.28628629e+06 	 4.578234e-06 	 1.130193e+07 	
6.28678679e+06 	 4.576224e-06 	 1.130058e+07 	
6.28728729e+06 	 4.574216e-06 	 1.129923e+07 	
6.28778779e+06 	 4.572208e-06 	 1.129788e+07 	
6.28828829e+06 	 4.570201e-06 	 1.129653e+07 	
6.28878879e+06 	 4.568194e-06 	 1.129518e+07 	
6.28928929e+06 	 4.566189e-06 	 1.129383e+07 	
6.28978979e+06 	 4.564184e-06 	 1.129248e+07 	
6.29029029e+06 	 4.562181e-06 	 1.129113e+07 	
6.29079079e+06 	 4.560178e-06 	 1.128978e+07 	
6.29129129e+06 	 4.558176e-06 	 1.128844e+07 	
6.29179179e+06 	 4.556174e-06 	 1.128709e+07 	
6.29229229e+06 	 4.554174e-06 	 1.128574e+07 	
6.29279279e+06 	 4.552174e-06 	 1.128439e+07 	
6.29329329e+06 	 4.550176e-06 	 1.128305e+07 	
6.29379379e+06 	 4.548178e-06 	 1.128170e+07 	
6.29429429e+06 	 4.546181e-06 	 1.128035e+07 	
6.29479479e+06 	 4.544185e-06 	 1.127901e+07 	
6.29529530e+06 	 4.542189e-06 	 1.127766e+07 	
6.29579580e+06 	 4.540195e-06 	 1.127632e+07 	
6.29629630e+06 	 4.538201e-06 	 1.127497e+07 	
6.29679680e+06 	 4.536208e-06 	 1.127362e+07 	
6.29729730e+06 	 4.534216e-06 	 1.127228e+07 	
6.29779780e+06 	 4.532225e-06 	 1.127093e+07 	
6.29829830e+06 	 4.530235e-06 	 1.126959e+07 	
6.29879880e+06 	 4.528245e-06 	 1.126825e+07 	
6.29929930e+06 	 4.526256e-06 	 1.126690e+07 	
6.29979980e+06 	 4.524268e-06 	 1.126556e+07 	
6.30030030e+06 	 4.522281e-06 	 1.126422e+07 	
6.30080080e+06 	 4.520295e-06 	 1.126287e+07 	
6.30130130e+06 	 4.518310e-06 	 1.126153e+07 	
6.30180180e+06 	 4.516325e-06 	 1.126019e+07 	
6.30230230e+06 	 4.514342e-06 	 1.125884e+07 	
6.30280280e+06 	 4.512359e-06 	 1.125750e+07 	
6.30330330e+06 	 4.510377e-06 	 1.125616e+07 	
6.30380380e+06 	 4.508395e-06 	 1.125482e+07 	
6.30430430e+06 	 4.506415e-06 	 1.125348e+07 	
6.30480480e+06 	 4.504435e-06 	 1.125214e+07 	
6.30530531e+06 	 4.502457e-06 	 1.125079e+07 	
6.30580581e+06 	 4.500479e-06 	 1.124945e+07 	
6.30630631e+06 	 4.498502e-06 	 1.124811e+07 	
6.30680681e+06 	 4.496525e-06 	 1.124677e+07 	
6.30730731e+06 	 4.494550e-06 	 1.124543e+07 	
6.30780781e+06 	 4.492575e-06 	 1.124409e+07 	
6.30830831e+06 	 4.490601e-06 	 1.124275e+07 	
6.30880881e+06 	 4.488628e-06 	 1.124142e+07 	
6.30930931e+06 	 4.486656e-06 	 1.124008e+07 	
6.30980981e+06 	 4.484685e-06 	 1.123874e+07 	
6.31031031e+06 	 4.482714e-06 	 1.123740e+07 	
6.31081081e+06 	 4.480745e-06 	 1.123606e+07 	
6.31131131e+06 	 4.478776e-06 	 1.123472e+07 	
6.31181181e+06 	 4.476808e-06 	 1.123339e+07 	
6.31231231e+06 	 4.474841e-06 	 1.123205e+07 	
6.31281281e+06 	 4.472874e-06 	 1.123071e+07 	
6.31331331e+06 	 4.470909e-06 	 1.122938e+07 	
6.31381381e+06 	 4.468944e-06 	 1.122804e+07 	
6.31431431e+06 	 4.466980e-06 	 1.122670e+07 	
6.31481481e+06 	 4.465017e-06 	 1.122537e+07 	
6.31531532e+06 	 4.463054e-06 	 1.122403e+07 	
6.31581582e+06 	 4.461093e-06 	 1.122269e+07 	
6.31631632e+06 	 4.459132e-06 	 1.122136e+07 	
6.31681682e+06 	 4.457172e-06 	 1.122002e+07 	
6.31731732e+06 	 4.455213e-06 	 1.121869e+07 	
6.31781782e+06 	 4.453255e-06 	 1.121736e+07 	
6.31831832e+06 	 4.451298e-06 	 1.121602e+07 	
6.31881882e+06 	 4.449341e-06 	 1.121469e+07 	
6.31931932e+06 	 4.447385e-06 	 1.121335e+07 	
6.31981982e+06 	 4.445430e-06 	 1.121202e+07 	
6.32032032e+06 	 4.443476e-06 	 1.121069e+07 	
6.32082082e+06 	 4.441523e-06 	 1.120935e+07 	
6.32132132e+06 	 4.439570e-06 	 1.120802e+07 	
6.32182182e+06 	 4.437619e-06 	 1.120669e+07 	
6.32232232e+06 	 4.435668e-06 	 1.120536e+07 	
6.32282282e+06 	 4.433717e-06 	 1.120402e+07 	
6.32332332e+06 	 4.431768e-06 	 1.120269e+07 	
6.32382382e+06 	 4.429820e-06 	 1.120136e+07 	
6.32432432e+06 	 4.427872e-06 	 1.120003e+07 	
6.32482482e+06 	 4.425925e-06 	 1.119870e+07 	
6.32532533e+06 	 4.423979e-06 	 1.119737e+07 	
6.32582583e+06 	 4.422034e-06 	 1.119604e+07 	
6.32632633e+06 	 4.420089e-06 	 1.119471e+07 	
6.32682683e+06 	 4.418146e-06 	 1.119338e+07 	
6.32732733e+06 	 4.416203e-06 	 1.119205e+07 	
6.32782783e+06 	 4.414261e-06 	 1.119072e+07 	
6.32832833e+06 	 4.412320e-06 	 1.118939e+07 	
6.32882883e+06 	 4.410379e-06 	 1.118806e+07 	
6.32932933e+06 	 4.408440e-06 	 1.118673e+07 	
6.32982983e+06 	 4.406501e-06 	 1.118540e+07 	
6.33033033e+06 	 4.404563e-06 	 1.118407e+07 	
6.33083083e+06 	 4.402626e-06 	 1.118274e+07 	
6.33133133e+06 	 4.400689e-06 	 1.118142e+07 	
6.33183183e+06 	 4.398754e-06 	 1.118009e+07 	
6.33233233e+06 	 4.396819e-06 	 1.117876e+07 	
6.33283283e+06 	 4.394885e-06 	 1.117743e+07 	
6.33333333e+06 	 4.392952e-06 	 1.117611e+07 	
6.33383383e+06 	 4.391020e-06 	 1.117478e+07 	
6.33433433e+06 	 4.389088e-06 	 1.117346e+07 	
6.33483483e+06 	 4.387157e-06 	 1.117213e+07 	
6.33533534e+06 	 4.385227e-06 	 1.117080e+07 	
6.33583584e+06 	 4.383298e-06 	 1.116948e+07 	
6.33633634e+06 	 4.381370e-06 	 1.116815e+07 	
6.33683684e+06 	 4.379442e-06 	 1.116683e+07 	
6.33733734e+06 	 4.377515e-06 	 1.116550e+07 	
6.33783784e+06 	 4.375589e-06 	 1.116418e+07 	
6.33833834e+06 	 4.373664e-06 	 1.116285e+07 	
6.33883884e+06 	 4.371740e-06 	 1.116153e+07 	
6.33933934e+06 	 4.369816e-06 	 1.116021e+07 	
6.33983984e+06 	 4.367894e-06 	 1.115888e+07 	
6.34034034e+06 	 4.365972e-06 	 1.115756e+07 	
6.34084084e+06 	 4.364050e-06 	 1.115624e+07 	
6.34134134e+06 	 4.362130e-06 	 1.115491e+07 	
6.34184184e+06 	 4.360210e-06 	 1.115359e+07 	
6.34234234e+06 	 4.358292e-06 	 1.115227e+07 	
6.34284284e+06 	 4.356374e-06 	 1.115095e+07 	
6.34334334e+06 	 4.354456e-06 	 1.114962e+07 	
6.34384384e+06 	 4.352540e-06 	 1.114830e+07 	
6.34434434e+06 	 4.350624e-06 	 1.114698e+07 	
6.34484484e+06 	 4.348709e-06 	 1.114566e+07 	
6.34534535e+06 	 4.346795e-06 	 1.114434e+07 	
6.34584585e+06 	 4.344882e-06 	 1.114302e+07 	
6.34634635e+06 	 4.342970e-06 	 1.114170e+07 	
6.34684685e+06 	 4.341058e-06 	 1.114038e+07 	
6.34734735e+06 	 4.339147e-06 	 1.113906e+07 	
6.34784785e+06 	 4.337237e-06 	 1.113774e+07 	
6.34834835e+06 	 4.335328e-06 	 1.113642e+07 	
6.34884885e+06 	 4.333419e-06 	 1.113510e+07 	
6.34934935e+06 	 4.331511e-06 	 1.113378e+07 	
6.34984985e+06 	 4.329605e-06 	 1.113246e+07 	
6.35035035e+06 	 4.327698e-06 	 1.113115e+07 	
6.35085085e+06 	 4.325793e-06 	 1.112983e+07 	
6.35135135e+06 	 4.323888e-06 	 1.112851e+07 	
6.35185185e+06 	 4.321985e-06 	 1.112719e+07 	
6.35235235e+06 	 4.320082e-06 	 1.112587e+07 	
6.35285285e+06 	 4.318179e-06 	 1.112456e+07 	
6.35335335e+06 	 4.316278e-06 	 1.112324e+07 	
6.35385385e+06 	 4.314377e-06 	 1.112192e+07 	
6.35435435e+06 	 4.312477e-06 	 1.112061e+07 	
6.35485485e+06 	 4.310578e-06 	 1.111929e+07 	
6.35535536e+06 	 4.308680e-06 	 1.111798e+07 	
6.35585586e+06 	 4.306783e-06 	 1.111666e+07 	
6.35635636e+06 	 4.304886e-06 	 1.111535e+07 	
6.35685686e+06 	 4.302990e-06 	 1.111403e+07 	
6.35735736e+06 	 4.301095e-06 	 1.111272e+07 	
6.35785786e+06 	 4.299200e-06 	 1.111140e+07 	
6.35835836e+06 	 4.297307e-06 	 1.111009e+07 	
6.35885886e+06 	 4.295414e-06 	 1.110877e+07 	
6.35935936e+06 	 4.293522e-06 	 1.110746e+07 	
6.35985986e+06 	 4.291631e-06 	 1.110614e+07 	
6.36036036e+06 	 4.289740e-06 	 1.110483e+07 	
6.36086086e+06 	 4.287850e-06 	 1.110352e+07 	
6.36136136e+06 	 4.285961e-06 	 1.110221e+07 	
6.36186186e+06 	 4.284073e-06 	 1.110089e+07 	
6.36236236e+06 	 4.282186e-06 	 1.109958e+07 	
6.36286286e+06 	 4.280299e-06 	 1.109827e+07 	
6.36336336e+06 	 4.278413e-06 	 1.109696e+07 	
6.36386386e+06 	 4.276528e-06 	 1.109564e+07 	
6.36436436e+06 	 4.274644e-06 	 1.109433e+07 	
6.36486486e+06 	 4.272761e-06 	 1.109302e+07 	
6.36536537e+06 	 4.270878e-06 	 1.109171e+07 	
6.36586587e+06 	 4.268996e-06 	 1.109040e+07 	
6.36636637e+06 	 4.267115e-06 	 1.108909e+07 	
6.36686687e+06 	 4.265234e-06 	 1.108778e+07 	
6.36736737e+06 	 4.263355e-06 	 1.108647e+07 	
6.36786787e+06 	 4.261476e-06 	 1.108516e+07 	
6.36836837e+06 	 4.259598e-06 	 1.108385e+07 	
6.36886887e+06 	 4.257720e-06 	 1.108254e+07 	
6.36936937e+06 	 4.255844e-06 	 1.108123e+07 	
6.36986987e+06 	 4.253968e-06 	 1.107992e+07 	
6.37037037e+06 	 4.252093e-06 	 1.107862e+07 	
6.37087087e+06 	 4.250219e-06 	 1.107731e+07 	
6.37137137e+06 	 4.248345e-06 	 1.107600e+07 	
6.37187187e+06 	 4.246473e-06 	 1.107469e+07 	
6.37237237e+06 	 4.244601e-06 	 1.107338e+07 	
6.37287287e+06 	 4.242730e-06 	 1.107208e+07 	
6.37337337e+06 	 4.240859e-06 	 1.107077e+07 	
6.37387387e+06 	 4.238990e-06 	 1.106946e+07 	
6.37437437e+06 	 4.237121e-06 	 1.106816e+07 	
6.37487487e+06 	 4.235253e-06 	 1.106685e+07 	
6.37537538e+06 	 4.233385e-06 	 1.106554e+07 	
6.37587588e+06 	 4.231519e-06 	 1.106424e+07 	
6.37637638e+06 	 4.229653e-06 	 1.106293e+07 	
6.37687688e+06 	 4.227788e-06 	 1.106163e+07 	
6.37737738e+06 	 4.225924e-06 	 1.106032e+07 	
6.37787788e+06 	 4.224060e-06 	 1.105902e+07 	
6.37837838e+06 	 4.222197e-06 	 1.105771e+07 	
6.37887888e+06 	 4.220336e-06 	 1.105641e+07 	
6.37937938e+06 	 4.218474e-06 	 1.105510e+07 	
6.37987988e+06 	 4.216614e-06 	 1.105380e+07 	
6.38038038e+06 	 4.214754e-06 	 1.105250e+07 	
6.38088088e+06 	 4.212895e-06 	 1.105119e+07 	
6.38138138e+06 	 4.211037e-06 	 1.104989e+07 	
6.38188188e+06 	 4.209180e-06 	 1.104859e+07 	
6.38238238e+06 	 4.207323e-06 	 1.104729e+07 	
6.38288288e+06 	 4.205467e-06 	 1.104598e+07 	
6.38338338e+06 	 4.203612e-06 	 1.104468e+07 	
6.38388388e+06 	 4.201758e-06 	 1.104338e+07 	
6.38438438e+06 	 4.199904e-06 	 1.104208e+07 	
6.38488488e+06 	 4.198051e-06 	 1.104078e+07 	
6.38538539e+06 	 4.196199e-06 	 1.103947e+07 	
6.38588589e+06 	 4.194348e-06 	 1.103817e+07 	
6.38638639e+06 	 4.192497e-06 	 1.103687e+07 	
6.38688689e+06 	 4.190648e-06 	 1.103557e+07 	
6.38738739e+06 	 4.188799e-06 	 1.103427e+07 	
6.38788789e+06 	 4.186950e-06 	 1.103297e+07 	
6.38838839e+06 	 4.185103e-06 	 1.103167e+07 	
6.38888889e+06 	 4.183256e-06 	 1.103037e+07 	
6.38938939e+06 	 4.181410e-06 	 1.102907e+07 	
6.38988989e+06 	 4.179565e-06 	 1.102778e+07 	
6.39039039e+06 	 4.177720e-06 	 1.102648e+07 	
6.39089089e+06 	 4.175876e-06 	 1.102518e+07 	
6.39139139e+06 	 4.174033e-06 	 1.102388e+07 	
6.39189189e+06 	 4.172191e-06 	 1.102258e+07 	
6.39239239e+06 	 4.170350e-06 	 1.102128e+07 	
6.39289289e+06 	 4.168509e-06 	 1.101999e+07 	
6.39339339e+06 	 4.166669e-06 	 1.101869e+07 	
6.39389389e+06 	 4.164830e-06 	 1.101739e+07 	
6.39439439e+06 	 4.162991e-06 	 1.101610e+07 	
6.39489489e+06 	 4.161154e-06 	 1.101480e+07 	
6.39539540e+06 	 4.159317e-06 	 1.101350e+07 	
6.39589590e+06 	 4.157480e-06 	 1.101221e+07 	
6.39639640e+06 	 4.155645e-06 	 1.101091e+07 	
6.39689690e+06 	 4.153810e-06 	 1.100962e+07 	
6.39739740e+06 	 4.151976e-06 	 1.100832e+07 	
6.39789790e+06 	 4.150143e-06 	 1.100702e+07 	
6.39839840e+06 	 4.148311e-06 	 1.100573e+07 	
6.39889890e+06 	 4.146479e-06 	 1.100444e+07 	
6.39939940e+06 	 4.144648e-06 	 1.100314e+07 	
6.39989990e+06 	 4.142818e-06 	 1.100185e+07 	
6.40040040e+06 	 4.140988e-06 	 1.100055e+07 	
6.40090090e+06 	 4.139159e-06 	 1.099926e+07 	
6.40140140e+06 	 4.137331e-06 	 1.099797e+07 	
6.40190190e+06 	 4.135504e-06 	 1.099667e+07 	
6.40240240e+06 	 4.133678e-06 	 1.099538e+07 	
6.40290290e+06 	 4.131852e-06 	 1.099409e+07 	
6.40340340e+06 	 4.130027e-06 	 1.099279e+07 	
6.40390390e+06 	 4.128203e-06 	 1.099150e+07 	
6.40440440e+06 	 4.126379e-06 	 1.099021e+07 	
6.40490490e+06 	 4.124556e-06 	 1.098892e+07 	
6.40540541e+06 	 4.122734e-06 	 1.098763e+07 	
6.40590591e+06 	 4.120913e-06 	 1.098634e+07 	
6.40640641e+06 	 4.119092e-06 	 1.098505e+07 	
6.40690691e+06 	 4.117273e-06 	 1.098375e+07 	
6.40740741e+06 	 4.115453e-06 	 1.098246e+07 	
6.40790791e+06 	 4.113635e-06 	 1.098117e+07 	
6.40840841e+06 	 4.111818e-06 	 1.097988e+07 	
6.40890891e+06 	 4.110001e-06 	 1.097859e+07 	
6.40940941e+06 	 4.108185e-06 	 1.097730e+07 	
6.40990991e+06 	 4.106369e-06 	 1.097602e+07 	
6.41041041e+06 	 4.104555e-06 	 1.097473e+07 	
6.41091091e+06 	 4.102741e-06 	 1.097344e+07 	
6.41141141e+06 	 4.100928e-06 	 1.097215e+07 	
6.41191191e+06 	 4.099115e-06 	 1.097086e+07 	
6.41241241e+06 	 4.097303e-06 	 1.096957e+07 	
6.41291291e+06 	 4.095493e-06 	 1.096828e+07 	
6.41341341e+06 	 4.093682e-06 	 1.096700e+07 	
6.41391391e+06 	 4.091873e-06 	 1.096571e+07 	
6.41441441e+06 	 4.090064e-06 	 1.096442e+07 	
6.41491491e+06 	 4.088256e-06 	 1.096314e+07 	
6.41541542e+06 	 4.086449e-06 	 1.096185e+07 	
6.41591592e+06 	 4.084642e-06 	 1.096056e+07 	
6.41641642e+06 	 4.082837e-06 	 1.095928e+07 	
6.41691692e+06 	 4.081032e-06 	 1.095799e+07 	
6.41741742e+06 	 4.079227e-06 	 1.095670e+07 	
6.41791792e+06 	 4.077424e-06 	 1.095542e+07 	
6.41841842e+06 	 4.075621e-06 	 1.095413e+07 	
6.41891892e+06 	 4.073819e-06 	 1.095285e+07 	
6.41941942e+06 	 4.072017e-06 	 1.095156e+07 	
6.41991992e+06 	 4.070217e-06 	 1.095028e+07 	
6.42042042e+06 	 4.068417e-06 	 1.094900e+07 	
6.42092092e+06 	 4.066617e-06 	 1.094771e+07 	
6.42142142e+06 	 4.064819e-06 	 1.094643e+07 	
6.42192192e+06 	 4.063021e-06 	 1.094514e+07 	
6.42242242e+06 	 4.061224e-06 	 1.094386e+07 	
6.42292292e+06 	 4.059428e-06 	 1.094258e+07 	
6.42342342e+06 	 4.057632e-06 	 1.094129e+07 	
6.42392392e+06 	 4.055838e-06 	 1.094001e+07 	
6.42442442e+06 	 4.054044e-06 	 1.093873e+07 	
6.42492492e+06 	 4.052250e-06 	 1.093745e+07 	
6.42542543e+06 	 4.050458e-06 	 1.093617e+07 	
6.42592593e+06 	 4.048666e-06 	 1.093488e+07 	
6.42642643e+06 	 4.046874e-06 	 1.093360e+07 	
6.42692693e+06 	 4.045084e-06 	 1.093232e+07 	
6.42742743e+06 	 4.043294e-06 	 1.093104e+07 	
6.42792793e+06 	 4.041505e-06 	 1.092976e+07 	
6.42842843e+06 	 4.039717e-06 	 1.092848e+07 	
6.42892893e+06 	 4.037929e-06 	 1.092720e+07 	
6.42942943e+06 	 4.036143e-06 	 1.092592e+07 	
6.42992993e+06 	 4.034357e-06 	 1.092464e+07 	
6.43043043e+06 	 4.032571e-06 	 1.092336e+07 	
6.43093093e+06 	 4.030786e-06 	 1.092208e+07 	
6.43143143e+06 	 4.029003e-06 	 1.092080e+07 	
6.43193193e+06 	 4.027219e-06 	 1.091952e+07 	
6.43243243e+06 	 4.025437e-06 	 1.091824e+07 	
6.43293293e+06 	 4.023655e-06 	 1.091697e+07 	
6.43343343e+06 	 4.021874e-06 	 1.091569e+07 	
6.43393393e+06 	 4.020094e-06 	 1.091441e+07 	
6.43443443e+06 	 4.018314e-06 	 1.091313e+07 	
6.43493493e+06 	 4.016535e-06 	 1.091185e+07 	
6.43543544e+06 	 4.014757e-06 	 1.091058e+07 	
6.43593594e+06 	 4.012980e-06 	 1.090930e+07 	
6.43643644e+06 	 4.011203e-06 	 1.090802e+07 	
6.43693694e+06 	 4.009427e-06 	 1.090675e+07 	
6.43743744e+06 	 4.007652e-06 	 1.090547e+07 	
6.43793794e+06 	 4.005877e-06 	 1.090420e+07 	
6.43843844e+06 	 4.004103e-06 	 1.090292e+07 	
6.43893894e+06 	 4.002330e-06 	 1.090164e+07 	
6.43943944e+06 	 4.000558e-06 	 1.090037e+07 	
6.43993994e+06 	 3.998786e-06 	 1.089909e+07 	
6.44044044e+06 	 3.997015e-06 	 1.089782e+07 	
6.44094094e+06 	 3.995245e-06 	 1.089654e+07 	
6.44144144e+06 	 3.993475e-06 	 1.089527e+07 	
6.44194194e+06 	 3.991706e-06 	 1.089400e+07 	
6.44244244e+06 	 3.989938e-06 	 1.089272e+07 	
6.44294294e+06 	 3.988171e-06 	 1.089145e+07 	
6.44344344e+06 	 3.986404e-06 	 1.089018e+07 	
6.44394394e+06 	 3.984638e-06 	 1.088890e+07 	
6.44444444e+06 	 3.982873e-06 	 1.088763e+07 	
6.44494494e+06 	 3.981108e-06 	 1.088636e+07 	
6.44544545e+06 	 3.979344e-06 	 1.088508e+07 	
6.44594595e+06 	 3.977581e-06 	 1.088381e+07 	
6.44644645e+06 	 3.975819e-06 	 1.088254e+07 	
6.44694695e+06 	 3.974057e-06 	 1.088127e+07 	
6.44744745e+06 	 3.972296e-06 	 1.088000e+07 	
6.44794795e+06 	 3.970536e-06 	 1.087873e+07 	
6.44844845e+06 	 3.968776e-06 	 1.087746e+07 	
6.44894895e+06 	 3.967017e-06 	 1.087618e+07 	
6.44944945e+06 	 3.965259e-06 	 1.087491e+07 	
6.44994995e+06 	 3.963502e-06 	 1.087364e+07 	
6.45045045e+06 	 3.961745e-06 	 1.087237e+07 	
6.45095095e+06 	 3.960187e-06 	 1.087109e+07 	
6.45145145e+06 	 3.958433e-06 	 1.086982e+07 	
6.45195195e+06 	 3.956679e-06 	 1.086855e+07 	
6.45245245e+06 	 3.954926e-06 	 1.086728e+07 	
6.45295295e+06 	 3.953173e-06 	 1.086601e+07 	
6.45345345e+06 	 3.951422e-06 	 1.086474e+07 	
6.45395395e+06 	 3.949671e-06 	 1.086347e+07 	
6.45445445e+06 	 3.947921e-06 	 1.086221e+07 	
6.45495495e+06 	 3.946171e-06 	 1.086094e+07 	
6.45545546e+06 	 3.944422e-06 	 1.085967e+07 	
6.45595596e+06 	 3.942674e-06 	 1.085840e+07 	
6.45645646e+06 	 3.940927e-06 	 1.085714e+07 	
6.45695696e+06 	 3.939180e-06 	 1.085587e+07 	
6.45745746e+06 	 3.937434e-06 	 1.085460e+07 	
6.45795796e+06 	 3.935689e-06 	 1.085334e+07 	
6.45845846e+06 	 3.933944e-06 	 1.085207e+07 	
6.45895896e+06 	 3.932200e-06 	 1.085080e+07 	
6.45945946e+06 	 3.930457e-06 	 1.084954e+07 	
6.45995996e+06 	 3.928715e-06 	 1.084827e+07 	
6.46046046e+06 	 3.926973e-06 	 1.084701e+07 	
6.46096096e+06 	 3.925232e-06 	 1.084574e+07 	
6.46146146e+06 	 3.923492e-06 	 1.084448e+07 	
6.46196196e+06 	 3.921752e-06 	 1.084321e+07 	
6.46246246e+06 	 3.920013e-06 	 1.084195e+07 	
6.46296296e+06 	 3.918275e-06 	 1.084068e+07 	
6.46346346e+06 	 3.916537e-06 	 1.083942e+07 	
6.46396396e+06 	 3.914800e-06 	 1.083815e+07 	
6.46446446e+06 	 3.913064e-06 	 1.083689e+07 	
6.46496496e+06 	 3.911329e-06 	 1.083563e+07 	
6.46546547e+06 	 3.909594e-06 	 1.083436e+07 	
6.46596597e+06 	 3.907860e-06 	 1.083310e+07 	
6.46646647e+06 	 3.906127e-06 	 1.083184e+07 	
6.46696697e+06 	 3.904394e-06 	 1.083058e+07 	
6.46746747e+06 	 3.902662e-06 	 1.082931e+07 	
6.46796797e+06 	 3.900931e-06 	 1.082805e+07 	
6.46846847e+06 	 3.899201e-06 	 1.082679e+07 	
6.46896897e+06 	 3.897471e-06 	 1.082553e+07 	
6.46946947e+06 	 3.895742e-06 	 1.082427e+07 	
6.46996997e+06 	 3.894013e-06 	 1.082301e+07 	
6.47047047e+06 	 3.892285e-06 	 1.082175e+07 	
6.47097097e+06 	 3.890558e-06 	 1.082049e+07 	
6.47147147e+06 	 3.888832e-06 	 1.081923e+07 	
6.47197197e+06 	 3.887106e-06 	 1.081797e+07 	
6.47247247e+06 	 3.885382e-06 	 1.081671e+07 	
6.47297297e+06 	 3.883657e-06 	 1.081545e+07 	
6.47347347e+06 	 3.881934e-06 	 1.081419e+07 	
6.47397397e+06 	 3.880211e-06 	 1.081293e+07 	
6.47447447e+06 	 3.878489e-06 	 1.081167e+07 	
6.47497497e+06 	 3.876767e-06 	 1.081041e+07 	
6.47547548e+06 	 3.875046e-06 	 1.080915e+07 	
6.47597598e+06 	 3.873326e-06 	 1.080789e+07 	
6.47647648e+06 	 3.871607e-06 	 1.080663e+07 	
6.47697698e+06 	 3.869888e-06 	 1.080538e+07 	
6.47747748e+06 	 3.868170e-06 	 1.080412e+07 	
6.47797798e+06 	 3.866453e-06 	 1.080286e+07 	
6.47847848e+06 	 3.864736e-06 	 1.080161e+07 	
6.47897898e+06 	 3.863020e-06 	 1.080035e+07 	
6.47947948e+06 	 3.861305e-06 	 1.079909e+07 	
6.47997998e+06 	 3.859591e-06 	 1.079784e+07 	
6.48048048e+06 	 3.857877e-06 	 1.079658e+07 	
6.48098098e+06 	 3.856164e-06 	 1.079532e+07 	
6.48148148e+06 	 3.854451e-06 	 1.079407e+07 	
6.48198198e+06 	 3.852739e-06 	 1.079281e+07 	
6.48248248e+06 	 3.851028e-06 	 1.079156e+07 	
6.48298298e+06 	 3.849318e-06 	 1.079030e+07 	
6.48348348e+06 	 3.847608e-06 	 1.078905e+07 	
6.48398398e+06 	 3.845899e-06 	 1.078779e+07 	
6.48448448e+06 	 3.844191e-06 	 1.078654e+07 	
6.48498498e+06 	 3.842483e-06 	 1.078528e+07 	
6.48548549e+06 	 3.840776e-06 	 1.078403e+07 	
6.48598599e+06 	 3.839070e-06 	 1.078278e+07 	
6.48648649e+06 	 3.837364e-06 	 1.078152e+07 	
6.48698699e+06 	 3.835659e-06 	 1.078027e+07 	
6.48748749e+06 	 3.833955e-06 	 1.077902e+07 	
6.48798799e+06 	 3.832252e-06 	 1.077776e+07 	
6.48848849e+06 	 3.830549e-06 	 1.077651e+07 	
6.48898899e+06 	 3.828847e-06 	 1.077526e+07 	
6.48948949e+06 	 3.827145e-06 	 1.077401e+07 	
6.48998999e+06 	 3.825444e-06 	 1.077276e+07 	
6.49049049e+06 	 3.823744e-06 	 1.077150e+07 	
6.49099099e+06 	 3.822045e-06 	 1.077025e+07 	
6.49149149e+06 	 3.820346e-06 	 1.076900e+07 	
6.49199199e+06 	 3.818648e-06 	 1.076775e+07 	
6.49249249e+06 	 3.816951e-06 	 1.076650e+07 	
6.49299299e+06 	 3.815254e-06 	 1.076525e+07 	
6.49349349e+06 	 3.813558e-06 	 1.076400e+07 	
6.49399399e+06 	 3.811863e-06 	 1.076275e+07 	
6.49449449e+06 	 3.810168e-06 	 1.076150e+07 	
6.49499499e+06 	 3.808474e-06 	 1.076025e+07 	
6.49549550e+06 	 3.806781e-06 	 1.075900e+07 	
6.49599600e+06 	 3.805088e-06 	 1.075775e+07 	
6.49649650e+06 	 3.803396e-06 	 1.075650e+07 	
6.49699700e+06 	 3.801705e-06 	 1.075526e+07 	
6.49749750e+06 	 3.800014e-06 	 1.075401e+07 	
6.49799800e+06 	 3.798324e-06 	 1.075276e+07 	
6.49849850e+06 	 3.796635e-06 	 1.075151e+07 	
6.49899900e+06 	 3.794947e-06 	 1.075026e+07 	
6.49949950e+06 	 3.793259e-06 	 1.074902e+07 	
6.50000000e+06 	 3.791572e-06 	 1.074777e+07 	
6.53284919e+06 	 3.682101e-06 	 1.066643e+07 	
6.56586439e+06 	 3.575058e-06 	 1.058564e+07 	
6.59904644e+06 	 3.470060e-06 	 1.050543e+07 	
6.63239618e+06 	 3.367349e-06 	 1.042577e+07 	
6.66591446e+06 	 3.266734e-06 	 1.034667e+07 	
6.69960213e+06 	 3.168360e-06 	 1.026811e+07 	
6.73346005e+06 	 3.071831e-06 	 1.019011e+07 	
6.76748909e+06 	 2.977420e-06 	 1.011264e+07 	
6.80169009e+06 	 2.884780e-06 	 1.003573e+07 	
6.83606393e+06 	 2.794145e-06 	 9.959351e+06 	
6.87061150e+06 	 2.705208e-06 	 9.883517e+06 	
6.90533365e+06 	 2.617907e-06 	 9.808233e+06 	
6.94023128e+06 	 2.532421e-06 	 9.733473e+06 	
6.97530528e+06 	 2.448602e-06 	 9.659246e+06 	
7.01055653e+06 	 2.366555e-06 	 9.585531e+06 	
7.04598593e+06 	 2.285979e-06 	 9.512357e+06 	
7.08159437e+06 	 2.206817e-06 	 9.439723e+06 	
7.11738278e+06 	 2.129248e-06 	 9.367604e+06 	
7.15335205e+06 	 2.053017e-06 	 9.296023e+06 	
7.18950310e+06 	 1.978270e-06 	 9.224957e+06 	
7.22583684e+06 	 1.904879e-06 	 9.154416e+06 	
7.26235421e+06 	 1.832921e-06 	 9.084384e+06 	
7.29905612e+06 	 1.762142e-06 	 9.014892e+06 	
7.33594351e+06 	 1.692699e-06 	 8.945912e+06 	
7.37301733e+06 	 1.624368e-06 	 8.877473e+06 	
7.41027850e+06 	 1.557279e-06 	 8.809553e+06 	
7.44772799e+06 	 1.491236e-06 	 8.742180e+06 	
7.48536673e+06 	 1.426344e-06 	 8.675334e+06 	
7.52319568e+06 	 1.362435e-06 	 8.609045e+06 	
7.56121582e+06 	 1.299528e-06 	 8.543310e+06 	
7.59942810e+06 	 1.237505e-06 	 8.478155e+06 	
7.63783349e+06 	 1.176471e-06 	 8.413563e+06 	
7.67643297e+06 	 1.116260e-06 	 8.349575e+06 	
7.71522752e+06 	 1.056959e-06 	 8.286183e+06 	
7.75421813e+06 	 9.985419e-07 	 8.223403e+06 	
7.79340579e+06 	 9.408867e-07 	 8.161283e+06 	
7.83279149e+06 	 8.839730e-07 	 8.099852e+06 	
7.87237623e+06 	 8.278725e-07 	 8.039121e+06 	
7.91216103e+06 	 7.725485e-07 	 7.979138e+06 	
7.95214689e+06 	 7.179657e-07 	 7.919963e+06 	
7.99233482e+06 	 6.642381e-07 	 7.861622e+06 	
8.03272585e+06 	 6.114156e-07 	 7.804170e+06 	
8.07332101e+06 	 5.595041e-07 	 7.747702e+06 	
8.11412132e+06 	 5.086070e-07 	 7.692300e+06 	
8.15512783e+06 	 4.589146e-07 	 7.638029e+06 	
8.19634158e+06 	 4.105526e-07 	 7.585012e+06 	
8.23776360e+06 	 3.637763e-07 	 7.533335e+06 	
8.27939496e+06 	 3.188381e-07 	 7.483114e+06 	
8.32123672e+06 	 2.759962e-07 	 7.434497e+06 	
8.36328993e+06 	 2.355709e-07 	 7.387620e+06 	
8.40555566e+06 	 1.979186e-07 	 7.342592e+06 	
8.44803500e+06 	 1.633644e-07 	 7.299532e+06 	
8.49072901e+06 	 1.321858e-07 	 7.258580e+06 	
8.53363879e+06 	 1.046155e-07 	 7.219838e+06 	
8.57676542e+06 	 8.080364e-08 	 7.183347e+06 	
8.62011001e+06 	 6.076672e-08 	 7.149138e+06 	
8.66367364e+06 	 4.438765e-08 	 7.117221e+06 	
8.70745743e+06 	 3.142522e-08 	 7.087501e+06 	
8.75146249e+06 	 2.151499e-08 	 7.059924e+06 	
8.79568995e+06 	 1.421904e-08 	 7.034264e+06 	
8.84014091e+06 	 9.054724e-09 	 7.010426e+06 	
8.88481652e+06 	 5.549213e-09 	 6.988010e+06 	
8.92971791e+06 	 3.269123e-09 	 6.966833e+06 	
8.97484621e+06 	 1.849810e-09 	 6.946851e+06 	
9.02020258e+06 	 1.005068e-09 	 6.927536e+06 	
9.92993878e+06 	 1.000000e-20 	 6.590481e+06 	
1.09314268e+07 	 1.000000e-20 	 6.272215e+06 	
1.20339203e+07 	 1.000000e-20 	 5.970158e+06 	
1.32476062e+07 	 1.000000e-20 	 5.683364e+06 	
1.45836989e+07 	 1.000000e-20 	 5.410961e+06 	
1.60545438e+07 	 1.000000e-20 	 5.152142e+06 	
1.76737314e+07 	 1.000000e-20 	 4.906154e+06 	
1.94562227e+07 	 1.000000e-20 	 4.672300e+06 	
2.14184880e+07 	 1.000000e-20 	 4.449926e+06 	
2.35786583e+07 	 1.000000e-20 	 4.238423e+06 	
2.59566935e+07 	 1.000000e-20 	 4.037220e+06 	
2.85745664e+07 	 1.000000e-20 	 3.845782e+06 	
3.14564659e+07 	 1.000000e-20 	 3.663604e+06 	
3.46290206e+07 	 1.000000e-20 	 3.490215e+06 	
3.81215445e+07 	 1.000000e-20 	 3.325168e+06 	
4.19663084e+07 	 1.000000e-20 	 3.168043e+06 	
4.61988375e+07 	 1.000000e-20 	 3.018445e+06 	
5.08582400e+07 	 1.000000e-20 	 2.875999e+06 	
5.59875685e+07 	 1.000000e-20 	 2.740350e+06 	
6.16342175e+07 	 1.000000e-20 	 2.611165e+06 	
6.78503616e+07 	 1.000000e-20 	 2.488126e+06 	
7.46934374e+07 	 1.000000e-20 	 2.370934e+06 	
8.22266744e+07 	 1.000000e-20 	 2.259304e+06 	
9.05196791e+07 	 1.000000e-20 	 2.152966e+06 	
9.96490782e+07 	 1.000000e-20 	 2.051664e+06 	
1.09699227e+08 	 1.000000e-20 	 1.955157e+06 	
1.20762987e+08 	 1.000000e-20 	 1.863212e+06 	
1.32942587e+08 	 1.000000e-20 	 1.775612e+06 	
1.46350565e+08 	 1.000000e-20 	 1.692148e+06 	
1.61110811e+08 	 1.000000e-20 	 1.612622e+06 	
1.77359708e+08 	 1.000000e-20 	 1.536847e+06 	
1.95247393e+08 	 1.000000e-20 	 1.464644e+06 	
2.14939148e+08 	 1.000000e-20 	 1.395843e+06 	
2.36616924e+08 	 1.000000e-20 	 1.330283e+06 	
2.60481020e+08 	 1.000000e-20 	 1.267809e+06 	
2.86751939e+08 	 1.000000e-20 	 1.208275e+06 	
3.15672422e+08 	 1.000000e-20 	 1.151543e+06 	
3.47509693e+08 	 1.000000e-20 	 1.097479e+06 	
3.82557924e+08 	 1.000000e-20 	 1.045957e+06 	
4.21140959e+08 	 1.000000e-20 	 9.968582e+05 	
4.63615302e+08 	 1.000000e-20 	 9.500669e+05 	
5.10373412e+08 	 1.000000e-20 	 9.054747e+05 	
5.61847330e+08 	 1.000000e-20 	 8.629777e+05 	
6.18512671e+08 	 1.000000e-20 	 8.224773e+05 	
6.80893018e+08 	 1.000000e-20 	 7.838793e+05 	
7.49564760e+08 	 1.000000e-20 	 7.470942e+05 	
8.25162419e+08 	 1.000000e-20 	 7.120367e+05 	
9.08384511e+08 	 1.000000e-20 	 6.786253e+05 	
1.00000000e+09 	 1.000000e-20 	 6.467827e+05 	
