r (cm)        	 rho (g/cm3) 	 T (K)       		 Linf = 2.623339e+38
1.19994651e+06 	 1.008164e+05 	 1.163997e+09 	
1.20001963e+06 	 9.353338e+04 	 1.141905e+09 	
1.20016989e+06 	 7.992529e+04 	 1.096951e+09 	
1.20029498e+06 	 6.988589e+04 	 1.059995e+09 	
1.20042007e+06 	 6.091546e+04 	 1.023479e+09 	
1.20054516e+06 	 5.292352e+04 	 9.874170e+08 	
1.20067025e+06 	 4.582493e+04 	 9.518242e+08 	
1.20079322e+06 	 3.963984e+04 	 9.173064e+08 	
1.20091619e+06 	 3.416958e+04 	 8.832719e+08 	
1.20103916e+06 	 2.934752e+04 	 8.497361e+08 	
1.20114018e+06 	 2.582709e+04 	 8.225695e+08 	
1.20124121e+06 	 2.266977e+04 	 7.957595e+08 	
1.20134224e+06 	 1.984516e+04 	 7.693154e+08 	
1.20144326e+06 	 1.732468e+04 	 7.432467e+08 	
1.20154429e+06 	 1.508156e+04 	 7.175633e+08 	
1.20164707e+06 	 1.305825e+04 	 6.918392e+08 	
1.20174985e+06 	 1.127149e+04 	 6.665346e+08 	
1.20183366e+06 	 9.973638e+03 	 6.462185e+08 	
1.20191747e+06 	 8.806237e+03 	 6.261944e+08 	
1.20200129e+06 	 7.758403e+03 	 6.064681e+08 	
1.20208510e+06 	 6.819939e+03 	 5.870458e+08 	
1.20216891e+06 	 5.981307e+03 	 5.679334e+08 	
1.20225272e+06 	 5.233602e+03 	 5.491369e+08 	
1.20233665e+06 	 4.567603e+03 	 5.306352e+08 	
1.20242059e+06 	 3.976733e+03 	 5.124624e+08 	
1.20250452e+06 	 3.453808e+03 	 4.946244e+08 	
1.20257431e+06 	 3.065988e+03 	 4.800532e+08 	
1.20264409e+06 	 2.716978e+03 	 4.657208e+08 	
1.20271387e+06 	 2.403460e+03 	 4.516305e+08 	
1.20278365e+06 	 2.122343e+03 	 4.377855e+08 	
1.20285343e+06 	 1.870748e+03 	 4.241890e+08 	
1.20292322e+06 	 1.646001e+03 	 4.108440e+08 	
1.20299516e+06 	 1.439777e+03 	 3.973519e+08 	
1.20306711e+06 	 1.256945e+03 	 3.841334e+08 	
1.20312628e+06 	 1.122468e+03 	 3.734691e+08 	
1.20318545e+06 	 1.001054e+03 	 3.629934e+08 	
1.20324462e+06 	 8.915928e+02 	 3.527079e+08 	
1.20330379e+06 	 7.930510e+02 	 3.426140e+08 	
1.20336296e+06 	 7.044699e+02 	 3.327130e+08 	
1.20342213e+06 	 6.249602e+02 	 3.230062e+08 	
1.20348130e+06 	 5.536990e+02 	 3.134948e+08 	
1.20354048e+06 	 4.899257e+02 	 3.041796e+08 	
1.20360194e+06 	 4.308578e+02 	 2.947123e+08 	
1.20366341e+06 	 3.783901e+02 	 2.854586e+08 	
1.20371433e+06 	 3.394463e+02 	 2.779545e+08 	
1.20376525e+06 	 3.042303e+02 	 2.705979e+08 	
1.20381617e+06 	 2.724205e+02 	 2.633890e+08 	
1.20386709e+06 	 2.437189e+02 	 2.563279e+08 	
1.20391801e+06 	 2.178503e+02 	 2.494149e+08 	
1.20396894e+06 	 1.945605e+02 	 2.426498e+08 	
1.20401986e+06 	 1.736150e+02 	 2.360325e+08 	
1.20407078e+06 	 1.547980e+02 	 2.295630e+08 	
1.20412170e+06 	 1.379111e+02 	 2.232409e+08 	
1.20417262e+06 	 1.227722e+02 	 2.170658e+08 	
1.20421771e+06 	 1.106919e+02 	 2.117202e+08 	
1.20426280e+06 	 9.974433e+01 	 2.064892e+08 	
1.20430790e+06 	 8.983120e+01 	 2.013722e+08 	
1.20435299e+06 	 8.086162e+01 	 1.963689e+08 	
1.20439808e+06 	 7.275191e+01 	 1.914786e+08 	
1.20444317e+06 	 6.542504e+01 	 1.867006e+08 	
1.20448826e+06 	 5.881021e+01 	 1.820344e+08 	
1.20453335e+06 	 5.284241e+01 	 1.774791e+08 	
1.20457844e+06 	 4.746201e+01 	 1.730339e+08 	
1.20462353e+06 	 4.261440e+01 	 1.686979e+08 	
1.20466862e+06 	 3.824960e+01 	 1.644703e+08 	
1.20471371e+06 	 3.432193e+01 	 1.603501e+08 	
1.20475880e+06 	 3.078969e+01 	 1.563361e+08 	
1.20480389e+06 	 2.761485e+01 	 1.524272e+08 	
1.20484898e+06 	 2.476277e+01 	 1.486224e+08 	
1.20489407e+06 	 2.220194e+01 	 1.449204e+08 	
1.20493916e+06 	 1.990370e+01 	 1.413199e+08 	
1.20498435e+06 	 1.783775e+01 	 1.378120e+08 	
1.20502954e+06 	 1.598568e+01 	 1.344034e+08 	
1.20507473e+06 	 1.432598e+01 	 1.310927e+08 	
1.20511992e+06 	 1.283917e+01 	 1.278783e+08 	
1.20516511e+06 	 1.150767e+01 	 1.247588e+08 	
1.20521030e+06 	 1.031557e+01 	 1.217325e+08 	
1.20525549e+06 	 9.248530e+00 	 1.187980e+08 	
1.20530068e+06 	 8.293623e+00 	 1.159536e+08 	
1.20534587e+06 	 7.439199e+00 	 1.131976e+08 	
1.20539106e+06 	 6.674778e+00 	 1.105283e+08 	
1.20543624e+06 	 5.990933e+00 	 1.079441e+08 	
1.20548143e+06 	 5.379197e+00 	 1.054431e+08 	
1.20552662e+06 	 4.831965e+00 	 1.030236e+08 	
1.20557181e+06 	 4.342417e+00 	 1.006839e+08 	
1.20561700e+06 	 3.904435e+00 	 9.842212e+07 	
1.20566219e+06 	 3.512541e+00 	 9.623646e+07 	
1.20571484e+06 	 3.107560e+00 	 9.378347e+07 	
1.20576750e+06 	 2.751619e+00 	 9.142846e+07 	
1.20582015e+06 	 2.438671e+00 	 8.916854e+07 	
1.20587280e+06 	 2.163411e+00 	 8.700082e+07 	
1.20592545e+06 	 1.921187e+00 	 8.492241e+07 	
1.20597810e+06 	 1.707920e+00 	 8.293043e+07 	
1.20603076e+06 	 1.520037e+00 	 8.102202e+07 	
1.20608341e+06 	 1.354410e+00 	 7.919434e+07 	
1.20613606e+06 	 1.208300e+00 	 7.744458e+07 	
1.20618871e+06 	 1.079309e+00 	 7.576997e+07 	
1.20624136e+06 	 9.653382e-01 	 7.416776e+07 	
1.20629402e+06 	 8.645523e-01 	 7.263525e+07 	
1.20636095e+06 	 7.529589e-01 	 7.078356e+07 	
1.20642788e+06 	 6.572528e-01 	 6.903490e+07 	
1.20649481e+06 	 5.750377e-01 	 6.738406e+07 	
1.20656174e+06 	 5.042902e-01 	 6.582601e+07 	
1.20662867e+06 	 4.433018e-01 	 6.435586e+07 	
1.20669561e+06 	 3.906284e-01 	 6.296888e+07 	
1.20676254e+06 	 3.450494e-01 	 6.166055e+07 	
1.20682947e+06 	 3.055314e-01 	 6.042647e+07 	
1.20691292e+06 	 2.634351e-01 	 5.898546e+07 	
1.20699638e+06 	 2.279993e-01 	 5.764566e+07 	
1.20707983e+06 	 1.980732e-01 	 5.639978e+07 	
1.20716328e+06 	 1.727171e-01 	 5.524096e+07 	
1.20724674e+06 	 1.511617e-01 	 5.416275e+07 	
1.20735134e+06 	 1.285555e-01 	 5.291592e+07 	
1.20745595e+06 	 1.099396e-01 	 5.177538e+07 	
1.20756056e+06 	 9.452975e-02 	 5.073111e+07 	
1.20766517e+06 	 8.170798e-02 	 4.977399e+07 	
1.20779168e+06 	 6.896795e-02 	 4.872112e+07 	
1.20791820e+06 	 5.863069e-02 	 4.777055e+07 	
1.20804471e+06 	 5.018334e-02 	 4.691066e+07 	
1.20820160e+06 	 4.175109e-02 	 4.595499e+07 	
1.20835850e+06 	 3.506295e-02 	 4.510612e+07 	
1.20851539e+06 	 2.970619e-02 	 4.434957e+07 	
1.20869581e+06 	 2.480023e-02 	 4.357779e+07 	
1.20887622e+06 	 2.091407e-02 	 4.289596e+07 	
1.20908159e+06 	 1.742164e-02 	 4.221258e+07 	
1.20928695e+06 	 1.467359e-02 	 4.161265e+07 	
1.20954315e+06 	 1.201281e-02 	 4.096155e+07 	
1.20979934e+06 	 9.974248e-03 	 4.039963e+07 	
1.21005553e+06 	 8.387258e-03 	 3.991085e+07 	
1.21038115e+06 	 6.839959e-03 	 3.937553e+07 	
1.21070677e+06 	 5.669269e-03 	 3.891792e+07 	
1.21103239e+06 	 4.766670e-03 	 3.852273e+07 	
1.21145613e+06 	 3.875868e-03 	 3.808295e+07 	
1.21187987e+06 	 3.210483e-03 	 3.770986e+07 	
1.21230361e+06 	 2.702436e-03 	 3.738927e+07 	
1.21288193e+06 	 2.184495e-03 	 3.701777e+07 	
1.21346024e+06 	 1.805188e-03 	 3.670519e+07 	
1.21403855e+06 	 1.519971e-03 	 3.643786e+07 	
1.21476485e+06 	 1.252634e-03 	 3.615136e+07 	
1.21549114e+06 	 1.054500e-03 	 3.590703e+07 	
1.21621744e+06 	 9.038226e-04 	 3.569516e+07 	
1.21721662e+06 	 7.493576e-04 	 3.544425e+07 	
1.21821581e+06 	 6.363110e-04 	 3.522908e+07 	
1.21935737e+06 	 5.407382e-04 	 3.501598e+07 	
1.22049892e+06 	 4.693936e-04 	 3.482938e+07 	
1.22164048e+06 	 4.147258e-04 	 3.466312e+07 	
1.22340651e+06 	 3.523004e-04 	 3.443613e+07 	
1.22517253e+06 	 3.076881e-04 	 3.423645e+07 	
1.22693856e+06 	 2.746835e-04 	 3.405682e+07 	
1.22946603e+06 	 2.405547e-04 	 3.382518e+07 	
1.23199351e+06 	 2.163957e-04 	 3.361528e+07 	
1.23452098e+06 	 1.986423e-04 	 3.342102e+07 	
1.23845049e+06 	 1.790696e-04 	 3.314103e+07 	
1.24063949e+06 	 1.709770e-04 	 3.299359e+07 	
1.24547447e+06 	 1.575675e-04 	 3.268321e+07 	
1.24931595e+06 	 1.497915e-04 	 3.244759e+07 	
1.25580753e+06 	 1.400179e-04 	 3.206454e+07 	
1.26046081e+06 	 1.345976e-04 	 3.179842e+07 	
1.27012958e+06 	 1.256132e-04 	 3.126140e+07 	
1.27370342e+06 	 1.227678e-04 	 3.106723e+07 	
1.28629820e+06 	 1.138648e-04 	 3.039791e+07 	
1.29386809e+06 	 1.090643e-04 	 3.000553e+07 	
1.29954377e+06 	 1.056532e-04 	 2.971580e+07 	
1.30521945e+06 	 1.023771e-04 	 2.942973e+07 	
1.30940030e+06 	 1.000413e-04 	 2.922128e+07 	
1.31250000e+06 	 9.834944e-05 	 2.906796e+07 	
1.32000000e+06 	 9.438418e-05 	 2.870120e+07 	
1.32750000e+06 	 9.059177e-05 	 2.834028e+07 	
1.33500000e+06 	 8.695982e-05 	 2.798506e+07 	
1.34250000e+06 	 8.347854e-05 	 2.763539e+07 	
1.35000000e+06 	 8.014081e-05 	 2.729116e+07 	
1.35750000e+06 	 7.694002e-05 	 2.695224e+07 	
1.36500000e+06 	 7.386867e-05 	 2.661851e+07 	
1.37250000e+06 	 7.092083e-05 	 2.628987e+07 	
1.38000000e+06 	 6.809052e-05 	 2.596619e+07 	
1.38750000e+06 	 6.537258e-05 	 2.564739e+07 	
1.39500000e+06 	 6.276170e-05 	 2.533335e+07 	
1.40250000e+06 	 6.025375e-05 	 2.502397e+07 	
1.41000000e+06 	 5.784342e-05 	 2.471917e+07 	
1.41750000e+06 	 5.552621e-05 	 2.441883e+07 	
1.42500000e+06 	 5.329822e-05 	 2.412288e+07 	
1.43250000e+06 	 5.115586e-05 	 2.383123e+07 	
1.44000000e+06 	 4.909468e-05 	 2.354379e+07 	
1.44750000e+06 	 4.711117e-05 	 2.326046e+07 	
1.45500000e+06 	 4.520186e-05 	 2.298118e+07 	
1.46250000e+06 	 4.336348e-05 	 2.270586e+07 	
1.47000000e+06 	 4.159292e-05 	 2.243442e+07 	
1.47750000e+06 	 3.988721e-05 	 2.216680e+07 	
1.48500000e+06 	 3.824344e-05 	 2.190291e+07 	
1.50000000e+06 	 3.513093e-05 	 2.138605e+07 	
1.50050050e+06 	 3.503092e-05 	 2.136905e+07 	
1.50100100e+06 	 3.493115e-05 	 2.135207e+07 	
1.50150150e+06 	 3.483161e-05 	 2.133510e+07 	
1.50200200e+06 	 3.473232e-05 	 2.131815e+07 	
1.50250250e+06 	 3.463326e-05 	 2.130121e+07 	
1.50300300e+06 	 3.453444e-05 	 2.128429e+07 	
1.50350350e+06 	 3.443586e-05 	 2.126739e+07 	
1.50400400e+06 	 3.433752e-05 	 2.125050e+07 	
1.50450450e+06 	 3.423941e-05 	 2.123362e+07 	
1.50500501e+06 	 3.414153e-05 	 2.121676e+07 	
1.50550551e+06 	 3.404389e-05 	 2.119992e+07 	
1.50600601e+06 	 3.394648e-05 	 2.118309e+07 	
1.50650651e+06 	 3.384930e-05 	 2.116628e+07 	
1.50700701e+06 	 3.375235e-05 	 2.114948e+07 	
1.50750751e+06 	 3.365564e-05 	 2.113270e+07 	
1.50800801e+06 	 3.355915e-05 	 2.111593e+07 	
1.50850851e+06 	 3.346289e-05 	 2.109918e+07 	
1.50900901e+06 	 3.336686e-05 	 2.108245e+07 	
1.50950951e+06 	 3.327106e-05 	 2.106573e+07 	
1.51001001e+06 	 3.317548e-05 	 2.104902e+07 	
1.51051051e+06 	 3.308014e-05 	 2.103233e+07 	
1.51101101e+06 	 3.298501e-05 	 2.101566e+07 	
1.51151151e+06 	 3.289011e-05 	 2.099900e+07 	
1.51201201e+06 	 3.279544e-05 	 2.098236e+07 	
1.51251251e+06 	 3.270099e-05 	 2.096573e+07 	
1.51301301e+06 	 3.260677e-05 	 2.094912e+07 	
1.51351351e+06 	 3.251276e-05 	 2.093252e+07 	
1.51401401e+06 	 3.241898e-05 	 2.091594e+07 	
1.51451451e+06 	 3.232542e-05 	 2.089937e+07 	
1.51501502e+06 	 3.223208e-05 	 2.088282e+07 	
1.51551552e+06 	 3.213896e-05 	 2.086628e+07 	
1.51601602e+06 	 3.204606e-05 	 2.084976e+07 	
1.51651652e+06 	 3.195338e-05 	 2.083325e+07 	
1.51701702e+06 	 3.186092e-05 	 2.081676e+07 	
1.51751752e+06 	 3.176867e-05 	 2.080028e+07 	
1.51801802e+06 	 3.167664e-05 	 2.078382e+07 	
1.51851852e+06 	 3.158483e-05 	 2.076737e+07 	
1.51901902e+06 	 3.149323e-05 	 2.075094e+07 	
1.51951952e+06 	 3.140185e-05 	 2.073453e+07 	
1.52002002e+06 	 3.131068e-05 	 2.071812e+07 	
1.52052052e+06 	 3.121972e-05 	 2.070174e+07 	
1.52102102e+06 	 3.112898e-05 	 2.068537e+07 	
1.52152152e+06 	 3.103845e-05 	 2.066901e+07 	
1.52202202e+06 	 3.094813e-05 	 2.065267e+07 	
1.52252252e+06 	 3.085802e-05 	 2.063634e+07 	
1.52302302e+06 	 3.076813e-05 	 2.062003e+07 	
1.52352352e+06 	 3.067844e-05 	 2.060373e+07 	
1.52402402e+06 	 3.058896e-05 	 2.058745e+07 	
1.52452452e+06 	 3.049969e-05 	 2.057118e+07 	
1.52502503e+06 	 3.041063e-05 	 2.055493e+07 	
1.52552553e+06 	 3.032177e-05 	 2.053869e+07 	
1.52602603e+06 	 3.023312e-05 	 2.052247e+07 	
1.52652653e+06 	 3.014468e-05 	 2.050626e+07 	
1.52702703e+06 	 3.005644e-05 	 2.049006e+07 	
1.52752753e+06 	 2.996840e-05 	 2.047388e+07 	
1.52802803e+06 	 2.988057e-05 	 2.045772e+07 	
1.52852853e+06 	 2.979294e-05 	 2.044157e+07 	
1.52902903e+06 	 2.970552e-05 	 2.042543e+07 	
1.52952953e+06 	 2.961830e-05 	 2.040931e+07 	
1.53003003e+06 	 2.953127e-05 	 2.039321e+07 	
1.53053053e+06 	 2.944445e-05 	 2.037712e+07 	
1.53103103e+06 	 2.935783e-05 	 2.036104e+07 	
1.53153153e+06 	 2.927141e-05 	 2.034498e+07 	
1.53203203e+06 	 2.918518e-05 	 2.032893e+07 	
1.53253253e+06 	 2.909916e-05 	 2.031290e+07 	
1.53303303e+06 	 2.901333e-05 	 2.029688e+07 	
1.53353353e+06 	 2.892770e-05 	 2.028087e+07 	
1.53403403e+06 	 2.884226e-05 	 2.026488e+07 	
1.53453453e+06 	 2.875702e-05 	 2.024891e+07 	
1.53503504e+06 	 2.867198e-05 	 2.023295e+07 	
1.53553554e+06 	 2.858712e-05 	 2.021700e+07 	
1.53603604e+06 	 2.850247e-05 	 2.020107e+07 	
1.53653654e+06 	 2.841800e-05 	 2.018515e+07 	
1.53703704e+06 	 2.833373e-05 	 2.016925e+07 	
1.53753754e+06 	 2.824965e-05 	 2.015336e+07 	
1.53803804e+06 	 2.816577e-05 	 2.013749e+07 	
1.53853854e+06 	 2.808207e-05 	 2.012163e+07 	
1.53903904e+06 	 2.799856e-05 	 2.010578e+07 	
1.53953954e+06 	 2.791525e-05 	 2.008995e+07 	
1.54004004e+06 	 2.783212e-05 	 2.007413e+07 	
1.54054054e+06 	 2.774918e-05 	 2.005833e+07 	
1.54104104e+06 	 2.766643e-05 	 2.004254e+07 	
1.54154154e+06 	 2.758387e-05 	 2.002676e+07 	
1.54204204e+06 	 2.750149e-05 	 2.001100e+07 	
1.54254254e+06 	 2.741930e-05 	 1.999526e+07 	
1.54304304e+06 	 2.733730e-05 	 1.997953e+07 	
1.54354354e+06 	 2.725548e-05 	 1.996381e+07 	
1.54404404e+06 	 2.717384e-05 	 1.994810e+07 	
1.54454454e+06 	 2.709239e-05 	 1.993241e+07 	
1.54504505e+06 	 2.701113e-05 	 1.991674e+07 	
1.54554555e+06 	 2.693004e-05 	 1.990108e+07 	
1.54604605e+06 	 2.684914e-05 	 1.988543e+07 	
1.54654655e+06 	 2.676842e-05 	 1.986980e+07 	
1.54704705e+06 	 2.668788e-05 	 1.985418e+07 	
1.54754755e+06 	 2.660753e-05 	 1.983857e+07 	
1.54804805e+06 	 2.652735e-05 	 1.982298e+07 	
1.54854855e+06 	 2.644735e-05 	 1.980740e+07 	
1.54904905e+06 	 2.636753e-05 	 1.979184e+07 	
1.54954955e+06 	 2.628789e-05 	 1.977629e+07 	
1.55005005e+06 	 2.620843e-05 	 1.976076e+07 	
1.55055055e+06 	 2.612914e-05 	 1.974523e+07 	
1.55105105e+06 	 2.605003e-05 	 1.972973e+07 	
1.55155155e+06 	 2.597110e-05 	 1.971423e+07 	
1.55205205e+06 	 2.589234e-05 	 1.969875e+07 	
1.55255255e+06 	 2.581376e-05 	 1.968329e+07 	
1.55305305e+06 	 2.573535e-05 	 1.966784e+07 	
1.55355355e+06 	 2.565712e-05 	 1.965240e+07 	
1.55405405e+06 	 2.557905e-05 	 1.963697e+07 	
1.55455455e+06 	 2.550117e-05 	 1.962156e+07 	
1.55505506e+06 	 2.542345e-05 	 1.960617e+07 	
1.55555556e+06 	 2.534590e-05 	 1.959078e+07 	
1.55605606e+06 	 2.526853e-05 	 1.957541e+07 	
1.55655656e+06 	 2.519132e-05 	 1.956006e+07 	
1.55705706e+06 	 2.511429e-05 	 1.954472e+07 	
1.55755756e+06 	 2.503743e-05 	 1.952939e+07 	
1.55805806e+06 	 2.496073e-05 	 1.951407e+07 	
1.55855856e+06 	 2.488549e-05 	 1.949875e+07 	
1.55905906e+06 	 2.480918e-05 	 1.948346e+07 	
1.55955956e+06 	 2.473304e-05 	 1.946819e+07 	
1.56006006e+06 	 2.465706e-05 	 1.945293e+07 	
1.56056056e+06 	 2.458125e-05 	 1.943768e+07 	
1.56106106e+06 	 2.450561e-05 	 1.942245e+07 	
1.56156156e+06 	 2.443014e-05 	 1.940723e+07 	
1.56206206e+06 	 2.435483e-05 	 1.939202e+07 	
1.56256256e+06 	 2.427969e-05 	 1.937683e+07 	
1.56306306e+06 	 2.420471e-05 	 1.936165e+07 	
1.56356356e+06 	 2.412990e-05 	 1.934648e+07 	
1.56406406e+06 	 2.405525e-05 	 1.933133e+07 	
1.56456456e+06 	 2.398077e-05 	 1.931619e+07 	
1.56506507e+06 	 2.390645e-05 	 1.930107e+07 	
1.56556557e+06 	 2.383230e-05 	 1.928595e+07 	
1.56606607e+06 	 2.375831e-05 	 1.927086e+07 	
1.56656657e+06 	 2.368448e-05 	 1.925577e+07 	
1.56706707e+06 	 2.361081e-05 	 1.924070e+07 	
1.56756757e+06 	 2.353610e-05 	 1.922566e+07 	
1.56806807e+06 	 2.346271e-05 	 1.921062e+07 	
1.56856857e+06 	 2.338948e-05 	 1.919558e+07 	
1.56906907e+06 	 2.331641e-05 	 1.918057e+07 	
1.56956957e+06 	 2.324350e-05 	 1.916556e+07 	
1.57007007e+06 	 2.317075e-05 	 1.915057e+07 	
1.57057057e+06 	 2.309815e-05 	 1.913559e+07 	
1.57107107e+06 	 2.302571e-05 	 1.912063e+07 	
1.57157157e+06 	 2.295343e-05 	 1.910568e+07 	
1.57207207e+06 	 2.288130e-05 	 1.909074e+07 	
1.57257257e+06 	 2.280932e-05 	 1.907582e+07 	
1.57307307e+06 	 2.273751e-05 	 1.906090e+07 	
1.57357357e+06 	 2.266584e-05 	 1.904601e+07 	
1.57407407e+06 	 2.259433e-05 	 1.903112e+07 	
1.57457457e+06 	 2.252298e-05 	 1.901625e+07 	
1.57507508e+06 	 2.245177e-05 	 1.900139e+07 	
1.57557558e+06 	 2.238072e-05 	 1.898654e+07 	
1.57607608e+06 	 2.230982e-05 	 1.897171e+07 	
1.57657658e+06 	 2.223907e-05 	 1.895689e+07 	
1.57707708e+06 	 2.216733e-05 	 1.894211e+07 	
1.57757758e+06 	 2.209684e-05 	 1.892731e+07 	
1.57807808e+06 	 2.202651e-05 	 1.891254e+07 	
1.57857858e+06 	 2.195632e-05 	 1.889777e+07 	
1.57907908e+06 	 2.188628e-05 	 1.888302e+07 	
1.57957958e+06 	 2.181638e-05 	 1.886828e+07 	
1.58008008e+06 	 2.174664e-05 	 1.885355e+07 	
1.58058058e+06 	 2.167704e-05 	 1.883883e+07 	
1.58108108e+06 	 2.160758e-05 	 1.882413e+07 	
1.58158158e+06 	 2.153828e-05 	 1.880945e+07 	
1.58208208e+06 	 2.146911e-05 	 1.879477e+07 	
1.58258258e+06 	 2.140009e-05 	 1.878011e+07 	
1.58308308e+06 	 2.133122e-05 	 1.876546e+07 	
1.58358358e+06 	 2.126249e-05 	 1.875082e+07 	
1.58408408e+06 	 2.119390e-05 	 1.873620e+07 	
1.58458458e+06 	 2.112546e-05 	 1.872159e+07 	
1.58508509e+06 	 2.105715e-05 	 1.870699e+07 	
1.58558559e+06 	 2.098899e-05 	 1.869241e+07 	
1.58608609e+06 	 2.092203e-05 	 1.867782e+07 	
1.58658659e+06 	 2.085419e-05 	 1.866326e+07 	
1.58708709e+06 	 2.078649e-05 	 1.864871e+07 	
1.58758759e+06 	 2.071893e-05 	 1.863418e+07 	
1.58808809e+06 	 2.065151e-05 	 1.861965e+07 	
1.58858859e+06 	 2.058423e-05 	 1.860515e+07 	
1.58908909e+06 	 2.051709e-05 	 1.859065e+07 	
1.58958959e+06 	 2.045009e-05 	 1.857617e+07 	
1.59009009e+06 	 2.038323e-05 	 1.856170e+07 	
1.59059059e+06 	 2.031650e-05 	 1.854724e+07 	
1.59109109e+06 	 2.024992e-05 	 1.853280e+07 	
1.59159159e+06 	 2.018347e-05 	 1.851836e+07 	
1.59209209e+06 	 2.011716e-05 	 1.850395e+07 	
1.59259259e+06 	 2.005098e-05 	 1.848954e+07 	
1.59309309e+06 	 1.998495e-05 	 1.847515e+07 	
1.59359359e+06 	 1.991905e-05 	 1.846076e+07 	
1.59409409e+06 	 1.985328e-05 	 1.844640e+07 	
1.59459459e+06 	 1.978765e-05 	 1.843204e+07 	
1.59509510e+06 	 1.972215e-05 	 1.841770e+07 	
1.59559560e+06 	 1.965578e-05 	 1.840339e+07 	
1.59609610e+06 	 1.959052e-05 	 1.838907e+07 	
1.59659660e+06 	 1.952539e-05 	 1.837477e+07 	
1.59709710e+06 	 1.946039e-05 	 1.836047e+07 	
1.59759760e+06 	 1.939552e-05 	 1.834619e+07 	
1.59809810e+06 	 1.933079e-05 	 1.833193e+07 	
1.59859860e+06 	 1.926618e-05 	 1.831767e+07 	
1.59909910e+06 	 1.920171e-05 	 1.830343e+07 	
1.59959960e+06 	 1.913736e-05 	 1.828920e+07 	
1.60010010e+06 	 1.907315e-05 	 1.827498e+07 	
1.60060060e+06 	 1.900906e-05 	 1.826078e+07 	
1.60110110e+06 	 1.894510e-05 	 1.824659e+07 	
1.60160160e+06 	 1.888127e-05 	 1.823241e+07 	
1.60210210e+06 	 1.881757e-05 	 1.821824e+07 	
1.60260260e+06 	 1.875400e-05 	 1.820409e+07 	
1.60310310e+06 	 1.869055e-05 	 1.818995e+07 	
1.60360360e+06 	 1.862723e-05 	 1.817582e+07 	
1.60410410e+06 	 1.856403e-05 	 1.816170e+07 	
1.60460460e+06 	 1.850003e-05 	 1.814761e+07 	
1.60510511e+06 	 1.843706e-05 	 1.813352e+07 	
1.60560561e+06 	 1.837420e-05 	 1.811944e+07 	
1.60610611e+06 	 1.831148e-05 	 1.810538e+07 	
1.60660661e+06 	 1.824887e-05 	 1.809132e+07 	
1.60710711e+06 	 1.818639e-05 	 1.807728e+07 	
1.60760761e+06 	 1.812402e-05 	 1.806325e+07 	
1.60810811e+06 	 1.806178e-05 	 1.804923e+07 	
1.60860861e+06 	 1.799966e-05 	 1.803523e+07 	
1.60910911e+06 	 1.793767e-05 	 1.802124e+07 	
1.60960961e+06 	 1.787579e-05 	 1.800725e+07 	
1.61011011e+06 	 1.781403e-05 	 1.799329e+07 	
1.61061061e+06 	 1.775239e-05 	 1.797933e+07 	
1.61111111e+06 	 1.769087e-05 	 1.796539e+07 	
1.61161161e+06 	 1.762947e-05 	 1.795146e+07 	
1.61211211e+06 	 1.756819e-05 	 1.793754e+07 	
1.61261261e+06 	 1.750702e-05 	 1.792363e+07 	
1.61311311e+06 	 1.744597e-05 	 1.790974e+07 	
1.61361361e+06 	 1.738504e-05 	 1.789585e+07 	
1.61411411e+06 	 1.732510e-05 	 1.788196e+07 	
1.61461461e+06 	 1.726443e-05 	 1.786811e+07 	
1.61511512e+06 	 1.720387e-05 	 1.785426e+07 	
1.61561562e+06 	 1.714344e-05 	 1.784042e+07 	
1.61611612e+06 	 1.708311e-05 	 1.782660e+07 	
1.61661662e+06 	 1.702291e-05 	 1.781279e+07 	
1.61711712e+06 	 1.696281e-05 	 1.779899e+07 	
1.61761762e+06 	 1.690284e-05 	 1.778521e+07 	
1.61811812e+06 	 1.684297e-05 	 1.777144e+07 	
1.61861862e+06 	 1.678322e-05 	 1.775767e+07 	
1.61911912e+06 	 1.672359e-05 	 1.774392e+07 	
1.61961962e+06 	 1.666406e-05 	 1.773019e+07 	
1.62012012e+06 	 1.660465e-05 	 1.771646e+07 	
1.62062062e+06 	 1.654535e-05 	 1.770275e+07 	
1.62112112e+06 	 1.648616e-05 	 1.768905e+07 	
1.62162162e+06 	 1.642708e-05 	 1.767536e+07 	
1.62212212e+06 	 1.636812e-05 	 1.766168e+07 	
1.62262262e+06 	 1.630926e-05 	 1.764802e+07 	
1.62312312e+06 	 1.625052e-05 	 1.763436e+07 	
1.62362362e+06 	 1.619106e-05 	 1.762074e+07 	
1.62412412e+06 	 1.613251e-05 	 1.760712e+07 	
1.62462462e+06 	 1.607406e-05 	 1.759350e+07 	
1.62512513e+06 	 1.601572e-05 	 1.757989e+07 	
1.62562563e+06 	 1.595749e-05 	 1.756630e+07 	
1.62612613e+06 	 1.589937e-05 	 1.755272e+07 	
1.62662663e+06 	 1.584135e-05 	 1.753915e+07 	
1.62712713e+06 	 1.578344e-05 	 1.752560e+07 	
1.62762763e+06 	 1.572563e-05 	 1.751205e+07 	
1.62812813e+06 	 1.566793e-05 	 1.749852e+07 	
1.62862863e+06 	 1.561033e-05 	 1.748500e+07 	
1.62912913e+06 	 1.555284e-05 	 1.747149e+07 	
1.62962963e+06 	 1.549545e-05 	 1.745800e+07 	
1.63013013e+06 	 1.543817e-05 	 1.744451e+07 	
1.63063063e+06 	 1.538099e-05 	 1.743104e+07 	
1.63113113e+06 	 1.532391e-05 	 1.741758e+07 	
1.63163163e+06 	 1.526693e-05 	 1.740413e+07 	
1.63213213e+06 	 1.521006e-05 	 1.739069e+07 	
1.63263263e+06 	 1.515328e-05 	 1.737727e+07 	
1.63313313e+06 	 1.509584e-05 	 1.736387e+07 	
1.63363363e+06 	 1.503925e-05 	 1.735047e+07 	
1.63413413e+06 	 1.498275e-05 	 1.733708e+07 	
1.63463463e+06 	 1.492635e-05 	 1.732371e+07 	
1.63513514e+06 	 1.487005e-05 	 1.731034e+07 	
1.63563564e+06 	 1.481385e-05 	 1.729699e+07 	
1.63613614e+06 	 1.475775e-05 	 1.728365e+07 	
1.63663664e+06 	 1.470174e-05 	 1.727032e+07 	
1.63713714e+06 	 1.464583e-05 	 1.725700e+07 	
1.63763764e+06 	 1.459002e-05 	 1.724369e+07 	
1.63813814e+06 	 1.453430e-05 	 1.723040e+07 	
1.63863864e+06 	 1.447868e-05 	 1.721712e+07 	
1.63913914e+06 	 1.442316e-05 	 1.720385e+07 	
1.63963964e+06 	 1.436772e-05 	 1.719059e+07 	
1.64014014e+06 	 1.431239e-05 	 1.717734e+07 	
1.64064064e+06 	 1.425714e-05 	 1.716411e+07 	
1.64114114e+06 	 1.420199e-05 	 1.715088e+07 	
1.64164164e+06 	 1.414694e-05 	 1.713767e+07 	
1.64214214e+06 	 1.409197e-05 	 1.712447e+07 	
1.64264264e+06 	 1.403782e-05 	 1.711126e+07 	
1.64314314e+06 	 1.398306e-05 	 1.709809e+07 	
1.64364364e+06 	 1.392839e-05 	 1.708492e+07 	
1.64414414e+06 	 1.387382e-05 	 1.707177e+07 	
1.64464464e+06 	 1.381934e-05 	 1.705863e+07 	
1.64514515e+06 	 1.376495e-05 	 1.704550e+07 	
1.64564565e+06 	 1.371065e-05 	 1.703238e+07 	
1.64614615e+06 	 1.365643e-05 	 1.701927e+07 	
1.64664665e+06 	 1.360231e-05 	 1.700618e+07 	
1.64714715e+06 	 1.354828e-05 	 1.699310e+07 	
1.64764765e+06 	 1.349434e-05 	 1.698003e+07 	
1.64814815e+06 	 1.344048e-05 	 1.696697e+07 	
1.64864865e+06 	 1.338671e-05 	 1.695392e+07 	
1.64914915e+06 	 1.333303e-05 	 1.694088e+07 	
1.64964965e+06 	 1.327944e-05 	 1.692786e+07 	
1.65015015e+06 	 1.322593e-05 	 1.691485e+07 	
1.65065065e+06 	 1.317251e-05 	 1.690185e+07 	
1.65115115e+06 	 1.311917e-05 	 1.688886e+07 	
1.65165165e+06 	 1.306592e-05 	 1.687588e+07 	
1.65215215e+06 	 1.301342e-05 	 1.686290e+07 	
1.65265265e+06 	 1.296036e-05 	 1.684994e+07 	
1.65315315e+06 	 1.290738e-05 	 1.683700e+07 	
1.65365365e+06 	 1.285449e-05 	 1.682407e+07 	
1.65415415e+06 	 1.280168e-05 	 1.681115e+07 	
1.65465465e+06 	 1.274896e-05 	 1.679824e+07 	
1.65515516e+06 	 1.269632e-05 	 1.678534e+07 	
1.65565566e+06 	 1.264376e-05 	 1.677246e+07 	
1.65615616e+06 	 1.259129e-05 	 1.675959e+07 	
1.65665666e+06 	 1.253889e-05 	 1.674673e+07 	
1.65715716e+06 	 1.248658e-05 	 1.673388e+07 	
1.65765766e+06 	 1.243435e-05 	 1.672104e+07 	
1.65815816e+06 	 1.238220e-05 	 1.670821e+07 	
1.65865866e+06 	 1.233012e-05 	 1.669540e+07 	
1.65915916e+06 	 1.227813e-05 	 1.668260e+07 	
1.65965966e+06 	 1.222622e-05 	 1.666981e+07 	
1.66016016e+06 	 1.217439e-05 	 1.665703e+07 	
1.66066066e+06 	 1.212263e-05 	 1.664426e+07 	
1.66116116e+06 	 1.207096e-05 	 1.663150e+07 	
1.66166166e+06 	 1.201875e-05 	 1.661878e+07 	
1.66216216e+06 	 1.196721e-05 	 1.660605e+07 	
1.66266266e+06 	 1.191574e-05 	 1.659333e+07 	
1.66316316e+06 	 1.186435e-05 	 1.658062e+07 	
1.66366366e+06 	 1.181304e-05 	 1.656792e+07 	
1.66416416e+06 	 1.176180e-05 	 1.655523e+07 	
1.66466466e+06 	 1.171064e-05 	 1.654256e+07 	
1.66516517e+06 	 1.165955e-05 	 1.652990e+07 	
1.66566567e+06 	 1.160853e-05 	 1.651725e+07 	
1.66616617e+06 	 1.155758e-05 	 1.650461e+07 	
1.66666667e+06 	 1.150671e-05 	 1.649199e+07 	
1.66716717e+06 	 1.145591e-05 	 1.647937e+07 	
1.66766767e+06 	 1.140519e-05 	 1.646677e+07 	
1.66816817e+06 	 1.135453e-05 	 1.645418e+07 	
1.66866867e+06 	 1.130395e-05 	 1.644160e+07 	
1.66916917e+06 	 1.125343e-05 	 1.642903e+07 	
1.66966967e+06 	 1.120299e-05 	 1.641647e+07 	
1.67017017e+06 	 1.115261e-05 	 1.640393e+07 	
1.67067067e+06 	 1.110231e-05 	 1.639140e+07 	
1.67117117e+06 	 1.105262e-05 	 1.637886e+07 	
1.67167167e+06 	 1.100247e-05 	 1.636635e+07 	
1.67217217e+06 	 1.095239e-05 	 1.635385e+07 	
1.67267267e+06 	 1.090238e-05 	 1.634136e+07 	
1.67317317e+06 	 1.085243e-05 	 1.632889e+07 	
1.67367367e+06 	 1.080255e-05 	 1.631643e+07 	
1.67417417e+06 	 1.075274e-05 	 1.630398e+07 	
1.67467467e+06 	 1.070299e-05 	 1.629154e+07 	
1.67517518e+06 	 1.065331e-05 	 1.627911e+07 	
1.67567568e+06 	 1.060369e-05 	 1.626670e+07 	
1.67617618e+06 	 1.055414e-05 	 1.625430e+07 	
1.67667668e+06 	 1.050465e-05 	 1.624190e+07 	
1.67717718e+06 	 1.045523e-05 	 1.622953e+07 	
1.67767768e+06 	 1.040587e-05 	 1.621716e+07 	
1.67817818e+06 	 1.035657e-05 	 1.620480e+07 	
1.67867868e+06 	 1.030734e-05 	 1.619246e+07 	
1.67917918e+06 	 1.025817e-05 	 1.618013e+07 	
1.67967968e+06 	 1.020906e-05 	 1.616781e+07 	
1.68018018e+06 	 1.016001e-05 	 1.615550e+07 	
1.68068068e+06 	 1.011102e-05 	 1.614320e+07 	
1.68118118e+06 	 1.006261e-05 	 1.613090e+07 	
1.68168168e+06 	 1.001376e-05 	 1.611863e+07 	
1.68218218e+06 	 9.964969e-06 	 1.610637e+07 	
1.68268268e+06 	 9.916237e-06 	 1.609412e+07 	
1.68318318e+06 	 9.867564e-06 	 1.608188e+07 	
1.68368368e+06 	 9.818950e-06 	 1.606966e+07 	
1.68418418e+06 	 9.770394e-06 	 1.605745e+07 	
1.68468468e+06 	 9.721895e-06 	 1.604525e+07 	
1.68518519e+06 	 9.673454e-06 	 1.603306e+07 	
1.68568569e+06 	 9.625070e-06 	 1.602089e+07 	
1.68618619e+06 	 9.576742e-06 	 1.600872e+07 	
1.68668669e+06 	 9.528471e-06 	 1.599657e+07 	
1.68718719e+06 	 9.480254e-06 	 1.598443e+07 	
1.68768769e+06 	 9.432093e-06 	 1.597230e+07 	
1.68818819e+06 	 9.383986e-06 	 1.596019e+07 	
1.68868869e+06 	 9.335934e-06 	 1.594809e+07 	
1.68918919e+06 	 9.287935e-06 	 1.593600e+07 	
1.68968969e+06 	 9.239990e-06 	 1.592392e+07 	
1.69019019e+06 	 9.192098e-06 	 1.591185e+07 	
1.69069069e+06 	 9.144726e-06 	 1.589978e+07 	
1.69119119e+06 	 9.096952e-06 	 1.588774e+07 	
1.69169169e+06 	 9.049231e-06 	 1.587571e+07 	
1.69219219e+06 	 9.001561e-06 	 1.586369e+07 	
1.69269269e+06 	 8.953942e-06 	 1.585169e+07 	
1.69319319e+06 	 8.906373e-06 	 1.583970e+07 	
1.69369369e+06 	 8.858856e-06 	 1.582772e+07 	
1.69419419e+06 	 8.811387e-06 	 1.581575e+07 	
1.69469469e+06 	 8.763969e-06 	 1.580380e+07 	
1.69519520e+06 	 8.716599e-06 	 1.579186e+07 	
1.69569570e+06 	 8.669277e-06 	 1.577993e+07 	
1.69619620e+06 	 8.622004e-06 	 1.576801e+07 	
1.69669670e+06 	 8.574779e-06 	 1.575611e+07 	
1.69719720e+06 	 8.527601e-06 	 1.574422e+07 	
1.69769770e+06 	 8.480469e-06 	 1.573234e+07 	
1.69819820e+06 	 8.433384e-06 	 1.572047e+07 	
1.69869870e+06 	 8.386345e-06 	 1.570862e+07 	
1.69919920e+06 	 8.339352e-06 	 1.569678e+07 	
1.69969970e+06 	 8.292404e-06 	 1.568496e+07 	
1.70020020e+06 	 8.245082e-06 	 1.567316e+07 	
1.70070070e+06 	 8.198210e-06 	 1.566136e+07 	
1.70120120e+06 	 8.151381e-06 	 1.564957e+07 	
1.70170170e+06 	 8.104596e-06 	 1.563780e+07 	
1.70220220e+06 	 8.057853e-06 	 1.562604e+07 	
1.70270270e+06 	 8.011153e-06 	 1.561429e+07 	
1.70320320e+06 	 7.964494e-06 	 1.560256e+07 	
1.70370370e+06 	 7.917877e-06 	 1.559084e+07 	
1.70420420e+06 	 7.871302e-06 	 1.557913e+07 	
1.70470470e+06 	 7.824766e-06 	 1.556743e+07 	
1.70520521e+06 	 7.778271e-06 	 1.555575e+07 	
1.70570571e+06 	 7.731816e-06 	 1.554409e+07 	
1.70620621e+06 	 7.685401e-06 	 1.553243e+07 	
1.70670671e+06 	 7.639024e-06 	 1.552079e+07 	
1.70720721e+06 	 7.592686e-06 	 1.550917e+07 	
1.70770771e+06 	 7.546387e-06 	 1.549755e+07 	
1.70820821e+06 	 7.500125e-06 	 1.548595e+07 	
1.70870871e+06 	 7.453901e-06 	 1.547437e+07 	
1.70920921e+06 	 7.407714e-06 	 1.546280e+07 	
1.70970971e+06 	 7.361934e-06 	 1.545122e+07 	
1.71021021e+06 	 7.315832e-06 	 1.543968e+07 	
1.71071071e+06 	 7.269766e-06 	 1.542815e+07 	
1.71121121e+06 	 7.223736e-06 	 1.541663e+07 	
1.71171171e+06 	 7.177742e-06 	 1.540513e+07 	
1.71221221e+06 	 7.131783e-06 	 1.539364e+07 	
1.71271271e+06 	 7.085860e-06 	 1.538217e+07 	
1.71321321e+06 	 7.039971e-06 	 1.537071e+07 	
1.71371371e+06 	 6.994117e-06 	 1.535927e+07 	
1.71421421e+06 	 6.948297e-06 	 1.534784e+07 	
1.71471471e+06 	 6.902510e-06 	 1.533642e+07 	
1.71521522e+06 	 6.856758e-06 	 1.532502e+07 	
1.71571572e+06 	 6.811039e-06 	 1.531364e+07 	
1.71621622e+06 	 6.765353e-06 	 1.530227e+07 	
1.71671672e+06 	 6.719700e-06 	 1.529091e+07 	
1.71721722e+06 	 6.674079e-06 	 1.527957e+07 	
1.71771772e+06 	 6.628491e-06 	 1.526825e+07 	
1.71821822e+06 	 6.582934e-06 	 1.525694e+07 	
1.71871872e+06 	 6.537410e-06 	 1.524564e+07 	
1.71921922e+06 	 6.491918e-06 	 1.523436e+07 	
1.71971972e+06 	 6.446790e-06 	 1.522308e+07 	
1.72022022e+06 	 6.401370e-06 	 1.521183e+07 	
1.72072072e+06 	 6.355981e-06 	 1.520060e+07 	
1.72122122e+06 	 6.310624e-06 	 1.518938e+07 	
1.72172172e+06 	 6.265298e-06 	 1.517818e+07 	
1.72222222e+06 	 6.220003e-06 	 1.516699e+07 	
1.72272272e+06 	 6.174739e-06 	 1.515582e+07 	
1.72322322e+06 	 6.129506e-06 	 1.514467e+07 	
1.72372372e+06 	 6.084304e-06 	 1.513353e+07 	
1.72422422e+06 	 6.039132e-06 	 1.512241e+07 	
1.72472472e+06 	 5.993991e-06 	 1.511131e+07 	
1.72522523e+06 	 5.948881e-06 	 1.510022e+07 	
1.72572573e+06 	 5.903802e-06 	 1.508915e+07 	
1.72622623e+06 	 5.858753e-06 	 1.507810e+07 	
1.72672673e+06 	 5.813735e-06 	 1.506706e+07 	
1.72722723e+06 	 5.768747e-06 	 1.505604e+07 	
1.72772773e+06 	 5.723791e-06 	 1.504504e+07 	
1.72822823e+06 	 5.678866e-06 	 1.503406e+07 	
1.72872873e+06 	 5.633971e-06 	 1.502309e+07 	
1.72922923e+06 	 5.589395e-06 	 1.501212e+07 	
1.72972973e+06 	 5.544571e-06 	 1.500119e+07 	
1.73023023e+06 	 5.499779e-06 	 1.499027e+07 	
1.73073073e+06 	 5.455020e-06 	 1.497938e+07 	
1.73123123e+06 	 5.410293e-06 	 1.496850e+07 	
1.73173173e+06 	 5.365598e-06 	 1.495764e+07 	
1.73223223e+06 	 5.320936e-06 	 1.494680e+07 	
1.73273273e+06 	 5.276308e-06 	 1.493598e+07 	
1.73323323e+06 	 5.231713e-06 	 1.492518e+07 	
1.73373373e+06 	 5.187152e-06 	 1.491439e+07 	
1.73423423e+06 	 5.142626e-06 	 1.490363e+07 	
1.73473473e+06 	 5.098135e-06 	 1.489288e+07 	
1.73523524e+06 	 5.053679e-06 	 1.488216e+07 	
1.73573574e+06 	 5.009259e-06 	 1.487145e+07 	
1.73623624e+06 	 4.964875e-06 	 1.486076e+07 	
1.73673674e+06 	 4.920529e-06 	 1.485010e+07 	
1.73723724e+06 	 4.876221e-06 	 1.483945e+07 	
1.73773774e+06 	 4.831950e-06 	 1.482883e+07 	
1.73823824e+06 	 4.787720e-06 	 1.481822e+07 	
1.73873874e+06 	 4.743287e-06 	 1.480766e+07 	
1.73923924e+06 	 4.699131e-06 	 1.479709e+07 	
1.73973974e+06 	 4.655015e-06 	 1.478655e+07 	
1.74024024e+06 	 4.610942e-06 	 1.477603e+07 	
1.74074074e+06 	 4.566913e-06 	 1.476554e+07 	
1.74124124e+06 	 4.522927e-06 	 1.475506e+07 	
1.74174174e+06 	 4.478987e-06 	 1.474461e+07 	
1.74224224e+06 	 4.435093e-06 	 1.473418e+07 	
1.74274274e+06 	 4.391247e-06 	 1.472377e+07 	
1.74324324e+06 	 4.347449e-06 	 1.471338e+07 	
1.74374374e+06 	 4.303702e-06 	 1.470302e+07 	
1.74424424e+06 	 4.260005e-06 	 1.469268e+07 	
1.74474474e+06 	 4.216361e-06 	 1.468236e+07 	
1.74524525e+06 	 4.172771e-06 	 1.467207e+07 	
1.74574575e+06 	 4.129236e-06 	 1.466180e+07 	
1.74624625e+06 	 4.085758e-06 	 1.465156e+07 	
1.74674675e+06 	 4.042339e-06 	 1.464134e+07 	
1.74724725e+06 	 3.998979e-06 	 1.463115e+07 	
1.74774775e+06 	 3.955682e-06 	 1.462098e+07 	
1.74824825e+06 	 3.912249e-06 	 1.461085e+07 	
1.74874875e+06 	 3.869076e-06 	 1.460074e+07 	
1.74924925e+06 	 3.825969e-06 	 1.459065e+07 	
1.74974975e+06 	 3.782931e-06 	 1.458058e+07 	
1.75025025e+06 	 3.739965e-06 	 1.457054e+07 	
1.75075075e+06 	 3.697071e-06 	 1.456053e+07 	
1.75125125e+06 	 3.654253e-06 	 1.455054e+07 	
1.75175175e+06 	 3.611512e-06 	 1.454059e+07 	
1.75225225e+06 	 3.568852e-06 	 1.453066e+07 	
1.75275275e+06 	 3.526273e-06 	 1.452076e+07 	
1.75325325e+06 	 3.483779e-06 	 1.451088e+07 	
1.75375375e+06 	 3.441372e-06 	 1.450104e+07 	
1.75425425e+06 	 3.399055e-06 	 1.449122e+07 	
1.75475475e+06 	 3.356830e-06 	 1.448144e+07 	
1.75525526e+06 	 3.314701e-06 	 1.447168e+07 	
1.75575576e+06 	 3.272669e-06 	 1.446195e+07 	
1.75625626e+06 	 3.230738e-06 	 1.445226e+07 	
1.75675676e+06 	 3.188911e-06 	 1.444259e+07 	
1.75725726e+06 	 3.147191e-06 	 1.443296e+07 	
1.75775776e+06 	 3.105424e-06 	 1.442337e+07 	
1.75825826e+06 	 3.063924e-06 	 1.441380e+07 	
1.75875876e+06 	 3.022540e-06 	 1.440426e+07 	
1.75925926e+06 	 2.981276e-06 	 1.439476e+07 	
1.75975976e+06 	 2.940135e-06 	 1.438528e+07 	
1.76026026e+06 	 2.899121e-06 	 1.437584e+07 	
1.76076076e+06 	 2.858238e-06 	 1.436644e+07 	
1.76126126e+06 	 2.817489e-06 	 1.435707e+07 	
1.76176176e+06 	 2.776878e-06 	 1.434773e+07 	
1.76226226e+06 	 2.736408e-06 	 1.433842e+07 	
1.76276276e+06 	 2.696085e-06 	 1.432916e+07 	
1.76326326e+06 	 2.655911e-06 	 1.431992e+07 	
1.76376376e+06 	 2.615892e-06 	 1.431073e+07 	
1.76426426e+06 	 2.576030e-06 	 1.430157e+07 	
1.76476476e+06 	 2.536331e-06 	 1.429244e+07 	
1.76526527e+06 	 2.496799e-06 	 1.428336e+07 	
1.76576577e+06 	 2.457437e-06 	 1.427431e+07 	
1.76626627e+06 	 2.418252e-06 	 1.426530e+07 	
1.76676677e+06 	 2.379246e-06 	 1.425633e+07 	
1.76726727e+06 	 2.340545e-06 	 1.424738e+07 	
1.76776777e+06 	 2.301916e-06 	 1.423848e+07 	
1.76826827e+06 	 2.263481e-06 	 1.422963e+07 	
1.76876877e+06 	 2.225246e-06 	 1.422081e+07 	
1.76926927e+06 	 2.187215e-06 	 1.421204e+07 	
1.76976977e+06 	 2.149392e-06 	 1.420331e+07 	
1.77027027e+06 	 2.111784e-06 	 1.419462e+07 	
1.77077077e+06 	 2.074394e-06 	 1.418597e+07 	
1.77127127e+06 	 2.037229e-06 	 1.417736e+07 	
1.77177177e+06 	 2.000293e-06 	 1.416880e+07 	
1.77227227e+06 	 1.963591e-06 	 1.416027e+07 	
1.77277277e+06 	 1.927129e-06 	 1.415180e+07 	
1.77327327e+06 	 1.890912e-06 	 1.414336e+07 	
1.77377377e+06 	 1.854946e-06 	 1.413498e+07 	
1.77427427e+06 	 1.819234e-06 	 1.412663e+07 	
1.77477477e+06 	 1.783784e-06 	 1.411833e+07 	
1.77527528e+06 	 1.748600e-06 	 1.411008e+07 	
1.77577578e+06 	 1.713688e-06 	 1.410188e+07 	
1.77627628e+06 	 1.679052e-06 	 1.409372e+07 	
1.77677678e+06 	 1.644614e-06 	 1.408562e+07 	
1.77727728e+06 	 1.610548e-06 	 1.407756e+07 	
1.77777778e+06 	 1.576775e-06 	 1.406955e+07 	
1.77827828e+06 	 1.543300e-06 	 1.406158e+07 	
1.77877878e+06 	 1.510129e-06 	 1.405366e+07 	
1.77927928e+06 	 1.477267e-06 	 1.404579e+07 	
1.77977978e+06 	 1.444720e-06 	 1.403797e+07 	
1.78028028e+06 	 1.412492e-06 	 1.403021e+07 	
1.78078078e+06 	 1.380589e-06 	 1.402249e+07 	
1.78128128e+06 	 1.349016e-06 	 1.401482e+07 	
1.78178178e+06 	 1.317779e-06 	 1.400721e+07 	
1.78228228e+06 	 1.286881e-06 	 1.399964e+07 	
1.78278278e+06 	 1.256328e-06 	 1.399213e+07 	
1.78328328e+06 	 1.226125e-06 	 1.398467e+07 	
1.78378378e+06 	 1.196277e-06 	 1.397727e+07 	
1.78428428e+06 	 1.166787e-06 	 1.396992e+07 	
1.78478478e+06 	 1.137662e-06 	 1.396262e+07 	
1.78528529e+06 	 1.108905e-06 	 1.395538e+07 	
1.78578579e+06 	 1.080464e-06 	 1.394821e+07 	
1.78628629e+06 	 1.052455e-06 	 1.394107e+07 	
1.78678679e+06 	 1.024827e-06 	 1.393400e+07 	
1.78728729e+06 	 9.975833e-07 	 1.392697e+07 	
1.78778779e+06 	 9.707279e-07 	 1.392001e+07 	
1.78828829e+06 	 9.442644e-07 	 1.391310e+07 	
1.78878879e+06 	 9.181962e-07 	 1.390624e+07 	
1.78928929e+06 	 8.925266e-07 	 1.389945e+07 	
1.78978979e+06 	 8.672586e-07 	 1.389271e+07 	
1.79029029e+06 	 8.423950e-07 	 1.388602e+07 	
1.79079079e+06 	 8.179386e-07 	 1.387940e+07 	
1.79129129e+06 	 7.938918e-07 	 1.387283e+07 	
1.79179179e+06 	 7.702568e-07 	 1.386632e+07 	
1.79229229e+06 	 7.470358e-07 	 1.385987e+07 	
1.79279279e+06 	 7.242306e-07 	 1.385348e+07 	
1.79329329e+06 	 7.018427e-07 	 1.384715e+07 	
1.79379379e+06 	 6.798736e-07 	 1.384087e+07 	
1.79429429e+06 	 6.583577e-07 	 1.383464e+07 	
1.79479479e+06 	 6.372296e-07 	 1.382848e+07 	
1.79529530e+06 	 6.165228e-07 	 1.382238e+07 	
1.79579580e+06 	 5.962379e-07 	 1.381634e+07 	
1.79629630e+06 	 5.763750e-07 	 1.381037e+07 	
1.79679680e+06 	 5.569341e-07 	 1.380445e+07 	
1.79729730e+06 	 5.379147e-07 	 1.379859e+07 	
1.79779780e+06 	 5.193162e-07 	 1.379279e+07 	
1.79829830e+06 	 5.011378e-07 	 1.378705e+07 	
1.79879880e+06 	 4.833785e-07 	 1.378137e+07 	
1.79929930e+06 	 4.660367e-07 	 1.377575e+07 	
1.79979980e+06 	 4.491108e-07 	 1.377019e+07 	
1.80030030e+06 	 4.325990e-07 	 1.376469e+07 	
1.80080080e+06 	 4.164990e-07 	 1.375924e+07 	
1.80130130e+06 	 4.008086e-07 	 1.375386e+07 	
1.80180180e+06 	 3.855249e-07 	 1.374854e+07 	
1.80230230e+06 	 3.706265e-07 	 1.374330e+07 	
1.80280280e+06 	 3.561474e-07 	 1.373810e+07 	
1.80330330e+06 	 3.420655e-07 	 1.373296e+07 	
1.80380380e+06 	 3.283774e-07 	 1.372787e+07 	
1.80430430e+06 	 3.150790e-07 	 1.372285e+07 	
1.80480480e+06 	 3.021664e-07 	 1.371788e+07 	
1.80530531e+06 	 2.896350e-07 	 1.371297e+07 	
1.80580581e+06 	 2.774805e-07 	 1.370812e+07 	
1.80630631e+06 	 2.656981e-07 	 1.370333e+07 	
1.80680681e+06 	 2.542828e-07 	 1.369860e+07 	
1.80730731e+06 	 2.432294e-07 	 1.369392e+07 	
1.80780781e+06 	 2.325327e-07 	 1.368930e+07 	
1.80830831e+06 	 2.221871e-07 	 1.368473e+07 	
1.80880881e+06 	 2.121870e-07 	 1.368023e+07 	
1.80930931e+06 	 2.025265e-07 	 1.367578e+07 	
1.80980981e+06 	 1.932096e-07 	 1.367135e+07 	
1.81031031e+06 	 1.842104e-07 	 1.366701e+07 	
1.81081081e+06 	 1.755324e-07 	 1.366272e+07 	
1.81131131e+06 	 1.671693e-07 	 1.365849e+07 	
1.81181181e+06 	 1.591147e-07 	 1.365431e+07 	
1.81231231e+06 	 1.513619e-07 	 1.365018e+07 	
1.81281281e+06 	 1.439044e-07 	 1.364611e+07 	
1.81331331e+06 	 1.367354e-07 	 1.364209e+07 	
1.81381381e+06 	 1.298481e-07 	 1.363812e+07 	
1.81431431e+06 	 1.232357e-07 	 1.363420e+07 	
1.81481481e+06 	 1.168913e-07 	 1.363033e+07 	
1.81531532e+06 	 1.108079e-07 	 1.362651e+07 	
1.81581582e+06 	 1.049731e-07 	 1.362277e+07 	
1.81631632e+06 	 9.939091e-08 	 1.361906e+07 	
1.81681682e+06 	 9.404892e-08 	 1.361538e+07 	
1.81731732e+06 	 8.894019e-08 	 1.361176e+07 	
1.81781782e+06 	 8.405778e-08 	 1.360819e+07 	
1.81831832e+06 	 7.939481e-08 	 1.360466e+07 	
1.81881882e+06 	 7.494441e-08 	 1.360117e+07 	
1.81931932e+06 	 7.069978e-08 	 1.359773e+07 	
1.81981982e+06 	 6.665416e-08 	 1.359434e+07 	
1.82032032e+06 	 6.280086e-08 	 1.359098e+07 	
1.82082082e+06 	 5.913007e-08 	 1.358772e+07 	
1.82132132e+06 	 5.564158e-08 	 1.358445e+07 	
1.82182182e+06 	 5.232581e-08 	 1.358123e+07 	
1.82232232e+06 	 4.917641e-08 	 1.357805e+07 	
1.82282282e+06 	 4.618713e-08 	 1.357490e+07 	
1.82332332e+06 	 4.335182e-08 	 1.357180e+07 	
1.82382382e+06 	 4.066445e-08 	 1.356873e+07 	
1.82432432e+06 	 3.811712e-08 	 1.356576e+07 	
1.82482482e+06 	 3.570793e-08 	 1.356277e+07 	
1.82532533e+06 	 3.342932e-08 	 1.355982e+07 	
1.82582583e+06 	 3.127574e-08 	 1.355691e+07 	
1.82632633e+06 	 2.924179e-08 	 1.355403e+07 	
1.82682683e+06 	 2.732222e-08 	 1.355118e+07 	
1.82732733e+06 	 2.551051e-08 	 1.354844e+07 	
1.82782783e+06 	 2.380436e-08 	 1.354567e+07 	
1.82832833e+06 	 2.219762e-08 	 1.354293e+07 	
1.82882883e+06 	 2.068561e-08 	 1.354023e+07 	
1.82932933e+06 	 1.926473e-08 	 1.353748e+07 	
1.82982983e+06 	 1.792875e-08 	 1.353483e+07 	
1.83033033e+06 	 1.667429e-08 	 1.353221e+07 	
1.83083083e+06 	 1.549725e-08 	 1.352962e+07 	
1.83133133e+06 	 1.439442e-08 	 1.352695e+07 	
1.83183183e+06 	 1.336056e-08 	 1.352438e+07 	
1.83233233e+06 	 1.239267e-08 	 1.352182e+07 	
1.83283283e+06 	 1.148659e-08 	 1.351941e+07 	
1.83333333e+06 	 1.064007e-08 	 1.351692e+07 	
1.83383383e+06 	 9.849308e-09 	 1.351445e+07 	
1.83433433e+06 	 9.110613e-09 	 1.351216e+07 	
1.83483483e+06 	 8.422011e-09 	 1.350977e+07 	
1.83533534e+06 	 7.780661e-09 	 1.350723e+07 	
1.83583584e+06 	 7.183000e-09 	 1.350481e+07 	
1.83633634e+06 	 6.626584e-09 	 1.350250e+07 	
1.83683684e+06 	 6.109311e-09 	 1.350010e+07 	
1.83733734e+06 	 5.628673e-09 	 1.349766e+07 	
1.83783784e+06 	 5.181886e-09 	 1.349557e+07 	
1.83833834e+06 	 4.767685e-09 	 1.349320e+07 	
1.83883884e+06 	 4.383312e-09 	 1.349114e+07 	
1.83933934e+06 	 4.027386e-09 	 1.348890e+07 	
1.83983984e+06 	 3.697661e-09 	 1.348691e+07 	
1.84034034e+06 	 3.392638e-09 	 1.348493e+07 	
1.84084084e+06 	 3.111048e-09 	 1.348236e+07 	
1.84134134e+06 	 2.850604e-09 	 1.348031e+07 	
1.84184184e+06 	 2.610405e-09 	 1.347781e+07 	
1.84234234e+06 	 2.388743e-09 	 1.347548e+07 	
1.84284284e+06 	 2.184256e-09 	 1.347365e+07 	
1.84334334e+06 	 1.995964e-09 	 1.347170e+07 	
1.84384384e+06 	 1.822820e-09 	 1.346919e+07 	
1.84434434e+06 	 1.663559e-09 	 1.346667e+07 	
1.84484484e+06 	 1.517029e-09 	 1.346499e+07 	
1.84534535e+06 	 1.382572e-09 	 1.346273e+07 	
1.84584585e+06 	 1.259131e-09 	 1.346078e+07 	
1.84634635e+06 	 1.145993e-09 	 1.345844e+07 	
1.84684685e+06 	 1.042258e-09 	 1.345660e+07 	
1.84734735e+06 	 9.473238e-10 	 1.345430e+07 	
1.84784785e+06 	 8.604162e-10 	 1.345245e+07 	
1.84834835e+06 	 7.809798e-10 	 1.345033e+07 	
1.84884885e+06 	 7.083925e-10 	 1.344832e+07 	
1.84934935e+06 	 6.421302e-10 	 1.344616e+07 	
1.84984985e+06 	 5.816652e-10 	 1.344420e+07 	
1.85035035e+06 	 5.265492e-10 	 1.344208e+07 	
1.85085085e+06 	 4.763308e-10 	 1.344010e+07 	
1.85135135e+06 	 4.306189e-10 	 1.343801e+07 	
1.85185185e+06 	 3.890303e-10 	 1.343602e+07 	
1.85235235e+06 	 3.512262e-10 	 1.343397e+07 	
1.85285285e+06 	 3.168842e-10 	 1.343195e+07 	
1.85335335e+06 	 2.857117e-10 	 1.342986e+07 	
1.85385385e+06 	 2.574324e-10 	 1.342789e+07 	
1.85435435e+06 	 2.317997e-10 	 1.342585e+07 	
1.85485485e+06 	 2.085807e-10 	 1.342385e+07 	
1.85535536e+06 	 1.875656e-10 	 1.342170e+07 	
1.85585586e+06 	 1.685532e-10 	 1.341981e+07 	
1.85635636e+06 	 1.513697e-10 	 1.341780e+07 	
1.85685686e+06 	 1.358485e-10 	 1.341578e+07 	
1.85735736e+06 	 1.218267e-10 	 1.341473e+07 	
1.85785786e+06 	 1.092022e-10 	 1.341176e+07 	
1.85835836e+06 	 9.780284e-11 	 1.341068e+07 	
1.85885886e+06 	 8.755273e-11 	 1.340775e+07 	
1.85935936e+06 	 7.831045e-11 	 1.340672e+07 	
1.85985986e+06 	 7.001212e-11 	 1.340374e+07 	
1.86036036e+06 	 6.254003e-11 	 1.340271e+07 	
1.86086086e+06 	 5.584007e-11 	 1.339974e+07 	
1.86136136e+06 	 4.981564e-11 	 1.339873e+07 	
2.11615968e+06 	 1.000000e-20 	 1.248602e+07 	
2.40583687e+06 	 1.000000e-20 	 1.164675e+07 	
2.73516744e+06 	 1.000000e-20 	 1.087204e+07 	
3.10957945e+06 	 1.000000e-20 	 1.015532e+07 	
3.53524404e+06 	 1.000000e-20 	 9.490973e+06 	
4.01917707e+06 	 1.000000e-20 	 8.874196e+06 	
4.56935480e+06 	 1.000000e-20 	 8.300796e+06 	
5.19484533e+06 	 1.000000e-20 	 7.767101e+06 	
5.90595812e+06 	 1.000000e-20 	 7.269865e+06 	
6.71441382e+06 	 1.000000e-20 	 6.806201e+06 	
7.63353752e+06 	 1.000000e-20 	 6.373520e+06 	
8.67847837e+06 	 1.000000e-20 	 5.969496e+06 	
9.86645925e+06 	 1.000000e-20 	 5.592019e+06 	
1.12170606e+07 	 1.000000e-20 	 5.239177e+06 	
1.27525433e+07 	 1.000000e-20 	 4.909223e+06 	
1.44982155e+07 	 1.000000e-20 	 4.600560e+06 	
1.64828494e+07 	 1.000000e-20 	 4.311724e+06 	
1.87391562e+07 	 1.000000e-20 	 4.041365e+06 	
2.13043247e+07 	 1.000000e-20 	 3.788240e+06 	
2.42206343e+07 	 1.000000e-20 	 3.551201e+06 	
2.75361522e+07 	 1.000000e-20 	 3.329184e+06 	
3.13055253e+07 	 1.000000e-20 	 3.121204e+06 	
3.55908808e+07 	 1.000000e-20 	 2.926344e+06 	
4.04628507e+07 	 1.000000e-20 	 2.743756e+06 	
4.60017356e+07 	 1.000000e-20 	 2.572648e+06 	
5.22988282e+07 	 1.000000e-20 	 2.412282e+06 	
5.94579183e+07 	 1.000000e-20 	 2.261971e+06 	
6.75970029e+07 	 1.000000e-20 	 2.121075e+06 	
7.68502317e+07 	 1.000000e-20 	 1.988995e+06 	
8.73701180e+07 	 1.000000e-20 	 1.865172e+06 	
9.93300521e+07 	 1.000000e-20 	 1.749085e+06 	
1.12927159e+08 	 1.000000e-20 	 1.640246e+06 	
1.28385550e+08 	 1.000000e-20 	 1.538198e+06 	
1.45960011e+08 	 1.000000e-20 	 1.442514e+06 	
1.65940207e+08 	 1.000000e-20 	 1.352794e+06 	
1.88655455e+08 	 1.000000e-20 	 1.268666e+06 	
2.14480152e+08 	 1.000000e-20 	 1.189777e+06 	
2.43839944e+08 	 1.000000e-20 	 1.115801e+06 	
2.77218743e+08 	 1.000000e-20 	 1.046431e+06 	
3.15166705e+08 	 1.000000e-20 	 9.813775e+05 	
3.58309293e+08 	 1.000000e-20 	 9.203726e+05 	
4.07357591e+08 	 1.000000e-20 	 8.631631e+05 	
4.63120019e+08 	 1.000000e-20 	 8.095124e+05 	
5.26515663e+08 	 1.000000e-20 	 7.591986e+05 	
5.98589420e+08 	 1.000000e-20 	 7.120138e+05 	
6.80529220e+08 	 1.000000e-20 	 6.677631e+05 	
7.73685608e+08 	 1.000000e-20 	 6.262638e+05 	
8.79594002e+08 	 1.000000e-20 	 5.873445e+05 	
1.00000000e+09 	 1.000000e-20 	 5.508447e+05 	
