r (cm)        	 rho (g/cm3) 	 T (K)       		 Linf = 4.526937e+38
1.20002495e+06 	 1.782971e+05 	 1.419950e+09 	
1.20009026e+06 	 1.543180e+05 	 1.369311e+09 	
1.20015661e+06 	 1.327700e+05 	 1.318557e+09 	
1.20022297e+06 	 1.137954e+05 	 1.268526e+09 	
1.20027715e+06 	 1.000381e+05 	 1.228230e+09 	
1.20033132e+06 	 8.770584e+04 	 1.188450e+09 	
1.20038550e+06 	 7.667982e+04 	 1.149202e+09 	
1.20043968e+06 	 6.684822e+04 	 1.110502e+09 	
1.20049386e+06 	 5.810609e+04 	 1.072368e+09 	
1.20054610e+06 	 5.061690e+04 	 1.036153e+09 	
1.20059834e+06 	 4.396652e+04 	 1.000495e+09 	
1.20065057e+06 	 3.807782e+04 	 9.654103e+08 	
1.20070281e+06 	 3.287890e+04 	 9.309164e+08 	
1.20074625e+06 	 2.903263e+04 	 9.026934e+08 	
1.20078969e+06 	 2.558109e+04 	 8.749002e+08 	
1.20083313e+06 	 2.249059e+04 	 8.475465e+08 	
1.20087656e+06 	 1.972960e+04 	 8.206425e+08 	
1.20092000e+06 	 1.726867e+04 	 7.941982e+08 	
1.20096348e+06 	 1.507867e+04 	 7.682025e+08 	
1.20100695e+06 	 1.313613e+04 	 7.426875e+08 	
1.20105043e+06 	 1.141733e+04 	 7.176631e+08 	
1.20108599e+06 	 1.016220e+04 	 6.975631e+08 	
1.20112156e+06 	 9.030875e+03 	 6.778035e+08 	
1.20115712e+06 	 8.012904e+03 	 6.583897e+08 	
1.20119269e+06 	 7.098519e+03 	 6.393268e+08 	
1.20122826e+06 	 6.278624e+03 	 6.206201e+08 	
1.20126382e+06 	 5.544759e+03 	 6.022743e+08 	
1.20129939e+06 	 4.889071e+03 	 5.842945e+08 	
1.20133547e+06 	 4.296228e+03 	 5.664305e+08 	
1.20137156e+06 	 3.769360e+03 	 5.489525e+08 	
1.20140764e+06 	 3.301999e+03 	 5.318649e+08 	
1.20143769e+06 	 2.953969e+03 	 5.179384e+08 	
1.20146774e+06 	 2.639892e+03 	 5.042876e+08 	
1.20149778e+06 	 2.356820e+03 	 4.909146e+08 	
1.20152783e+06 	 2.102022e+03 	 4.778212e+08 	
1.20155787e+06 	 1.872967e+03 	 4.650091e+08 	
1.20158792e+06 	 1.667316e+03 	 4.524799e+08 	
1.20161796e+06 	 1.482909e+03 	 4.402348e+08 	
1.20164801e+06 	 1.317757e+03 	 4.282748e+08 	
1.20167976e+06 	 1.162126e+03 	 4.159463e+08 	
1.20170605e+06 	 1.046595e+03 	 4.059821e+08 	
1.20173233e+06 	 9.420128e+02 	 3.962375e+08 	
1.20175862e+06 	 8.474266e+02 	 3.867127e+08 	
1.20178491e+06 	 7.619546e+02 	 3.774075e+08 	
1.20181119e+06 	 6.847837e+02 	 3.683218e+08 	
1.20183748e+06 	 6.151647e+02 	 3.594551e+08 	
1.20186377e+06 	 5.524082e+02 	 3.508068e+08 	
1.20189005e+06 	 4.958810e+02 	 3.423762e+08 	
1.20191634e+06 	 4.450021e+02 	 3.341624e+08 	
1.20194263e+06 	 3.992394e+02 	 3.261641e+08 	
1.20196891e+06 	 3.581057e+02 	 3.183803e+08 	
1.20199520e+06 	 3.211564e+02 	 3.108093e+08 	
1.20202149e+06 	 2.879853e+02 	 3.034495e+08 	
1.20204667e+06 	 2.594145e+02 	 2.965967e+08 	
1.20207184e+06 	 2.336741e+02 	 2.899343e+08 	
1.20209702e+06 	 2.104936e+02 	 2.834603e+08 	
1.20212220e+06 	 1.896268e+02 	 2.771726e+08 	
1.20214738e+06 	 1.708493e+02 	 2.710691e+08 	
1.20217255e+06 	 1.539572e+02 	 2.651475e+08 	
1.20219773e+06 	 1.387653e+02 	 2.594052e+08 	
1.20222291e+06 	 1.251054e+02 	 2.538397e+08 	
1.20224808e+06 	 1.128254e+02 	 2.484482e+08 	
1.20227326e+06 	 1.017874e+02 	 2.432280e+08 	
1.20229844e+06 	 9.186648e+01 	 2.381759e+08 	
1.20232362e+06 	 8.295009e+01 	 2.332890e+08 	
1.20234879e+06 	 7.493646e+01 	 2.285641e+08 	
1.20237397e+06 	 6.773379e+01 	 2.239979e+08 	
1.20239915e+06 	 6.125939e+01 	 2.195871e+08 	
1.20242433e+06 	 5.543876e+01 	 2.153284e+08 	
1.20244950e+06 	 5.020489e+01 	 2.112181e+08 	
1.20247468e+06 	 4.549749e+01 	 2.072528e+08 	
1.20249986e+06 	 4.126241e+01 	 2.034288e+08 	
1.20252504e+06 	 3.745099e+01 	 1.997426e+08 	
1.20255475e+06 	 3.343917e+01 	 1.955651e+08 	
1.20258445e+06 	 2.989291e+01 	 1.915682e+08 	
1.20261416e+06 	 2.675612e+01 	 1.877459e+08 	
1.20264387e+06 	 2.397953e+01 	 1.840921e+08 	
1.20267358e+06 	 2.151986e+01 	 1.806008e+08 	
1.20270329e+06 	 1.933908e+01 	 1.772659e+08 	
1.20273300e+06 	 1.740384e+01 	 1.740815e+08 	
1.20276271e+06 	 1.568484e+01 	 1.710417e+08 	
1.20279242e+06 	 1.415639e+01 	 1.681406e+08 	
1.20282213e+06 	 1.279594e+01 	 1.653726e+08 	
1.20285184e+06 	 1.158367e+01 	 1.627319e+08 	
1.20288155e+06 	 1.050224e+01 	 1.602133e+08 	
1.20291126e+06 	 9.536372e+00 	 1.578112e+08 	
1.20294097e+06 	 8.672686e+00 	 1.555206e+08 	
1.20297068e+06 	 7.899414e+00 	 1.533363e+08 	
1.20300039e+06 	 7.206216e+00 	 1.512534e+08 	
1.20303010e+06 	 6.584001e+00 	 1.492672e+08 	
1.20305981e+06 	 6.024771e+00 	 1.473731e+08 	
1.20308952e+06 	 5.521486e+00 	 1.455668e+08 	
1.20312775e+06 	 4.946182e+00 	 1.433642e+08 	
1.20316599e+06 	 4.441877e+00 	 1.412913e+08 	
1.20320422e+06 	 3.998818e+00 	 1.393398e+08 	
1.20324246e+06 	 3.608691e+00 	 1.375021e+08 	
1.20328070e+06 	 3.264397e+00 	 1.357707e+08 	
1.20331893e+06 	 2.959871e+00 	 1.341388e+08 	
1.20335717e+06 	 2.689917e+00 	 1.326001e+08 	
1.20339540e+06 	 2.450079e+00 	 1.311484e+08 	
1.20343364e+06 	 2.236529e+00 	 1.297781e+08 	
1.20347188e+06 	 2.045972e+00 	 1.284839e+08 	
1.20351921e+06 	 1.837713e+00 	 1.269797e+08 	
1.20356654e+06 	 1.655782e+00 	 1.255759e+08 	
1.20361388e+06 	 1.496346e+00 	 1.242644e+08 	
1.20366121e+06 	 1.356188e+00 	 1.230380e+08 	
1.20370854e+06 	 1.232604e+00 	 1.218899e+08 	
1.20375588e+06 	 1.123311e+00 	 1.208139e+08 	
1.20380321e+06 	 1.026377e+00 	 1.198045e+08 	
1.20385054e+06 	 9.401640e-01 	 1.188566e+08 	
1.20391236e+06 	 8.414239e-01 	 1.177034e+08 	
1.20397418e+06 	 7.560142e-01 	 1.166375e+08 	
1.20403600e+06 	 6.818147e-01 	 1.156507e+08 	
1.20409782e+06 	 6.170854e-01 	 1.147352e+08 	
1.20415963e+06 	 5.603916e-01 	 1.138846e+08 	
1.20422145e+06 	 5.105451e-01 	 1.130927e+08 	
1.20430079e+06 	 4.550364e-01 	 1.121541e+08 	
1.20438013e+06 	 4.074861e-01 	 1.112937e+08 	
1.20445947e+06 	 3.665298e-01 	 1.105029e+08 	
1.20453882e+06 	 3.310698e-01 	 1.097742e+08 	
1.20461816e+06 	 3.002175e-01 	 1.091010e+08 	
1.20471491e+06 	 2.677906e-01 	 1.083469e+08 	
1.20481165e+06 	 2.400913e-01 	 1.076579e+08 	
1.20490840e+06 	 2.162854e-01 	 1.070264e+08 	
1.20500515e+06 	 1.957079e-01 	 1.064456e+08 	
1.20510190e+06 	 1.778251e-01 	 1.059100e+08 	
1.20524475e+06 	 1.554545e-01 	 1.051913e+08 	
1.20538759e+06 	 1.369485e-01 	 1.045472e+08 	
1.20553044e+06 	 1.214953e-01 	 1.039668e+08 	
1.20567328e+06 	 1.084797e-01 	 1.034410e+08 	
1.20584551e+06 	 9.536623e-02 	 1.028693e+08 	
1.20601773e+06 	 8.448907e-02 	 1.023558e+08 	
1.20618996e+06 	 7.537991e-02 	 1.018919e+08 	
1.20636218e+06 	 6.768434e-02 	 1.014705e+08 	
1.20661869e+06 	 5.827413e-02 	 1.009093e+08 	
1.20687520e+06 	 5.074853e-02 	 1.004144e+08 	
1.20713170e+06 	 4.464408e-02 	 9.997392e+07 	
1.20749623e+06 	 3.778309e-02 	 9.942408e+07 	
1.20786075e+06 	 3.247945e-02 	 9.894596e+07 	
1.20822527e+06 	 2.829954e-02 	 9.852487e+07 	
1.20864656e+06 	 2.448811e-02 	 9.809504e+07 	
1.20906786e+06 	 2.147906e-02 	 9.771419e+07 	
1.20948916e+06 	 1.906291e-02 	 9.737289e+07 	
1.21012827e+06 	 1.621590e-02 	 9.691507e+07 	
1.21076739e+06 	 1.406850e-02 	 9.651382e+07 	
1.21162667e+06 	 1.192360e-02 	 9.604155e+07 	
1.21248594e+06 	 1.035154e-02 	 9.562730e+07 	
1.21349855e+06 	 8.983662e-03 	 9.519435e+07 	
1.21451116e+06 	 7.968288e-03 	 9.480624e+07 	
1.21552377e+06 	 7.193634e-03 	 9.445213e+07 	
1.21715035e+06 	 6.284964e-03 	 9.393616e+07 	
1.21812574e+06 	 5.876912e-03 	 9.365052e+07 	
1.22020163e+06 	 5.230584e-03 	 9.308566e+07 	
1.22189234e+06 	 4.855253e-03 	 9.265790e+07 	
1.22468217e+06 	 4.417642e-03 	 9.199584e+07 	
1.22685682e+06 	 4.176653e-03 	 9.150672e+07 	
1.23079833e+06 	 3.870052e-03 	 9.066048e+07 	
1.23263321e+06 	 3.763762e-03 	 9.027937e+07 	
1.23762157e+06 	 3.541860e-03 	 8.927173e+07 	
1.24120187e+06 	 3.419536e-03 	 8.856773e+07 	
1.24821716e+06 	 3.225225e-03 	 8.722183e+07 	
1.25350095e+06 	 3.100461e-03 	 8.623166e+07 	
1.25635012e+06 	 3.037766e-03 	 8.570504e+07 	
1.25663504e+06 	 3.031636e-03 	 8.565265e+07 	
1.25666353e+06 	 3.031024e-03 	 8.564741e+07 	
1.25666638e+06 	 3.030963e-03 	 8.564689e+07 	
1.25666667e+06 	 3.030957e-03 	 8.564684e+07 	
1.26666667e+06 	 2.828163e-03 	 8.383717e+07 	
1.27333333e+06 	 2.703412e-03 	 8.266063e+07 	
1.28333333e+06 	 2.528588e-03 	 8.093822e+07 	
1.29000000e+06 	 2.419289e-03 	 7.981714e+07 	
1.30000000e+06 	 2.265069e-03 	 7.817470e+07 	
1.30666667e+06 	 2.168340e-03 	 7.710503e+07 	
1.31666667e+06 	 2.031829e-03 	 7.553719e+07 	
1.32333333e+06 	 1.946088e-03 	 7.451561e+07 	
1.33333333e+06 	 1.824919e-03 	 7.301752e+07 	
1.34000000e+06 	 1.748819e-03 	 7.204097e+07 	
1.35000000e+06 	 1.641128e-03 	 7.060826e+07 	
1.35666667e+06 	 1.573332e-03 	 6.967385e+07 	
1.36666667e+06 	 1.477472e-03 	 6.830248e+07 	
1.37666667e+06 	 1.387928e-03 	 6.696606e+07 	
1.38333333e+06 	 1.331527e-03 	 6.609391e+07 	
1.39333333e+06 	 1.251617e-03 	 6.481303e+07 	
1.40000000e+06 	 1.201254e-03 	 6.397680e+07 	
1.41000000e+06 	 1.129803e-03 	 6.274818e+07 	
1.41666667e+06 	 1.084768e-03 	 6.194579e+07 	
1.42666667e+06 	 1.020813e-03 	 6.076643e+07 	
1.43666667e+06 	 9.608931e-04 	 5.961524e+07 	
1.44333333e+06 	 9.230903e-04 	 5.886299e+07 	
1.45333333e+06 	 8.693355e-04 	 5.775671e+07 	
1.46000000e+06 	 8.353836e-04 	 5.703354e+07 	
1.47000000e+06 	 7.871079e-04 	 5.596969e+07 	
1.48000000e+06 	 7.418404e-04 	 5.493022e+07 	
1.48666667e+06 	 7.132293e-04 	 5.425039e+07 	
1.49666667e+06 	 6.724662e-04 	 5.324974e+07 	
1.50666667e+06 	 6.341814e-04 	 5.227141e+07 	
1.51333333e+06 	 6.099424e-04 	 5.163122e+07 	
1.52333333e+06 	 5.754454e-04 	 5.068857e+07 	
1.53333333e+06 	 5.430042e-04 	 4.976641e+07 	
1.54333333e+06 	 5.124917e-04 	 4.886412e+07 	
1.55000000e+06 	 4.931443e-04 	 4.827332e+07 	
1.56000000e+06 	 4.655802e-04 	 4.740285e+07 	
1.57000000e+06 	 4.396358e-04 	 4.655070e+07 	
1.57666667e+06 	 4.231750e-04 	 4.599250e+07 	
1.58666667e+06 	 3.997183e-04 	 4.516973e+07 	
1.59666667e+06 	 3.775978e-04 	 4.436384e+07 	
1.60666667e+06 	 3.567631e-04 	 4.357442e+07 	
1.61333333e+06 	 3.435258e-04 	 4.305700e+07 	
1.62333333e+06 	 3.246362e-04 	 4.229393e+07 	
1.63333333e+06 	 3.068304e-04 	 4.154610e+07 	
1.64333333e+06 	 2.900267e-04 	 4.081305e+07 	
1.65000000e+06 	 2.793484e-04 	 4.033236e+07 	
1.66000000e+06 	 2.640863e-04 	 3.962307e+07 	
1.67000000e+06 	 2.496824e-04 	 3.892753e+07 	
1.68000000e+06 	 2.360877e-04 	 3.824537e+07 	
1.68666667e+06 	 2.274404e-04 	 3.779784e+07 	
1.69666667e+06 	 2.150714e-04 	 3.713716e+07 	
1.70666667e+06 	 2.033926e-04 	 3.648895e+07 	
1.71666667e+06 	 1.923476e-04 	 3.585285e+07 	
1.72666667e+06 	 1.819124e-04 	 3.522856e+07 	
1.73333333e+06 	 1.752660e-04 	 3.481876e+07 	
1.74333333e+06 	 1.657583e-04 	 3.421347e+07 	
1.75333333e+06 	 1.567663e-04 	 3.361922e+07 	
1.76333333e+06 	 1.482630e-04 	 3.303572e+07 	
1.77333333e+06 	 1.402117e-04 	 3.246268e+07 	
1.78000000e+06 	 1.350850e-04 	 3.208635e+07 	
1.79000000e+06 	 1.277389e-04 	 3.153020e+07 	
1.80000000e+06 	 1.207850e-04 	 3.098387e+07 	
1.81000000e+06 	 1.142001e-04 	 3.044710e+07 	
1.82000000e+06 	 1.079655e-04 	 2.991970e+07 	
1.83000000e+06 	 1.020572e-04 	 2.940140e+07 	
1.84000000e+06 	 9.645755e-05 	 2.889201e+07 	
1.85000000e+06 	 9.114970e-05 	 2.839131e+07 	
1.86000000e+06 	 8.611622e-05 	 2.789910e+07 	
1.87000000e+06 	 8.134397e-05 	 2.741520e+07 	
1.88000000e+06 	 7.681762e-05 	 2.693941e+07 	
1.89000000e+06 	 7.252359e-05 	 2.647155e+07 	
1.90000000e+06 	 6.844751e-05 	 2.601144e+07 	
1.91000000e+06 	 6.457846e-05 	 2.555892e+07 	
1.92000000e+06 	 6.090369e-05 	 2.511381e+07 	
1.93000000e+06 	 5.741320e-05 	 2.467595e+07 	
1.94000000e+06 	 5.409576e-05 	 2.424519e+07 	
1.95000000e+06 	 5.094228e-05 	 2.382138e+07 	
1.96000000e+06 	 4.794292e-05 	 2.340437e+07 	
1.97000000e+06 	 4.508893e-05 	 2.299402e+07 	
1.98000000e+06 	 4.237199e-05 	 2.259019e+07 	
2.00000000e+06 	 3.731773e-05 	 2.180157e+07 	
2.00050050e+06 	 3.719735e-05 	 2.178216e+07 	
2.00100100e+06 	 3.707725e-05 	 2.176276e+07 	
2.00150150e+06 	 3.695744e-05 	 2.174337e+07 	
2.00200200e+06 	 3.683791e-05 	 2.172400e+07 	
2.00250250e+06 	 3.671866e-05 	 2.170465e+07 	
2.00300300e+06 	 3.659970e-05 	 2.168531e+07 	
2.00350350e+06 	 3.648102e-05 	 2.166599e+07 	
2.00400400e+06 	 3.636261e-05 	 2.164668e+07 	
2.00450450e+06 	 3.624449e-05 	 2.162738e+07 	
2.00500501e+06 	 3.612664e-05 	 2.160811e+07 	
2.00550551e+06 	 3.600907e-05 	 2.158884e+07 	
2.00600601e+06 	 3.589178e-05 	 2.156960e+07 	
2.00650651e+06 	 3.577476e-05 	 2.155036e+07 	
2.00700701e+06 	 3.565801e-05 	 2.153115e+07 	
2.00750751e+06 	 3.554154e-05 	 2.151194e+07 	
2.00800801e+06 	 3.542535e-05 	 2.149276e+07 	
2.00850851e+06 	 3.530942e-05 	 2.147359e+07 	
2.00900901e+06 	 3.519376e-05 	 2.145443e+07 	
2.00950951e+06 	 3.507838e-05 	 2.143529e+07 	
2.01001001e+06 	 3.496326e-05 	 2.141616e+07 	
2.01051051e+06 	 3.484842e-05 	 2.139705e+07 	
2.01101101e+06 	 3.473384e-05 	 2.137795e+07 	
2.01151151e+06 	 3.461953e-05 	 2.135887e+07 	
2.01201201e+06 	 3.450548e-05 	 2.133981e+07 	
2.01251251e+06 	 3.439170e-05 	 2.132076e+07 	
2.01301301e+06 	 3.427818e-05 	 2.130172e+07 	
2.01351351e+06 	 3.416493e-05 	 2.128270e+07 	
2.01401401e+06 	 3.405194e-05 	 2.126369e+07 	
2.01451451e+06 	 3.393921e-05 	 2.124470e+07 	
2.01501502e+06 	 3.382675e-05 	 2.122573e+07 	
2.01551552e+06 	 3.371454e-05 	 2.120676e+07 	
2.01601602e+06 	 3.360260e-05 	 2.118782e+07 	
2.01651652e+06 	 3.349091e-05 	 2.116889e+07 	
2.01701702e+06 	 3.337948e-05 	 2.114997e+07 	
2.01751752e+06 	 3.326831e-05 	 2.113107e+07 	
2.01801802e+06 	 3.315740e-05 	 2.111218e+07 	
2.01851852e+06 	 3.304674e-05 	 2.109331e+07 	
2.01901902e+06 	 3.293633e-05 	 2.107445e+07 	
2.01951952e+06 	 3.282618e-05 	 2.105561e+07 	
2.02002002e+06 	 3.271628e-05 	 2.103679e+07 	
2.02052052e+06 	 3.260664e-05 	 2.101797e+07 	
2.02102102e+06 	 3.249724e-05 	 2.099918e+07 	
2.02152152e+06 	 3.238810e-05 	 2.098039e+07 	
2.02202202e+06 	 3.227921e-05 	 2.096162e+07 	
2.02252252e+06 	 3.217056e-05 	 2.094287e+07 	
2.02302302e+06 	 3.206217e-05 	 2.092413e+07 	
2.02352352e+06 	 3.195402e-05 	 2.090541e+07 	
2.02402402e+06 	 3.184611e-05 	 2.088670e+07 	
2.02452452e+06 	 3.173846e-05 	 2.086801e+07 	
2.02502503e+06 	 3.163105e-05 	 2.084933e+07 	
2.02552553e+06 	 3.152388e-05 	 2.083066e+07 	
2.02602603e+06 	 3.141696e-05 	 2.081201e+07 	
2.02652653e+06 	 3.131027e-05 	 2.079338e+07 	
2.02702703e+06 	 3.120383e-05 	 2.077476e+07 	
2.02752753e+06 	 3.109764e-05 	 2.075615e+07 	
2.02802803e+06 	 3.099168e-05 	 2.073756e+07 	
2.02852853e+06 	 3.088596e-05 	 2.071898e+07 	
2.02902903e+06 	 3.078048e-05 	 2.070042e+07 	
2.02952953e+06 	 3.067523e-05 	 2.068187e+07 	
2.03003003e+06 	 3.057023e-05 	 2.066334e+07 	
2.03053053e+06 	 3.046546e-05 	 2.064482e+07 	
2.03103103e+06 	 3.036092e-05 	 2.062631e+07 	
2.03153153e+06 	 3.025662e-05 	 2.060782e+07 	
2.03203203e+06 	 3.015255e-05 	 2.058935e+07 	
2.03253253e+06 	 3.004872e-05 	 2.057089e+07 	
2.03303303e+06 	 2.994511e-05 	 2.055244e+07 	
2.03353353e+06 	 2.984174e-05 	 2.053401e+07 	
2.03403403e+06 	 2.973860e-05 	 2.051559e+07 	
2.03453453e+06 	 2.963569e-05 	 2.049719e+07 	
2.03503504e+06 	 2.953301e-05 	 2.047880e+07 	
2.03553554e+06 	 2.943055e-05 	 2.046043e+07 	
2.03603604e+06 	 2.932833e-05 	 2.044207e+07 	
2.03653654e+06 	 2.922633e-05 	 2.042372e+07 	
2.03703704e+06 	 2.912456e-05 	 2.040539e+07 	
2.03753754e+06 	 2.902301e-05 	 2.038708e+07 	
2.03803804e+06 	 2.892168e-05 	 2.036877e+07 	
2.03853854e+06 	 2.882058e-05 	 2.035049e+07 	
2.03903904e+06 	 2.871971e-05 	 2.033221e+07 	
2.03953954e+06 	 2.861905e-05 	 2.031395e+07 	
2.04004004e+06 	 2.851862e-05 	 2.029571e+07 	
2.04054054e+06 	 2.841841e-05 	 2.027748e+07 	
2.04104104e+06 	 2.831842e-05 	 2.025926e+07 	
2.04154154e+06 	 2.821864e-05 	 2.024106e+07 	
2.04204204e+06 	 2.811909e-05 	 2.022287e+07 	
2.04254254e+06 	 2.801975e-05 	 2.020470e+07 	
2.04304304e+06 	 2.792063e-05 	 2.018654e+07 	
2.04354354e+06 	 2.782173e-05 	 2.016840e+07 	
2.04404404e+06 	 2.772304e-05 	 2.015027e+07 	
2.04454454e+06 	 2.762457e-05 	 2.013215e+07 	
2.04504505e+06 	 2.752631e-05 	 2.011405e+07 	
2.04554555e+06 	 2.742826e-05 	 2.009596e+07 	
2.04604605e+06 	 2.733043e-05 	 2.007788e+07 	
2.04654655e+06 	 2.723281e-05 	 2.005983e+07 	
2.04704705e+06 	 2.713540e-05 	 2.004178e+07 	
2.04754755e+06 	 2.703819e-05 	 2.002375e+07 	
2.04804805e+06 	 2.694120e-05 	 2.000573e+07 	
2.04854855e+06 	 2.684442e-05 	 1.998773e+07 	
2.04904905e+06 	 2.674784e-05 	 1.996974e+07 	
2.04954955e+06 	 2.665148e-05 	 1.995176e+07 	
2.05005005e+06 	 2.655531e-05 	 1.993380e+07 	
2.05055055e+06 	 2.646070e-05 	 1.991584e+07 	
2.05105105e+06 	 2.636500e-05 	 1.989790e+07 	
2.05155155e+06 	 2.626951e-05 	 1.987998e+07 	
2.05205205e+06 	 2.617422e-05 	 1.986208e+07 	
2.05255255e+06 	 2.607915e-05 	 1.984419e+07 	
2.05305305e+06 	 2.598427e-05 	 1.982631e+07 	
2.05355355e+06 	 2.588960e-05 	 1.980844e+07 	
2.05405405e+06 	 2.579513e-05 	 1.979059e+07 	
2.05455455e+06 	 2.570086e-05 	 1.977276e+07 	
2.05505506e+06 	 2.560680e-05 	 1.975494e+07 	
2.05555556e+06 	 2.551294e-05 	 1.973713e+07 	
2.05605606e+06 	 2.541927e-05 	 1.971933e+07 	
2.05655656e+06 	 2.532581e-05 	 1.970155e+07 	
2.05705706e+06 	 2.523255e-05 	 1.968379e+07 	
2.05755756e+06 	 2.513948e-05 	 1.966604e+07 	
2.05805806e+06 	 2.504662e-05 	 1.964830e+07 	
2.05855856e+06 	 2.495268e-05 	 1.963059e+07 	
2.05905906e+06 	 2.486015e-05 	 1.961288e+07 	
2.05955956e+06 	 2.476782e-05 	 1.959519e+07 	
2.06006006e+06 	 2.467569e-05 	 1.957751e+07 	
2.06056056e+06 	 2.458374e-05 	 1.955984e+07 	
2.06106106e+06 	 2.449199e-05 	 1.954218e+07 	
2.06156156e+06 	 2.440043e-05 	 1.952454e+07 	
2.06206206e+06 	 2.430906e-05 	 1.950692e+07 	
2.06256256e+06 	 2.421789e-05 	 1.948930e+07 	
2.06306306e+06 	 2.412690e-05 	 1.947170e+07 	
2.06356356e+06 	 2.403610e-05 	 1.945412e+07 	
2.06406406e+06 	 2.394549e-05 	 1.943655e+07 	
2.06456456e+06 	 2.385506e-05 	 1.941899e+07 	
2.06506507e+06 	 2.376483e-05 	 1.940144e+07 	
2.06556557e+06 	 2.367478e-05 	 1.938391e+07 	
2.06606607e+06 	 2.358491e-05 	 1.936640e+07 	
2.06656657e+06 	 2.349403e-05 	 1.934892e+07 	
2.06706707e+06 	 2.340449e-05 	 1.933143e+07 	
2.06756757e+06 	 2.331513e-05 	 1.931395e+07 	
2.06806807e+06 	 2.322595e-05 	 1.929649e+07 	
2.06856857e+06 	 2.313695e-05 	 1.927904e+07 	
2.06906907e+06 	 2.304813e-05 	 1.926161e+07 	
2.06956957e+06 	 2.295949e-05 	 1.924419e+07 	
2.07007007e+06 	 2.287103e-05 	 1.922678e+07 	
2.07057057e+06 	 2.278274e-05 	 1.920939e+07 	
2.07107107e+06 	 2.269464e-05 	 1.919201e+07 	
2.07157157e+06 	 2.260670e-05 	 1.917465e+07 	
2.07207207e+06 	 2.251895e-05 	 1.915730e+07 	
2.07257257e+06 	 2.243137e-05 	 1.913996e+07 	
2.07307307e+06 	 2.234396e-05 	 1.912263e+07 	
2.07357357e+06 	 2.225673e-05 	 1.910532e+07 	
2.07407407e+06 	 2.216856e-05 	 1.908805e+07 	
2.07457457e+06 	 2.208163e-05 	 1.907076e+07 	
2.07507508e+06 	 2.199486e-05 	 1.905350e+07 	
2.07557558e+06 	 2.190827e-05 	 1.903624e+07 	
2.07607608e+06 	 2.182184e-05 	 1.901900e+07 	
2.07657658e+06 	 2.173559e-05 	 1.900177e+07 	
2.07707708e+06 	 2.164949e-05 	 1.898456e+07 	
2.07757758e+06 	 2.156357e-05 	 1.896736e+07 	
2.07807808e+06 	 2.147781e-05 	 1.895017e+07 	
2.07857858e+06 	 2.139221e-05 	 1.893300e+07 	
2.07907908e+06 	 2.130678e-05 	 1.891584e+07 	
2.07957958e+06 	 2.122151e-05 	 1.889869e+07 	
2.08008008e+06 	 2.113640e-05 	 1.888156e+07 	
2.08058058e+06 	 2.105145e-05 	 1.886444e+07 	
2.08108108e+06 	 2.096667e-05 	 1.884733e+07 	
2.08158158e+06 	 2.088204e-05 	 1.883024e+07 	
2.08208208e+06 	 2.079862e-05 	 1.881314e+07 	
2.08258258e+06 	 2.071435e-05 	 1.879607e+07 	
2.08308308e+06 	 2.063025e-05 	 1.877902e+07 	
2.08358358e+06 	 2.054630e-05 	 1.876198e+07 	
2.08408408e+06 	 2.046250e-05 	 1.874496e+07 	
2.08458458e+06 	 2.037887e-05 	 1.872795e+07 	
2.08508509e+06 	 2.029539e-05 	 1.871095e+07 	
2.08558559e+06 	 2.021206e-05 	 1.869396e+07 	
2.08608609e+06 	 2.012889e-05 	 1.867699e+07 	
2.08658659e+06 	 2.004588e-05 	 1.866004e+07 	
2.08708709e+06 	 1.996301e-05 	 1.864309e+07 	
2.08758759e+06 	 1.988030e-05 	 1.862616e+07 	
2.08808809e+06 	 1.979774e-05 	 1.860924e+07 	
2.08858859e+06 	 1.971533e-05 	 1.859234e+07 	
2.08908909e+06 	 1.963307e-05 	 1.857545e+07 	
2.08958959e+06 	 1.955096e-05 	 1.855857e+07 	
2.09009009e+06 	 1.946999e-05 	 1.854169e+07 	
2.09059059e+06 	 1.938821e-05 	 1.852484e+07 	
2.09109109e+06 	 1.930659e-05 	 1.850800e+07 	
2.09159159e+06 	 1.922511e-05 	 1.849118e+07 	
2.09209209e+06 	 1.914378e-05 	 1.847437e+07 	
2.09259259e+06 	 1.906259e-05 	 1.845757e+07 	
2.09309309e+06 	 1.898155e-05 	 1.844079e+07 	
2.09359359e+06 	 1.890066e-05 	 1.842402e+07 	
2.09409409e+06 	 1.881990e-05 	 1.840726e+07 	
2.09459459e+06 	 1.873930e-05 	 1.839052e+07 	
2.09509510e+06 	 1.865883e-05 	 1.837379e+07 	
2.09559560e+06 	 1.857851e-05 	 1.835707e+07 	
2.09609610e+06 	 1.849833e-05 	 1.834037e+07 	
2.09659660e+06 	 1.841828e-05 	 1.832368e+07 	
2.09709710e+06 	 1.833838e-05 	 1.830700e+07 	
2.09759760e+06 	 1.825862e-05 	 1.829034e+07 	
2.09809810e+06 	 1.817992e-05 	 1.827367e+07 	
2.09859860e+06 	 1.810047e-05 	 1.825703e+07 	
2.09909910e+06 	 1.802116e-05 	 1.824041e+07 	
2.09959960e+06 	 1.794198e-05 	 1.822380e+07 	
2.10010010e+06 	 1.786294e-05 	 1.820720e+07 	
2.10060060e+06 	 1.778404e-05 	 1.819062e+07 	
2.10110110e+06 	 1.770527e-05 	 1.817405e+07 	
2.10160160e+06 	 1.762664e-05 	 1.815749e+07 	
2.10210210e+06 	 1.754814e-05 	 1.814095e+07 	
2.10260260e+06 	 1.746978e-05 	 1.812442e+07 	
2.10310310e+06 	 1.739155e-05 	 1.810790e+07 	
2.10360360e+06 	 1.731345e-05 	 1.809140e+07 	
2.10410410e+06 	 1.723548e-05 	 1.807491e+07 	
2.10460460e+06 	 1.715764e-05 	 1.805843e+07 	
2.10510511e+06 	 1.707993e-05 	 1.804197e+07 	
2.10560561e+06 	 1.700235e-05 	 1.802552e+07 	
2.10610611e+06 	 1.692404e-05 	 1.800910e+07 	
2.10660661e+06 	 1.684668e-05 	 1.799268e+07 	
2.10710711e+06 	 1.676945e-05 	 1.797627e+07 	
2.10760761e+06 	 1.669234e-05 	 1.795988e+07 	
2.10810811e+06 	 1.661536e-05 	 1.794350e+07 	
2.10860861e+06 	 1.653850e-05 	 1.792713e+07 	
2.10910911e+06 	 1.646177e-05 	 1.791077e+07 	
2.10960961e+06 	 1.638515e-05 	 1.789443e+07 	
2.11011011e+06 	 1.630866e-05 	 1.787810e+07 	
2.11061061e+06 	 1.623229e-05 	 1.786179e+07 	
2.11111111e+06 	 1.615604e-05 	 1.784549e+07 	
2.11161161e+06 	 1.607990e-05 	 1.782920e+07 	
2.11211211e+06 	 1.600389e-05 	 1.781293e+07 	
2.11261261e+06 	 1.592799e-05 	 1.779667e+07 	
2.11311311e+06 	 1.585221e-05 	 1.778042e+07 	
2.11361361e+06 	 1.577655e-05 	 1.776419e+07 	
2.11411411e+06 	 1.570019e-05 	 1.774799e+07 	
2.11461461e+06 	 1.562473e-05 	 1.773178e+07 	
2.11511512e+06 	 1.554937e-05 	 1.771559e+07 	
2.11561562e+06 	 1.547413e-05 	 1.769941e+07 	
2.11611612e+06 	 1.539900e-05 	 1.768324e+07 	
2.11661662e+06 	 1.532398e-05 	 1.766709e+07 	
2.11711712e+06 	 1.524907e-05 	 1.765095e+07 	
2.11761762e+06 	 1.517426e-05 	 1.763483e+07 	
2.11811812e+06 	 1.509957e-05 	 1.761872e+07 	
2.11861862e+06 	 1.502498e-05 	 1.760262e+07 	
2.11911912e+06 	 1.495049e-05 	 1.758654e+07 	
2.11961962e+06 	 1.487611e-05 	 1.757047e+07 	
2.12012012e+06 	 1.480184e-05 	 1.755441e+07 	
2.12062062e+06 	 1.472767e-05 	 1.753837e+07 	
2.12112112e+06 	 1.465360e-05 	 1.752234e+07 	
2.12162162e+06 	 1.457963e-05 	 1.750633e+07 	
2.12212212e+06 	 1.450651e-05 	 1.749030e+07 	
2.12262262e+06 	 1.443277e-05 	 1.747432e+07 	
2.12312312e+06 	 1.435914e-05 	 1.745834e+07 	
2.12362362e+06 	 1.428560e-05 	 1.744238e+07 	
2.12412412e+06 	 1.421216e-05 	 1.742643e+07 	
2.12462462e+06 	 1.413881e-05 	 1.741050e+07 	
2.12512513e+06 	 1.406557e-05 	 1.739458e+07 	
2.12562563e+06 	 1.399242e-05 	 1.737868e+07 	
2.12612613e+06 	 1.391936e-05 	 1.736278e+07 	
2.12662663e+06 	 1.384640e-05 	 1.734691e+07 	
2.12712713e+06 	 1.377353e-05 	 1.733104e+07 	
2.12762763e+06 	 1.370075e-05 	 1.731519e+07 	
2.12812813e+06 	 1.362807e-05 	 1.729936e+07 	
2.12862863e+06 	 1.355547e-05 	 1.728353e+07 	
2.12912913e+06 	 1.348296e-05 	 1.726773e+07 	
2.12962963e+06 	 1.341055e-05 	 1.725193e+07 	
2.13013013e+06 	 1.333891e-05 	 1.723613e+07 	
2.13063063e+06 	 1.326669e-05 	 1.722037e+07 	
2.13113113e+06 	 1.319456e-05 	 1.720461e+07 	
2.13163163e+06 	 1.312252e-05 	 1.718887e+07 	
2.13213213e+06 	 1.305056e-05 	 1.717315e+07 	
2.13263263e+06 	 1.297869e-05 	 1.715744e+07 	
2.13313313e+06 	 1.290689e-05 	 1.714174e+07 	
2.13363363e+06 	 1.283518e-05 	 1.712606e+07 	
2.13413413e+06 	 1.276356e-05 	 1.711039e+07 	
2.13463463e+06 	 1.269201e-05 	 1.709474e+07 	
2.13513514e+06 	 1.262054e-05 	 1.707910e+07 	
2.13563564e+06 	 1.254915e-05 	 1.706348e+07 	
2.13613614e+06 	 1.247784e-05 	 1.704787e+07 	
2.13663664e+06 	 1.240660e-05 	 1.703227e+07 	
2.13713714e+06 	 1.233544e-05 	 1.701669e+07 	
2.13763764e+06 	 1.226497e-05 	 1.700111e+07 	
2.13813814e+06 	 1.219398e-05 	 1.698555e+07 	
2.13863864e+06 	 1.212307e-05 	 1.697002e+07 	
2.13913914e+06 	 1.205223e-05 	 1.695449e+07 	
2.13963964e+06 	 1.198146e-05 	 1.693898e+07 	
2.14014014e+06 	 1.191076e-05 	 1.692349e+07 	
2.14064064e+06 	 1.184013e-05 	 1.690801e+07 	
2.14114114e+06 	 1.176957e-05 	 1.689255e+07 	
2.14164164e+06 	 1.169908e-05 	 1.687710e+07 	
2.14214214e+06 	 1.162866e-05 	 1.686166e+07 	
2.14264264e+06 	 1.155830e-05 	 1.684624e+07 	
2.14314314e+06 	 1.148801e-05 	 1.683084e+07 	
2.14364364e+06 	 1.141778e-05 	 1.681545e+07 	
2.14414414e+06 	 1.134762e-05 	 1.680007e+07 	
2.14464464e+06 	 1.127751e-05 	 1.678471e+07 	
2.14514515e+06 	 1.120747e-05 	 1.676937e+07 	
2.14564565e+06 	 1.113693e-05 	 1.675406e+07 	
2.14614615e+06 	 1.106699e-05 	 1.673875e+07 	
2.14664665e+06 	 1.099710e-05 	 1.672345e+07 	
2.14714715e+06 	 1.092727e-05 	 1.670817e+07 	
2.14764765e+06 	 1.085750e-05 	 1.669291e+07 	
2.14814815e+06 	 1.078778e-05 	 1.667766e+07 	
2.14864865e+06 	 1.071812e-05 	 1.666242e+07 	
2.14914915e+06 	 1.064850e-05 	 1.664721e+07 	
2.14964965e+06 	 1.057894e-05 	 1.663200e+07 	
2.15015015e+06 	 1.050943e-05 	 1.661682e+07 	
2.15065065e+06 	 1.043997e-05 	 1.660165e+07 	
2.15115115e+06 	 1.037056e-05 	 1.658649e+07 	
2.15165165e+06 	 1.030120e-05 	 1.657136e+07 	
2.15215215e+06 	 1.023188e-05 	 1.655624e+07 	
2.15265265e+06 	 1.016260e-05 	 1.654113e+07 	
2.15315315e+06 	 1.009338e-05 	 1.652604e+07 	
2.15365365e+06 	 1.002470e-05 	 1.651095e+07 	
2.15415415e+06 	 9.955578e-06 	 1.649590e+07 	
2.15465465e+06 	 9.886496e-06 	 1.648086e+07 	
2.15515516e+06 	 9.817456e-06 	 1.646584e+07 	
2.15565566e+06 	 9.748455e-06 	 1.645084e+07 	
2.15615616e+06 	 9.679494e-06 	 1.643585e+07 	
2.15665666e+06 	 9.610571e-06 	 1.642088e+07 	
2.15715716e+06 	 9.541685e-06 	 1.640593e+07 	
2.15765766e+06 	 9.472835e-06 	 1.639099e+07 	
2.15815816e+06 	 9.404020e-06 	 1.637607e+07 	
2.15865866e+06 	 9.335240e-06 	 1.636118e+07 	
2.15915916e+06 	 9.266492e-06 	 1.634629e+07 	
2.15965966e+06 	 9.197777e-06 	 1.633143e+07 	
2.16016016e+06 	 9.129094e-06 	 1.631659e+07 	
2.16066066e+06 	 9.060441e-06 	 1.630176e+07 	
2.16116116e+06 	 8.991817e-06 	 1.628695e+07 	
2.16166166e+06 	 8.923682e-06 	 1.627214e+07 	
2.16216216e+06 	 8.855132e-06 	 1.625737e+07 	
2.16266266e+06 	 8.786610e-06 	 1.624262e+07 	
2.16316316e+06 	 8.718114e-06 	 1.622788e+07 	
2.16366366e+06 	 8.649643e-06 	 1.621317e+07 	
2.16416416e+06 	 8.581198e-06 	 1.619847e+07 	
2.16466466e+06 	 8.512777e-06 	 1.618380e+07 	
2.16516517e+06 	 8.444380e-06 	 1.616914e+07 	
2.16566567e+06 	 8.376005e-06 	 1.615451e+07 	
2.16616617e+06 	 8.307653e-06 	 1.613989e+07 	
2.16666667e+06 	 8.239321e-06 	 1.612530e+07 	
2.16716717e+06 	 8.171011e-06 	 1.611072e+07 	
2.16766767e+06 	 8.102720e-06 	 1.609617e+07 	
2.16816817e+06 	 8.034448e-06 	 1.608163e+07 	
2.16866867e+06 	 7.966196e-06 	 1.606712e+07 	
2.16916917e+06 	 7.897566e-06 	 1.605265e+07 	
2.16966967e+06 	 7.829335e-06 	 1.603818e+07 	
2.17017017e+06 	 7.761121e-06 	 1.602374e+07 	
2.17067067e+06 	 7.692923e-06 	 1.600931e+07 	
2.17117117e+06 	 7.624741e-06 	 1.599491e+07 	
2.17167167e+06 	 7.556575e-06 	 1.598053e+07 	
2.17217217e+06 	 7.488423e-06 	 1.596617e+07 	
2.17267267e+06 	 7.420287e-06 	 1.595184e+07 	
2.17317317e+06 	 7.352165e-06 	 1.593753e+07 	
2.17367367e+06 	 7.284058e-06 	 1.592325e+07 	
2.17417417e+06 	 7.215965e-06 	 1.590898e+07 	
2.17467467e+06 	 7.147886e-06 	 1.589474e+07 	
2.17517518e+06 	 7.079822e-06 	 1.588053e+07 	
2.17567568e+06 	 7.011772e-06 	 1.586634e+07 	
2.17617618e+06 	 6.943737e-06 	 1.585218e+07 	
2.17667668e+06 	 6.875716e-06 	 1.583804e+07 	
2.17717718e+06 	 6.807364e-06 	 1.582395e+07 	
2.17767768e+06 	 6.739361e-06 	 1.580986e+07 	
2.17817818e+06 	 6.671374e-06 	 1.579580e+07 	
2.17867868e+06 	 6.603402e-06 	 1.578177e+07 	
2.17917918e+06 	 6.535447e-06 	 1.576777e+07 	
2.17967968e+06 	 6.467510e-06 	 1.575379e+07 	
2.18018018e+06 	 6.399590e-06 	 1.573984e+07 	
2.18068068e+06 	 6.331688e-06 	 1.572592e+07 	
2.18118118e+06 	 6.263807e-06 	 1.571203e+07 	
2.18168168e+06 	 6.195946e-06 	 1.569816e+07 	
2.18218218e+06 	 6.128108e-06 	 1.568433e+07 	
2.18268268e+06 	 6.060292e-06 	 1.567053e+07 	
2.18318318e+06 	 5.992502e-06 	 1.565675e+07 	
2.18368368e+06 	 5.924738e-06 	 1.564301e+07 	
2.18418418e+06 	 5.857002e-06 	 1.562930e+07 	
2.18468468e+06 	 5.789295e-06 	 1.561562e+07 	
2.18518519e+06 	 5.721919e-06 	 1.560196e+07 	
2.18568569e+06 	 5.654288e-06 	 1.558834e+07 	
2.18618619e+06 	 5.586694e-06 	 1.557476e+07 	
2.18668669e+06 	 5.519139e-06 	 1.556122e+07 	
2.18718719e+06 	 5.451626e-06 	 1.554770e+07 	
2.18768769e+06 	 5.384156e-06 	 1.553423e+07 	
2.18818819e+06 	 5.316735e-06 	 1.552078e+07 	
2.18868869e+06 	 5.249363e-06 	 1.550738e+07 	
2.18918919e+06 	 5.182045e-06 	 1.549401e+07 	
2.18968969e+06 	 5.114785e-06 	 1.548067e+07 	
2.19019019e+06 	 5.047585e-06 	 1.546738e+07 	
2.19069069e+06 	 4.980450e-06 	 1.545412e+07 	
2.19119119e+06 	 4.913384e-06 	 1.544091e+07 	
2.19169169e+06 	 4.846391e-06 	 1.542773e+07 	
2.19219219e+06 	 4.779476e-06 	 1.541459e+07 	
2.19269269e+06 	 4.712884e-06 	 1.540148e+07 	
2.19319319e+06 	 4.646147e-06 	 1.538842e+07 	
2.19369369e+06 	 4.579502e-06 	 1.537541e+07 	
2.19419419e+06 	 4.512956e-06 	 1.536244e+07 	
2.19469469e+06 	 4.446515e-06 	 1.534951e+07 	
2.19519520e+06 	 4.380183e-06 	 1.533663e+07 	
2.19569570e+06 	 4.313969e-06 	 1.532380e+07 	
2.19619620e+06 	 4.247877e-06 	 1.531101e+07 	
2.19669670e+06 	 4.181915e-06 	 1.529826e+07 	
2.19719720e+06 	 4.116090e-06 	 1.528557e+07 	
2.19769770e+06 	 4.050409e-06 	 1.527292e+07 	
2.19819820e+06 	 3.984880e-06 	 1.526032e+07 	
2.19869870e+06 	 3.919511e-06 	 1.524778e+07 	
2.19919920e+06 	 3.854311e-06 	 1.523528e+07 	
2.19969970e+06 	 3.789286e-06 	 1.522284e+07 	
2.20020020e+06 	 3.724261e-06 	 1.521046e+07 	
2.20070070e+06 	 3.659612e-06 	 1.519813e+07 	
2.20120120e+06 	 3.595167e-06 	 1.518584e+07 	
2.20170170e+06 	 3.530935e-06 	 1.517362e+07 	
2.20220220e+06 	 3.466928e-06 	 1.516145e+07 	
2.20270270e+06 	 3.403154e-06 	 1.514933e+07 	
2.20320320e+06 	 3.339626e-06 	 1.513728e+07 	
2.20370370e+06 	 3.276353e-06 	 1.512528e+07 	
2.20420420e+06 	 3.213348e-06 	 1.511335e+07 	
2.20470470e+06 	 3.150621e-06 	 1.510147e+07 	
2.20520521e+06 	 3.088185e-06 	 1.508966e+07 	
2.20570571e+06 	 3.026052e-06 	 1.507791e+07 	
2.20620621e+06 	 2.964234e-06 	 1.506623e+07 	
2.20670671e+06 	 2.902745e-06 	 1.505461e+07 	
2.20720721e+06 	 2.841596e-06 	 1.504306e+07 	
2.20770771e+06 	 2.780803e-06 	 1.503158e+07 	
2.20820821e+06 	 2.720236e-06 	 1.502018e+07 	
2.20870871e+06 	 2.660189e-06 	 1.500884e+07 	
2.20920921e+06 	 2.600539e-06 	 1.499756e+07 	
2.20970971e+06 	 2.541298e-06 	 1.498636e+07 	
2.21021021e+06 	 2.482483e-06 	 1.497523e+07 	
2.21071071e+06 	 2.424107e-06 	 1.496418e+07 	
2.21121121e+06 	 2.366187e-06 	 1.495320e+07 	
2.21171171e+06 	 2.308736e-06 	 1.494230e+07 	
2.21221221e+06 	 2.251769e-06 	 1.493147e+07 	
2.21271271e+06 	 2.195304e-06 	 1.492073e+07 	
2.21321321e+06 	 2.139354e-06 	 1.491006e+07 	
2.21371371e+06 	 2.083936e-06 	 1.489947e+07 	
2.21421421e+06 	 2.029064e-06 	 1.488897e+07 	
2.21471471e+06 	 1.974756e-06 	 1.487855e+07 	
2.21521522e+06 	 1.921026e-06 	 1.486821e+07 	
2.21571572e+06 	 1.867793e-06 	 1.485798e+07 	
2.21621622e+06 	 1.815265e-06 	 1.484782e+07 	
2.21671672e+06 	 1.763361e-06 	 1.483775e+07 	
2.21721722e+06 	 1.712099e-06 	 1.482776e+07 	
2.21771772e+06 	 1.661492e-06 	 1.481786e+07 	
2.21821822e+06 	 1.611557e-06 	 1.480806e+07 	
2.21871872e+06 	 1.562307e-06 	 1.479834e+07 	
2.21921922e+06 	 1.513757e-06 	 1.478872e+07 	
2.21971972e+06 	 1.465922e-06 	 1.477919e+07 	
2.22022022e+06 	 1.418816e-06 	 1.476976e+07 	
2.22072072e+06 	 1.372452e-06 	 1.476043e+07 	
2.22122122e+06 	 1.326843e-06 	 1.475119e+07 	
2.22172172e+06 	 1.282003e-06 	 1.474205e+07 	
2.22222222e+06 	 1.237944e-06 	 1.473300e+07 	
2.22272272e+06 	 1.194677e-06 	 1.472406e+07 	
2.22322322e+06 	 1.152154e-06 	 1.471524e+07 	
2.22372372e+06 	 1.110505e-06 	 1.470650e+07 	
2.22422422e+06 	 1.069680e-06 	 1.469786e+07 	
2.22472472e+06 	 1.029689e-06 	 1.468932e+07 	
2.22522523e+06 	 9.905398e-07 	 1.468089e+07 	
2.22572573e+06 	 9.522414e-07 	 1.467256e+07 	
2.22622623e+06 	 9.148006e-07 	 1.466434e+07 	
2.22672673e+06 	 8.782236e-07 	 1.465622e+07 	
2.22722723e+06 	 8.425161e-07 	 1.464821e+07 	
2.22772773e+06 	 8.076826e-07 	 1.464031e+07 	
2.22822823e+06 	 7.737270e-07 	 1.463251e+07 	
2.22872873e+06 	 7.406523e-07 	 1.462482e+07 	
2.22922923e+06 	 7.084602e-07 	 1.461723e+07 	
2.22972973e+06 	 6.771519e-07 	 1.460976e+07 	
2.23023023e+06 	 6.467607e-07 	 1.460237e+07 	
2.23073073e+06 	 6.172192e-07 	 1.459511e+07 	
2.23123123e+06 	 5.885588e-07 	 1.458796e+07 	
2.23173173e+06 	 5.607766e-07 	 1.458092e+07 	
2.23223223e+06 	 5.338687e-07 	 1.457398e+07 	
2.23273273e+06 	 5.078303e-07 	 1.456716e+07 	
2.23323323e+06 	 4.826557e-07 	 1.456044e+07 	
2.23373373e+06 	 4.583380e-07 	 1.455383e+07 	
2.23423423e+06 	 4.348695e-07 	 1.454733e+07 	
2.23473473e+06 	 4.122417e-07 	 1.454094e+07 	
2.23523524e+06 	 3.904449e-07 	 1.453465e+07 	
2.23573574e+06 	 3.694687e-07 	 1.452848e+07 	
2.23623624e+06 	 3.493017e-07 	 1.452241e+07 	
2.23673674e+06 	 3.299151e-07 	 1.451647e+07 	
2.23723724e+06 	 3.113293e-07 	 1.451061e+07 	
2.23773774e+06 	 2.935139e-07 	 1.450486e+07 	
2.23823824e+06 	 2.764543e-07 	 1.449921e+07 	
2.23873874e+06 	 2.601355e-07 	 1.449367e+07 	
2.23923924e+06 	 2.445416e-07 	 1.448822e+07 	
2.23973974e+06 	 2.296562e-07 	 1.448289e+07 	
2.24024024e+06 	 2.154624e-07 	 1.447765e+07 	
2.24074074e+06 	 2.019428e-07 	 1.447251e+07 	
2.24124124e+06 	 1.890794e-07 	 1.446747e+07 	
2.24174174e+06 	 1.768540e-07 	 1.446253e+07 	
2.24224224e+06 	 1.652479e-07 	 1.445769e+07 	
2.24274274e+06 	 1.542424e-07 	 1.445295e+07 	
2.24324324e+06 	 1.438105e-07 	 1.444832e+07 	
2.24374374e+06 	 1.339483e-07 	 1.444376e+07 	
2.24424424e+06 	 1.246287e-07 	 1.443930e+07 	
2.24474474e+06 	 1.158322e-07 	 1.443493e+07 	
2.24524525e+06 	 1.075393e-07 	 1.443064e+07 	
2.24574575e+06 	 9.973047e-08 	 1.442645e+07 	
2.24624625e+06 	 9.238633e-08 	 1.442234e+07 	
2.24674675e+06 	 8.548762e-08 	 1.441831e+07 	
2.24724725e+06 	 7.901526e-08 	 1.441437e+07 	
2.24774775e+06 	 7.295038e-08 	 1.441051e+07 	
2.24824825e+06 	 6.727794e-08 	 1.440670e+07 	
2.24874875e+06 	 6.197250e-08 	 1.440300e+07 	
2.24924925e+06 	 5.701969e-08 	 1.439937e+07 	
2.24974975e+06 	 5.240191e-08 	 1.439582e+07 	
2.25025025e+06 	 4.810198e-08 	 1.439234e+07 	
2.25075075e+06 	 4.410315e-08 	 1.438893e+07 	
2.25125125e+06 	 4.038912e-08 	 1.438560e+07 	
2.25175175e+06 	 3.694406e-08 	 1.438233e+07 	
2.25225225e+06 	 3.375087e-08 	 1.437917e+07 	
2.25275275e+06 	 3.079828e-08 	 1.437603e+07 	
2.25325325e+06 	 2.807023e-08 	 1.437296e+07 	
2.25375375e+06 	 2.555297e-08 	 1.436995e+07 	
2.25425425e+06 	 2.323327e-08 	 1.436700e+07 	
2.25475475e+06 	 2.109846e-08 	 1.436410e+07 	
2.25525526e+06 	 1.913542e-08 	 1.436132e+07 	
2.25575576e+06 	 1.733456e-08 	 1.435855e+07 	
2.25625626e+06 	 1.568386e-08 	 1.435583e+07 	
2.25675676e+06 	 1.417283e-08 	 1.435316e+07 	
2.25725726e+06 	 1.279151e-08 	 1.435055e+07 	
2.25775776e+06 	 1.153113e-08 	 1.434791e+07 	
2.25825826e+06 	 1.038149e-08 	 1.434539e+07 	
2.25875876e+06 	 9.334811e-09 	 1.434291e+07 	
2.25925926e+06 	 8.383576e-09 	 1.434040e+07 	
2.25975976e+06 	 7.519530e-09 	 1.433799e+07 	
2.26026026e+06 	 6.736066e-09 	 1.433563e+07 	
2.26076076e+06 	 6.026962e-09 	 1.433321e+07 	
2.26126126e+06 	 5.385503e-09 	 1.433089e+07 	
2.26176176e+06 	 4.806019e-09 	 1.432872e+07 	
2.26226226e+06 	 4.283612e-09 	 1.432653e+07 	
2.26276276e+06 	 3.813336e-09 	 1.432424e+07 	
2.26326326e+06 	 3.390263e-09 	 1.432209e+07 	
2.26376376e+06 	 3.010388e-09 	 1.431990e+07 	
2.26426426e+06 	 2.669624e-09 	 1.431781e+07 	
2.26476476e+06 	 2.364408e-09 	 1.431580e+07 	
2.26526527e+06 	 2.091629e-09 	 1.431343e+07 	
2.26576577e+06 	 1.847879e-09 	 1.431128e+07 	
2.26626627e+06 	 1.630356e-09 	 1.430946e+07 	
2.26676677e+06 	 1.436653e-09 	 1.430755e+07 	
2.26726727e+06 	 1.264452e-09 	 1.430525e+07 	
2.26776777e+06 	 1.111470e-09 	 1.430295e+07 	
2.26826827e+06 	 9.756648e-10 	 1.430134e+07 	
2.26876877e+06 	 8.554228e-10 	 1.429929e+07 	
2.26926927e+06 	 7.490331e-10 	 1.429741e+07 	
2.26976977e+06 	 6.550640e-10 	 1.429531e+07 	
2.27027027e+06 	 5.721364e-10 	 1.429353e+07 	
2.27077077e+06 	 4.990988e-10 	 1.429135e+07 	
2.27127127e+06 	 4.348115e-10 	 1.428970e+07 	
2.27177177e+06 	 3.783442e-10 	 1.428759e+07 	
2.27227227e+06 	 3.287818e-10 	 1.428589e+07 	
2.27277277e+06 	 2.853625e-10 	 1.428380e+07 	
2.27327327e+06 	 2.473569e-10 	 1.428210e+07 	
2.27377377e+06 	 2.141505e-10 	 1.428001e+07 	
2.27427427e+06 	 1.851627e-10 	 1.427834e+07 	
2.27477477e+06 	 1.599005e-10 	 1.427646e+07 	
2.27527528e+06 	 1.379116e-10 	 1.427459e+07 	
2.27577578e+06 	 1.187980e-10 	 1.427268e+07 	
2.27627628e+06 	 1.022047e-10 	 1.427086e+07 	
2.27677678e+06 	 8.781981e-11 	 1.426896e+07 	
2.57782059e+06 	 1.000000e-20 	 1.327514e+07 	
2.91866953e+06 	 1.000000e-20 	 1.236921e+07 	
3.30458677e+06 	 1.000000e-20 	 1.153941e+07 	
3.74153141e+06 	 1.000000e-20 	 1.077642e+07 	
4.23625048e+06 	 1.000000e-20 	 1.007260e+07 	
4.79638313e+06 	 1.000000e-20 	 9.421657e+06 	
5.43057858e+06 	 1.000000e-20 	 8.818278e+06 	
6.14862969e+06 	 1.000000e-20 	 8.257939e+06 	
6.96162417e+06 	 1.000000e-20 	 7.736744e+06 	
7.88211577e+06 	 1.000000e-20 	 7.251299e+06 	
8.92431817e+06 	 1.000000e-20 	 6.798628e+06 	
1.01043244e+07 	 1.000000e-20 	 6.376096e+06 	
1.14403554e+07 	 1.000000e-20 	 5.981358e+06 	
1.29530414e+07 	 1.000000e-20 	 5.612309e+06 	
1.46657402e+07 	 1.000000e-20 	 5.267054e+06 	
1.66048984e+07 	 1.000000e-20 	 4.943879e+06 	
1.88004593e+07 	 1.000000e-20 	 4.641222e+06 	
2.12863253e+07 	 1.000000e-20 	 4.357661e+06 	
2.41008817e+07 	 1.000000e-20 	 4.091890e+06 	
2.72875891e+07 	 1.000000e-20 	 3.842713e+06 	
3.08956546e+07 	 1.000000e-20 	 3.609026e+06 	
3.49807919e+07 	 1.000000e-20 	 3.389813e+06 	
3.96060812e+07 	 1.000000e-20 	 3.184130e+06 	
4.48429431e+07 	 1.000000e-20 	 2.991106e+06 	
5.07722423e+07 	 1.000000e-20 	 2.809931e+06 	
5.74855353e+07 	 1.000000e-20 	 2.639852e+06 	
6.50864846e+07 	 1.000000e-20 	 2.480168e+06 	
7.36924595e+07 	 1.000000e-20 	 2.330227e+06 	
8.34363480e+07 	 1.000000e-20 	 2.189421e+06 	
9.44686094e+07 	 1.000000e-20 	 2.057180e+06 	
1.06959597e+08 	 1.000000e-20 	 1.932974e+06 	
1.21102189e+08 	 1.000000e-20 	 1.816306e+06 	
1.37114767e+08 	 1.000000e-20 	 1.706713e+06 	
1.55244587e+08 	 1.000000e-20 	 1.603759e+06 	
1.75771598e+08 	 1.000000e-20 	 1.507039e+06 	
1.99012766e+08 	 1.000000e-20 	 1.416170e+06 	
2.25326968e+08 	 1.000000e-20 	 1.330795e+06 	
2.55120530e+08 	 1.000000e-20 	 1.250580e+06 	
2.88853506e+08 	 1.000000e-20 	 1.175211e+06 	
3.27046781e+08 	 1.000000e-20 	 1.104393e+06 	
3.70290112e+08 	 1.000000e-20 	 1.037850e+06 	
4.19251235e+08 	 1.000000e-20 	 9.753218e+05 	
4.74686178e+08 	 1.000000e-20 	 9.165662e+05 	
5.37450934e+08 	 1.000000e-20 	 8.613543e+05 	
6.08514677e+08 	 1.000000e-20 	 8.094718e+05 	
6.88974730e+08 	 1.000000e-20 	 7.607171e+05 	
7.80073507e+08 	 1.000000e-20 	 7.149014e+05 	
8.83217701e+08 	 1.000000e-20 	 6.718470e+05 	
1.00000000e+09 	 1.000000e-20 	 6.313871e+05 	
