r (cm)        	 rho (g/cm3) 	 T (K)       		 Linf = 3.254588e+38
1.30008795e+06 	 1.105364e+05 	 1.195781e+09 	
1.30015095e+06 	 1.027292e+05 	 1.173624e+09 	
1.30027964e+06 	 8.818919e+04 	 1.128790e+09 	
1.30040834e+06 	 7.539421e+04 	 1.084546e+09 	
1.30051288e+06 	 6.617015e+04 	 1.049058e+09 	
1.30061742e+06 	 5.790370e+04 	 1.013987e+09 	
1.30072196e+06 	 5.051574e+04 	 9.793474e+08 	
1.30082650e+06 	 4.393168e+04 	 9.451516e+08 	
1.30093103e+06 	 3.808140e+04 	 9.114140e+08 	
1.30103398e+06 	 3.297323e+04 	 8.786515e+08 	
1.30113693e+06 	 2.845396e+04 	 8.463616e+08 	
1.30123988e+06 	 2.446855e+04 	 8.145589e+08 	
1.30132471e+06 	 2.154935e+04 	 7.887303e+08 	
1.30140954e+06 	 1.893081e+04 	 7.632512e+08 	
1.30149437e+06 	 1.658766e+04 	 7.381306e+08 	
1.30157920e+06 	 1.449616e+04 	 7.133772e+08 	
1.30166403e+06 	 1.263409e+04 	 6.890002e+08 	
1.30174837e+06 	 1.098968e+04 	 6.651463e+08 	
1.30183270e+06 	 9.532470e+03 	 6.416826e+08 	
1.30191704e+06 	 8.244745e+03 	 6.186184e+08 	
1.30198623e+06 	 7.303322e+03 	 6.000026e+08 	
1.30205542e+06 	 6.456384e+03 	 5.816671e+08 	
1.30212460e+06 	 5.695989e+03 	 5.636169e+08 	
1.30219379e+06 	 5.014704e+03 	 5.458573e+08 	
1.30226298e+06 	 4.405589e+03 	 5.283934e+08 	
1.30233216e+06 	 3.862173e+03 	 5.112303e+08 	
1.30240169e+06 	 3.376181e+03 	 4.942904e+08 	
1.30247122e+06 	 2.944794e+03 	 4.776644e+08 	
1.30254075e+06 	 2.562761e+03 	 4.613573e+08 	
1.30259802e+06 	 2.281739e+03 	 4.481696e+08 	
1.30265528e+06 	 2.028383e+03 	 4.352042e+08 	
1.30271255e+06 	 1.800347e+03 	 4.224636e+08 	
1.30276981e+06 	 1.595443e+03 	 4.099505e+08 	
1.30282708e+06 	 1.411634e+03 	 3.976672e+08 	
1.30288434e+06 	 1.247030e+03 	 3.856160e+08 	
1.30294161e+06 	 1.099879e+03 	 3.737992e+08 	
1.30300083e+06 	 9.643339e+02 	 3.618275e+08 	
1.30306005e+06 	 8.440668e+02 	 3.501108e+08 	
1.30310873e+06 	 7.555828e+02 	 3.406732e+08 	
1.30315740e+06 	 6.756102e+02 	 3.314103e+08 	
1.30320608e+06 	 6.034234e+02 	 3.223231e+08 	
1.30325475e+06 	 5.383488e+02 	 3.134124e+08 	
1.30330343e+06 	 4.797615e+02 	 3.046791e+08 	
1.30335210e+06 	 4.270833e+02 	 2.961237e+08 	
1.30340078e+06 	 3.797794e+02 	 2.877469e+08 	
1.30344945e+06 	 3.373566e+02 	 2.795491e+08 	
1.30349813e+06 	 2.993601e+02 	 2.715307e+08 	
1.30354956e+06 	 2.635565e+02 	 2.632527e+08 	
1.30359211e+06 	 2.369995e+02 	 2.565569e+08 	
1.30363465e+06 	 2.129598e+02 	 2.499984e+08 	
1.30367720e+06 	 1.912195e+02 	 2.435771e+08 	
1.30371975e+06 	 1.715774e+02 	 2.372928e+08 	
1.30376229e+06 	 1.538476e+02 	 2.311453e+08 	
1.30380484e+06 	 1.378587e+02 	 2.251342e+08 	
1.30384739e+06 	 1.234528e+02 	 2.192592e+08 	
1.30388993e+06 	 1.104848e+02 	 2.135198e+08 	
1.30393248e+06 	 9.882153e+01 	 2.079153e+08 	
1.30397502e+06 	 8.834062e+01 	 2.024452e+08 	
1.30401757e+06 	 7.893013e+01 	 1.971087e+08 	
1.30406012e+06 	 7.048765e+01 	 1.919049e+08 	
1.30409942e+06 	 6.346714e+01 	 1.872147e+08 	
1.30413873e+06 	 5.712533e+01 	 1.826362e+08 	
1.30417804e+06 	 5.140025e+01 	 1.781686e+08 	
1.30421734e+06 	 4.623509e+01 	 1.738110e+08 	
1.30425665e+06 	 4.157784e+01 	 1.695624e+08 	
1.30429595e+06 	 3.738092e+01 	 1.654219e+08 	
1.30433526e+06 	 3.360088e+01 	 1.613883e+08 	
1.30437457e+06 	 3.019804e+01 	 1.574606e+08 	
1.30441387e+06 	 2.713626e+01 	 1.536374e+08 	
1.30445318e+06 	 2.438259e+01 	 1.499176e+08 	
1.30449249e+06 	 2.190708e+01 	 1.462999e+08 	
1.30453179e+06 	 1.968251e+01 	 1.427828e+08 	
1.30457110e+06 	 1.768417e+01 	 1.393651e+08 	
1.30461040e+06 	 1.588962e+01 	 1.360453e+08 	
1.30464971e+06 	 1.427857e+01 	 1.328218e+08 	
1.30468902e+06 	 1.283261e+01 	 1.296932e+08 	
1.30472832e+06 	 1.153513e+01 	 1.266579e+08 	
1.30477000e+06 	 1.030484e+01 	 1.235396e+08 	
1.30481168e+06 	 9.208464e+00 	 1.205224e+08 	
1.30485335e+06 	 8.231540e+00 	 1.176042e+08 	
1.30489503e+06 	 7.361119e+00 	 1.147832e+08 	
1.30493671e+06 	 6.585611e+00 	 1.120571e+08 	
1.30497838e+06 	 5.894656e+00 	 1.094240e+08 	
1.30502006e+06 	 5.278994e+00 	 1.068816e+08 	
1.30506174e+06 	 4.730360e+00 	 1.044278e+08 	
1.30510341e+06 	 4.241379e+00 	 1.020605e+08 	
1.30514509e+06 	 3.805476e+00 	 9.977755e+07 	
1.30518677e+06 	 3.416793e+00 	 9.757670e+07 	
1.30522844e+06 	 3.070110e+00 	 9.545577e+07 	
1.30527012e+06 	 2.760785e+00 	 9.341260e+07 	
1.30531180e+06 	 2.484684e+00 	 9.144499e+07 	
1.30535347e+06 	 2.238134e+00 	 8.955077e+07 	
1.30540491e+06 	 1.969758e+00 	 8.731087e+07 	
1.30545635e+06 	 1.736054e+00 	 8.517541e+07 	
1.30550779e+06 	 1.532367e+00 	 8.314038e+07 	
1.30555922e+06 	 1.354675e+00 	 8.120182e+07 	
1.30561066e+06 	 1.199503e+00 	 7.935584e+07 	
1.30566210e+06 	 1.063851e+00 	 7.759860e+07 	
1.30571354e+06 	 9.451282e-01 	 7.592634e+07 	
1.30576498e+06 	 8.410977e-01 	 7.433538e+07 	
1.30581641e+06 	 7.498267e-01 	 7.282212e+07 	
1.30586785e+06 	 6.696457e-01 	 7.138305e+07 	
1.30591929e+06 	 5.991119e-01 	 7.001478e+07 	
1.30598571e+06 	 5.202971e-01 	 6.834724e+07 	
1.30605214e+06 	 4.532265e-01 	 6.678536e+07 	
1.30611856e+06 	 3.960089e-01 	 6.532256e+07 	
1.30618498e+06 	 3.470730e-01 	 6.395258e+07 	
1.30625141e+06 	 3.051122e-01 	 6.266945e+07 	
1.30631783e+06 	 2.690377e-01 	 6.146749e+07 	
1.30638426e+06 	 2.379417e-01 	 6.034136e+07 	
1.30647006e+06 	 2.039253e-01 	 5.899073e+07 	
1.30655586e+06 	 1.756241e-01 	 5.774802e+07 	
1.30664166e+06 	 1.519724e-01 	 5.660384e+07 	
1.30672747e+06 	 1.321181e-01 	 5.554956e+07 	
1.30681327e+06 	 1.153778e-01 	 5.457725e+07 	
1.30692420e+06 	 9.746822e-02 	 5.342996e+07 	
1.30703513e+06 	 8.291950e-02 	 5.239356e+07 	
1.30714607e+06 	 7.101812e-02 	 5.145555e+07 	
1.30725700e+06 	 6.121609e-02 	 5.060488e+07 	
1.30739392e+06 	 5.139150e-02 	 4.966101e+07 	
1.30753084e+06 	 4.352183e-02 	 4.881951e+07 	
1.30766776e+06 	 3.715995e-02 	 4.806679e+07 	
1.30783903e+06 	 3.082341e-02 	 4.723265e+07 	
1.30801029e+06 	 2.585072e-02 	 4.650024e+07 	
1.30818156e+06 	 2.190107e-02 	 4.585385e+07 	
1.30839741e+06 	 1.800690e-02 	 4.514191e+07 	
1.30861325e+06 	 1.500386e-02 	 4.452516e+07 	
1.30882910e+06 	 1.265290e-02 	 4.398698e+07 	
1.30910449e+06 	 1.034077e-02 	 4.339367e+07 	
1.30937988e+06 	 8.584155e-03 	 4.288535e+07 	
1.30965527e+06 	 7.225192e-03 	 4.244562e+07 	
1.31001490e+06 	 5.875702e-03 	 4.195399e+07 	
1.31037454e+06 	 4.865740e-03 	 4.153668e+07 	
1.31073417e+06 	 4.093472e-03 	 4.117804e+07 	
1.31121213e+06 	 3.322812e-03 	 4.077251e+07 	
1.31169009e+06 	 2.753650e-03 	 4.043012e+07 	
1.31216805e+06 	 2.322736e-03 	 4.013661e+07 	
1.31285823e+06 	 1.865327e-03 	 3.977864e+07 	
1.31354840e+06 	 1.537759e-03 	 3.947946e+07 	
1.31423858e+06 	 1.295664e-03 	 3.922429e+07 	
1.31492876e+06 	 1.111941e-03 	 3.900288e+07 	
1.31588880e+06 	 9.221719e-04 	 3.873761e+07 	
1.31684884e+06 	 7.839334e-04 	 3.850995e+07 	
1.31794727e+06 	 6.673644e-04 	 3.828384e+07 	
1.31904569e+06 	 5.806590e-04 	 3.808539e+07 	
1.32014412e+06 	 5.144117e-04 	 3.790810e+07 	
1.32185510e+06 	 4.385471e-04 	 3.766354e+07 	
1.32356608e+06 	 3.845977e-04 	 3.744746e+07 	
1.32527705e+06 	 3.448440e-04 	 3.725215e+07 	
1.32774065e+06 	 3.036870e-04 	 3.699736e+07 	
1.33020425e+06 	 2.747126e-04 	 3.676500e+07 	
1.33266785e+06 	 2.535059e-04 	 3.654867e+07 	
1.33651501e+06 	 2.301058e-04 	 3.623329e+07 	
1.33878791e+06 	 2.199175e-04 	 3.605629e+07 	
1.34357084e+06 	 2.038953e-04 	 3.569950e+07 	
1.34742181e+06 	 1.944186e-04 	 3.542340e+07 	
1.35359030e+06 	 1.828740e-04 	 3.499526e+07 	
1.35975879e+06 	 1.738963e-04 	 3.457949e+07 	
1.36592728e+06 	 1.663404e-04 	 3.417285e+07 	
1.36907050e+06 	 1.628386e-04 	 3.396855e+07 	
1.38167145e+06 	 1.502324e-04 	 3.316619e+07 	
1.38400000e+06 	 1.480776e-04 	 3.302057e+07 	
1.39200000e+06 	 1.409997e-04 	 3.252620e+07 	
1.40000000e+06 	 1.343206e-04 	 3.204052e+07 	
1.40800000e+06 	 1.279932e-04 	 3.156324e+07 	
1.41600000e+06 	 1.219752e-04 	 3.109406e+07 	
1.42400000e+06 	 1.162485e-04 	 3.063278e+07 	
1.43200000e+06 	 1.107963e-04 	 3.017922e+07 	
1.44000000e+06 	 1.055972e-04 	 2.973316e+07 	
1.44800000e+06 	 1.006417e-04 	 2.929444e+07 	
1.45600000e+06 	 9.591611e-05 	 2.886290e+07 	
1.46400000e+06 	 9.140849e-05 	 2.843837e+07 	
1.47200000e+06 	 8.710794e-05 	 2.802070e+07 	
1.48000000e+06 	 8.300344e-05 	 2.760972e+07 	
1.48800000e+06 	 7.908498e-05 	 2.720530e+07 	
1.49600000e+06 	 7.534376e-05 	 2.680728e+07 	
1.50400000e+06 	 7.177002e-05 	 2.641553e+07 	
1.51200000e+06 	 6.835536e-05 	 2.602992e+07 	
1.52000000e+06 	 6.509127e-05 	 2.565029e+07 	
1.52800000e+06 	 6.197121e-05 	 2.527655e+07 	
1.53600000e+06 	 5.898775e-05 	 2.490856e+07 	
1.54400000e+06 	 5.613390e-05 	 2.454619e+07 	
1.55200000e+06 	 5.340351e-05 	 2.418935e+07 	
1.56000000e+06 	 5.078971e-05 	 2.383790e+07 	
1.56800000e+06 	 4.828677e-05 	 2.349174e+07 	
1.57600000e+06 	 4.588918e-05 	 2.315076e+07 	
1.58400000e+06 	 4.359164e-05 	 2.281487e+07 	
1.60000000e+06 	 3.927663e-05 	 2.215792e+07 	
1.60050050e+06 	 3.914736e-05 	 2.213769e+07 	
1.60100100e+06 	 3.901843e-05 	 2.211747e+07 	
1.60150150e+06 	 3.888982e-05 	 2.209727e+07 	
1.60200200e+06 	 3.876155e-05 	 2.207709e+07 	
1.60250250e+06 	 3.863361e-05 	 2.205692e+07 	
1.60300300e+06 	 3.850599e-05 	 2.203678e+07 	
1.60350350e+06 	 3.837871e-05 	 2.201666e+07 	
1.60400400e+06 	 3.825175e-05 	 2.199655e+07 	
1.60450450e+06 	 3.812512e-05 	 2.197646e+07 	
1.60500501e+06 	 3.799882e-05 	 2.195639e+07 	
1.60550551e+06 	 3.787283e-05 	 2.193634e+07 	
1.60600601e+06 	 3.774717e-05 	 2.191631e+07 	
1.60650651e+06 	 3.762183e-05 	 2.189630e+07 	
1.60700701e+06 	 3.749681e-05 	 2.187630e+07 	
1.60750751e+06 	 3.737210e-05 	 2.185632e+07 	
1.60800801e+06 	 3.724772e-05 	 2.183636e+07 	
1.60850851e+06 	 3.712365e-05 	 2.181642e+07 	
1.60900901e+06 	 3.699990e-05 	 2.179650e+07 	
1.60950951e+06 	 3.687646e-05 	 2.177660e+07 	
1.61001001e+06 	 3.675334e-05 	 2.175671e+07 	
1.61051051e+06 	 3.663053e-05 	 2.173685e+07 	
1.61101101e+06 	 3.650803e-05 	 2.171700e+07 	
1.61151151e+06 	 3.638584e-05 	 2.169717e+07 	
1.61201201e+06 	 3.626397e-05 	 2.167735e+07 	
1.61251251e+06 	 3.614240e-05 	 2.165756e+07 	
1.61301301e+06 	 3.602114e-05 	 2.163779e+07 	
1.61351351e+06 	 3.590018e-05 	 2.161803e+07 	
1.61401401e+06 	 3.577954e-05 	 2.159829e+07 	
1.61451451e+06 	 3.565919e-05 	 2.157857e+07 	
1.61501502e+06 	 3.553915e-05 	 2.155886e+07 	
1.61551552e+06 	 3.541942e-05 	 2.153918e+07 	
1.61601602e+06 	 3.529998e-05 	 2.151951e+07 	
1.61651652e+06 	 3.518085e-05 	 2.149986e+07 	
1.61701702e+06 	 3.506202e-05 	 2.148023e+07 	
1.61751752e+06 	 3.494348e-05 	 2.146062e+07 	
1.61801802e+06 	 3.482524e-05 	 2.144102e+07 	
1.61851852e+06 	 3.470730e-05 	 2.142145e+07 	
1.61901902e+06 	 3.458966e-05 	 2.140189e+07 	
1.61951952e+06 	 3.447231e-05 	 2.138235e+07 	
1.62002002e+06 	 3.435526e-05 	 2.136282e+07 	
1.62052052e+06 	 3.423849e-05 	 2.134332e+07 	
1.62102102e+06 	 3.412202e-05 	 2.132383e+07 	
1.62152152e+06 	 3.400584e-05 	 2.130436e+07 	
1.62202202e+06 	 3.388995e-05 	 2.128491e+07 	
1.62252252e+06 	 3.377435e-05 	 2.126548e+07 	
1.62302302e+06 	 3.365904e-05 	 2.124606e+07 	
1.62352352e+06 	 3.354401e-05 	 2.122666e+07 	
1.62402402e+06 	 3.342927e-05 	 2.120728e+07 	
1.62452452e+06 	 3.331481e-05 	 2.118792e+07 	
1.62502503e+06 	 3.320064e-05 	 2.116857e+07 	
1.62552553e+06 	 3.308675e-05 	 2.114924e+07 	
1.62602603e+06 	 3.297315e-05 	 2.112993e+07 	
1.62652653e+06 	 3.285982e-05 	 2.111064e+07 	
1.62702703e+06 	 3.274677e-05 	 2.109137e+07 	
1.62752753e+06 	 3.263401e-05 	 2.107211e+07 	
1.62802803e+06 	 3.252152e-05 	 2.105287e+07 	
1.62852853e+06 	 3.240930e-05 	 2.103365e+07 	
1.62902903e+06 	 3.229737e-05 	 2.101444e+07 	
1.62952953e+06 	 3.218570e-05 	 2.099526e+07 	
1.63003003e+06 	 3.207431e-05 	 2.097609e+07 	
1.63053053e+06 	 3.196320e-05 	 2.095694e+07 	
1.63103103e+06 	 3.185236e-05 	 2.093780e+07 	
1.63153153e+06 	 3.174178e-05 	 2.091869e+07 	
1.63203203e+06 	 3.163148e-05 	 2.089959e+07 	
1.63253253e+06 	 3.152144e-05 	 2.088050e+07 	
1.63303303e+06 	 3.141168e-05 	 2.086144e+07 	
1.63353353e+06 	 3.130218e-05 	 2.084239e+07 	
1.63403403e+06 	 3.119295e-05 	 2.082336e+07 	
1.63453453e+06 	 3.108398e-05 	 2.080435e+07 	
1.63503504e+06 	 3.097527e-05 	 2.078535e+07 	
1.63553554e+06 	 3.086683e-05 	 2.076637e+07 	
1.63603604e+06 	 3.075866e-05 	 2.074741e+07 	
1.63653654e+06 	 3.065074e-05 	 2.072847e+07 	
1.63703704e+06 	 3.054309e-05 	 2.070954e+07 	
1.63753754e+06 	 3.043569e-05 	 2.069063e+07 	
1.63803804e+06 	 3.032856e-05 	 2.067174e+07 	
1.63853854e+06 	 3.022168e-05 	 2.065287e+07 	
1.63903904e+06 	 3.011506e-05 	 2.063401e+07 	
1.63953954e+06 	 3.000870e-05 	 2.061517e+07 	
1.64004004e+06 	 2.990259e-05 	 2.059635e+07 	
1.64054054e+06 	 2.979674e-05 	 2.057754e+07 	
1.64104104e+06 	 2.969114e-05 	 2.055875e+07 	
1.64154154e+06 	 2.958579e-05 	 2.053998e+07 	
1.64204204e+06 	 2.948069e-05 	 2.052122e+07 	
1.64254254e+06 	 2.937584e-05 	 2.050249e+07 	
1.64304304e+06 	 2.927125e-05 	 2.048376e+07 	
1.64354354e+06 	 2.916690e-05 	 2.046506e+07 	
1.64404404e+06 	 2.906280e-05 	 2.044637e+07 	
1.64454454e+06 	 2.895895e-05 	 2.042770e+07 	
1.64504505e+06 	 2.885534e-05 	 2.040905e+07 	
1.64554555e+06 	 2.875198e-05 	 2.039041e+07 	
1.64604605e+06 	 2.864886e-05 	 2.037180e+07 	
1.64654655e+06 	 2.854598e-05 	 2.035319e+07 	
1.64704705e+06 	 2.844334e-05 	 2.033461e+07 	
1.64754755e+06 	 2.834095e-05 	 2.031604e+07 	
1.64804805e+06 	 2.823880e-05 	 2.029749e+07 	
1.64854855e+06 	 2.813688e-05 	 2.027895e+07 	
1.64904905e+06 	 2.803521e-05 	 2.026043e+07 	
1.64954955e+06 	 2.793521e-05 	 2.024191e+07 	
1.65005005e+06 	 2.783407e-05 	 2.022342e+07 	
1.65055055e+06 	 2.773317e-05 	 2.020496e+07 	
1.65105105e+06 	 2.763251e-05 	 2.018650e+07 	
1.65155155e+06 	 2.753208e-05 	 2.016807e+07 	
1.65205205e+06 	 2.743189e-05 	 2.014965e+07 	
1.65255255e+06 	 2.733194e-05 	 2.013125e+07 	
1.65305305e+06 	 2.723221e-05 	 2.011286e+07 	
1.65355355e+06 	 2.713272e-05 	 2.009449e+07 	
1.65405405e+06 	 2.703347e-05 	 2.007614e+07 	
1.65455455e+06 	 2.693444e-05 	 2.005781e+07 	
1.65505506e+06 	 2.683565e-05 	 2.003949e+07 	
1.65555556e+06 	 2.673709e-05 	 2.002118e+07 	
1.65605606e+06 	 2.663875e-05 	 2.000290e+07 	
1.65655656e+06 	 2.654064e-05 	 1.998463e+07 	
1.65705706e+06 	 2.644277e-05 	 1.996637e+07 	
1.65755756e+06 	 2.634375e-05 	 1.994816e+07 	
1.65805806e+06 	 2.624627e-05 	 1.992994e+07 	
1.65855856e+06 	 2.614901e-05 	 1.991174e+07 	
1.65905906e+06 	 2.605197e-05 	 1.989355e+07 	
1.65955956e+06 	 2.595515e-05 	 1.987538e+07 	
1.66006006e+06 	 2.585856e-05 	 1.985723e+07 	
1.66056056e+06 	 2.576218e-05 	 1.983909e+07 	
1.66106106e+06 	 2.566603e-05 	 1.982097e+07 	
1.66156156e+06 	 2.557009e-05 	 1.980287e+07 	
1.66206206e+06 	 2.547436e-05 	 1.978478e+07 	
1.66256256e+06 	 2.537886e-05 	 1.976671e+07 	
1.66306306e+06 	 2.528356e-05 	 1.974865e+07 	
1.66356356e+06 	 2.518849e-05 	 1.973061e+07 	
1.66406406e+06 	 2.509362e-05 	 1.971259e+07 	
1.66456456e+06 	 2.499897e-05 	 1.969459e+07 	
1.66506507e+06 	 2.490578e-05 	 1.967658e+07 	
1.66556557e+06 	 2.481160e-05 	 1.965860e+07 	
1.66606607e+06 	 2.471764e-05 	 1.964064e+07 	
1.66656657e+06 	 2.462388e-05 	 1.962270e+07 	
1.66706707e+06 	 2.453034e-05 	 1.960477e+07 	
1.66756757e+06 	 2.443700e-05 	 1.958687e+07 	
1.66806807e+06 	 2.434387e-05 	 1.956897e+07 	
1.66856857e+06 	 2.425095e-05 	 1.955109e+07 	
1.66906907e+06 	 2.415824e-05 	 1.953323e+07 	
1.66956957e+06 	 2.406574e-05 	 1.951539e+07 	
1.67007007e+06 	 2.397343e-05 	 1.949756e+07 	
1.67057057e+06 	 2.388134e-05 	 1.947975e+07 	
1.67107107e+06 	 2.378945e-05 	 1.946195e+07 	
1.67157157e+06 	 2.369776e-05 	 1.944417e+07 	
1.67207207e+06 	 2.360627e-05 	 1.942640e+07 	
1.67257257e+06 	 2.351498e-05 	 1.940866e+07 	
1.67307307e+06 	 2.342509e-05 	 1.939090e+07 	
1.67357357e+06 	 2.333425e-05 	 1.937318e+07 	
1.67407407e+06 	 2.324362e-05 	 1.935548e+07 	
1.67457457e+06 	 2.315318e-05 	 1.933780e+07 	
1.67507508e+06 	 2.306295e-05 	 1.932013e+07 	
1.67557558e+06 	 2.297291e-05 	 1.930247e+07 	
1.67607608e+06 	 2.288307e-05 	 1.928483e+07 	
1.67657658e+06 	 2.279343e-05 	 1.926721e+07 	
1.67707708e+06 	 2.270399e-05 	 1.924961e+07 	
1.67757758e+06 	 2.261474e-05 	 1.923202e+07 	
1.67807808e+06 	 2.252569e-05 	 1.921444e+07 	
1.67857858e+06 	 2.243683e-05 	 1.919688e+07 	
1.67907908e+06 	 2.234816e-05 	 1.917934e+07 	
1.67957958e+06 	 2.225969e-05 	 1.916181e+07 	
1.68008008e+06 	 2.217141e-05 	 1.914430e+07 	
1.68058058e+06 	 2.208333e-05 	 1.912680e+07 	
1.68108108e+06 	 2.199430e-05 	 1.910935e+07 	
1.68158158e+06 	 2.190655e-05 	 1.909188e+07 	
1.68208208e+06 	 2.181899e-05 	 1.907443e+07 	
1.68258258e+06 	 2.173161e-05 	 1.905700e+07 	
1.68308308e+06 	 2.164443e-05 	 1.903959e+07 	
1.68358358e+06 	 2.155742e-05 	 1.902219e+07 	
1.68408408e+06 	 2.147061e-05 	 1.900480e+07 	
1.68458458e+06 	 2.138398e-05 	 1.898743e+07 	
1.68508509e+06 	 2.129753e-05 	 1.897008e+07 	
1.68558559e+06 	 2.121127e-05 	 1.895274e+07 	
1.68608609e+06 	 2.112519e-05 	 1.893542e+07 	
1.68658659e+06 	 2.103929e-05 	 1.891811e+07 	
1.68708709e+06 	 2.095357e-05 	 1.890082e+07 	
1.68758759e+06 	 2.086803e-05 	 1.888354e+07 	
1.68808809e+06 	 2.078267e-05 	 1.886629e+07 	
1.68858859e+06 	 2.069750e-05 	 1.884904e+07 	
1.68908909e+06 	 2.061142e-05 	 1.883183e+07 	
1.68958959e+06 	 2.052656e-05 	 1.881462e+07 	
1.69009009e+06 	 2.044187e-05 	 1.879742e+07 	
1.69059059e+06 	 2.035735e-05 	 1.878024e+07 	
1.69109109e+06 	 2.027301e-05 	 1.876308e+07 	
1.69159159e+06 	 2.018885e-05 	 1.874593e+07 	
1.69209209e+06 	 2.010485e-05 	 1.872879e+07 	
1.69259259e+06 	 2.002103e-05 	 1.871167e+07 	
1.69309309e+06 	 1.993738e-05 	 1.869457e+07 	
1.69359359e+06 	 1.985390e-05 	 1.867748e+07 	
1.69409409e+06 	 1.977059e-05 	 1.866041e+07 	
1.69459459e+06 	 1.968745e-05 	 1.864335e+07 	
1.69509510e+06 	 1.960447e-05 	 1.862631e+07 	
1.69559560e+06 	 1.952167e-05 	 1.860928e+07 	
1.69609610e+06 	 1.943903e-05 	 1.859227e+07 	
1.69659660e+06 	 1.935558e-05 	 1.857530e+07 	
1.69709710e+06 	 1.927324e-05 	 1.855832e+07 	
1.69759760e+06 	 1.919106e-05 	 1.854135e+07 	
1.69809810e+06 	 1.910904e-05 	 1.852441e+07 	
1.69859860e+06 	 1.902718e-05 	 1.850747e+07 	
1.69909910e+06 	 1.894549e-05 	 1.849056e+07 	
1.69959960e+06 	 1.886395e-05 	 1.847365e+07 	
1.70010010e+06 	 1.878258e-05 	 1.845677e+07 	
1.70060060e+06 	 1.870136e-05 	 1.843990e+07 	
1.70110110e+06 	 1.862030e-05 	 1.842304e+07 	
1.70160160e+06 	 1.853940e-05 	 1.840620e+07 	
1.70210210e+06 	 1.845866e-05 	 1.838937e+07 	
1.70260260e+06 	 1.837807e-05 	 1.837256e+07 	
1.70310310e+06 	 1.829764e-05 	 1.835577e+07 	
1.70360360e+06 	 1.821736e-05 	 1.833899e+07 	
1.70410410e+06 	 1.813723e-05 	 1.832223e+07 	
1.70460460e+06 	 1.805635e-05 	 1.830550e+07 	
1.70510511e+06 	 1.797649e-05 	 1.828877e+07 	
1.70560561e+06 	 1.789678e-05 	 1.827205e+07 	
1.70610611e+06 	 1.781723e-05 	 1.825535e+07 	
1.70660661e+06 	 1.773782e-05 	 1.823866e+07 	
1.70710711e+06 	 1.765856e-05 	 1.822199e+07 	
1.70760761e+06 	 1.757945e-05 	 1.820533e+07 	
1.70810811e+06 	 1.750048e-05 	 1.818869e+07 	
1.70860861e+06 	 1.742166e-05 	 1.817207e+07 	
1.70910911e+06 	 1.734299e-05 	 1.815546e+07 	
1.70960961e+06 	 1.726445e-05 	 1.813886e+07 	
1.71011011e+06 	 1.718606e-05 	 1.812229e+07 	
1.71061061e+06 	 1.710782e-05 	 1.810572e+07 	
1.71111111e+06 	 1.702971e-05 	 1.808917e+07 	
1.71161161e+06 	 1.695175e-05 	 1.807264e+07 	
1.71211211e+06 	 1.687392e-05 	 1.805612e+07 	
1.71261261e+06 	 1.679709e-05 	 1.803960e+07 	
1.71311311e+06 	 1.671958e-05 	 1.802311e+07 	
1.71361361e+06 	 1.664220e-05 	 1.800664e+07 	
1.71411411e+06 	 1.656497e-05 	 1.799018e+07 	
1.71461461e+06 	 1.648787e-05 	 1.797374e+07 	
1.71511512e+06 	 1.641090e-05 	 1.795731e+07 	
1.71561562e+06 	 1.633407e-05 	 1.794090e+07 	
1.71611612e+06 	 1.625738e-05 	 1.792450e+07 	
1.71661662e+06 	 1.618082e-05 	 1.790812e+07 	
1.71711712e+06 	 1.610439e-05 	 1.789176e+07 	
1.71761762e+06 	 1.602810e-05 	 1.787541e+07 	
1.71811812e+06 	 1.595193e-05 	 1.785907e+07 	
1.71861862e+06 	 1.587590e-05 	 1.784275e+07 	
1.71911912e+06 	 1.580000e-05 	 1.782645e+07 	
1.71961962e+06 	 1.572423e-05 	 1.781016e+07 	
1.72012012e+06 	 1.564858e-05 	 1.779388e+07 	
1.72062062e+06 	 1.557226e-05 	 1.777764e+07 	
1.72112112e+06 	 1.549684e-05 	 1.776140e+07 	
1.72162162e+06 	 1.542155e-05 	 1.774517e+07 	
1.72212212e+06 	 1.534637e-05 	 1.772896e+07 	
1.72262262e+06 	 1.527132e-05 	 1.771276e+07 	
1.72312312e+06 	 1.519640e-05 	 1.769658e+07 	
1.72362362e+06 	 1.512159e-05 	 1.768042e+07 	
1.72412412e+06 	 1.504691e-05 	 1.766427e+07 	
1.72462462e+06 	 1.497234e-05 	 1.764813e+07 	
1.72512513e+06 	 1.489790e-05 	 1.763201e+07 	
1.72562563e+06 	 1.482357e-05 	 1.761591e+07 	
1.72612613e+06 	 1.474936e-05 	 1.759982e+07 	
1.72662663e+06 	 1.467526e-05 	 1.758374e+07 	
1.72712713e+06 	 1.460128e-05 	 1.756768e+07 	
1.72762763e+06 	 1.452742e-05 	 1.755164e+07 	
1.72812813e+06 	 1.445367e-05 	 1.753561e+07 	
1.72862863e+06 	 1.438077e-05 	 1.751958e+07 	
1.72912913e+06 	 1.430727e-05 	 1.750358e+07 	
1.72962963e+06 	 1.423389e-05 	 1.748760e+07 	
1.73013013e+06 	 1.416061e-05 	 1.747164e+07 	
1.73063063e+06 	 1.408745e-05 	 1.745568e+07 	
1.73113113e+06 	 1.401440e-05 	 1.743975e+07 	
1.73163163e+06 	 1.394145e-05 	 1.742383e+07 	
1.73213213e+06 	 1.386861e-05 	 1.740792e+07 	
1.73263263e+06 	 1.379588e-05 	 1.739203e+07 	
1.73313313e+06 	 1.372325e-05 	 1.737616e+07 	
1.73363363e+06 	 1.365073e-05 	 1.736030e+07 	
1.73413413e+06 	 1.357832e-05 	 1.734446e+07 	
1.73463463e+06 	 1.350600e-05 	 1.732863e+07 	
1.73513514e+06 	 1.343379e-05 	 1.731282e+07 	
1.73563564e+06 	 1.336168e-05 	 1.729703e+07 	
1.73613614e+06 	 1.328967e-05 	 1.728125e+07 	
1.73663664e+06 	 1.321845e-05 	 1.726546e+07 	
1.73713714e+06 	 1.314667e-05 	 1.724971e+07 	
1.73763764e+06 	 1.307498e-05 	 1.723398e+07 	
1.73813814e+06 	 1.300340e-05 	 1.721826e+07 	
1.73863864e+06 	 1.293191e-05 	 1.720256e+07 	
1.73913914e+06 	 1.286051e-05 	 1.718687e+07 	
1.73963964e+06 	 1.278921e-05 	 1.717120e+07 	
1.74014014e+06 	 1.271801e-05 	 1.715555e+07 	
1.74064064e+06 	 1.264689e-05 	 1.713991e+07 	
1.74114114e+06 	 1.257587e-05 	 1.712429e+07 	
1.74164164e+06 	 1.250495e-05 	 1.710868e+07 	
1.74214214e+06 	 1.243411e-05 	 1.709309e+07 	
1.74264264e+06 	 1.236336e-05 	 1.707751e+07 	
1.74314314e+06 	 1.229270e-05 	 1.706196e+07 	
1.74364364e+06 	 1.222213e-05 	 1.704641e+07 	
1.74414414e+06 	 1.215225e-05 	 1.703087e+07 	
1.74464464e+06 	 1.208188e-05 	 1.701535e+07 	
1.74514515e+06 	 1.201159e-05 	 1.699986e+07 	
1.74564565e+06 	 1.194138e-05 	 1.698438e+07 	
1.74614615e+06 	 1.187126e-05 	 1.696892e+07 	
1.74664665e+06 	 1.180122e-05 	 1.695347e+07 	
1.74714715e+06 	 1.173126e-05 	 1.693804e+07 	
1.74764765e+06 	 1.166139e-05 	 1.692263e+07 	
1.74814815e+06 	 1.159159e-05 	 1.690723e+07 	
1.74864865e+06 	 1.152188e-05 	 1.689185e+07 	
1.74914915e+06 	 1.145224e-05 	 1.687648e+07 	
1.74964965e+06 	 1.138268e-05 	 1.686113e+07 	
1.75015015e+06 	 1.131319e-05 	 1.684580e+07 	
1.75065065e+06 	 1.124379e-05 	 1.683049e+07 	
1.75115115e+06 	 1.117445e-05 	 1.681519e+07 	
1.75165165e+06 	 1.110519e-05 	 1.679990e+07 	
1.75215215e+06 	 1.103656e-05 	 1.678462e+07 	
1.75265265e+06 	 1.096747e-05 	 1.676937e+07 	
1.75315315e+06 	 1.089844e-05 	 1.675414e+07 	
1.75365365e+06 	 1.082949e-05 	 1.673892e+07 	
1.75415415e+06 	 1.076061e-05 	 1.672372e+07 	
1.75465465e+06 	 1.069179e-05 	 1.670854e+07 	
1.75515516e+06 	 1.062304e-05 	 1.669338e+07 	
1.75565566e+06 	 1.055436e-05 	 1.667823e+07 	
1.75615616e+06 	 1.048575e-05 	 1.666310e+07 	
1.75665666e+06 	 1.041720e-05 	 1.664799e+07 	
1.75715716e+06 	 1.034871e-05 	 1.663289e+07 	
1.75765766e+06 	 1.028029e-05 	 1.661782e+07 	
1.75815816e+06 	 1.021193e-05 	 1.660276e+07 	
1.75865866e+06 	 1.014363e-05 	 1.658771e+07 	
1.75915916e+06 	 1.007539e-05 	 1.657269e+07 	
1.75965966e+06 	 1.000721e-05 	 1.655768e+07 	
1.76016016e+06 	 9.938583e-06 	 1.654271e+07 	
1.76066066e+06 	 9.870500e-06 	 1.652774e+07 	
1.76116116e+06 	 9.802473e-06 	 1.651279e+07 	
1.76166166e+06 	 9.734501e-06 	 1.649786e+07 	
1.76216216e+06 	 9.666583e-06 	 1.648294e+07 	
1.76266266e+06 	 9.598718e-06 	 1.646804e+07 	
1.76316316e+06 	 9.530906e-06 	 1.645316e+07 	
1.76366366e+06 	 9.463144e-06 	 1.643830e+07 	
1.76416416e+06 	 9.395433e-06 	 1.642346e+07 	
1.76466466e+06 	 9.327772e-06 	 1.640864e+07 	
1.76516517e+06 	 9.260159e-06 	 1.639384e+07 	
1.76566567e+06 	 9.192594e-06 	 1.637905e+07 	
1.76616617e+06 	 9.125076e-06 	 1.636428e+07 	
1.76666667e+06 	 9.057604e-06 	 1.634954e+07 	
1.76716717e+06 	 8.990176e-06 	 1.633481e+07 	
1.76766767e+06 	 8.922793e-06 	 1.632010e+07 	
1.76816817e+06 	 8.855908e-06 	 1.630540e+07 	
1.76866867e+06 	 8.788628e-06 	 1.629073e+07 	
1.76916917e+06 	 8.721390e-06 	 1.627608e+07 	
1.76966967e+06 	 8.654194e-06 	 1.626145e+07 	
1.77017017e+06 	 8.587039e-06 	 1.624684e+07 	
1.77067067e+06 	 8.519923e-06 	 1.623225e+07 	
1.77117117e+06 	 8.452848e-06 	 1.621768e+07 	
1.77167167e+06 	 8.385810e-06 	 1.620313e+07 	
1.77217217e+06 	 8.318811e-06 	 1.618861e+07 	
1.77267267e+06 	 8.251849e-06 	 1.617410e+07 	
1.77317317e+06 	 8.184924e-06 	 1.615962e+07 	
1.77367367e+06 	 8.118035e-06 	 1.614515e+07 	
1.77417417e+06 	 8.051181e-06 	 1.613071e+07 	
1.77467467e+06 	 7.984362e-06 	 1.611629e+07 	
1.77517518e+06 	 7.917578e-06 	 1.610189e+07 	
1.77567568e+06 	 7.850827e-06 	 1.608752e+07 	
1.77617618e+06 	 7.784512e-06 	 1.607314e+07 	
1.77667668e+06 	 7.717842e-06 	 1.605881e+07 	
1.77717718e+06 	 7.651205e-06 	 1.604450e+07 	
1.77767768e+06 	 7.584601e-06 	 1.603021e+07 	
1.77817818e+06 	 7.518029e-06 	 1.601595e+07 	
1.77867868e+06 	 7.451489e-06 	 1.600171e+07 	
1.77917918e+06 	 7.384980e-06 	 1.598749e+07 	
1.77967968e+06 	 7.318503e-06 	 1.597330e+07 	
1.78018018e+06 	 7.252058e-06 	 1.595913e+07 	
1.78068068e+06 	 7.185644e-06 	 1.594498e+07 	
1.78118118e+06 	 7.119261e-06 	 1.593086e+07 	
1.78168168e+06 	 7.052909e-06 	 1.591677e+07 	
1.78218218e+06 	 6.986589e-06 	 1.590270e+07 	
1.78268268e+06 	 6.920300e-06 	 1.588865e+07 	
1.78318318e+06 	 6.854043e-06 	 1.587463e+07 	
1.78368368e+06 	 6.787477e-06 	 1.586066e+07 	
1.78418418e+06 	 6.721272e-06 	 1.584669e+07 	
1.78468468e+06 	 6.655099e-06 	 1.583275e+07 	
1.78518519e+06 	 6.588958e-06 	 1.581883e+07 	
1.78568569e+06 	 6.522851e-06 	 1.580495e+07 	
1.78618619e+06 	 6.456778e-06 	 1.579109e+07 	
1.78668669e+06 	 6.390738e-06 	 1.577726e+07 	
1.78718719e+06 	 6.324734e-06 	 1.576345e+07 	
1.78768769e+06 	 6.258766e-06 	 1.574968e+07 	
1.78818819e+06 	 6.192835e-06 	 1.573593e+07 	
1.78868869e+06 	 6.126942e-06 	 1.572221e+07 	
1.78918919e+06 	 6.061088e-06 	 1.570853e+07 	
1.78968969e+06 	 5.995274e-06 	 1.569487e+07 	
1.79019019e+06 	 5.929502e-06 	 1.568124e+07 	
1.79069069e+06 	 5.863773e-06 	 1.566764e+07 	
1.79119119e+06 	 5.798088e-06 	 1.565408e+07 	
1.79169169e+06 	 5.732159e-06 	 1.564056e+07 	
1.79219219e+06 	 5.666560e-06 	 1.562706e+07 	
1.79269269e+06 	 5.601010e-06 	 1.561359e+07 	
1.79319319e+06 	 5.535513e-06 	 1.560016e+07 	
1.79369369e+06 	 5.470069e-06 	 1.558675e+07 	
1.79419419e+06 	 5.404682e-06 	 1.557339e+07 	
1.79469469e+06 	 5.339354e-06 	 1.556005e+07 	
1.79519520e+06 	 5.274088e-06 	 1.554675e+07 	
1.79569570e+06 	 5.208886e-06 	 1.553349e+07 	
1.79619620e+06 	 5.143751e-06 	 1.552026e+07 	
1.79669670e+06 	 5.078686e-06 	 1.550706e+07 	
1.79719720e+06 	 5.013696e-06 	 1.549391e+07 	
1.79769770e+06 	 4.948782e-06 	 1.548079e+07 	
1.79819820e+06 	 4.883950e-06 	 1.546771e+07 	
1.79869870e+06 	 4.819202e-06 	 1.545467e+07 	
1.79919920e+06 	 4.754542e-06 	 1.544166e+07 	
1.79969970e+06 	 4.689733e-06 	 1.542872e+07 	
1.80020020e+06 	 4.625257e-06 	 1.541580e+07 	
1.80070070e+06 	 4.560881e-06 	 1.540292e+07 	
1.80120120e+06 	 4.496613e-06 	 1.539008e+07 	
1.80170170e+06 	 4.432455e-06 	 1.537728e+07 	
1.80220220e+06 	 4.368415e-06 	 1.536452e+07 	
1.80270270e+06 	 4.304496e-06 	 1.535181e+07 	
1.80320320e+06 	 4.240706e-06 	 1.533914e+07 	
1.80370370e+06 	 4.177049e-06 	 1.532652e+07 	
1.80420420e+06 	 4.113532e-06 	 1.531395e+07 	
1.80470470e+06 	 4.050161e-06 	 1.530141e+07 	
1.80520521e+06 	 3.986943e-06 	 1.528893e+07 	
1.80570571e+06 	 3.923885e-06 	 1.527649e+07 	
1.80620621e+06 	 3.860994e-06 	 1.526411e+07 	
1.80670671e+06 	 3.798276e-06 	 1.525177e+07 	
1.80720721e+06 	 3.735930e-06 	 1.523946e+07 	
1.80770771e+06 	 3.673589e-06 	 1.522722e+07 	
1.80820821e+06 	 3.611447e-06 	 1.521503e+07 	
1.80870871e+06 	 3.549511e-06 	 1.520290e+07 	
1.80920921e+06 	 3.487789e-06 	 1.519081e+07 	
1.80970971e+06 	 3.426292e-06 	 1.517879e+07 	
1.81021021e+06 	 3.365027e-06 	 1.516681e+07 	
1.81071071e+06 	 3.304005e-06 	 1.515490e+07 	
1.81121121e+06 	 3.243235e-06 	 1.514303e+07 	
1.81171171e+06 	 3.182727e-06 	 1.513123e+07 	
1.81221221e+06 	 3.122491e-06 	 1.511948e+07 	
1.81271271e+06 	 3.062538e-06 	 1.510780e+07 	
1.81321321e+06 	 3.002878e-06 	 1.509617e+07 	
1.81371371e+06 	 2.943522e-06 	 1.508460e+07 	
1.81421421e+06 	 2.884482e-06 	 1.507310e+07 	
1.81471471e+06 	 2.825769e-06 	 1.506166e+07 	
1.81521522e+06 	 2.767250e-06 	 1.505030e+07 	
1.81571572e+06 	 2.709222e-06 	 1.503899e+07 	
1.81621622e+06 	 2.651555e-06 	 1.502774e+07 	
1.81671672e+06 	 2.594264e-06 	 1.501656e+07 	
1.81721722e+06 	 2.537360e-06 	 1.500545e+07 	
1.81771772e+06 	 2.480855e-06 	 1.499441e+07 	
1.81821822e+06 	 2.424762e-06 	 1.498343e+07 	
1.81871872e+06 	 2.369095e-06 	 1.497253e+07 	
1.81921922e+06 	 2.313867e-06 	 1.496170e+07 	
1.81971972e+06 	 2.259090e-06 	 1.495094e+07 	
1.82022022e+06 	 2.204779e-06 	 1.494025e+07 	
1.82072072e+06 	 2.150945e-06 	 1.492964e+07 	
1.82122122e+06 	 2.097604e-06 	 1.491910e+07 	
1.82172172e+06 	 2.044769e-06 	 1.490864e+07 	
1.82222222e+06 	 1.992452e-06 	 1.489826e+07 	
1.82272272e+06 	 1.940569e-06 	 1.488797e+07 	
1.82322322e+06 	 1.889330e-06 	 1.487775e+07 	
1.82372372e+06 	 1.838651e-06 	 1.486760e+07 	
1.82422422e+06 	 1.788545e-06 	 1.485754e+07 	
1.82472472e+06 	 1.739026e-06 	 1.484756e+07 	
1.82522523e+06 	 1.690107e-06 	 1.483766e+07 	
1.82572573e+06 	 1.641802e-06 	 1.482785e+07 	
1.82622623e+06 	 1.594123e-06 	 1.481812e+07 	
1.82672673e+06 	 1.547083e-06 	 1.480848e+07 	
1.82722723e+06 	 1.500696e-06 	 1.479892e+07 	
1.82772773e+06 	 1.454972e-06 	 1.478945e+07 	
1.82822823e+06 	 1.409925e-06 	 1.478007e+07 	
1.82872873e+06 	 1.365566e-06 	 1.477078e+07 	
1.82922923e+06 	 1.321906e-06 	 1.476158e+07 	
1.82972973e+06 	 1.278957e-06 	 1.475247e+07 	
1.83023023e+06 	 1.236793e-06 	 1.474343e+07 	
1.83073073e+06 	 1.195298e-06 	 1.473451e+07 	
1.83123123e+06 	 1.154543e-06 	 1.472567e+07 	
1.83173173e+06 	 1.114540e-06 	 1.471694e+07 	
1.83223223e+06 	 1.075295e-06 	 1.470829e+07 	
1.83273273e+06 	 1.036817e-06 	 1.469974e+07 	
1.83323323e+06 	 9.991151e-07 	 1.469129e+07 	
1.83373373e+06 	 9.621946e-07 	 1.468293e+07 	
1.83423423e+06 	 9.260623e-07 	 1.467467e+07 	
1.83473473e+06 	 8.907240e-07 	 1.466651e+07 	
1.83523524e+06 	 8.561846e-07 	 1.465845e+07 	
1.83573574e+06 	 8.224484e-07 	 1.465048e+07 	
1.83623624e+06 	 7.895189e-07 	 1.464261e+07 	
1.83673674e+06 	 7.573989e-07 	 1.463485e+07 	
1.83723724e+06 	 7.260536e-07 	 1.462720e+07 	
1.83773774e+06 	 6.955578e-07 	 1.461963e+07 	
1.83823824e+06 	 6.658751e-07 	 1.461217e+07 	
1.83873874e+06 	 6.370053e-07 	 1.460480e+07 	
1.83923924e+06 	 6.089473e-07 	 1.459753e+07 	
1.83973974e+06 	 5.816989e-07 	 1.459037e+07 	
1.84024024e+06 	 5.552574e-07 	 1.458330e+07 	
1.84074074e+06 	 5.296191e-07 	 1.457634e+07 	
1.84124124e+06 	 5.047795e-07 	 1.456947e+07 	
1.84174174e+06 	 4.807333e-07 	 1.456271e+07 	
1.84224224e+06 	 4.574745e-07 	 1.455605e+07 	
1.84274274e+06 	 4.349961e-07 	 1.454949e+07 	
1.84324324e+06 	 4.132903e-07 	 1.454302e+07 	
1.84374374e+06 	 3.923488e-07 	 1.453666e+07 	
1.84424424e+06 	 3.721429e-07 	 1.453042e+07 	
1.84474474e+06 	 3.527015e-07 	 1.452426e+07 	
1.84524525e+06 	 3.339945e-07 	 1.451819e+07 	
1.84574575e+06 	 3.160105e-07 	 1.451223e+07 	
1.84624625e+06 	 2.987377e-07 	 1.450636e+07 	
1.84674675e+06 	 2.821632e-07 	 1.450058e+07 	
1.84724725e+06 	 2.662741e-07 	 1.449491e+07 	
1.84774775e+06 	 2.510564e-07 	 1.448933e+07 	
1.84824825e+06 	 2.364959e-07 	 1.448384e+07 	
1.84874875e+06 	 2.225780e-07 	 1.447845e+07 	
1.84924925e+06 	 2.092873e-07 	 1.447315e+07 	
1.84974975e+06 	 1.966083e-07 	 1.446795e+07 	
1.85025025e+06 	 1.845348e-07 	 1.446281e+07 	
1.85075075e+06 	 1.730312e-07 	 1.445778e+07 	
1.85125125e+06 	 1.620906e-07 	 1.445284e+07 	
1.85175175e+06 	 1.516963e-07 	 1.444800e+07 	
1.85225225e+06 	 1.418315e-07 	 1.444323e+07 	
1.85275275e+06 	 1.324790e-07 	 1.443856e+07 	
1.85325325e+06 	 1.236217e-07 	 1.443397e+07 	
1.85375375e+06 	 1.152425e-07 	 1.442946e+07 	
1.85425425e+06 	 1.073241e-07 	 1.442504e+07 	
1.85475475e+06 	 9.984948e-08 	 1.442070e+07 	
1.85525526e+06 	 9.280631e-08 	 1.441640e+07 	
1.85575576e+06 	 8.616797e-08 	 1.441221e+07 	
1.85625626e+06 	 7.992249e-08 	 1.440810e+07 	
1.85675676e+06 	 7.405323e-08 	 1.440407e+07 	
1.85725726e+06 	 6.854380e-08 	 1.440010e+07 	
1.85775776e+06 	 6.337804e-08 	 1.439622e+07 	
1.85825826e+06 	 5.854006e-08 	 1.439240e+07 	
1.85875876e+06 	 5.401431e-08 	 1.438865e+07 	
1.85925926e+06 	 4.978294e-08 	 1.438501e+07 	
1.85975976e+06 	 4.583624e-08 	 1.438140e+07 	
1.86026026e+06 	 4.215716e-08 	 1.437786e+07 	
1.86076076e+06 	 3.873157e-08 	 1.437438e+07 	
1.86126126e+06 	 3.554579e-08 	 1.437096e+07 	
1.86176176e+06 	 3.258655e-08 	 1.436761e+07 	
1.86226226e+06 	 2.984256e-08 	 1.436426e+07 	
1.86276276e+06 	 2.729842e-08 	 1.436102e+07 	
1.86326326e+06 	 2.494368e-08 	 1.435784e+07 	
1.86376376e+06 	 2.276688e-08 	 1.435471e+07 	
1.86426426e+06 	 2.075699e-08 	 1.435163e+07 	
1.86476476e+06 	 1.890449e-08 	 1.434854e+07 	
1.86526527e+06 	 1.719732e-08 	 1.434556e+07 	
1.86576577e+06 	 1.562682e-08 	 1.434263e+07 	
1.86626627e+06 	 1.418380e-08 	 1.433975e+07 	
1.86676677e+06 	 1.286030e-08 	 1.433681e+07 	
1.86726727e+06 	 1.164661e-08 	 1.433400e+07 	
1.86776777e+06 	 1.053556e-08 	 1.433123e+07 	
1.86826827e+06 	 9.520326e-09 	 1.432836e+07 	
1.86876877e+06 	 8.592818e-09 	 1.432561e+07 	
1.86926927e+06 	 7.746483e-09 	 1.432301e+07 	
1.86976977e+06 	 6.975914e-09 	 1.432033e+07 	
1.87027027e+06 	 6.274518e-09 	 1.431783e+07 	
1.87077077e+06 	 5.637475e-09 	 1.431524e+07 	
1.87127127e+06 	 5.059178e-09 	 1.431277e+07 	
1.87177177e+06 	 4.535129e-09 	 1.431026e+07 	
1.87227227e+06 	 4.060832e-09 	 1.430768e+07 	
1.87277277e+06 	 3.631966e-09 	 1.430512e+07 	
1.87327327e+06 	 3.244498e-09 	 1.430284e+07 	
1.87377377e+06 	 2.895180e-09 	 1.430039e+07 	
1.87427427e+06 	 2.580462e-09 	 1.429806e+07 	
1.87477477e+06 	 2.297354e-09 	 1.429570e+07 	
1.87527528e+06 	 2.042995e-09 	 1.429327e+07 	
1.87577578e+06 	 1.814734e-09 	 1.429082e+07 	
1.87627628e+06 	 1.610061e-09 	 1.428868e+07 	
1.87677678e+06 	 1.426863e-09 	 1.428646e+07 	
1.87727728e+06 	 1.263104e-09 	 1.428403e+07 	
1.87777778e+06 	 1.116858e-09 	 1.428165e+07 	
1.87827828e+06 	 9.863845e-10 	 1.427954e+07 	
1.87877878e+06 	 8.701474e-10 	 1.427758e+07 	
1.87927928e+06 	 7.667936e-10 	 1.427497e+07 	
1.87977978e+06 	 6.749297e-10 	 1.427259e+07 	
1.88028028e+06 	 5.933803e-10 	 1.427050e+07 	
1.88078078e+06 	 5.211103e-10 	 1.426803e+07 	
1.88128128e+06 	 4.571025e-10 	 1.426606e+07 	
1.88178178e+06 	 4.005150e-10 	 1.426376e+07 	
1.88228228e+06 	 3.505308e-10 	 1.426164e+07 	
1.88278278e+06 	 3.064411e-10 	 1.425940e+07 	
1.88328328e+06 	 2.675929e-10 	 1.425724e+07 	
1.88378378e+06 	 2.334077e-10 	 1.425502e+07 	
1.88428428e+06 	 2.033593e-10 	 1.425287e+07 	
1.88478478e+06 	 1.769808e-10 	 1.425067e+07 	
1.88528529e+06 	 1.538506e-10 	 1.424851e+07 	
1.88578579e+06 	 1.335937e-10 	 1.424633e+07 	
1.88628629e+06 	 1.158741e-10 	 1.424416e+07 	
1.88678679e+06 	 1.003925e-10 	 1.424198e+07 	
2.14447170e+06 	 1.000000e-20 	 1.324779e+07 	
2.43734952e+06 	 1.000000e-20 	 1.233819e+07 	
2.77022667e+06 	 1.000000e-20 	 1.150276e+07 	
3.14856599e+06 	 1.000000e-20 	 1.073306e+07 	
3.57857640e+06 	 1.000000e-20 	 1.002208e+07 	
4.06731479e+06 	 1.000000e-20 	 9.363919e+06 	
4.62280186e+06 	 1.000000e-20 	 8.753536e+06 	
5.25415370e+06 	 1.000000e-20 	 8.186590e+06 	
5.97173141e+06 	 1.000000e-20 	 7.659298e+06 	
6.78731116e+06 	 1.000000e-20 	 7.168336e+06 	
7.71427742e+06 	 1.000000e-20 	 6.710758e+06 	
8.76784263e+06 	 1.000000e-20 	 6.283942e+06 	
9.96529684e+06 	 1.000000e-20 	 5.885535e+06 	
1.13262915e+07 	 1.000000e-20 	 5.513415e+06 	
1.28731618e+07 	 1.000000e-20 	 5.165661e+06 	
1.46312934e+07 	 1.000000e-20 	 4.840526e+06 	
1.66295391e+07 	 1.000000e-20 	 4.536417e+06 	
1.89006921e+07 	 1.000000e-20 	 4.251872e+06 	
2.14820241e+07 	 1.000000e-20 	 3.985551e+06 	
2.44158975e+07 	 1.000000e-20 	 3.736220e+06 	
2.77504600e+07 	 1.000000e-20 	 3.502740e+06 	
3.15404351e+07 	 1.000000e-20 	 3.284059e+06 	
3.58480200e+07 	 1.000000e-20 	 3.079201e+06 	
4.07439065e+07 	 1.000000e-20 	 2.887263e+06 	
4.63084409e+07 	 1.000000e-20 	 2.707405e+06 	
5.26329428e+07 	 1.000000e-20 	 2.538846e+06 	
5.98212036e+07 	 1.000000e-20 	 2.380859e+06 	
6.79911896e+07 	 1.000000e-20 	 2.232769e+06 	
7.72769785e+07 	 1.000000e-20 	 2.093942e+06 	
8.78309594e+07 	 1.000000e-20 	 1.963792e+06 	
9.98263334e+07 	 1.000000e-20 	 1.841767e+06 	
1.13459957e+08 	 1.000000e-20 	 1.727354e+06 	
1.28955570e+08 	 1.000000e-20 	 1.620073e+06 	
1.46567473e+08 	 1.000000e-20 	 1.519475e+06 	
1.66584693e+08 	 1.000000e-20 	 1.425141e+06 	
1.89335734e+08 	 1.000000e-20 	 1.336677e+06 	
2.15193961e+08 	 1.000000e-20 	 1.253716e+06 	
2.44583735e+08 	 1.000000e-20 	 1.175912e+06 	
2.77987371e+08 	 1.000000e-20 	 1.102945e+06 	
3.15953056e+08 	 1.000000e-20 	 1.034513e+06 	
3.59103843e+08 	 1.000000e-20 	 9.703308e+05 	
4.08147881e+08 	 1.000000e-20 	 9.101353e+05 	
4.63890031e+08 	 1.000000e-20 	 8.536776e+05 	
5.27245077e+08 	 1.000000e-20 	 8.007251e+05 	
5.99252737e+08 	 1.000000e-20 	 7.510596e+05 	
6.81094730e+08 	 1.000000e-20 	 7.044767e+05 	
7.74114163e+08 	 1.000000e-20 	 6.607846e+05 	
8.79837578e+08 	 1.000000e-20 	 6.198037e+05 	
1.00000000e+09 	 1.000000e-20 	 5.813655e+05 	
