r (cm)        	 rho (g/cm3) 	 T (K)       		 Linf = 3.343544e+38
1.30005013e+06 	 1.082553e+05 	 1.202908e+09 	
1.30006188e+06 	 1.068183e+05 	 1.198826e+09 	
1.30018970e+06 	 9.218608e+04 	 1.154753e+09 	
1.30031752e+06 	 7.925693e+04 	 1.111258e+09 	
1.30044533e+06 	 6.787297e+04 	 1.068363e+09 	
1.30054957e+06 	 5.963043e+04 	 1.033841e+09 	
1.30065380e+06 	 5.224184e+04 	 9.997447e+08 	
1.30075803e+06 	 4.563628e+04 	 9.660868e+08 	
1.30086226e+06 	 3.974696e+04 	 9.328805e+08 	
1.30096650e+06 	 3.451116e+04 	 9.001392e+08 	
1.30106941e+06 	 2.992507e+04 	 8.682805e+08 	
1.30117233e+06 	 2.586584e+04 	 8.369026e+08 	
1.30127525e+06 	 2.228402e+04 	 8.060197e+08 	
1.30136044e+06 	 1.964758e+04 	 7.808433e+08 	
1.30144562e+06 	 1.728216e+04 	 7.560241e+08 	
1.30153080e+06 	 1.516481e+04 	 7.315706e+08 	
1.30161598e+06 	 1.327404e+04 	 7.074913e+08 	
1.30170117e+06 	 1.158974e+04 	 6.837949e+08 	
1.30178611e+06 	 1.009714e+04 	 6.605554e+08 	
1.30187105e+06 	 8.773839e+03 	 6.377140e+08 	
1.30195599e+06 	 7.603744e+03 	 6.152794e+08 	
1.30202609e+06 	 6.742919e+03 	 5.970788e+08 	
1.30209618e+06 	 5.968408e+03 	 5.791661e+08 	
1.30216628e+06 	 5.272897e+03 	 5.615462e+08 	
1.30223637e+06 	 4.649549e+03 	 5.442239e+08 	
1.30230647e+06 	 4.091991e+03 	 5.272039e+08 	
1.30237656e+06 	 3.594290e+03 	 5.104911e+08 	
1.30244724e+06 	 3.147456e+03 	 4.939546e+08 	
1.30251792e+06 	 2.750645e+03 	 4.777398e+08 	
1.30258860e+06 	 2.399017e+03 	 4.618511e+08 	
1.30264727e+06 	 2.138258e+03 	 4.489135e+08 	
1.30270593e+06 	 1.903183e+03 	 4.362059e+08 	
1.30276460e+06 	 1.691589e+03 	 4.237308e+08 	
1.30282326e+06 	 1.501427e+03 	 4.114903e+08 	
1.30288193e+06 	 1.330792e+03 	 3.994865e+08 	
1.30294060e+06 	 1.177921e+03 	 3.877214e+08 	
1.30299926e+06 	 1.041181e+03 	 3.761968e+08 	
1.30306009e+06 	 9.148309e+02 	 3.645040e+08 	
1.30312091e+06 	 8.026532e+02 	 3.530733e+08 	
1.30317147e+06 	 7.191721e+02 	 3.437726e+08 	
1.30322203e+06 	 6.437486e+02 	 3.346548e+08 	
1.30327259e+06 	 5.756855e+02 	 3.257206e+08 	
1.30332315e+06 	 5.143366e+02 	 3.169707e+08 	
1.30337371e+06 	 4.591042e+02 	 3.084054e+08 	
1.30342427e+06 	 4.094362e+02 	 3.000252e+08 	
1.30347483e+06 	 3.648235e+02 	 2.918303e+08 	
1.30352539e+06 	 3.247972e+02 	 2.838207e+08 	
1.30357595e+06 	 2.889262e+02 	 2.759965e+08 	
1.30362944e+06 	 2.550567e+02 	 2.679192e+08 	
1.30367376e+06 	 2.298827e+02 	 2.613855e+08 	
1.30371807e+06 	 2.070788e+02 	 2.549935e+08 	
1.30376238e+06 	 1.864386e+02 	 2.487428e+08 	
1.30380669e+06 	 1.677716e+02 	 2.426330e+08 	
1.30385101e+06 	 1.509022e+02 	 2.366636e+08 	
1.30389532e+06 	 1.356690e+02 	 2.308339e+08 	
1.30393963e+06 	 1.219232e+02 	 2.251432e+08 	
1.30398394e+06 	 1.095285e+02 	 2.195907e+08 	
1.30402826e+06 	 9.835980e+01 	 2.141756e+08 	
1.30407257e+06 	 8.830251e+01 	 2.088967e+08 	
1.30411688e+06 	 7.925180e+01 	 2.037531e+08 	
1.30416119e+06 	 7.111188e+01 	 1.987437e+08 	
1.30420551e+06 	 6.379534e+01 	 1.938671e+08 	
1.30424982e+06 	 5.722251e+01 	 1.891220e+08 	
1.30429413e+06 	 5.132083e+01 	 1.845072e+08 	
1.30433745e+06 	 4.613688e+01 	 1.801202e+08 	
1.30438077e+06 	 4.147521e+01 	 1.758547e+08 	
1.30442409e+06 	 3.728485e+01 	 1.717092e+08 	
1.30446741e+06 	 3.351950e+01 	 1.676821e+08 	
1.30451073e+06 	 3.013714e+01 	 1.637717e+08 	
1.30455405e+06 	 2.709970e+01 	 1.599763e+08 	
1.30459736e+06 	 2.437266e+01 	 1.562942e+08 	
1.30464068e+06 	 2.192483e+01 	 1.527234e+08 	
1.30468400e+06 	 1.972800e+01 	 1.492622e+08 	
1.30472732e+06 	 1.775667e+01 	 1.459085e+08 	
1.30477064e+06 	 1.598786e+01 	 1.426604e+08 	
1.30481396e+06 	 1.440085e+01 	 1.395158e+08 	
1.30485728e+06 	 1.297696e+01 	 1.364727e+08 	
1.30490060e+06 	 1.169938e+01 	 1.335290e+08 	
1.30494392e+06 	 1.055298e+01 	 1.306825e+08 	
1.30498724e+06 	 9.524182e+00 	 1.279311e+08 	
1.30503055e+06 	 8.600769e+00 	 1.252726e+08 	
1.30507387e+06 	 7.771782e+00 	 1.227048e+08 	
1.30512457e+06 	 6.908312e+00 	 1.198116e+08 	
1.30517528e+06 	 6.146744e+00 	 1.170360e+08 	
1.30522598e+06 	 5.474748e+00 	 1.143745e+08 	
1.30527668e+06 	 4.881480e+00 	 1.118234e+08 	
1.30532738e+06 	 4.357414e+00 	 1.093792e+08 	
1.30537808e+06 	 3.894183e+00 	 1.070382e+08 	
1.30542878e+06 	 3.484439e+00 	 1.047971e+08 	
1.30547948e+06 	 3.121734e+00 	 1.026522e+08 	
1.30553018e+06 	 2.800409e+00 	 1.006000e+08 	
1.30558089e+06 	 2.515500e+00 	 9.863714e+07 	
1.30563159e+06 	 2.262651e+00 	 9.676022e+07 	
1.30568229e+06 	 2.038041e+00 	 9.496592e+07 	
1.30573299e+06 	 1.838319e+00 	 9.325095e+07 	
1.30578369e+06 	 1.660542e+00 	 9.161212e+07 	
1.30583439e+06 	 1.502130e+00 	 9.004630e+07 	
1.30589331e+06 	 1.339389e+00 	 8.831442e+07 	
1.30595223e+06 	 1.196659e+00 	 8.667236e+07 	
1.30601114e+06 	 1.071280e+00 	 8.511560e+07 	
1.30607006e+06 	 9.609645e-01 	 8.363980e+07 	
1.30612898e+06 	 8.637416e-01 	 8.224078e+07 	
1.30618789e+06 	 7.779130e-01 	 8.091449e+07 	
1.30624681e+06 	 7.020137e-01 	 7.965707e+07 	
1.30630573e+06 	 6.347790e-01 	 7.846483e+07 	
1.30638709e+06 	 5.541815e-01 	 7.691912e+07 	
1.30646844e+06 	 4.856142e-01 	 7.548214e+07 	
1.30654980e+06 	 4.270851e-01 	 7.414566e+07 	
1.30663116e+06 	 3.769564e-01 	 7.290201e+07 	
1.30671251e+06 	 3.338785e-01 	 7.174406e+07 	
1.30679387e+06 	 2.967362e-01 	 7.066518e+07 	
1.30687523e+06 	 2.646061e-01 	 6.965925e+07 	
1.30697170e+06 	 2.319533e-01 	 6.855314e+07 	
1.30706818e+06 	 2.042274e-01 	 6.753303e+07 	
1.30716466e+06 	 1.805809e-01 	 6.659108e+07 	
1.30726113e+06 	 1.603265e-01 	 6.572018e+07 	
1.30735761e+06 	 1.429045e-01 	 6.491390e+07 	
1.30749370e+06 	 1.222775e-01 	 6.387533e+07 	
1.30762979e+06 	 1.053717e-01 	 6.293941e+07 	
1.30776588e+06 	 9.141121e-02 	 6.209365e+07 	
1.30790197e+06 	 7.979987e-02 	 6.132722e+07 	
1.30805162e+06 	 6.919546e-02 	 6.056478e+07 	
1.30820128e+06 	 6.040207e-02 	 5.987621e+07 	
1.30835094e+06 	 5.305607e-02 	 5.925231e+07 	
1.30856120e+06 	 4.465335e-02 	 5.847013e+07 	
1.30877146e+06 	 3.797734e-02 	 5.778193e+07 	
1.30898172e+06 	 3.260951e-02 	 5.717288e+07 	
1.30925639e+06 	 2.707361e-02 	 5.647669e+07 	
1.30953106e+06 	 2.277768e-02 	 5.587360e+07 	
1.30980573e+06 	 1.939197e-02 	 5.534682e+07 	
1.31017159e+06 	 1.590834e-02 	 5.474131e+07 	
1.31053746e+06 	 1.326675e-02 	 5.422412e+07 	
1.31090332e+06 	 1.122417e-02 	 5.377739e+07 	
1.31139755e+06 	 9.134615e-03 	 5.326229e+07 	
1.31189179e+06 	 7.581988e-03 	 5.282677e+07 	
1.31238602e+06 	 6.400636e-03 	 5.245316e+07 	
1.31309818e+06 	 5.142876e-03 	 5.199838e+07 	
1.31381035e+06 	 4.237463e-03 	 5.161851e+07 	
1.31452251e+06 	 3.565600e-03 	 5.129497e+07 	
1.31533915e+06 	 2.989506e-03 	 5.097673e+07 	
1.31615579e+06 	 2.556089e-03 	 5.070185e+07 	
1.31697242e+06 	 2.222083e-03 	 5.046059e+07 	
1.31819277e+06 	 1.849748e-03 	 5.014802e+07 	
1.31941311e+06 	 1.579762e-03 	 4.987885e+07 	
1.32063346e+06 	 1.377767e-03 	 4.964216e+07 	
1.32242085e+06 	 1.162603e-03 	 4.933893e+07 	
1.32351120e+06 	 1.063707e-03 	 4.917332e+07 	
1.32568168e+06 	 9.150901e-04 	 4.887609e+07 	
1.32748091e+06 	 8.254478e-04 	 4.865466e+07 	
1.33029569e+06 	 7.240184e-04 	 4.834082e+07 	
1.33260614e+06 	 6.641365e-04 	 4.810508e+07 	
1.33629044e+06 	 5.958464e-04 	 4.775786e+07 	
1.33997474e+06 	 5.486522e-04 	 4.743559e+07 	
1.34365903e+06 	 5.144710e-04 	 4.713071e+07 	
1.34931418e+06 	 4.773100e-04 	 4.668602e+07 	
1.35387391e+06 	 4.555678e-04 	 4.634190e+07 	
1.36233080e+06 	 4.258905e-04 	 4.572656e+07 	
1.36484646e+06 	 4.187183e-04 	 4.554787e+07 	
1.37561907e+06 	 3.927414e-04 	 4.479954e+07 	
1.38145989e+06 	 3.806837e-04 	 4.440335e+07 	
1.39760428e+06 	 3.512239e-04 	 4.333695e+07 	
1.40333333e+06 	 3.416716e-04 	 4.296771e+07 	
1.41000000e+06 	 3.310238e-04 	 4.254376e+07 	
1.42000000e+06 	 3.157959e-04 	 4.191881e+07 	
1.43000000e+06 	 3.014037e-04 	 4.130668e+07 	
1.44000000e+06 	 2.877765e-04 	 4.070696e+07 	
1.45000000e+06 	 2.748384e-04 	 4.011921e+07 	
1.46000000e+06 	 2.625393e-04 	 3.954307e+07 	
1.47000000e+06 	 2.508640e-04 	 3.897827e+07 	
1.48000000e+06 	 2.397550e-04 	 3.842443e+07 	
1.49000000e+06 	 2.291990e-04 	 3.788129e+07 	
1.50000000e+06 	 2.191543e-04 	 3.734854e+07 	
1.51000000e+06 	 2.095937e-04 	 3.682588e+07 	
1.52000000e+06 	 2.004905e-04 	 3.631306e+07 	
1.53000000e+06 	 1.918215e-04 	 3.580980e+07 	
1.54000000e+06 	 1.835634e-04 	 3.531585e+07 	
1.55000000e+06 	 1.756945e-04 	 3.483098e+07 	
1.56000000e+06 	 1.681941e-04 	 3.435493e+07 	
1.57000000e+06 	 1.610418e-04 	 3.388749e+07 	
1.58000000e+06 	 1.542222e-04 	 3.342844e+07 	
1.59000000e+06 	 1.477148e-04 	 3.297755e+07 	
1.60000000e+06 	 1.415066e-04 	 3.253463e+07 	
1.61000000e+06 	 1.355800e-04 	 3.209947e+07 	
1.62000000e+06 	 1.299210e-04 	 3.167188e+07 	
1.63000000e+06 	 1.245161e-04 	 3.125168e+07 	
1.64000000e+06 	 1.193528e-04 	 3.083867e+07 	
1.65000000e+06 	 1.144188e-04 	 3.043270e+07 	
1.66000000e+06 	 1.097025e-04 	 3.003359e+07 	
1.67000000e+06 	 1.051938e-04 	 2.964117e+07 	
1.68000000e+06 	 1.008819e-04 	 2.925529e+07 	
1.69000000e+06 	 9.675723e-05 	 2.887578e+07 	
1.70000000e+06 	 9.281079e-05 	 2.850252e+07 	
1.71000000e+06 	 8.903390e-05 	 2.813534e+07 	
1.72000000e+06 	 8.541864e-05 	 2.777411e+07 	
1.73000000e+06 	 8.195687e-05 	 2.741870e+07 	
1.74000000e+06 	 7.864119e-05 	 2.706896e+07 	
1.75000000e+06 	 7.546513e-05 	 2.672478e+07 	
1.76000000e+06 	 7.242176e-05 	 2.638603e+07 	
1.77000000e+06 	 6.950483e-05 	 2.605258e+07 	
1.78000000e+06 	 6.670832e-05 	 2.572433e+07 	
1.79000000e+06 	 6.402703e-05 	 2.540115e+07 	
1.80000000e+06 	 6.145534e-05 	 2.508295e+07 	
1.81000000e+06 	 5.898815e-05 	 2.476960e+07 	
1.82000000e+06 	 5.662061e-05 	 2.446101e+07 	
1.83000000e+06 	 5.434821e-05 	 2.415708e+07 	
1.84000000e+06 	 5.216663e-05 	 2.385770e+07 	
1.85000000e+06 	 5.007170e-05 	 2.356278e+07 	
1.86000000e+06 	 4.805945e-05 	 2.327224e+07 	
1.87000000e+06 	 4.612619e-05 	 2.298597e+07 	
1.88000000e+06 	 4.426838e-05 	 2.270389e+07 	
1.89000000e+06 	 4.248258e-05 	 2.242592e+07 	
1.90000000e+06 	 4.076554e-05 	 2.215198e+07 	
1.91000000e+06 	 3.911426e-05 	 2.188197e+07 	
1.92000000e+06 	 3.752575e-05 	 2.161583e+07 	
1.93000000e+06 	 3.599726e-05 	 2.135348e+07 	
1.94000000e+06 	 3.452606e-05 	 2.109484e+07 	
1.95000000e+06 	 3.310961e-05 	 2.083984e+07 	
1.96000000e+06 	 3.174553e-05 	 2.058841e+07 	
1.97000000e+06 	 3.043146e-05 	 2.034048e+07 	
1.98000000e+06 	 2.916517e-05 	 2.009599e+07 	
2.00000000e+06 	 2.676766e-05 	 1.961706e+07 	
2.00050050e+06 	 2.670986e-05 	 1.960525e+07 	
2.00100100e+06 	 2.665217e-05 	 1.959344e+07 	
2.00150150e+06 	 2.659459e-05 	 1.958164e+07 	
2.00200200e+06 	 2.653711e-05 	 1.956985e+07 	
2.00250250e+06 	 2.647973e-05 	 1.955806e+07 	
2.00300300e+06 	 2.642246e-05 	 1.954629e+07 	
2.00350350e+06 	 2.636528e-05 	 1.953452e+07 	
2.00400400e+06 	 2.630822e-05 	 1.952276e+07 	
2.00450450e+06 	 2.625125e-05 	 1.951101e+07 	
2.00500501e+06 	 2.619439e-05 	 1.949926e+07 	
2.00550551e+06 	 2.613763e-05 	 1.948753e+07 	
2.00600601e+06 	 2.608097e-05 	 1.947580e+07 	
2.00650651e+06 	 2.602441e-05 	 1.946408e+07 	
2.00700701e+06 	 2.596795e-05 	 1.945237e+07 	
2.00750751e+06 	 2.591160e-05 	 1.944067e+07 	
2.00800801e+06 	 2.585534e-05 	 1.942897e+07 	
2.00850851e+06 	 2.579919e-05 	 1.941728e+07 	
2.00900901e+06 	 2.574314e-05 	 1.940560e+07 	
2.00950951e+06 	 2.568718e-05 	 1.939393e+07 	
2.01001001e+06 	 2.563133e-05 	 1.938227e+07 	
2.01051051e+06 	 2.557558e-05 	 1.937061e+07 	
2.01101101e+06 	 2.551992e-05 	 1.935896e+07 	
2.01151151e+06 	 2.546437e-05 	 1.934733e+07 	
2.01201201e+06 	 2.540891e-05 	 1.933569e+07 	
2.01251251e+06 	 2.535356e-05 	 1.932407e+07 	
2.01301301e+06 	 2.529830e-05 	 1.931245e+07 	
2.01351351e+06 	 2.524314e-05 	 1.930085e+07 	
2.01401401e+06 	 2.518808e-05 	 1.928925e+07 	
2.01451451e+06 	 2.513312e-05 	 1.927766e+07 	
2.01501502e+06 	 2.507825e-05 	 1.926607e+07 	
2.01551552e+06 	 2.502348e-05 	 1.925450e+07 	
2.01601602e+06 	 2.496881e-05 	 1.924293e+07 	
2.01651652e+06 	 2.491424e-05 	 1.923137e+07 	
2.01701702e+06 	 2.485976e-05 	 1.921981e+07 	
2.01751752e+06 	 2.480538e-05 	 1.920827e+07 	
2.01801802e+06 	 2.475110e-05 	 1.919673e+07 	
2.01851852e+06 	 2.469691e-05 	 1.918520e+07 	
2.01901902e+06 	 2.464282e-05 	 1.917368e+07 	
2.01951952e+06 	 2.458883e-05 	 1.916217e+07 	
2.02002002e+06 	 2.453493e-05 	 1.915067e+07 	
2.02052052e+06 	 2.448113e-05 	 1.913917e+07 	
2.02102102e+06 	 2.442742e-05 	 1.912768e+07 	
2.02152152e+06 	 2.437380e-05 	 1.911620e+07 	
2.02202202e+06 	 2.432029e-05 	 1.910472e+07 	
2.02252252e+06 	 2.426686e-05 	 1.909326e+07 	
2.02302302e+06 	 2.421353e-05 	 1.908180e+07 	
2.02352352e+06 	 2.416030e-05 	 1.907035e+07 	
2.02402402e+06 	 2.410715e-05 	 1.905891e+07 	
2.02452452e+06 	 2.405411e-05 	 1.904747e+07 	
2.02502503e+06 	 2.400115e-05 	 1.903604e+07 	
2.02552553e+06 	 2.394829e-05 	 1.902462e+07 	
2.02602603e+06 	 2.389552e-05 	 1.901321e+07 	
2.02652653e+06 	 2.384285e-05 	 1.900181e+07 	
2.02702703e+06 	 2.379026e-05 	 1.899041e+07 	
2.02752753e+06 	 2.373777e-05 	 1.897903e+07 	
2.02802803e+06 	 2.368538e-05 	 1.896764e+07 	
2.02852853e+06 	 2.363307e-05 	 1.895627e+07 	
2.02902903e+06 	 2.358086e-05 	 1.894491e+07 	
2.02952953e+06 	 2.352873e-05 	 1.893355e+07 	
2.03003003e+06 	 2.347670e-05 	 1.892220e+07 	
2.03053053e+06 	 2.342476e-05 	 1.891086e+07 	
2.03103103e+06 	 2.337291e-05 	 1.889952e+07 	
2.03153153e+06 	 2.332115e-05 	 1.888820e+07 	
2.03203203e+06 	 2.326948e-05 	 1.887688e+07 	
2.03253253e+06 	 2.321791e-05 	 1.886557e+07 	
2.03303303e+06 	 2.316642e-05 	 1.885426e+07 	
2.03353353e+06 	 2.311502e-05 	 1.884297e+07 	
2.03403403e+06 	 2.306371e-05 	 1.883168e+07 	
2.03453453e+06 	 2.301249e-05 	 1.882040e+07 	
2.03503504e+06 	 2.296136e-05 	 1.880913e+07 	
2.03553554e+06 	 2.291032e-05 	 1.879786e+07 	
2.03603604e+06 	 2.285937e-05 	 1.878660e+07 	
2.03653654e+06 	 2.280850e-05 	 1.877535e+07 	
2.03703704e+06 	 2.275773e-05 	 1.876411e+07 	
2.03753754e+06 	 2.270704e-05 	 1.875288e+07 	
2.03803804e+06 	 2.265644e-05 	 1.874165e+07 	
2.03853854e+06 	 2.260593e-05 	 1.873043e+07 	
2.03903904e+06 	 2.255551e-05 	 1.871922e+07 	
2.03953954e+06 	 2.250517e-05 	 1.870801e+07 	
2.04004004e+06 	 2.245492e-05 	 1.869682e+07 	
2.04054054e+06 	 2.240476e-05 	 1.868563e+07 	
2.04104104e+06 	 2.235468e-05 	 1.867444e+07 	
2.04154154e+06 	 2.230469e-05 	 1.866327e+07 	
2.04204204e+06 	 2.225479e-05 	 1.865210e+07 	
2.04254254e+06 	 2.220497e-05 	 1.864094e+07 	
2.04304304e+06 	 2.215524e-05 	 1.862979e+07 	
2.04354354e+06 	 2.210560e-05 	 1.861865e+07 	
2.04404404e+06 	 2.205604e-05 	 1.860751e+07 	
2.04454454e+06 	 2.200656e-05 	 1.859638e+07 	
2.04504505e+06 	 2.195717e-05 	 1.858526e+07 	
2.04554555e+06 	 2.190787e-05 	 1.857415e+07 	
2.04604605e+06 	 2.185865e-05 	 1.856304e+07 	
2.04654655e+06 	 2.180952e-05 	 1.855194e+07 	
2.04704705e+06 	 2.176047e-05 	 1.854085e+07 	
2.04754755e+06 	 2.171150e-05 	 1.852976e+07 	
2.04804805e+06 	 2.166262e-05 	 1.851869e+07 	
2.04854855e+06 	 2.161382e-05 	 1.850762e+07 	
2.04904905e+06 	 2.156511e-05 	 1.849656e+07 	
2.04954955e+06 	 2.151647e-05 	 1.848550e+07 	
2.05005005e+06 	 2.146793e-05 	 1.847446e+07 	
2.05055055e+06 	 2.141946e-05 	 1.846342e+07 	
2.05105105e+06 	 2.137108e-05 	 1.845238e+07 	
2.05155155e+06 	 2.132278e-05 	 1.844136e+07 	
2.05205205e+06 	 2.127456e-05 	 1.843034e+07 	
2.05255255e+06 	 2.122643e-05 	 1.841933e+07 	
2.05305305e+06 	 2.117838e-05 	 1.840833e+07 	
2.05355355e+06 	 2.113041e-05 	 1.839734e+07 	
2.05405405e+06 	 2.108252e-05 	 1.838635e+07 	
2.05455455e+06 	 2.103471e-05 	 1.837537e+07 	
2.05505506e+06 	 2.098699e-05 	 1.836439e+07 	
2.05555556e+06 	 2.093934e-05 	 1.835343e+07 	
2.05605606e+06 	 2.089178e-05 	 1.834247e+07 	
2.05655656e+06 	 2.084430e-05 	 1.833152e+07 	
2.05705706e+06 	 2.079689e-05 	 1.832058e+07 	
2.05755756e+06 	 2.074957e-05 	 1.830964e+07 	
2.05805806e+06 	 2.070233e-05 	 1.829871e+07 	
2.05855856e+06 	 2.065517e-05 	 1.828779e+07 	
2.05905906e+06 	 2.060809e-05 	 1.827688e+07 	
2.05955956e+06 	 2.056108e-05 	 1.826597e+07 	
2.06006006e+06 	 2.051416e-05 	 1.825507e+07 	
2.06056056e+06 	 2.046732e-05 	 1.824418e+07 	
2.06106106e+06 	 2.042055e-05 	 1.823329e+07 	
2.06156156e+06 	 2.037387e-05 	 1.822242e+07 	
2.06206206e+06 	 2.032726e-05 	 1.821155e+07 	
2.06256256e+06 	 2.028073e-05 	 1.820068e+07 	
2.06306306e+06 	 2.023428e-05 	 1.818983e+07 	
2.06356356e+06 	 2.018791e-05 	 1.817898e+07 	
2.06406406e+06 	 2.014162e-05 	 1.816814e+07 	
2.06456456e+06 	 2.009540e-05 	 1.815730e+07 	
2.06506507e+06 	 2.004926e-05 	 1.814648e+07 	
2.06556557e+06 	 2.000320e-05 	 1.813566e+07 	
2.06606607e+06 	 1.995721e-05 	 1.812485e+07 	
2.06656657e+06 	 1.991131e-05 	 1.811404e+07 	
2.06706707e+06 	 1.986548e-05 	 1.810324e+07 	
2.06756757e+06 	 1.981972e-05 	 1.809245e+07 	
2.06806807e+06 	 1.977404e-05 	 1.808167e+07 	
2.06856857e+06 	 1.972844e-05 	 1.807089e+07 	
2.06906907e+06 	 1.968292e-05 	 1.806012e+07 	
2.06956957e+06 	 1.963747e-05 	 1.804936e+07 	
2.07007007e+06 	 1.959209e-05 	 1.803861e+07 	
2.07057057e+06 	 1.954679e-05 	 1.802786e+07 	
2.07107107e+06 	 1.950157e-05 	 1.801712e+07 	
2.07157157e+06 	 1.945642e-05 	 1.800639e+07 	
2.07207207e+06 	 1.941135e-05 	 1.799566e+07 	
2.07257257e+06 	 1.936635e-05 	 1.798494e+07 	
2.07307307e+06 	 1.932143e-05 	 1.797423e+07 	
2.07357357e+06 	 1.927658e-05 	 1.796353e+07 	
2.07407407e+06 	 1.923180e-05 	 1.795283e+07 	
2.07457457e+06 	 1.918710e-05 	 1.794214e+07 	
2.07507508e+06 	 1.914247e-05 	 1.793146e+07 	
2.07557558e+06 	 1.909792e-05 	 1.792078e+07 	
2.07607608e+06 	 1.905344e-05 	 1.791011e+07 	
2.07657658e+06 	 1.900903e-05 	 1.789945e+07 	
2.07707708e+06 	 1.896470e-05 	 1.788880e+07 	
2.07757758e+06 	 1.892044e-05 	 1.787815e+07 	
2.07807808e+06 	 1.887625e-05 	 1.786751e+07 	
2.07857858e+06 	 1.883214e-05 	 1.785688e+07 	
2.07907908e+06 	 1.878905e-05 	 1.784623e+07 	
2.07957958e+06 	 1.874510e-05 	 1.783561e+07 	
2.08008008e+06 	 1.870123e-05 	 1.782500e+07 	
2.08058058e+06 	 1.865743e-05 	 1.781439e+07 	
2.08108108e+06 	 1.861370e-05 	 1.780380e+07 	
2.08158158e+06 	 1.857005e-05 	 1.779320e+07 	
2.08208208e+06 	 1.852647e-05 	 1.778262e+07 	
2.08258258e+06 	 1.848296e-05 	 1.777204e+07 	
2.08308308e+06 	 1.843952e-05 	 1.776147e+07 	
2.08358358e+06 	 1.839615e-05 	 1.775091e+07 	
2.08408408e+06 	 1.835285e-05 	 1.774035e+07 	
2.08458458e+06 	 1.830963e-05 	 1.772980e+07 	
2.08508509e+06 	 1.826647e-05 	 1.771926e+07 	
2.08558559e+06 	 1.822339e-05 	 1.770873e+07 	
2.08608609e+06 	 1.818038e-05 	 1.769820e+07 	
2.08658659e+06 	 1.813744e-05 	 1.768768e+07 	
2.08708709e+06 	 1.809457e-05 	 1.767716e+07 	
2.08758759e+06 	 1.805177e-05 	 1.766666e+07 	
2.08808809e+06 	 1.800904e-05 	 1.765616e+07 	
2.08858859e+06 	 1.796638e-05 	 1.764566e+07 	
2.08908909e+06 	 1.792379e-05 	 1.763518e+07 	
2.08958959e+06 	 1.788127e-05 	 1.762470e+07 	
2.09009009e+06 	 1.783882e-05 	 1.761422e+07 	
2.09059059e+06 	 1.779643e-05 	 1.760376e+07 	
2.09109109e+06 	 1.775412e-05 	 1.759330e+07 	
2.09159159e+06 	 1.771098e-05 	 1.758287e+07 	
2.09209209e+06 	 1.766878e-05 	 1.757242e+07 	
2.09259259e+06 	 1.762665e-05 	 1.756199e+07 	
2.09309309e+06 	 1.758459e-05 	 1.755156e+07 	
2.09359359e+06 	 1.754260e-05 	 1.754113e+07 	
2.09409409e+06 	 1.750068e-05 	 1.753071e+07 	
2.09459459e+06 	 1.745882e-05 	 1.752031e+07 	
2.09509510e+06 	 1.741703e-05 	 1.750990e+07 	
2.09559560e+06 	 1.737531e-05 	 1.749951e+07 	
2.09609610e+06 	 1.733365e-05 	 1.748912e+07 	
2.09659660e+06 	 1.729206e-05 	 1.747874e+07 	
2.09709710e+06 	 1.725054e-05 	 1.746836e+07 	
2.09759760e+06 	 1.720909e-05 	 1.745799e+07 	
2.09809810e+06 	 1.716770e-05 	 1.744763e+07 	
2.09859860e+06 	 1.712638e-05 	 1.743728e+07 	
2.09909910e+06 	 1.708512e-05 	 1.742693e+07 	
2.09959960e+06 	 1.704393e-05 	 1.741659e+07 	
2.10010010e+06 	 1.700281e-05 	 1.740625e+07 	
2.10060060e+06 	 1.696175e-05 	 1.739592e+07 	
2.10110110e+06 	 1.692076e-05 	 1.738560e+07 	
2.10160160e+06 	 1.687983e-05 	 1.737529e+07 	
2.10210210e+06 	 1.683897e-05 	 1.736498e+07 	
2.10260260e+06 	 1.679817e-05 	 1.735468e+07 	
2.10310310e+06 	 1.675744e-05 	 1.734439e+07 	
2.10360360e+06 	 1.671678e-05 	 1.733410e+07 	
2.10410410e+06 	 1.667532e-05 	 1.732384e+07 	
2.10460460e+06 	 1.663476e-05 	 1.731357e+07 	
2.10510511e+06 	 1.659426e-05 	 1.730331e+07 	
2.10560561e+06 	 1.655383e-05 	 1.729305e+07 	
2.10610611e+06 	 1.651346e-05 	 1.728280e+07 	
2.10660661e+06 	 1.647316e-05 	 1.727255e+07 	
2.10710711e+06 	 1.643292e-05 	 1.726231e+07 	
2.10760761e+06 	 1.639274e-05 	 1.725208e+07 	
2.10810811e+06 	 1.635262e-05 	 1.724186e+07 	
2.10860861e+06 	 1.631257e-05 	 1.723164e+07 	
2.10910911e+06 	 1.627258e-05 	 1.722143e+07 	
2.10960961e+06 	 1.623265e-05 	 1.721122e+07 	
2.11011011e+06 	 1.619278e-05 	 1.720102e+07 	
2.11061061e+06 	 1.615298e-05 	 1.719083e+07 	
2.11111111e+06 	 1.611323e-05 	 1.718065e+07 	
2.11161161e+06 	 1.607355e-05 	 1.717047e+07 	
2.11211211e+06 	 1.603393e-05 	 1.716030e+07 	
2.11261261e+06 	 1.599437e-05 	 1.715014e+07 	
2.11311311e+06 	 1.595488e-05 	 1.713998e+07 	
2.11361361e+06 	 1.591544e-05 	 1.712983e+07 	
2.11411411e+06 	 1.587607e-05 	 1.711968e+07 	
2.11461461e+06 	 1.583675e-05 	 1.710955e+07 	
2.11511512e+06 	 1.579750e-05 	 1.709942e+07 	
2.11561562e+06 	 1.575830e-05 	 1.708929e+07 	
2.11611612e+06 	 1.571917e-05 	 1.707917e+07 	
2.11661662e+06 	 1.568090e-05 	 1.706904e+07 	
2.11711712e+06 	 1.564191e-05 	 1.705894e+07 	
2.11761762e+06 	 1.560297e-05 	 1.704884e+07 	
2.11811812e+06 	 1.556410e-05 	 1.703875e+07 	
2.11861862e+06 	 1.552529e-05 	 1.702867e+07 	
2.11911912e+06 	 1.548653e-05 	 1.701859e+07 	
2.11961962e+06 	 1.544784e-05 	 1.700852e+07 	
2.12012012e+06 	 1.540921e-05 	 1.699845e+07 	
2.12062062e+06 	 1.537063e-05 	 1.698840e+07 	
2.12112112e+06 	 1.533211e-05 	 1.697835e+07 	
2.12162162e+06 	 1.529366e-05 	 1.696830e+07 	
2.12212212e+06 	 1.525526e-05 	 1.695826e+07 	
2.12262262e+06 	 1.521692e-05 	 1.694823e+07 	
2.12312312e+06 	 1.517864e-05 	 1.693821e+07 	
2.12362362e+06 	 1.514042e-05 	 1.692819e+07 	
2.12412412e+06 	 1.510225e-05 	 1.691818e+07 	
2.12462462e+06 	 1.506415e-05 	 1.690817e+07 	
2.12512513e+06 	 1.502610e-05 	 1.689817e+07 	
2.12562563e+06 	 1.498811e-05 	 1.688818e+07 	
2.12612613e+06 	 1.495017e-05 	 1.687820e+07 	
2.12662663e+06 	 1.491230e-05 	 1.686822e+07 	
2.12712713e+06 	 1.487448e-05 	 1.685825e+07 	
2.12762763e+06 	 1.483672e-05 	 1.684828e+07 	
2.12812813e+06 	 1.479901e-05 	 1.683832e+07 	
2.12862863e+06 	 1.476137e-05 	 1.682837e+07 	
2.12912913e+06 	 1.472453e-05 	 1.681841e+07 	
2.12962963e+06 	 1.468701e-05 	 1.680847e+07 	
2.13013013e+06 	 1.464955e-05 	 1.679853e+07 	
2.13063063e+06 	 1.461215e-05 	 1.678861e+07 	
2.13113113e+06 	 1.457481e-05 	 1.677869e+07 	
2.13163163e+06 	 1.453752e-05 	 1.676877e+07 	
2.13213213e+06 	 1.450029e-05 	 1.675887e+07 	
2.13263263e+06 	 1.446311e-05 	 1.674897e+07 	
2.13313313e+06 	 1.442599e-05 	 1.673907e+07 	
2.13363363e+06 	 1.438893e-05 	 1.672918e+07 	
2.13413413e+06 	 1.435192e-05 	 1.671930e+07 	
2.13463463e+06 	 1.431497e-05 	 1.670943e+07 	
2.13513514e+06 	 1.427807e-05 	 1.669956e+07 	
2.13563564e+06 	 1.424123e-05 	 1.668970e+07 	
2.13613614e+06 	 1.420445e-05 	 1.667984e+07 	
2.13663664e+06 	 1.416771e-05 	 1.666999e+07 	
2.13713714e+06 	 1.413104e-05 	 1.666015e+07 	
2.13763764e+06 	 1.409442e-05 	 1.665032e+07 	
2.13813814e+06 	 1.405785e-05 	 1.664049e+07 	
2.13863864e+06 	 1.402134e-05 	 1.663066e+07 	
2.13913914e+06 	 1.398488e-05 	 1.662085e+07 	
2.13963964e+06 	 1.394848e-05 	 1.661104e+07 	
2.14014014e+06 	 1.391213e-05 	 1.660124e+07 	
2.14064064e+06 	 1.387584e-05 	 1.659144e+07 	
2.14114114e+06 	 1.383960e-05 	 1.658165e+07 	
2.14164164e+06 	 1.380271e-05 	 1.657188e+07 	
2.14214214e+06 	 1.376656e-05 	 1.656211e+07 	
2.14264264e+06 	 1.373046e-05 	 1.655234e+07 	
2.14314314e+06 	 1.369442e-05 	 1.654257e+07 	
2.14364364e+06 	 1.365843e-05 	 1.653281e+07 	
2.14414414e+06 	 1.362249e-05 	 1.652306e+07 	
2.14464464e+06 	 1.358660e-05 	 1.651332e+07 	
2.14514515e+06 	 1.355077e-05 	 1.650358e+07 	
2.14564565e+06 	 1.351499e-05 	 1.649385e+07 	
2.14614615e+06 	 1.347926e-05 	 1.648412e+07 	
2.14664665e+06 	 1.344358e-05 	 1.647440e+07 	
2.14714715e+06 	 1.340796e-05 	 1.646469e+07 	
2.14764765e+06 	 1.337238e-05 	 1.645498e+07 	
2.14814815e+06 	 1.333686e-05 	 1.644528e+07 	
2.14864865e+06 	 1.330139e-05 	 1.643559e+07 	
2.14914915e+06 	 1.326597e-05 	 1.642590e+07 	
2.14964965e+06 	 1.323061e-05 	 1.641622e+07 	
2.15015015e+06 	 1.319529e-05 	 1.640654e+07 	
2.15065065e+06 	 1.316003e-05 	 1.639687e+07 	
2.15115115e+06 	 1.312481e-05 	 1.638721e+07 	
2.15165165e+06 	 1.308965e-05 	 1.637756e+07 	
2.15215215e+06 	 1.305454e-05 	 1.636791e+07 	
2.15265265e+06 	 1.301947e-05 	 1.635826e+07 	
2.15315315e+06 	 1.298446e-05 	 1.634863e+07 	
2.15365365e+06 	 1.294950e-05 	 1.633900e+07 	
2.15415415e+06 	 1.291394e-05 	 1.632939e+07 	
2.15465465e+06 	 1.287906e-05 	 1.631977e+07 	
2.15515516e+06 	 1.284424e-05 	 1.631016e+07 	
2.15565566e+06 	 1.280946e-05 	 1.630056e+07 	
2.15615616e+06 	 1.277473e-05 	 1.629096e+07 	
2.15665666e+06 	 1.274005e-05 	 1.628137e+07 	
2.15715716e+06 	 1.270542e-05 	 1.627178e+07 	
2.15765766e+06 	 1.267083e-05 	 1.626220e+07 	
2.15815816e+06 	 1.263630e-05 	 1.625263e+07 	
2.15865866e+06 	 1.260181e-05 	 1.624306e+07 	
2.15915916e+06 	 1.256738e-05 	 1.623350e+07 	
2.15965966e+06 	 1.253299e-05 	 1.622395e+07 	
2.16016016e+06 	 1.249865e-05 	 1.621440e+07 	
2.16066066e+06 	 1.246436e-05 	 1.620486e+07 	
2.16116116e+06 	 1.243011e-05 	 1.619533e+07 	
2.16166166e+06 	 1.239591e-05 	 1.618580e+07 	
2.16216216e+06 	 1.236176e-05 	 1.617627e+07 	
2.16266266e+06 	 1.232766e-05 	 1.616676e+07 	
2.16316316e+06 	 1.229361e-05 	 1.615725e+07 	
2.16366366e+06 	 1.225960e-05 	 1.614775e+07 	
2.16416416e+06 	 1.222564e-05 	 1.613825e+07 	
2.16466466e+06 	 1.219173e-05 	 1.612876e+07 	
2.16516517e+06 	 1.215786e-05 	 1.611927e+07 	
2.16566567e+06 	 1.212404e-05 	 1.610979e+07 	
2.16616617e+06 	 1.209027e-05 	 1.610032e+07 	
2.16666667e+06 	 1.205654e-05 	 1.609085e+07 	
2.16716717e+06 	 1.202225e-05 	 1.608141e+07 	
2.16766767e+06 	 1.198860e-05 	 1.607196e+07 	
2.16816817e+06 	 1.195499e-05 	 1.606251e+07 	
2.16866867e+06 	 1.192143e-05 	 1.605307e+07 	
2.16916917e+06 	 1.188792e-05 	 1.604364e+07 	
2.16966967e+06 	 1.185445e-05 	 1.603421e+07 	
2.17017017e+06 	 1.182103e-05 	 1.602479e+07 	
2.17067067e+06 	 1.178765e-05 	 1.601537e+07 	
2.17117117e+06 	 1.175432e-05 	 1.600597e+07 	
2.17167167e+06 	 1.172103e-05 	 1.599656e+07 	
2.17217217e+06 	 1.168778e-05 	 1.598717e+07 	
2.17267267e+06 	 1.165458e-05 	 1.597778e+07 	
2.17317317e+06 	 1.162143e-05 	 1.596839e+07 	
2.17367367e+06 	 1.158832e-05 	 1.595901e+07 	
2.17417417e+06 	 1.155525e-05 	 1.594964e+07 	
2.17467467e+06 	 1.152223e-05 	 1.594028e+07 	
2.17517518e+06 	 1.148925e-05 	 1.593092e+07 	
2.17567568e+06 	 1.145631e-05 	 1.592156e+07 	
2.17617618e+06 	 1.142342e-05 	 1.591222e+07 	
2.17667668e+06 	 1.139057e-05 	 1.590288e+07 	
2.17717718e+06 	 1.135776e-05 	 1.589354e+07 	
2.17767768e+06 	 1.132500e-05 	 1.588421e+07 	
2.17817818e+06 	 1.129228e-05 	 1.587489e+07 	
2.17867868e+06 	 1.125960e-05 	 1.586558e+07 	
2.17917918e+06 	 1.122696e-05 	 1.585627e+07 	
2.17967968e+06 	 1.119493e-05 	 1.584694e+07 	
2.18018018e+06 	 1.116239e-05 	 1.583765e+07 	
2.18068068e+06 	 1.112990e-05 	 1.582835e+07 	
2.18118118e+06 	 1.109745e-05 	 1.581907e+07 	
2.18168168e+06 	 1.106504e-05 	 1.580979e+07 	
2.18218218e+06 	 1.103267e-05 	 1.580052e+07 	
2.18268268e+06 	 1.100034e-05 	 1.579125e+07 	
2.18318318e+06 	 1.096806e-05 	 1.578199e+07 	
2.18368368e+06 	 1.093582e-05 	 1.577274e+07 	
2.18418418e+06 	 1.090362e-05 	 1.576349e+07 	
2.18468468e+06 	 1.087146e-05 	 1.575425e+07 	
2.18518519e+06 	 1.083934e-05 	 1.574501e+07 	
2.18568569e+06 	 1.080726e-05 	 1.573578e+07 	
2.18618619e+06 	 1.077522e-05 	 1.572656e+07 	
2.18668669e+06 	 1.074323e-05 	 1.571734e+07 	
2.18718719e+06 	 1.071127e-05 	 1.570813e+07 	
2.18768769e+06 	 1.067936e-05 	 1.569892e+07 	
2.18818819e+06 	 1.064749e-05 	 1.568972e+07 	
2.18868869e+06 	 1.061565e-05 	 1.568053e+07 	
2.18918919e+06 	 1.058386e-05 	 1.567134e+07 	
2.18968969e+06 	 1.055211e-05 	 1.566216e+07 	
2.19019019e+06 	 1.052040e-05 	 1.565299e+07 	
2.19069069e+06 	 1.048872e-05 	 1.564382e+07 	
2.19119119e+06 	 1.045709e-05 	 1.563466e+07 	
2.19169169e+06 	 1.042550e-05 	 1.562550e+07 	
2.19219219e+06 	 1.039394e-05 	 1.561635e+07 	
2.19269269e+06 	 1.036190e-05 	 1.560723e+07 	
2.19319319e+06 	 1.033041e-05 	 1.559809e+07 	
2.19369369e+06 	 1.029896e-05 	 1.558896e+07 	
2.19419419e+06 	 1.026755e-05 	 1.557984e+07 	
2.19469469e+06 	 1.023618e-05 	 1.557072e+07 	
2.19519520e+06 	 1.020485e-05 	 1.556161e+07 	
2.19569570e+06 	 1.017355e-05 	 1.555250e+07 	
2.19619620e+06 	 1.014229e-05 	 1.554340e+07 	
2.19669670e+06 	 1.011107e-05 	 1.553431e+07 	
2.19719720e+06 	 1.007989e-05 	 1.552522e+07 	
2.19769770e+06 	 1.004875e-05 	 1.551614e+07 	
2.19819820e+06 	 1.001764e-05 	 1.550706e+07 	
2.19869870e+06 	 9.986569e-06 	 1.549799e+07 	
2.19919920e+06 	 9.955537e-06 	 1.548893e+07 	
2.19969970e+06 	 9.924542e-06 	 1.547987e+07 	
2.20020020e+06 	 9.893584e-06 	 1.547082e+07 	
2.20070070e+06 	 9.862662e-06 	 1.546178e+07 	
2.20120120e+06 	 9.831778e-06 	 1.545274e+07 	
2.20170170e+06 	 9.800930e-06 	 1.544371e+07 	
2.20220220e+06 	 9.770118e-06 	 1.543468e+07 	
2.20270270e+06 	 9.739343e-06 	 1.542566e+07 	
2.20320320e+06 	 9.708604e-06 	 1.541665e+07 	
2.20370370e+06 	 9.677901e-06 	 1.540764e+07 	
2.20420420e+06 	 9.647234e-06 	 1.539864e+07 	
2.20470470e+06 	 9.616602e-06 	 1.538964e+07 	
2.20520521e+06 	 9.586006e-06 	 1.538065e+07 	
2.20570571e+06 	 9.554956e-06 	 1.537169e+07 	
2.20620621e+06 	 9.524419e-06 	 1.536271e+07 	
2.20670671e+06 	 9.493917e-06 	 1.535374e+07 	
2.20720721e+06 	 9.463450e-06 	 1.534478e+07 	
2.20770771e+06 	 9.433017e-06 	 1.533582e+07 	
2.20820821e+06 	 9.402620e-06 	 1.532687e+07 	
2.20870871e+06 	 9.372256e-06 	 1.531792e+07 	
2.20920921e+06 	 9.341927e-06 	 1.530899e+07 	
2.20970971e+06 	 9.311631e-06 	 1.530005e+07 	
2.21021021e+06 	 9.281370e-06 	 1.529113e+07 	
2.21071071e+06 	 9.251142e-06 	 1.528220e+07 	
2.21121121e+06 	 9.220948e-06 	 1.527329e+07 	
2.21171171e+06 	 9.190787e-06 	 1.526438e+07 	
2.21221221e+06 	 9.160660e-06 	 1.525548e+07 	
2.21271271e+06 	 9.130566e-06 	 1.524658e+07 	
2.21321321e+06 	 9.100505e-06 	 1.523769e+07 	
2.21371371e+06 	 9.070477e-06 	 1.522881e+07 	
2.21421421e+06 	 9.040482e-06 	 1.521993e+07 	
2.21471471e+06 	 9.010519e-06 	 1.521106e+07 	
2.21521522e+06 	 8.980588e-06 	 1.520219e+07 	
2.21571572e+06 	 8.950690e-06 	 1.519334e+07 	
2.21621622e+06 	 8.920824e-06 	 1.518448e+07 	
2.21671672e+06 	 8.890991e-06 	 1.517564e+07 	
2.21721722e+06 	 8.861189e-06 	 1.516680e+07 	
2.21771772e+06 	 8.831418e-06 	 1.515796e+07 	
2.21821822e+06 	 8.802122e-06 	 1.514912e+07 	
2.21871872e+06 	 8.772426e-06 	 1.514029e+07 	
2.21921922e+06 	 8.742760e-06 	 1.513148e+07 	
2.21971972e+06 	 8.713126e-06 	 1.512267e+07 	
2.22022022e+06 	 8.683524e-06 	 1.511386e+07 	
2.22072072e+06 	 8.653952e-06 	 1.510507e+07 	
2.22122122e+06 	 8.624411e-06 	 1.509627e+07 	
2.22172172e+06 	 8.594901e-06 	 1.508749e+07 	
2.22222222e+06 	 8.565422e-06 	 1.507871e+07 	
2.22272272e+06 	 8.535973e-06 	 1.506994e+07 	
2.22322322e+06 	 8.506554e-06 	 1.506117e+07 	
2.22372372e+06 	 8.477166e-06 	 1.505241e+07 	
2.22422422e+06 	 8.447808e-06 	 1.504366e+07 	
2.22472472e+06 	 8.418480e-06 	 1.503491e+07 	
2.22522523e+06 	 8.389181e-06 	 1.502617e+07 	
2.22572573e+06 	 8.359912e-06 	 1.501743e+07 	
2.22622623e+06 	 8.330672e-06 	 1.500870e+07 	
2.22672673e+06 	 8.301462e-06 	 1.499998e+07 	
2.22722723e+06 	 8.272281e-06 	 1.499127e+07 	
2.22772773e+06 	 8.243129e-06 	 1.498256e+07 	
2.22822823e+06 	 8.214006e-06 	 1.497385e+07 	
2.22872873e+06 	 8.184912e-06 	 1.496515e+07 	
2.22922923e+06 	 8.155846e-06 	 1.495646e+07 	
2.22972973e+06 	 8.126808e-06 	 1.494778e+07 	
2.23023023e+06 	 8.097799e-06 	 1.493910e+07 	
2.23073073e+06 	 8.068818e-06 	 1.493043e+07 	
2.23123123e+06 	 8.040272e-06 	 1.492174e+07 	
2.23173173e+06 	 8.011357e-06 	 1.491308e+07 	
2.23223223e+06 	 7.982469e-06 	 1.490443e+07 	
2.23273273e+06 	 7.953609e-06 	 1.489578e+07 	
2.23323323e+06 	 7.924777e-06 	 1.488714e+07 	
2.23373373e+06 	 7.895972e-06 	 1.487850e+07 	
2.23423423e+06 	 7.867194e-06 	 1.486987e+07 	
2.23473473e+06 	 7.838444e-06 	 1.486125e+07 	
2.23523524e+06 	 7.809721e-06 	 1.485264e+07 	
2.23573574e+06 	 7.781024e-06 	 1.484403e+07 	
2.23623624e+06 	 7.752355e-06 	 1.483542e+07 	
2.23673674e+06 	 7.723712e-06 	 1.482683e+07 	
2.23723724e+06 	 7.695095e-06 	 1.481823e+07 	
2.23773774e+06 	 7.666505e-06 	 1.480965e+07 	
2.23823824e+06 	 7.637941e-06 	 1.480107e+07 	
2.23873874e+06 	 7.609403e-06 	 1.479250e+07 	
2.23923924e+06 	 7.580891e-06 	 1.478393e+07 	
2.23973974e+06 	 7.552404e-06 	 1.477538e+07 	
2.24024024e+06 	 7.523943e-06 	 1.476682e+07 	
2.24074074e+06 	 7.495508e-06 	 1.475828e+07 	
2.24124124e+06 	 7.467098e-06 	 1.474974e+07 	
2.24174174e+06 	 7.438713e-06 	 1.474120e+07 	
2.24224224e+06 	 7.410353e-06 	 1.473268e+07 	
2.24274274e+06 	 7.382018e-06 	 1.472416e+07 	
2.24324324e+06 	 7.353707e-06 	 1.471564e+07 	
2.24374374e+06 	 7.325421e-06 	 1.470714e+07 	
2.24424424e+06 	 7.297531e-06 	 1.469862e+07 	
2.24474474e+06 	 7.269303e-06 	 1.469012e+07 	
2.24524525e+06 	 7.241099e-06 	 1.468163e+07 	
2.24574575e+06 	 7.212919e-06 	 1.467315e+07 	
2.24624625e+06 	 7.184763e-06 	 1.466468e+07 	
2.24674675e+06 	 7.156631e-06 	 1.465621e+07 	
2.24724725e+06 	 7.128523e-06 	 1.464775e+07 	
2.24774775e+06 	 7.100438e-06 	 1.463929e+07 	
2.24824825e+06 	 7.072377e-06 	 1.463084e+07 	
2.24874875e+06 	 7.044339e-06 	 1.462240e+07 	
2.24924925e+06 	 7.016325e-06 	 1.461396e+07 	
2.24974975e+06 	 6.988333e-06 	 1.460553e+07 	
2.25025025e+06 	 6.960365e-06 	 1.459711e+07 	
2.25075075e+06 	 6.932419e-06 	 1.458869e+07 	
2.25125125e+06 	 6.904496e-06 	 1.458028e+07 	
2.25175175e+06 	 6.876595e-06 	 1.457188e+07 	
2.25225225e+06 	 6.848717e-06 	 1.456348e+07 	
2.25275275e+06 	 6.820861e-06 	 1.455509e+07 	
2.25325325e+06 	 6.793027e-06 	 1.454671e+07 	
2.25375375e+06 	 6.765215e-06 	 1.453833e+07 	
2.25425425e+06 	 6.737425e-06 	 1.452996e+07 	
2.25475475e+06 	 6.709657e-06 	 1.452160e+07 	
2.25525526e+06 	 6.681910e-06 	 1.451324e+07 	
2.25575576e+06 	 6.654185e-06 	 1.450489e+07 	
2.25625626e+06 	 6.626480e-06 	 1.449655e+07 	
2.25675676e+06 	 6.598798e-06 	 1.448821e+07 	
2.25725726e+06 	 6.570800e-06 	 1.447990e+07 	
2.25775776e+06 	 6.543151e-06 	 1.447158e+07 	
2.25825826e+06 	 6.515523e-06 	 1.446326e+07 	
2.25875876e+06 	 6.487915e-06 	 1.445495e+07 	
2.25925926e+06 	 6.460328e-06 	 1.444665e+07 	
2.25975976e+06 	 6.432761e-06 	 1.443836e+07 	
2.26026026e+06 	 6.405214e-06 	 1.443007e+07 	
2.26076076e+06 	 6.377687e-06 	 1.442179e+07 	
2.26126126e+06 	 6.350179e-06 	 1.441351e+07 	
2.26176176e+06 	 6.322692e-06 	 1.440525e+07 	
2.26226226e+06 	 6.295223e-06 	 1.439699e+07 	
2.26276276e+06 	 6.267775e-06 	 1.438873e+07 	
2.26326326e+06 	 6.240345e-06 	 1.438049e+07 	
2.26376376e+06 	 6.212935e-06 	 1.437225e+07 	
2.26426426e+06 	 6.185543e-06 	 1.436401e+07 	
2.26476476e+06 	 6.158171e-06 	 1.435579e+07 	
2.26526527e+06 	 6.130817e-06 	 1.434757e+07 	
2.26576577e+06 	 6.103482e-06 	 1.433936e+07 	
2.26626627e+06 	 6.076165e-06 	 1.433115e+07 	
2.26676677e+06 	 6.048867e-06 	 1.432296e+07 	
2.26726727e+06 	 6.021587e-06 	 1.431477e+07 	
2.26776777e+06 	 5.994325e-06 	 1.430658e+07 	
2.26826827e+06 	 5.967081e-06 	 1.429841e+07 	
2.26876877e+06 	 5.939855e-06 	 1.429024e+07 	
2.26926927e+06 	 5.912647e-06 	 1.428208e+07 	
2.26976977e+06 	 5.885457e-06 	 1.427392e+07 	
2.27027027e+06 	 5.857983e-06 	 1.426580e+07 	
2.27077077e+06 	 5.830821e-06 	 1.425766e+07 	
2.27127127e+06 	 5.803676e-06 	 1.424952e+07 	
2.27177177e+06 	 5.776548e-06 	 1.424140e+07 	
2.27227227e+06 	 5.749437e-06 	 1.423328e+07 	
2.27277277e+06 	 5.722343e-06 	 1.422517e+07 	
2.27327327e+06 	 5.695266e-06 	 1.421707e+07 	
2.27377377e+06 	 5.668205e-06 	 1.420898e+07 	
2.27427427e+06 	 5.641160e-06 	 1.420089e+07 	
2.27477477e+06 	 5.614133e-06 	 1.419281e+07 	
2.27527528e+06 	 5.587121e-06 	 1.418474e+07 	
2.27577578e+06 	 5.560126e-06 	 1.417667e+07 	
2.27627628e+06 	 5.533146e-06 	 1.416862e+07 	
2.27677678e+06 	 5.506183e-06 	 1.416057e+07 	
2.27727728e+06 	 5.479236e-06 	 1.415253e+07 	
2.27777778e+06 	 5.452304e-06 	 1.414449e+07 	
2.27827828e+06 	 5.425389e-06 	 1.413646e+07 	
2.27877878e+06 	 5.398489e-06 	 1.412845e+07 	
2.27927928e+06 	 5.371604e-06 	 1.412044e+07 	
2.27977978e+06 	 5.344735e-06 	 1.411243e+07 	
2.28028028e+06 	 5.317881e-06 	 1.410444e+07 	
2.28078078e+06 	 5.291043e-06 	 1.409645e+07 	
2.28128128e+06 	 5.264220e-06 	 1.408847e+07 	
2.28178178e+06 	 5.237412e-06 	 1.408050e+07 	
2.28228228e+06 	 5.210619e-06 	 1.407254e+07 	
2.28278278e+06 	 5.183581e-06 	 1.406460e+07 	
2.28328328e+06 	 5.156813e-06 	 1.405665e+07 	
2.28378378e+06 	 5.130059e-06 	 1.404871e+07 	
2.28428428e+06 	 5.103320e-06 	 1.404078e+07 	
2.28478478e+06 	 5.076595e-06 	 1.403286e+07 	
2.28528529e+06 	 5.049885e-06 	 1.402494e+07 	
2.28578579e+06 	 5.023190e-06 	 1.401704e+07 	
2.28628629e+06 	 4.996509e-06 	 1.400914e+07 	
2.28678679e+06 	 4.969842e-06 	 1.400125e+07 	
2.28728729e+06 	 4.943190e-06 	 1.399337e+07 	
2.28778779e+06 	 4.916553e-06 	 1.398550e+07 	
2.28828829e+06 	 4.889929e-06 	 1.397763e+07 	
2.28878879e+06 	 4.863320e-06 	 1.396977e+07 	
2.28928929e+06 	 4.836725e-06 	 1.396193e+07 	
2.28978979e+06 	 4.810145e-06 	 1.395409e+07 	
2.29029029e+06 	 4.783578e-06 	 1.394626e+07 	
2.29079079e+06 	 4.757026e-06 	 1.393844e+07 	
2.29129129e+06 	 4.730488e-06 	 1.393062e+07 	
2.29179179e+06 	 4.703964e-06 	 1.392282e+07 	
2.29229229e+06 	 4.677454e-06 	 1.391502e+07 	
2.29279279e+06 	 4.650959e-06 	 1.390724e+07 	
2.29329329e+06 	 4.624477e-06 	 1.389946e+07 	
2.29379379e+06 	 4.598010e-06 	 1.389169e+07 	
2.29429429e+06 	 4.571557e-06 	 1.388393e+07 	
2.29479479e+06 	 4.545118e-06 	 1.387618e+07 	
2.29529530e+06 	 4.518693e-06 	 1.386844e+07 	
2.29579580e+06 	 4.492056e-06 	 1.386072e+07 	
2.29629630e+06 	 4.465656e-06 	 1.385300e+07 	
2.29679680e+06 	 4.439269e-06 	 1.384529e+07 	
2.29729730e+06 	 4.412897e-06 	 1.383758e+07 	
2.29779780e+06 	 4.386539e-06 	 1.382989e+07 	
2.29829830e+06 	 4.360195e-06 	 1.382220e+07 	
2.29879880e+06 	 4.333866e-06 	 1.381453e+07 	
2.29929930e+06 	 4.307552e-06 	 1.380686e+07 	
2.29979980e+06 	 4.281252e-06 	 1.379920e+07 	
2.30030030e+06 	 4.254966e-06 	 1.379156e+07 	
2.30080080e+06 	 4.228696e-06 	 1.378392e+07 	
2.30130130e+06 	 4.202441e-06 	 1.377629e+07 	
2.30180180e+06 	 4.176200e-06 	 1.376867e+07 	
2.30230230e+06 	 4.149975e-06 	 1.376107e+07 	
2.30280280e+06 	 4.123764e-06 	 1.375347e+07 	
2.30330330e+06 	 4.097569e-06 	 1.374588e+07 	
2.30380380e+06 	 4.071390e-06 	 1.373830e+07 	
2.30430430e+06 	 4.045226e-06 	 1.373073e+07 	
2.30480480e+06 	 4.019078e-06 	 1.372318e+07 	
2.30530531e+06 	 3.992946e-06 	 1.371563e+07 	
2.30580581e+06 	 3.966830e-06 	 1.370809e+07 	
2.30630631e+06 	 3.940731e-06 	 1.370056e+07 	
2.30680681e+06 	 3.914648e-06 	 1.369305e+07 	
2.30730731e+06 	 3.888581e-06 	 1.368554e+07 	
2.30780781e+06 	 3.862531e-06 	 1.367805e+07 	
2.30830831e+06 	 3.836499e-06 	 1.367056e+07 	
2.30880881e+06 	 3.810290e-06 	 1.366311e+07 	
2.30930931e+06 	 3.784288e-06 	 1.365565e+07 	
2.30980981e+06 	 3.758304e-06 	 1.364820e+07 	
2.31031031e+06 	 3.732338e-06 	 1.364076e+07 	
2.31081081e+06 	 3.706390e-06 	 1.363333e+07 	
2.31131131e+06 	 3.680460e-06 	 1.362591e+07 	
2.31181181e+06 	 3.654550e-06 	 1.361850e+07 	
2.31231231e+06 	 3.628658e-06 	 1.361111e+07 	
2.31281281e+06 	 3.602785e-06 	 1.360373e+07 	
2.31331331e+06 	 3.576933e-06 	 1.359635e+07 	
2.31381381e+06 	 3.551100e-06 	 1.358899e+07 	
2.31431431e+06 	 3.525288e-06 	 1.358165e+07 	
2.31481481e+06 	 3.499496e-06 	 1.357431e+07 	
2.31531532e+06 	 3.473725e-06 	 1.356698e+07 	
2.31581582e+06 	 3.447976e-06 	 1.355967e+07 	
2.31631632e+06 	 3.422248e-06 	 1.355237e+07 	
2.31681682e+06 	 3.396543e-06 	 1.354508e+07 	
2.31731732e+06 	 3.370860e-06 	 1.353780e+07 	
2.31781782e+06 	 3.345200e-06 	 1.353054e+07 	
2.31831832e+06 	 3.319564e-06 	 1.352329e+07 	
2.31881882e+06 	 3.293952e-06 	 1.351605e+07 	
2.31931932e+06 	 3.268364e-06 	 1.350882e+07 	
2.31981982e+06 	 3.242801e-06 	 1.350161e+07 	
2.32032032e+06 	 3.217263e-06 	 1.349441e+07 	
2.32082082e+06 	 3.191751e-06 	 1.348722e+07 	
2.32132132e+06 	 3.166265e-06 	 1.348004e+07 	
2.32182182e+06 	 3.140646e-06 	 1.347290e+07 	
2.32232232e+06 	 3.115212e-06 	 1.346575e+07 	
2.32282282e+06 	 3.089806e-06 	 1.345862e+07 	
2.32332332e+06 	 3.064428e-06 	 1.345150e+07 	
2.32382382e+06 	 3.039080e-06 	 1.344439e+07 	
2.32432432e+06 	 3.013761e-06 	 1.343730e+07 	
2.32482482e+06 	 2.988473e-06 	 1.343022e+07 	
2.32532533e+06 	 2.963216e-06 	 1.342315e+07 	
2.32582583e+06 	 2.937990e-06 	 1.341610e+07 	
2.32632633e+06 	 2.912798e-06 	 1.340906e+07 	
2.32682683e+06 	 2.887638e-06 	 1.340204e+07 	
2.32732733e+06 	 2.862512e-06 	 1.339503e+07 	
2.32782783e+06 	 2.837421e-06 	 1.338803e+07 	
2.32832833e+06 	 2.812365e-06 	 1.338105e+07 	
2.32882883e+06 	 2.787345e-06 	 1.337409e+07 	
2.32932933e+06 	 2.762362e-06 	 1.336714e+07 	
2.32982983e+06 	 2.737417e-06 	 1.336020e+07 	
2.33033033e+06 	 2.712510e-06 	 1.335328e+07 	
2.33083083e+06 	 2.687642e-06 	 1.334637e+07 	
2.33133133e+06 	 2.662815e-06 	 1.333948e+07 	
2.33183183e+06 	 2.638029e-06 	 1.333261e+07 	
2.33233233e+06 	 2.613285e-06 	 1.332575e+07 	
2.33283283e+06 	 2.588584e-06 	 1.331891e+07 	
2.33333333e+06 	 2.563927e-06 	 1.331208e+07 	
2.33383383e+06 	 2.539314e-06 	 1.330527e+07 	
2.33433433e+06 	 2.514620e-06 	 1.329849e+07 	
2.33483483e+06 	 2.490098e-06 	 1.329172e+07 	
2.33533534e+06 	 2.465624e-06 	 1.328496e+07 	
2.33583584e+06 	 2.441198e-06 	 1.327821e+07 	
2.33633634e+06 	 2.416823e-06 	 1.327148e+07 	
2.33683684e+06 	 2.392498e-06 	 1.326477e+07 	
2.33733734e+06 	 2.368225e-06 	 1.325808e+07 	
2.33783784e+06 	 2.344005e-06 	 1.325140e+07 	
2.33833834e+06 	 2.319840e-06 	 1.324474e+07 	
2.33883884e+06 	 2.295730e-06 	 1.323810e+07 	
2.33933934e+06 	 2.271677e-06 	 1.323148e+07 	
2.33983984e+06 	 2.247681e-06 	 1.322487e+07 	
2.34034034e+06 	 2.223744e-06 	 1.321828e+07 	
2.34084084e+06 	 2.199868e-06 	 1.321171e+07 	
2.34134134e+06 	 2.176053e-06 	 1.320516e+07 	
2.34184184e+06 	 2.152301e-06 	 1.319862e+07 	
2.34234234e+06 	 2.128613e-06 	 1.319211e+07 	
2.34284284e+06 	 2.104990e-06 	 1.318561e+07 	
2.34334334e+06 	 2.081434e-06 	 1.317913e+07 	
2.34384384e+06 	 2.057946e-06 	 1.317268e+07 	
2.34434434e+06 	 2.034527e-06 	 1.316624e+07 	
2.34484484e+06 	 2.011179e-06 	 1.315982e+07 	
2.34534535e+06 	 1.987903e-06 	 1.315341e+07 	
2.34584585e+06 	 1.964701e-06 	 1.314703e+07 	
2.34634635e+06 	 1.941574e-06 	 1.314067e+07 	
2.34684685e+06 	 1.918428e-06 	 1.313435e+07 	
2.34734735e+06 	 1.895454e-06 	 1.312803e+07 	
2.34784785e+06 	 1.872559e-06 	 1.312173e+07 	
2.34834835e+06 	 1.849746e-06 	 1.311545e+07 	
2.34884885e+06 	 1.827015e-06 	 1.310919e+07 	
2.34934935e+06 	 1.804368e-06 	 1.310295e+07 	
2.34984985e+06 	 1.781807e-06 	 1.309674e+07 	
2.35035035e+06 	 1.759332e-06 	 1.309054e+07 	
2.35085085e+06 	 1.736947e-06 	 1.308437e+07 	
2.35135135e+06 	 1.714652e-06 	 1.307821e+07 	
2.35185185e+06 	 1.692449e-06 	 1.307208e+07 	
2.35235235e+06 	 1.670340e-06 	 1.306597e+07 	
2.35285285e+06 	 1.648326e-06 	 1.305989e+07 	
2.35335335e+06 	 1.626409e-06 	 1.305382e+07 	
2.35385385e+06 	 1.604591e-06 	 1.304778e+07 	
2.35435435e+06 	 1.582873e-06 	 1.304176e+07 	
2.35485485e+06 	 1.561257e-06 	 1.303576e+07 	
2.35535536e+06 	 1.539745e-06 	 1.302979e+07 	
2.35585586e+06 	 1.518338e-06 	 1.302383e+07 	
2.35635636e+06 	 1.497039e-06 	 1.301791e+07 	
2.35685686e+06 	 1.475848e-06 	 1.301200e+07 	
2.35735736e+06 	 1.454768e-06 	 1.300612e+07 	
2.35785786e+06 	 1.433800e-06 	 1.300026e+07 	
2.35835836e+06 	 1.412947e-06 	 1.299443e+07 	
2.35885886e+06 	 1.392209e-06 	 1.298862e+07 	
2.35935936e+06 	 1.371521e-06 	 1.298286e+07 	
2.35985986e+06 	 1.351019e-06 	 1.297710e+07 	
2.36036036e+06 	 1.330639e-06 	 1.297136e+07 	
2.36086086e+06 	 1.310381e-06 	 1.296565e+07 	
2.36136136e+06 	 1.290249e-06 	 1.295997e+07 	
2.36186186e+06 	 1.270242e-06 	 1.295431e+07 	
2.36236236e+06 	 1.250364e-06 	 1.294867e+07 	
2.36286286e+06 	 1.230616e-06 	 1.294306e+07 	
2.36336336e+06 	 1.211000e-06 	 1.293748e+07 	
2.36386386e+06 	 1.191517e-06 	 1.293192e+07 	
2.36436436e+06 	 1.172169e-06 	 1.292639e+07 	
2.36486486e+06 	 1.152958e-06 	 1.292089e+07 	
2.36536537e+06 	 1.133886e-06 	 1.291541e+07 	
2.36586587e+06 	 1.114954e-06 	 1.290996e+07 	
2.36636637e+06 	 1.096164e-06 	 1.290453e+07 	
2.36686687e+06 	 1.077518e-06 	 1.289913e+07 	
2.36736737e+06 	 1.059017e-06 	 1.289376e+07 	
2.36786787e+06 	 1.040663e-06 	 1.288842e+07 	
2.36836837e+06 	 1.022458e-06 	 1.288310e+07 	
2.36886887e+06 	 1.004403e-06 	 1.287781e+07 	
2.36936937e+06 	 9.865006e-07 	 1.287255e+07 	
2.36986987e+06 	 9.687512e-07 	 1.286732e+07 	
2.37037037e+06 	 9.511569e-07 	 1.286211e+07 	
2.37087087e+06 	 9.337191e-07 	 1.285694e+07 	
2.37137137e+06 	 9.164395e-07 	 1.285179e+07 	
2.37187187e+06 	 8.993651e-07 	 1.284665e+07 	
2.37237237e+06 	 8.824064e-07 	 1.284155e+07 	
2.37287287e+06 	 8.656102e-07 	 1.283649e+07 	
2.37337337e+06 	 8.489778e-07 	 1.283146e+07 	
2.37387387e+06 	 8.325106e-07 	 1.282645e+07 	
2.37437437e+06 	 8.162098e-07 	 1.282147e+07 	
2.37487487e+06 	 8.000769e-07 	 1.281652e+07 	
2.37537538e+06 	 7.841131e-07 	 1.281161e+07 	
2.37587588e+06 	 7.683195e-07 	 1.280672e+07 	
2.37637638e+06 	 7.526973e-07 	 1.280186e+07 	
2.37687688e+06 	 7.372478e-07 	 1.279703e+07 	
2.37737738e+06 	 7.219720e-07 	 1.279223e+07 	
2.37787788e+06 	 7.068708e-07 	 1.278746e+07 	
2.37837838e+06 	 6.919455e-07 	 1.278272e+07 	
2.37887888e+06 	 6.771968e-07 	 1.277801e+07 	
2.37937938e+06 	 6.626258e-07 	 1.277333e+07 	
2.37987988e+06 	 6.482333e-07 	 1.276868e+07 	
2.38038038e+06 	 6.340201e-07 	 1.276407e+07 	
2.38088088e+06 	 6.199870e-07 	 1.275948e+07 	
2.38138138e+06 	 6.061347e-07 	 1.275492e+07 	
2.38188188e+06 	 5.924638e-07 	 1.275040e+07 	
2.38238238e+06 	 5.789750e-07 	 1.274590e+07 	
2.38288288e+06 	 5.656689e-07 	 1.274144e+07 	
2.38338338e+06 	 5.525183e-07 	 1.273702e+07 	
2.38388388e+06 	 5.395787e-07 	 1.273262e+07 	
2.38438438e+06 	 5.268230e-07 	 1.272825e+07 	
2.38488488e+06 	 5.142517e-07 	 1.272391e+07 	
2.38538539e+06 	 5.018650e-07 	 1.271960e+07 	
2.38588589e+06 	 4.896630e-07 	 1.271533e+07 	
2.38638639e+06 	 4.776459e-07 	 1.271108e+07 	
2.38688689e+06 	 4.658139e-07 	 1.270687e+07 	
2.38738739e+06 	 4.541669e-07 	 1.270268e+07 	
2.38788789e+06 	 4.427049e-07 	 1.269853e+07 	
2.38838839e+06 	 4.314278e-07 	 1.269441e+07 	
2.38888889e+06 	 4.203355e-07 	 1.269033e+07 	
2.38938939e+06 	 4.094276e-07 	 1.268627e+07 	
2.38988989e+06 	 3.987041e-07 	 1.268224e+07 	
2.39039039e+06 	 3.881644e-07 	 1.267825e+07 	
2.39089089e+06 	 3.778082e-07 	 1.267429e+07 	
2.39139139e+06 	 3.676349e-07 	 1.267036e+07 	
2.39189189e+06 	 3.576442e-07 	 1.266646e+07 	
2.39239239e+06 	 3.478352e-07 	 1.266259e+07 	
2.39289289e+06 	 3.382075e-07 	 1.265876e+07 	
2.39339339e+06 	 3.287602e-07 	 1.265495e+07 	
2.39389389e+06 	 3.194926e-07 	 1.265118e+07 	
2.39439439e+06 	 3.103883e-07 	 1.264746e+07 	
2.39489489e+06 	 3.014773e-07 	 1.264375e+07 	
2.39539540e+06 	 2.927432e-07 	 1.264007e+07 	
2.39589590e+06 	 2.841850e-07 	 1.263643e+07 	
2.39639640e+06 	 2.758016e-07 	 1.263281e+07 	
2.39689690e+06 	 2.675918e-07 	 1.262923e+07 	
2.39739740e+06 	 2.595545e-07 	 1.262568e+07 	
2.39789790e+06 	 2.516882e-07 	 1.262215e+07 	
2.39839840e+06 	 2.439918e-07 	 1.261866e+07 	
2.39889890e+06 	 2.364638e-07 	 1.261520e+07 	
2.39939940e+06 	 2.291029e-07 	 1.261177e+07 	
2.39989990e+06 	 2.219074e-07 	 1.260838e+07 	
2.40040040e+06 	 2.148759e-07 	 1.260501e+07 	
2.40090090e+06 	 2.080068e-07 	 1.260167e+07 	
2.40140140e+06 	 2.012985e-07 	 1.259836e+07 	
2.40190190e+06 	 1.947492e-07 	 1.259509e+07 	
2.40240240e+06 	 1.883573e-07 	 1.259184e+07 	
2.40290290e+06 	 1.821209e-07 	 1.258863e+07 	
2.40340340e+06 	 1.760383e-07 	 1.258544e+07 	
2.40390390e+06 	 1.701076e-07 	 1.258228e+07 	
2.40440440e+06 	 1.643352e-07 	 1.257913e+07 	
2.40490490e+06 	 1.587025e-07 	 1.257603e+07 	
2.40540541e+06 	 1.532160e-07 	 1.257296e+07 	
2.40590591e+06 	 1.478736e-07 	 1.256992e+07 	
2.40640641e+06 	 1.426732e-07 	 1.256691e+07 	
2.40690691e+06 	 1.376128e-07 	 1.256393e+07 	
2.40740741e+06 	 1.326904e-07 	 1.256098e+07 	
2.40790791e+06 	 1.279037e-07 	 1.255805e+07 	
2.40840841e+06 	 1.232507e-07 	 1.255516e+07 	
2.40890891e+06 	 1.187292e-07 	 1.255229e+07 	
2.40940941e+06 	 1.143370e-07 	 1.254945e+07 	
2.40990991e+06 	 1.100718e-07 	 1.254664e+07 	
2.41041041e+06 	 1.059316e-07 	 1.254385e+07 	
2.41091091e+06 	 1.019140e-07 	 1.254109e+07 	
2.41141141e+06 	 9.801687e-08 	 1.253836e+07 	
2.41191191e+06 	 9.423785e-08 	 1.253566e+07 	
2.41241241e+06 	 9.057472e-08 	 1.253298e+07 	
2.41291291e+06 	 8.702973e-08 	 1.253030e+07 	
2.41341341e+06 	 8.359159e-08 	 1.252767e+07 	
2.41391391e+06 	 8.026252e-08 	 1.252507e+07 	
2.41441441e+06 	 7.704024e-08 	 1.252250e+07 	
2.41491491e+06 	 7.392248e-08 	 1.251995e+07 	
2.41541542e+06 	 7.090695e-08 	 1.251742e+07 	
2.41591592e+06 	 6.799140e-08 	 1.251492e+07 	
2.41641642e+06 	 6.517355e-08 	 1.251245e+07 	
2.41691692e+06 	 6.245116e-08 	 1.251000e+07 	
2.41741742e+06 	 5.982198e-08 	 1.250757e+07 	
2.41791792e+06 	 5.728377e-08 	 1.250517e+07 	
2.41841842e+06 	 5.483433e-08 	 1.250279e+07 	
2.41891892e+06 	 5.247144e-08 	 1.250043e+07 	
2.41941942e+06 	 5.019034e-08 	 1.249814e+07 	
2.41991992e+06 	 4.799398e-08 	 1.249583e+07 	
2.42042042e+06 	 4.587766e-08 	 1.249355e+07 	
2.42092092e+06 	 4.383926e-08 	 1.249128e+07 	
2.42142142e+06 	 4.187665e-08 	 1.248904e+07 	
2.42192192e+06 	 3.998776e-08 	 1.248683e+07 	
2.42242242e+06 	 3.817054e-08 	 1.248463e+07 	
2.42292292e+06 	 3.642294e-08 	 1.248246e+07 	
2.42342342e+06 	 3.474295e-08 	 1.248030e+07 	
2.42392392e+06 	 3.312859e-08 	 1.247817e+07 	
2.42442442e+06 	 3.157951e-08 	 1.247601e+07 	
2.42492492e+06 	 3.009063e-08 	 1.247391e+07 	
2.42542543e+06 	 2.866162e-08 	 1.247183e+07 	
2.42592593e+06 	 2.729061e-08 	 1.246977e+07 	
2.42642643e+06 	 2.597578e-08 	 1.246774e+07 	
2.42692693e+06 	 2.471533e-08 	 1.246571e+07 	
2.42742743e+06 	 2.350748e-08 	 1.246371e+07 	
2.42792793e+06 	 2.235052e-08 	 1.246173e+07 	
2.42842843e+06 	 2.124167e-08 	 1.245982e+07 	
2.42892893e+06 	 2.018135e-08 	 1.245788e+07 	
2.42942943e+06 	 1.916692e-08 	 1.245595e+07 	
2.42992993e+06 	 1.819678e-08 	 1.245405e+07 	
2.43043043e+06 	 1.726936e-08 	 1.245216e+07 	
2.43093093e+06 	 1.638316e-08 	 1.245029e+07 	
2.43143143e+06 	 1.553667e-08 	 1.244843e+07 	
2.43193193e+06 	 1.472925e-08 	 1.244652e+07 	
2.43243243e+06 	 1.395794e-08 	 1.244469e+07 	
2.43293293e+06 	 1.322211e-08 	 1.244287e+07 	
2.43343343e+06 	 1.252040e-08 	 1.244107e+07 	
2.43393393e+06 	 1.185151e-08 	 1.243929e+07 	
2.43443443e+06 	 1.121480e-08 	 1.243742e+07 	
2.43493493e+06 	 1.060783e-08 	 1.243564e+07 	
2.43543544e+06 	 1.002997e-08 	 1.243387e+07 	
2.43593594e+06 	 9.480067e-09 	 1.243212e+07 	
2.43643644e+06 	 8.956468e-09 	 1.243049e+07 	
2.43693694e+06 	 8.459015e-09 	 1.242877e+07 	
2.43743744e+06 	 7.986196e-09 	 1.242706e+07 	
2.43793794e+06 	 7.536589e-09 	 1.242549e+07 	
2.43843844e+06 	 7.109904e-09 	 1.242384e+07 	
2.43893894e+06 	 6.704834e-09 	 1.242221e+07 	
2.43943944e+06 	 6.320769e-09 	 1.242046e+07 	
2.43993994e+06 	 5.956209e-09 	 1.241883e+07 	
2.44044044e+06 	 5.610550e-09 	 1.241722e+07 	
2.44094094e+06 	 5.283267e-09 	 1.241543e+07 	
2.44144144e+06 	 4.972989e-09 	 1.241378e+07 	
2.44194194e+06 	 4.678921e-09 	 1.241231e+07 	
2.44244244e+06 	 4.400761e-09 	 1.241072e+07 	
2.44294294e+06 	 4.137341e-09 	 1.240934e+07 	
2.44344344e+06 	 3.888342e-09 	 1.240786e+07 	
2.44394394e+06 	 3.653118e-09 	 1.240622e+07 	
2.44444444e+06 	 3.430653e-09 	 1.240477e+07 	
2.44494494e+06 	 3.220790e-09 	 1.240301e+07 	
2.44544545e+06 	 3.022402e-09 	 1.240154e+07 	
2.44594595e+06 	 2.835131e-09 	 1.240012e+07 	
2.44644645e+06 	 2.658690e-09 	 1.239833e+07 	
2.44694695e+06 	 2.492120e-09 	 1.239684e+07 	
2.44744745e+06 	 2.335158e-09 	 1.239523e+07 	
2.44794795e+06 	 2.187224e-09 	 1.239370e+07 	
2.44844845e+06 	 2.047841e-09 	 1.239230e+07 	
2.44894895e+06 	 1.916632e-09 	 1.239086e+07 	
2.44944945e+06 	 1.793182e-09 	 1.238933e+07 	
2.44994995e+06 	 1.677013e-09 	 1.238795e+07 	
2.45045045e+06 	 1.567805e-09 	 1.238645e+07 	
2.45095095e+06 	 1.465106e-09 	 1.238517e+07 	
2.45145145e+06 	 1.368727e-09 	 1.238341e+07 	
2.45195195e+06 	 1.278125e-09 	 1.238204e+07 	
2.45245245e+06 	 1.193124e-09 	 1.238037e+07 	
2.45295295e+06 	 1.113347e-09 	 1.237876e+07 	
2.45345345e+06 	 1.038448e-09 	 1.237761e+07 	
2.45395395e+06 	 9.682356e-10 	 1.237637e+07 	
2.45445445e+06 	 9.024859e-10 	 1.237469e+07 	
2.45495495e+06 	 8.408368e-10 	 1.237345e+07 	
2.45545546e+06 	 7.831509e-10 	 1.237172e+07 	
2.45595596e+06 	 7.291361e-10 	 1.237015e+07 	
2.45645646e+06 	 6.785673e-10 	 1.236886e+07 	
2.45695696e+06 	 6.312954e-10 	 1.236724e+07 	
2.45745746e+06 	 5.870704e-10 	 1.236602e+07 	
2.45795796e+06 	 5.457587e-10 	 1.236449e+07 	
2.45845846e+06 	 5.071525e-10 	 1.236319e+07 	
2.45895896e+06 	 4.711074e-10 	 1.236177e+07 	
2.45945946e+06 	 4.374608e-10 	 1.236035e+07 	
2.45995996e+06 	 4.060751e-10 	 1.235870e+07 	
2.46046046e+06 	 3.767834e-10 	 1.235753e+07 	
2.46096096e+06 	 3.494877e-10 	 1.235597e+07 	
2.46146146e+06 	 3.240390e-10 	 1.235472e+07 	
2.46196196e+06 	 3.003380e-10 	 1.235327e+07 	
2.46246246e+06 	 2.782647e-10 	 1.235191e+07 	
2.46296296e+06 	 2.577219e-10 	 1.235041e+07 	
2.46346346e+06 	 2.386026e-10 	 1.234911e+07 	
2.46396396e+06 	 2.208239e-10 	 1.234763e+07 	
2.46446446e+06 	 2.042912e-10 	 1.234632e+07 	
2.46496496e+06 	 1.889292e-10 	 1.234485e+07 	
2.46546547e+06 	 1.746557e-10 	 1.234354e+07 	
2.46596597e+06 	 1.614030e-10 	 1.234209e+07 	
2.46646647e+06 	 1.490994e-10 	 1.234075e+07 	
2.46696697e+06 	 1.376844e-10 	 1.233932e+07 	
2.46746747e+06 	 1.270956e-10 	 1.233798e+07 	
2.46796797e+06 	 1.172786e-10 	 1.233659e+07 	
2.46846847e+06 	 1.081800e-10 	 1.233523e+07 	
2.46896897e+06 	 9.974189e-11 	 1.233466e+07 	
2.46946947e+06 	 9.194499e-11 	 1.233247e+07 	
2.46996997e+06 	 8.471091e-11 	 1.233194e+07 	
2.47047047e+06 	 7.803255e-11 	 1.232969e+07 	
2.47097097e+06 	 7.184083e-11 	 1.232915e+07 	
2.47147147e+06 	 6.612874e-11 	 1.232692e+07 	
2.47197197e+06 	 6.083730e-11 	 1.232639e+07 	
2.47247247e+06 	 5.595938e-11 	 1.232416e+07 	
2.47297297e+06 	 5.144406e-11 	 1.232368e+07 	
2.47347347e+06 	 4.728525e-11 	 1.232141e+07 	
2.47397397e+06 	 4.343837e-11 	 1.232093e+07 	
2.47447447e+06 	 3.989786e-11 	 1.231866e+07 	
2.47497497e+06 	 3.662547e-11 	 1.231819e+07 	
2.47547548e+06 	 3.361605e-11 	 1.231591e+07 	
2.47597598e+06 	 3.083669e-11 	 1.231543e+07 	
2.47647648e+06 	 2.828250e-11 	 1.231316e+07 	
2.47697698e+06 	 2.592542e-11 	 1.231270e+07 	
2.47747748e+06 	 2.376101e-11 	 1.231042e+07 	
2.47797798e+06 	 2.176513e-11 	 1.230997e+07 	
2.47847848e+06 	 1.993375e-11 	 1.230768e+07 	
2.47897898e+06 	 1.824631e-11 	 1.230722e+07 	
2.47947948e+06 	 1.669906e-11 	 1.230494e+07 	
2.47997998e+06 	 1.527452e-11 	 1.230449e+07 	
2.80299745e+06 	 1.000000e-20 	 1.150674e+07 	
3.16808795e+06 	 1.000000e-20 	 1.076979e+07 	
3.58073149e+06 	 1.000000e-20 	 1.008664e+07 	
4.04712188e+06 	 1.000000e-20 	 9.452090e+06 	
4.57425962e+06 	 1.000000e-20 	 8.861708e+06 	
5.17005707e+06 	 1.000000e-20 	 8.311634e+06 	
5.84345716e+06 	 1.000000e-20 	 7.798489e+06 	
6.60456762e+06 	 1.000000e-20 	 7.319290e+06 	
7.46481275e+06 	 1.000000e-20 	 6.871387e+06 	
8.43710483e+06 	 1.000000e-20 	 6.452406e+06 	
9.53603799e+06 	 1.000000e-20 	 6.060212e+06 	
1.07781072e+07 	 1.000000e-20 	 5.692875e+06 	
1.21819560e+07 	 1.000000e-20 	 5.348642e+06 	
1.37686561e+07 	 1.000000e-20 	 5.025914e+06 	
1.55620240e+07 	 1.000000e-20 	 4.723228e+06 	
1.75889781e+07 	 1.000000e-20 	 4.439241e+06 	
1.98799430e+07 	 1.000000e-20 	 4.172718e+06 	
2.24693062e+07 	 1.000000e-20 	 3.922517e+06 	
2.53959339e+07 	 1.000000e-20 	 3.687584e+06 	
2.87037551e+07 	 1.000000e-20 	 3.466942e+06 	
3.24424200e+07 	 1.000000e-20 	 3.259685e+06 	
3.66680462e+07 	 1.000000e-20 	 3.064969e+06 	
4.14440603e+07 	 1.000000e-20 	 2.882009e+06 	
4.68421504e+07 	 1.000000e-20 	 2.710075e+06 	
5.29433418e+07 	 1.000000e-20 	 2.548485e+06 	
5.98392137e+07 	 1.000000e-20 	 2.396602e+06 	
6.76332730e+07 	 1.000000e-20 	 2.253830e+06 	
7.64425088e+07 	 1.000000e-20 	 2.119613e+06 	
8.63991479e+07 	 1.000000e-20 	 1.993429e+06 	
9.76526394e+07 	 1.000000e-20 	 1.874792e+06 	
1.10371899e+08 	 1.000000e-20 	 1.763244e+06 	
1.24747842e+08 	 1.000000e-20 	 1.658356e+06 	
1.40996252e+08 	 1.000000e-20 	 1.559727e+06 	
1.59361018e+08 	 1.000000e-20 	 1.466981e+06 	
1.80117795e+08 	 1.000000e-20 	 1.379763e+06 	
2.03578143e+08 	 1.000000e-20 	 1.297742e+06 	
2.30094202e+08 	 1.000000e-20 	 1.220606e+06 	
2.60063979e+08 	 1.000000e-20 	 1.148062e+06 	
2.93937320e+08 	 1.000000e-20 	 1.079837e+06 	
3.32222664e+08 	 1.000000e-20 	 1.015671e+06 	
3.75494676e+08 	 1.000000e-20 	 9.553230e+05 	
4.24402869e+08 	 1.000000e-20 	 8.985641e+05 	
4.79681355e+08 	 1.000000e-20 	 8.451807e+05 	
5.42159865e+08 	 1.000000e-20 	 7.949713e+05 	
6.12776204e+08 	 1.000000e-20 	 7.477468e+05 	
6.92590322e+08 	 1.000000e-20 	 7.033295e+05 	
7.82800232e+08 	 1.000000e-20 	 6.615521e+05 	
8.84759986e+08 	 1.000000e-20 	 6.222575e+05 	
1.00000000e+09 	 1.000000e-20 	 5.852979e+05 	
