r (cm)        	 rho (g/cm3) 	 T (K)       		 Linf = 3.495337e+38
1.29987867e+06 	 1.044611e+05 	 1.214733e+09 	
1.29994230e+06 	 9.734103e+04 	 1.193270e+09 	
1.30005707e+06 	 8.552103e+04 	 1.154915e+09 	
1.30017184e+06 	 7.492620e+04 	 1.117036e+09 	
1.30028661e+06 	 6.545476e+04 	 1.079647e+09 	
1.30040138e+06 	 5.701085e+04 	 1.042763e+09 	
1.30051616e+06 	 4.950442e+04 	 1.006401e+09 	
1.30062661e+06 	 4.308669e+04 	 9.719116e+08 	
1.30073707e+06 	 3.738863e+04 	 9.379345e+08 	
1.30084753e+06 	 3.234432e+04 	 9.044846e+08 	
1.30095798e+06 	 2.789224e+04 	 8.715771e+08 	
1.30104959e+06 	 2.460794e+04 	 8.447069e+08 	
1.30114120e+06 	 2.166103e+04 	 8.182297e+08 	
1.30123282e+06 	 1.902285e+04 	 7.921548e+08 	
1.30132443e+06 	 1.666657e+04 	 7.664915e+08 	
1.30141604e+06 	 1.456709e+04 	 7.412491e+08 	
1.30150753e+06 	 1.270331e+04 	 7.164697e+08 	
1.30159902e+06 	 1.105061e+04 	 6.921291e+08 	
1.30169051e+06 	 9.588833e+03 	 6.682367e+08 	
1.30176626e+06 	 8.509693e+03 	 6.488016e+08 	
1.30184200e+06 	 7.538737e+03 	 6.296855e+08 	
1.30191775e+06 	 6.666743e+03 	 6.108939e+08 	
1.30199350e+06 	 5.885106e+03 	 5.924318e+08 	
1.30206924e+06 	 5.185805e+03 	 5.743045e+08 	
1.30214499e+06 	 4.561384e+03 	 5.565170e+08 	
1.30222300e+06 	 3.989309e+03 	 5.385595e+08 	
1.30230100e+06 	 3.482318e+03 	 5.209729e+08 	
1.30236501e+06 	 3.110366e+03 	 5.068223e+08 	
1.30242902e+06 	 2.774590e+03 	 4.929274e+08 	
1.30249303e+06 	 2.471914e+03 	 4.792909e+08 	
1.30255704e+06 	 2.199475e+03 	 4.659151e+08 	
1.30262105e+06 	 1.954614e+03 	 4.528025e+08 	
1.30268506e+06 	 1.734864e+03 	 4.399552e+08 	
1.30274907e+06 	 1.537943e+03 	 4.273752e+08 	
1.30281308e+06 	 1.361739e+03 	 4.150644e+08 	
1.30287956e+06 	 1.198572e+03 	 4.025645e+08 	
1.30294605e+06 	 1.053651e+03 	 3.903585e+08 	
1.30300128e+06 	 9.458109e+02 	 3.804432e+08 	
1.30305650e+06 	 8.483211e+02 	 3.707323e+08 	
1.30311173e+06 	 7.602820e+02 	 3.612265e+08 	
1.30316696e+06 	 6.808617e+02 	 3.519261e+08 	
1.30322219e+06 	 6.092912e+02 	 3.428314e+08 	
1.30327742e+06 	 5.448610e+02 	 3.339426e+08 	
1.30333265e+06 	 4.869176e+02 	 3.252597e+08 	
1.30338788e+06 	 4.348596e+02 	 3.167825e+08 	
1.30344311e+06 	 3.881347e+02 	 3.085107e+08 	
1.30349834e+06 	 3.462362e+02 	 3.004438e+08 	
1.30354775e+06 	 3.124631e+02 	 2.934003e+08 	
1.30359716e+06 	 2.818758e+02 	 2.865197e+08 	
1.30364657e+06 	 2.541932e+02 	 2.798014e+08 	
1.30369598e+06 	 2.291562e+02 	 2.732446e+08 	
1.30374539e+06 	 2.065265e+02 	 2.668485e+08 	
1.30379479e+06 	 1.860855e+02 	 2.606120e+08 	
1.30384420e+06 	 1.676323e+02 	 2.545341e+08 	
1.30389361e+06 	 1.509831e+02 	 2.486136e+08 	
1.30394302e+06 	 1.359694e+02 	 2.428490e+08 	
1.30399243e+06 	 1.224374e+02 	 2.372390e+08 	
1.30404184e+06 	 1.102466e+02 	 2.317821e+08 	
1.30409125e+06 	 9.926880e+01 	 2.264767e+08 	
1.30414066e+06 	 8.938718e+01 	 2.213209e+08 	
1.30419007e+06 	 8.049550e+01 	 2.163130e+08 	
1.30423948e+06 	 7.249716e+01 	 2.114510e+08 	
1.30428889e+06 	 6.530443e+01 	 2.067329e+08 	
1.30433830e+06 	 5.883773e+01 	 2.021566e+08 	
1.30438771e+06 	 5.302494e+01 	 1.977199e+08 	
1.30443711e+06 	 4.780077e+01 	 1.934205e+08 	
1.30448919e+06 	 4.286723e+01 	 1.890354e+08 	
1.30454126e+06 	 3.845958e+01 	 1.847975e+08 	
1.30459333e+06 	 3.452190e+01 	 1.807036e+08 	
1.30464540e+06 	 3.100400e+01 	 1.767509e+08 	
1.30469747e+06 	 2.786089e+01 	 1.729361e+08 	
1.30474954e+06 	 2.505229e+01 	 1.692563e+08 	
1.30480161e+06 	 2.254218e+01 	 1.657082e+08 	
1.30485368e+06 	 2.029831e+01 	 1.622886e+08 	
1.30490575e+06 	 1.829189e+01 	 1.589942e+08 	
1.30495782e+06 	 1.649721e+01 	 1.558217e+08 	
1.30500990e+06 	 1.489133e+01 	 1.527678e+08 	
1.30506197e+06 	 1.345377e+01 	 1.498292e+08 	
1.30511404e+06 	 1.216629e+01 	 1.470024e+08 	
1.30516611e+06 	 1.101263e+01 	 1.442842e+08 	
1.30521818e+06 	 9.978301e+00 	 1.416713e+08 	
1.30527025e+06 	 9.050399e+00 	 1.391602e+08 	
1.30532232e+06 	 8.217439e+00 	 1.367478e+08 	
1.30537439e+06 	 7.469199e+00 	 1.344306e+08 	
1.30542646e+06 	 6.796576e+00 	 1.322056e+08 	
1.30549398e+06 	 6.023856e+00 	 1.294523e+08 	
1.30556150e+06 	 5.349285e+00 	 1.268416e+08 	
1.30562902e+06 	 4.759571e+00 	 1.243668e+08 	
1.30569654e+06 	 4.243284e+00 	 1.220213e+08 	
1.30576406e+06 	 3.790595e+00 	 1.197989e+08 	
1.30583158e+06 	 3.393045e+00 	 1.176932e+08 	
1.30589910e+06 	 3.043354e+00 	 1.156983e+08 	
1.30596662e+06 	 2.735251e+00 	 1.138086e+08 	
1.30603414e+06 	 2.463331e+00 	 1.120183e+08 	
1.30610166e+06 	 2.222934e+00 	 1.103222e+08 	
1.30616918e+06 	 2.010035e+00 	 1.087151e+08 	
1.30623670e+06 	 1.821156e+00 	 1.071923e+08 	
1.30630422e+06 	 1.653292e+00 	 1.057489e+08 	
1.30637174e+06 	 1.503839e+00 	 1.043806e+08 	
1.30643926e+06 	 1.370540e+00 	 1.030832e+08 	
1.30652582e+06 	 1.220166e+00 	 1.015170e+08 	
1.30661239e+06 	 1.089628e+00 	 1.000527e+08 	
1.30669895e+06 	 9.759784e-01 	 9.868280e+07 	
1.30678552e+06 	 8.767467e-01 	 9.740050e+07 	
1.30687208e+06 	 7.898560e-01 	 9.619935e+07 	
1.30695865e+06 	 7.135568e-01 	 9.507339e+07 	
1.30704522e+06 	 6.463716e-01 	 9.401710e+07 	
1.30715513e+06 	 5.722539e-01 	 9.276835e+07 	
1.30726505e+06 	 5.087002e-01 	 9.161419e+07 	
1.30737496e+06 	 4.539754e-01 	 9.054602e+07 	
1.30748488e+06 	 4.066601e-01 	 8.955605e+07 	
1.30759479e+06 	 3.655884e-01 	 8.863723e+07 	
1.30770471e+06 	 3.297991e-01 	 8.778324e+07 	
1.30784469e+06 	 2.906260e-01 	 8.678054e+07 	
1.30798467e+06 	 2.574052e-01 	 8.586324e+07 	
1.30812465e+06 	 2.290752e-01 	 8.502212e+07 	
1.30826463e+06 	 2.047872e-01 	 8.424907e+07 	
1.30840461e+06 	 1.838586e-01 	 8.353700e+07 	
1.30854459e+06 	 1.657373e-01 	 8.287964e+07 	
1.30874605e+06 	 1.436988e-01 	 8.201861e+07 	
1.30894752e+06 	 1.255053e-01 	 8.124545e+07 	
1.30914898e+06 	 1.103587e-01 	 8.054828e+07 	
1.30935045e+06 	 9.764901e-02 	 7.991713e+07 	
1.30959167e+06 	 8.498421e-02 	 7.923652e+07 	
1.30983290e+06 	 7.452680e-02 	 7.862644e+07 	
1.31007413e+06 	 6.581361e-02 	 7.807689e+07 	
1.31031535e+06 	 5.849279e-02 	 7.757957e+07 	
1.31066887e+06 	 4.973074e-02 	 7.693098e+07 	
1.31102238e+06 	 4.276126e-02 	 7.636229e+07 	
1.31137590e+06 	 3.714149e-02 	 7.585969e+07 	
1.31185625e+06 	 3.111326e-02 	 7.526343e+07 	
1.31233660e+06 	 2.644599e-02 	 7.474815e+07 	
1.31281695e+06 	 2.276767e-02 	 7.429800e+07 	
1.31351663e+06 	 1.867142e-02 	 7.373458e+07 	
1.31421630e+06 	 1.562385e-02 	 7.325673e+07 	
1.31491597e+06 	 1.330002e-02 	 7.284504e+07 	
1.31571885e+06 	 1.125765e-02 	 7.243616e+07 	
1.31652173e+06 	 9.687955e-03 	 7.208063e+07 	
1.31732462e+06 	 8.456586e-03 	 7.176729e+07 	
1.31856813e+06 	 7.015939e-03 	 7.134661e+07 	
1.31981165e+06 	 5.963093e-03 	 7.098593e+07 	
1.32125357e+06 	 5.062403e-03 	 7.062362e+07 	
1.32269549e+06 	 4.393019e-03 	 7.030661e+07 	
1.32413742e+06 	 3.881873e-03 	 7.002417e+07 	
1.32640435e+06 	 3.292274e-03 	 6.963246e+07 	
1.32783164e+06 	 3.013691e-03 	 6.941099e+07 	
1.33065452e+06 	 2.600979e-03 	 6.901515e+07 	
1.33300231e+06 	 2.353183e-03 	 6.871824e+07 	
1.33663711e+06 	 2.077347e-03 	 6.829983e+07 	
1.34027190e+06 	 1.885325e-03 	 6.791749e+07 	
1.34390670e+06 	 1.746113e-03 	 6.756079e+07 	
1.34985952e+06 	 1.588092e-03 	 6.701515e+07 	
1.35267576e+06 	 1.533067e-03 	 6.676923e+07 	
1.36007290e+06 	 1.425147e-03 	 6.614947e+07 	
1.36528294e+06 	 1.369752e-03 	 6.572997e+07 	
1.37544174e+06 	 1.288823e-03 	 6.494019e+07 	
1.38190272e+06 	 1.248371e-03 	 6.445267e+07 	
1.39659246e+06 	 1.172728e-03 	 6.337672e+07 	
1.40502679e+06 	 1.135223e-03 	 6.277615e+07 	
1.41333333e+06 	 1.100908e-03 	 6.219561e+07 	
1.43333333e+06 	 1.025272e-03 	 6.083844e+07 	
1.44666667e+06 	 9.791231e-04 	 5.996367e+07 	
1.46666667e+06 	 9.148966e-04 	 5.869359e+07 	
1.48000000e+06 	 8.750667e-04 	 5.787364e+07 	
1.50000000e+06 	 8.193555e-04 	 5.668187e+07 	
1.51333333e+06 	 7.846969e-04 	 5.591172e+07 	
1.53333333e+06 	 7.360645e-04 	 5.479125e+07 	
1.54666667e+06 	 7.057373e-04 	 5.406652e+07 	
1.56666667e+06 	 6.631293e-04 	 5.301128e+07 	
1.58666667e+06 	 6.236866e-04 	 5.199251e+07 	
1.60000000e+06 	 5.990206e-04 	 5.133270e+07 	
1.62000000e+06 	 5.642726e-04 	 5.037077e+07 	
1.63333333e+06 	 5.425030e-04 	 4.974730e+07 	
1.65333333e+06 	 5.118029e-04 	 4.883769e+07 	
1.67333333e+06 	 4.832237e-04 	 4.795745e+07 	
1.69333333e+06 	 4.566218e-04 	 4.710525e+07 	
1.70666667e+06 	 4.399165e-04 	 4.655208e+07 	
1.72666667e+06 	 4.162337e-04 	 4.574375e+07 	
1.74666667e+06 	 3.941407e-04 	 4.496022e+07 	
1.76000000e+06 	 3.802220e-04 	 4.445107e+07 	
1.78000000e+06 	 3.604751e-04 	 4.370640e+07 	
1.80000000e+06 	 3.419795e-04 	 4.298368e+07 	
1.82000000e+06 	 3.246599e-04 	 4.228202e+07 	
1.84000000e+06 	 3.084248e-04 	 4.160052e+07 	
1.86000000e+06 	 2.931964e-04 	 4.093835e+07 	
1.88000000e+06 	 2.788912e-04 	 4.029471e+07 	
1.90000000e+06 	 2.654408e-04 	 3.966883e+07 	
1.92000000e+06 	 2.527917e-04 	 3.906003e+07 	
1.94000000e+06 	 2.408875e-04 	 3.846764e+07 	
1.96000000e+06 	 2.296725e-04 	 3.789101e+07 	
1.98000000e+06 	 2.190978e-04 	 3.732952e+07 	
2.00000000e+06 	 2.091232e-04 	 3.678261e+07 	
2.02000000e+06 	 1.997075e-04 	 3.624974e+07 	
2.04000000e+06 	 1.908129e-04 	 3.573037e+07 	
2.06000000e+06 	 1.824059e-04 	 3.522403e+07 	
2.08000000e+06 	 1.744553e-04 	 3.473023e+07 	
2.10000000e+06 	 1.669298e-04 	 3.424853e+07 	
2.12000000e+06 	 1.598026e-04 	 3.377850e+07 	
2.14000000e+06 	 1.530493e-04 	 3.331972e+07 	
2.16000000e+06 	 1.466455e-04 	 3.287181e+07 	
2.18000000e+06 	 1.405716e-04 	 3.243440e+07 	
2.20000000e+06 	 1.348063e-04 	 3.200713e+07 	
2.22000000e+06 	 1.293297e-04 	 3.158966e+07 	
2.24000000e+06 	 1.241264e-04 	 3.118167e+07 	
2.26000000e+06 	 1.191804e-04 	 3.078284e+07 	
2.28000000e+06 	 1.144750e-04 	 3.039288e+07 	
2.30000000e+06 	 1.099973e-04 	 3.001151e+07 	
2.32000000e+06 	 1.057343e-04 	 2.963844e+07 	
2.34000000e+06 	 1.016730e-04 	 2.927342e+07 	
2.36000000e+06 	 9.780230e-05 	 2.891620e+07 	
2.38000000e+06 	 9.411199e-05 	 2.856653e+07 	
2.40000000e+06 	 9.059219e-05 	 2.822420e+07 	
2.42000000e+06 	 8.723301e-05 	 2.788896e+07 	
2.44000000e+06 	 8.402564e-05 	 2.756061e+07 	
2.46000000e+06 	 8.096201e-05 	 2.723895e+07 	
2.48000000e+06 	 7.803477e-05 	 2.692378e+07 	
2.50000000e+06 	 7.523606e-05 	 2.661490e+07 	
2.52000000e+06 	 7.255987e-05 	 2.631214e+07 	
2.54000000e+06 	 6.999971e-05 	 2.601533e+07 	
2.56000000e+06 	 6.754951e-05 	 2.572429e+07 	
2.58000000e+06 	 6.520309e-05 	 2.543885e+07 	
2.60000000e+06 	 6.295593e-05 	 2.515888e+07 	
2.62000000e+06 	 6.080304e-05 	 2.488421e+07 	
2.64000000e+06 	 5.873916e-05 	 2.461469e+07 	
2.66000000e+06 	 5.676027e-05 	 2.435019e+07 	
2.68000000e+06 	 5.486248e-05 	 2.409058e+07 	
2.70000000e+06 	 5.304110e-05 	 2.383572e+07 	
2.72000000e+06 	 5.129305e-05 	 2.358549e+07 	
2.74000000e+06 	 4.961483e-05 	 2.333976e+07 	
2.76000000e+06 	 4.800265e-05 	 2.309842e+07 	
2.78000000e+06 	 4.645400e-05 	 2.286136e+07 	
2.80000000e+06 	 4.496524e-05 	 2.262846e+07 	
2.82000000e+06 	 4.353411e-05 	 2.239962e+07 	
2.84000000e+06 	 4.215799e-05 	 2.217474e+07 	
2.86000000e+06 	 4.083395e-05 	 2.195372e+07 	
2.88000000e+06 	 3.955997e-05 	 2.173646e+07 	
2.90000000e+06 	 3.833378e-05 	 2.152287e+07 	
2.92000000e+06 	 3.715305e-05 	 2.131286e+07 	
2.94000000e+06 	 3.601600e-05 	 2.110634e+07 	
2.96000000e+06 	 3.492043e-05 	 2.090323e+07 	
2.98000000e+06 	 3.386478e-05 	 2.070346e+07 	
3.00000000e+06 	 3.284728e-05 	 2.050693e+07 	
3.02000000e+06 	 3.186615e-05 	 2.031357e+07 	
3.04000000e+06 	 3.092002e-05 	 2.012332e+07 	
3.06000000e+06 	 3.000725e-05 	 1.993609e+07 	
3.08000000e+06 	 2.912647e-05 	 1.975181e+07 	
3.10000000e+06 	 2.827642e-05 	 1.957043e+07 	
3.12000000e+06 	 2.745566e-05 	 1.939187e+07 	
3.14000000e+06 	 2.666314e-05 	 1.921608e+07 	
3.16000000e+06 	 2.589770e-05 	 1.904298e+07 	
3.18000000e+06 	 2.515815e-05 	 1.887252e+07 	
3.20000000e+06 	 2.444346e-05 	 1.870465e+07 	
3.22000000e+06 	 2.375268e-05 	 1.853930e+07 	
3.24000000e+06 	 2.308477e-05 	 1.837641e+07 	
3.26000000e+06 	 2.243891e-05 	 1.821595e+07 	
3.28000000e+06 	 2.181421e-05 	 1.805785e+07 	
3.30000000e+06 	 2.120983e-05 	 1.790206e+07 	
3.32000000e+06 	 2.062497e-05 	 1.774854e+07 	
3.34000000e+06 	 2.005885e-05 	 1.759724e+07 	
3.36000000e+06 	 1.951079e-05 	 1.744811e+07 	
3.38000000e+06 	 1.898010e-05 	 1.730110e+07 	
3.40000000e+06 	 1.846608e-05 	 1.715618e+07 	
3.42000000e+06 	 1.796815e-05 	 1.701330e+07 	
3.44000000e+06 	 1.748570e-05 	 1.687242e+07 	
3.46000000e+06 	 1.701814e-05 	 1.673350e+07 	
3.48000000e+06 	 1.656490e-05 	 1.659649e+07 	
3.50000000e+06 	 1.612549e-05 	 1.646137e+07 	
3.52000000e+06 	 1.569937e-05 	 1.632809e+07 	
3.54000000e+06 	 1.528607e-05 	 1.619662e+07 	
3.56000000e+06 	 1.488514e-05 	 1.606692e+07 	
3.58000000e+06 	 1.449611e-05 	 1.593895e+07 	
3.60000000e+06 	 1.411857e-05 	 1.581270e+07 	
3.62000000e+06 	 1.375210e-05 	 1.568811e+07 	
3.64000000e+06 	 1.339633e-05 	 1.556516e+07 	
3.66000000e+06 	 1.305086e-05 	 1.544382e+07 	
3.68000000e+06 	 1.271533e-05 	 1.532406e+07 	
3.70000000e+06 	 1.238941e-05 	 1.520585e+07 	
3.72000000e+06 	 1.207275e-05 	 1.508916e+07 	
3.74000000e+06 	 1.176504e-05 	 1.497396e+07 	
3.76000000e+06 	 1.146598e-05 	 1.486022e+07 	
3.78000000e+06 	 1.117527e-05 	 1.474792e+07 	
3.80000000e+06 	 1.089263e-05 	 1.463703e+07 	
3.82000000e+06 	 1.061778e-05 	 1.452753e+07 	
3.84000000e+06 	 1.035046e-05 	 1.441939e+07 	
3.86000000e+06 	 1.009042e-05 	 1.431258e+07 	
3.88000000e+06 	 9.837428e-06 	 1.420709e+07 	
3.90000000e+06 	 9.591243e-06 	 1.410289e+07 	
3.92000000e+06 	 9.351639e-06 	 1.399995e+07 	
3.94000000e+06 	 9.118409e-06 	 1.389826e+07 	
3.96000000e+06 	 8.891333e-06 	 1.379779e+07 	
4.00000000e+06 	 8.454884e-06 	 1.360044e+07 	
4.00050050e+06 	 8.449568e-06 	 1.359800e+07 	
4.00100100e+06 	 8.444255e-06 	 1.359556e+07 	
4.00150150e+06 	 8.438945e-06 	 1.359313e+07 	
4.00200200e+06 	 8.433639e-06 	 1.359069e+07 	
4.00250250e+06 	 8.428337e-06 	 1.358825e+07 	
4.00300300e+06 	 8.423038e-06 	 1.358582e+07 	
4.00350350e+06 	 8.417742e-06 	 1.358338e+07 	
4.00400400e+06 	 8.412450e-06 	 1.358095e+07 	
4.00450450e+06 	 8.407161e-06 	 1.357851e+07 	
4.00500501e+06 	 8.401876e-06 	 1.357608e+07 	
4.00550551e+06 	 8.396595e-06 	 1.357365e+07 	
4.00600601e+06 	 8.391317e-06 	 1.357122e+07 	
4.00650651e+06 	 8.386042e-06 	 1.356878e+07 	
4.00700701e+06 	 8.380771e-06 	 1.356635e+07 	
4.00750751e+06 	 8.375503e-06 	 1.356393e+07 	
4.00800801e+06 	 8.370238e-06 	 1.356150e+07 	
4.00850851e+06 	 8.364978e-06 	 1.355907e+07 	
4.00900901e+06 	 8.359720e-06 	 1.355664e+07 	
4.00950951e+06 	 8.354466e-06 	 1.355421e+07 	
4.01001001e+06 	 8.349216e-06 	 1.355179e+07 	
4.01051051e+06 	 8.343969e-06 	 1.354936e+07 	
4.01101101e+06 	 8.338725e-06 	 1.354694e+07 	
4.01151151e+06 	 8.333485e-06 	 1.354452e+07 	
4.01201201e+06 	 8.328248e-06 	 1.354209e+07 	
4.01251251e+06 	 8.323014e-06 	 1.353967e+07 	
4.01301301e+06 	 8.317785e-06 	 1.353725e+07 	
4.01351351e+06 	 8.312558e-06 	 1.353483e+07 	
4.01401401e+06 	 8.307335e-06 	 1.353241e+07 	
4.01451451e+06 	 8.302115e-06 	 1.352999e+07 	
4.01501502e+06 	 8.296899e-06 	 1.352757e+07 	
4.01551552e+06 	 8.291686e-06 	 1.352515e+07 	
4.01601602e+06 	 8.286477e-06 	 1.352274e+07 	
4.01651652e+06 	 8.281271e-06 	 1.352032e+07 	
4.01701702e+06 	 8.276068e-06 	 1.351790e+07 	
4.01751752e+06 	 8.270869e-06 	 1.351549e+07 	
4.01801802e+06 	 8.265673e-06 	 1.351307e+07 	
4.01851852e+06 	 8.260480e-06 	 1.351066e+07 	
4.01901902e+06 	 8.255291e-06 	 1.350825e+07 	
4.01951952e+06 	 8.250106e-06 	 1.350584e+07 	
4.02002002e+06 	 8.244923e-06 	 1.350342e+07 	
4.02052052e+06 	 8.239745e-06 	 1.350101e+07 	
4.02102102e+06 	 8.234569e-06 	 1.349860e+07 	
4.02152152e+06 	 8.229397e-06 	 1.349619e+07 	
4.02202202e+06 	 8.224228e-06 	 1.349379e+07 	
4.02252252e+06 	 8.219063e-06 	 1.349138e+07 	
4.02302302e+06 	 8.213901e-06 	 1.348897e+07 	
4.02352352e+06 	 8.208742e-06 	 1.348656e+07 	
4.02402402e+06 	 8.203587e-06 	 1.348416e+07 	
4.02452452e+06 	 8.198435e-06 	 1.348175e+07 	
4.02502503e+06 	 8.193287e-06 	 1.347935e+07 	
4.02552553e+06 	 8.188141e-06 	 1.347695e+07 	
4.02602603e+06 	 8.183000e-06 	 1.347454e+07 	
4.02652653e+06 	 8.177861e-06 	 1.347214e+07 	
4.02702703e+06 	 8.172726e-06 	 1.346974e+07 	
4.02752753e+06 	 8.167594e-06 	 1.346734e+07 	
4.02802803e+06 	 8.162466e-06 	 1.346494e+07 	
4.02852853e+06 	 8.157341e-06 	 1.346254e+07 	
4.02902903e+06 	 8.152219e-06 	 1.346014e+07 	
4.02952953e+06 	 8.147101e-06 	 1.345774e+07 	
4.03003003e+06 	 8.141985e-06 	 1.345535e+07 	
4.03053053e+06 	 8.136874e-06 	 1.345295e+07 	
4.03103103e+06 	 8.131765e-06 	 1.345055e+07 	
4.03153153e+06 	 8.126660e-06 	 1.344816e+07 	
4.03203203e+06 	 8.121558e-06 	 1.344576e+07 	
4.03253253e+06 	 8.116460e-06 	 1.344337e+07 	
4.03303303e+06 	 8.111365e-06 	 1.344098e+07 	
4.03353353e+06 	 8.106273e-06 	 1.343858e+07 	
4.03403403e+06 	 8.101185e-06 	 1.343619e+07 	
4.03453453e+06 	 8.096099e-06 	 1.343380e+07 	
4.03503504e+06 	 8.091018e-06 	 1.343141e+07 	
4.03553554e+06 	 8.085939e-06 	 1.342902e+07 	
4.03603604e+06 	 8.080864e-06 	 1.342663e+07 	
4.03653654e+06 	 8.075792e-06 	 1.342425e+07 	
4.03703704e+06 	 8.070723e-06 	 1.342186e+07 	
4.03753754e+06 	 8.065658e-06 	 1.341947e+07 	
4.03803804e+06 	 8.060596e-06 	 1.341709e+07 	
4.03853854e+06 	 8.055537e-06 	 1.341470e+07 	
4.03903904e+06 	 8.050481e-06 	 1.341232e+07 	
4.03953954e+06 	 8.045429e-06 	 1.340993e+07 	
4.04004004e+06 	 8.040380e-06 	 1.340755e+07 	
4.04054054e+06 	 8.035335e-06 	 1.340517e+07 	
4.04104104e+06 	 8.030292e-06 	 1.340279e+07 	
4.04154154e+06 	 8.025253e-06 	 1.340040e+07 	
4.04204204e+06 	 8.020217e-06 	 1.339802e+07 	
4.04254254e+06 	 8.015185e-06 	 1.339564e+07 	
4.04304304e+06 	 8.010155e-06 	 1.339327e+07 	
4.04354354e+06 	 8.005129e-06 	 1.339089e+07 	
4.04404404e+06 	 8.000106e-06 	 1.338851e+07 	
4.04454454e+06 	 7.995087e-06 	 1.338613e+07 	
4.04504505e+06 	 7.990071e-06 	 1.338376e+07 	
4.04554555e+06 	 7.985058e-06 	 1.338138e+07 	
4.04604605e+06 	 7.980048e-06 	 1.337901e+07 	
4.04654655e+06 	 7.975041e-06 	 1.337663e+07 	
4.04704705e+06 	 7.970038e-06 	 1.337426e+07 	
4.04754755e+06 	 7.965038e-06 	 1.337189e+07 	
4.04804805e+06 	 7.960041e-06 	 1.336952e+07 	
4.04854855e+06 	 7.955048e-06 	 1.336714e+07 	
4.04904905e+06 	 7.950057e-06 	 1.336477e+07 	
4.04954955e+06 	 7.945070e-06 	 1.336240e+07 	
4.05005005e+06 	 7.940086e-06 	 1.336004e+07 	
4.05055055e+06 	 7.935106e-06 	 1.335767e+07 	
4.05105105e+06 	 7.930129e-06 	 1.335530e+07 	
4.05155155e+06 	 7.925154e-06 	 1.335293e+07 	
4.05205205e+06 	 7.920184e-06 	 1.335057e+07 	
4.05255255e+06 	 7.915216e-06 	 1.334820e+07 	
4.05305305e+06 	 7.910251e-06 	 1.334584e+07 	
4.05355355e+06 	 7.905290e-06 	 1.334347e+07 	
4.05405405e+06 	 7.900332e-06 	 1.334111e+07 	
4.05455455e+06 	 7.895377e-06 	 1.333875e+07 	
4.05505506e+06 	 7.890426e-06 	 1.333638e+07 	
4.05555556e+06 	 7.885477e-06 	 1.333402e+07 	
4.05605606e+06 	 7.880532e-06 	 1.333166e+07 	
4.05655656e+06 	 7.875590e-06 	 1.332930e+07 	
4.05705706e+06 	 7.870651e-06 	 1.332694e+07 	
4.05755756e+06 	 7.865715e-06 	 1.332458e+07 	
4.05805806e+06 	 7.860783e-06 	 1.332223e+07 	
4.05855856e+06 	 7.855853e-06 	 1.331987e+07 	
4.05905906e+06 	 7.850927e-06 	 1.331751e+07 	
4.05955956e+06 	 7.846004e-06 	 1.331516e+07 	
4.06006006e+06 	 7.841084e-06 	 1.331280e+07 	
4.06056056e+06 	 7.836167e-06 	 1.331045e+07 	
4.06106106e+06 	 7.831254e-06 	 1.330809e+07 	
4.06156156e+06 	 7.826343e-06 	 1.330574e+07 	
4.06206206e+06 	 7.821436e-06 	 1.330339e+07 	
4.06256256e+06 	 7.816532e-06 	 1.330103e+07 	
4.06306306e+06 	 7.811631e-06 	 1.329868e+07 	
4.06356356e+06 	 7.806734e-06 	 1.329633e+07 	
4.06406406e+06 	 7.801839e-06 	 1.329398e+07 	
4.06456456e+06 	 7.796948e-06 	 1.329163e+07 	
4.06506507e+06 	 7.792059e-06 	 1.328929e+07 	
4.06556557e+06 	 7.787174e-06 	 1.328694e+07 	
4.06606607e+06 	 7.782292e-06 	 1.328459e+07 	
4.06656657e+06 	 7.777413e-06 	 1.328225e+07 	
4.06706707e+06 	 7.772538e-06 	 1.327990e+07 	
4.06756757e+06 	 7.767665e-06 	 1.327756e+07 	
4.06806807e+06 	 7.762796e-06 	 1.327521e+07 	
4.06856857e+06 	 7.757929e-06 	 1.327287e+07 	
4.06906907e+06 	 7.753066e-06 	 1.327053e+07 	
4.06956957e+06 	 7.748206e-06 	 1.326818e+07 	
4.07007007e+06 	 7.743349e-06 	 1.326584e+07 	
4.07057057e+06 	 7.738495e-06 	 1.326350e+07 	
4.07107107e+06 	 7.733644e-06 	 1.326116e+07 	
4.07157157e+06 	 7.728797e-06 	 1.325882e+07 	
4.07207207e+06 	 7.723952e-06 	 1.325648e+07 	
4.07257257e+06 	 7.719111e-06 	 1.325414e+07 	
4.07307307e+06 	 7.714273e-06 	 1.325181e+07 	
4.07357357e+06 	 7.709438e-06 	 1.324947e+07 	
4.07407407e+06 	 7.704606e-06 	 1.324713e+07 	
4.07457457e+06 	 7.699777e-06 	 1.324480e+07 	
4.07507508e+06 	 7.694951e-06 	 1.324247e+07 	
4.07557558e+06 	 7.690128e-06 	 1.324013e+07 	
4.07607608e+06 	 7.685308e-06 	 1.323780e+07 	
4.07657658e+06 	 7.680492e-06 	 1.323547e+07 	
4.07707708e+06 	 7.675678e-06 	 1.323313e+07 	
4.07757758e+06 	 7.670868e-06 	 1.323080e+07 	
4.07807808e+06 	 7.666061e-06 	 1.322847e+07 	
4.07857858e+06 	 7.661256e-06 	 1.322614e+07 	
4.07907908e+06 	 7.656455e-06 	 1.322381e+07 	
4.07957958e+06 	 7.651657e-06 	 1.322148e+07 	
4.08008008e+06 	 7.646862e-06 	 1.321916e+07 	
4.08058058e+06 	 7.642070e-06 	 1.321683e+07 	
4.08108108e+06 	 7.637282e-06 	 1.321450e+07 	
4.08158158e+06 	 7.632496e-06 	 1.321218e+07 	
4.08208208e+06 	 7.627713e-06 	 1.320985e+07 	
4.08258258e+06 	 7.622934e-06 	 1.320753e+07 	
4.08308308e+06 	 7.618157e-06 	 1.320520e+07 	
4.08358358e+06 	 7.613383e-06 	 1.320288e+07 	
4.08408408e+06 	 7.608613e-06 	 1.320056e+07 	
4.08458458e+06 	 7.603846e-06 	 1.319824e+07 	
4.08508509e+06 	 7.599081e-06 	 1.319592e+07 	
4.08558559e+06 	 7.594320e-06 	 1.319360e+07 	
4.08608609e+06 	 7.589562e-06 	 1.319128e+07 	
4.08658659e+06 	 7.584807e-06 	 1.318896e+07 	
4.08708709e+06 	 7.580054e-06 	 1.318664e+07 	
4.08758759e+06 	 7.575305e-06 	 1.318432e+07 	
4.08808809e+06 	 7.570559e-06 	 1.318200e+07 	
4.08858859e+06 	 7.565816e-06 	 1.317969e+07 	
4.08908909e+06 	 7.561076e-06 	 1.317737e+07 	
4.08958959e+06 	 7.556339e-06 	 1.317506e+07 	
4.09009009e+06 	 7.551605e-06 	 1.317274e+07 	
4.09059059e+06 	 7.546874e-06 	 1.317043e+07 	
4.09109109e+06 	 7.542146e-06 	 1.316812e+07 	
4.09159159e+06 	 7.537422e-06 	 1.316581e+07 	
4.09209209e+06 	 7.532700e-06 	 1.316349e+07 	
4.09259259e+06 	 7.527981e-06 	 1.316118e+07 	
4.09309309e+06 	 7.523265e-06 	 1.315887e+07 	
4.09359359e+06 	 7.518552e-06 	 1.315656e+07 	
4.09409409e+06 	 7.513843e-06 	 1.315425e+07 	
4.09459459e+06 	 7.509136e-06 	 1.315195e+07 	
4.09509510e+06 	 7.504432e-06 	 1.314964e+07 	
4.09559560e+06 	 7.499731e-06 	 1.314733e+07 	
4.09609610e+06 	 7.495033e-06 	 1.314503e+07 	
4.09659660e+06 	 7.490339e-06 	 1.314272e+07 	
4.09709710e+06 	 7.485647e-06 	 1.314042e+07 	
4.09759760e+06 	 7.480958e-06 	 1.313811e+07 	
4.09809810e+06 	 7.476272e-06 	 1.313581e+07 	
4.09859860e+06 	 7.471590e-06 	 1.313350e+07 	
4.09909910e+06 	 7.466910e-06 	 1.313120e+07 	
4.09959960e+06 	 7.462233e-06 	 1.312890e+07 	
4.10010010e+06 	 7.457559e-06 	 1.312660e+07 	
4.10060060e+06 	 7.452888e-06 	 1.312430e+07 	
4.10110110e+06 	 7.448220e-06 	 1.312200e+07 	
4.10160160e+06 	 7.443555e-06 	 1.311970e+07 	
4.10210210e+06 	 7.438893e-06 	 1.311740e+07 	
4.10260260e+06 	 7.434235e-06 	 1.311511e+07 	
4.10310310e+06 	 7.429579e-06 	 1.311281e+07 	
4.10360360e+06 	 7.424925e-06 	 1.311051e+07 	
4.10410410e+06 	 7.420275e-06 	 1.310822e+07 	
4.10460460e+06 	 7.415628e-06 	 1.310592e+07 	
4.10510511e+06 	 7.410984e-06 	 1.310363e+07 	
4.10560561e+06 	 7.406343e-06 	 1.310134e+07 	
4.10610611e+06 	 7.401705e-06 	 1.309904e+07 	
4.10660661e+06 	 7.397069e-06 	 1.309675e+07 	
4.10710711e+06 	 7.392437e-06 	 1.309446e+07 	
4.10760761e+06 	 7.387808e-06 	 1.309217e+07 	
4.10810811e+06 	 7.383181e-06 	 1.308988e+07 	
4.10860861e+06 	 7.378558e-06 	 1.308759e+07 	
4.10910911e+06 	 7.373937e-06 	 1.308530e+07 	
4.10960961e+06 	 7.369320e-06 	 1.308301e+07 	
4.11011011e+06 	 7.364705e-06 	 1.308072e+07 	
4.11061061e+06 	 7.360093e-06 	 1.307844e+07 	
4.11111111e+06 	 7.355484e-06 	 1.307615e+07 	
4.11161161e+06 	 7.350879e-06 	 1.307387e+07 	
4.11211211e+06 	 7.346276e-06 	 1.307158e+07 	
4.11261261e+06 	 7.341676e-06 	 1.306930e+07 	
4.11311311e+06 	 7.337078e-06 	 1.306701e+07 	
4.11361361e+06 	 7.332484e-06 	 1.306473e+07 	
4.11411411e+06 	 7.327893e-06 	 1.306245e+07 	
4.11461461e+06 	 7.323305e-06 	 1.306017e+07 	
4.11511512e+06 	 7.318719e-06 	 1.305789e+07 	
4.11561562e+06 	 7.314137e-06 	 1.305561e+07 	
4.11611612e+06 	 7.309557e-06 	 1.305333e+07 	
4.11661662e+06 	 7.304980e-06 	 1.305105e+07 	
4.11711712e+06 	 7.300406e-06 	 1.304877e+07 	
4.11761762e+06 	 7.295835e-06 	 1.304649e+07 	
4.11811812e+06 	 7.291267e-06 	 1.304421e+07 	
4.11861862e+06 	 7.286702e-06 	 1.304194e+07 	
4.11911912e+06 	 7.282140e-06 	 1.303966e+07 	
4.11961962e+06 	 7.277581e-06 	 1.303739e+07 	
4.12012012e+06 	 7.273024e-06 	 1.303511e+07 	
4.12062062e+06 	 7.268471e-06 	 1.303284e+07 	
4.12112112e+06 	 7.263920e-06 	 1.303057e+07 	
4.12162162e+06 	 7.259372e-06 	 1.302830e+07 	
4.12212212e+06 	 7.254827e-06 	 1.302602e+07 	
4.12262262e+06 	 7.250285e-06 	 1.302375e+07 	
4.12312312e+06 	 7.245746e-06 	 1.302148e+07 	
4.12362362e+06 	 7.241210e-06 	 1.301921e+07 	
4.12412412e+06 	 7.236676e-06 	 1.301694e+07 	
4.12462462e+06 	 7.232146e-06 	 1.301468e+07 	
4.12512513e+06 	 7.227618e-06 	 1.301241e+07 	
4.12562563e+06 	 7.223093e-06 	 1.301014e+07 	
4.12612613e+06 	 7.218571e-06 	 1.300787e+07 	
4.12662663e+06 	 7.214052e-06 	 1.300561e+07 	
4.12712713e+06 	 7.209536e-06 	 1.300334e+07 	
4.12762763e+06 	 7.205022e-06 	 1.300108e+07 	
4.12812813e+06 	 7.200512e-06 	 1.299881e+07 	
4.12862863e+06 	 7.196004e-06 	 1.299655e+07 	
4.12912913e+06 	 7.191499e-06 	 1.299429e+07 	
4.12962963e+06 	 7.186997e-06 	 1.299203e+07 	
4.13013013e+06 	 7.182498e-06 	 1.298977e+07 	
4.13063063e+06 	 7.178002e-06 	 1.298751e+07 	
4.13113113e+06 	 7.173508e-06 	 1.298525e+07 	
4.13163163e+06 	 7.169017e-06 	 1.298299e+07 	
4.13213213e+06 	 7.164530e-06 	 1.298073e+07 	
4.13263263e+06 	 7.160045e-06 	 1.297847e+07 	
4.13313313e+06 	 7.155562e-06 	 1.297621e+07 	
4.13363363e+06 	 7.151083e-06 	 1.297396e+07 	
4.13413413e+06 	 7.146606e-06 	 1.297170e+07 	
4.13463463e+06 	 7.142133e-06 	 1.296945e+07 	
4.13513514e+06 	 7.137662e-06 	 1.296719e+07 	
4.13563564e+06 	 7.133194e-06 	 1.296494e+07 	
4.13613614e+06 	 7.128729e-06 	 1.296268e+07 	
4.13663664e+06 	 7.124266e-06 	 1.296043e+07 	
4.13713714e+06 	 7.119806e-06 	 1.295818e+07 	
4.13763764e+06 	 7.115350e-06 	 1.295593e+07 	
4.13813814e+06 	 7.110896e-06 	 1.295368e+07 	
4.13863864e+06 	 7.106444e-06 	 1.295143e+07 	
4.13913914e+06 	 7.101996e-06 	 1.294918e+07 	
4.13963964e+06 	 7.097550e-06 	 1.294693e+07 	
4.14014014e+06 	 7.093107e-06 	 1.294468e+07 	
4.14064064e+06 	 7.088667e-06 	 1.294243e+07 	
4.14114114e+06 	 7.084230e-06 	 1.294019e+07 	
4.14164164e+06 	 7.079796e-06 	 1.293794e+07 	
4.14214214e+06 	 7.075364e-06 	 1.293569e+07 	
4.14264264e+06 	 7.070935e-06 	 1.293345e+07 	
4.14314314e+06 	 7.066509e-06 	 1.293120e+07 	
4.14364364e+06 	 7.062086e-06 	 1.292896e+07 	
4.14414414e+06 	 7.057665e-06 	 1.292672e+07 	
4.14464464e+06 	 7.053247e-06 	 1.292447e+07 	
4.14514515e+06 	 7.048832e-06 	 1.292223e+07 	
4.14564565e+06 	 7.044420e-06 	 1.291999e+07 	
4.14614615e+06 	 7.040010e-06 	 1.291775e+07 	
4.14664665e+06 	 7.035604e-06 	 1.291551e+07 	
4.14714715e+06 	 7.031200e-06 	 1.291327e+07 	
4.14764765e+06 	 7.026799e-06 	 1.291103e+07 	
4.14814815e+06 	 7.022400e-06 	 1.290880e+07 	
4.14864865e+06 	 7.018004e-06 	 1.290656e+07 	
4.14914915e+06 	 7.013612e-06 	 1.290432e+07 	
4.14964965e+06 	 7.009221e-06 	 1.290209e+07 	
4.15015015e+06 	 7.004834e-06 	 1.289985e+07 	
4.15065065e+06 	 7.000450e-06 	 1.289762e+07 	
4.15115115e+06 	 6.996068e-06 	 1.289538e+07 	
4.15165165e+06 	 6.991689e-06 	 1.289315e+07 	
4.15215215e+06 	 6.987312e-06 	 1.289092e+07 	
4.15265265e+06 	 6.982939e-06 	 1.288868e+07 	
4.15315315e+06 	 6.978568e-06 	 1.288645e+07 	
4.15365365e+06 	 6.974200e-06 	 1.288422e+07 	
4.15415415e+06 	 6.969834e-06 	 1.288199e+07 	
4.15465465e+06 	 6.965472e-06 	 1.287976e+07 	
4.15515516e+06 	 6.961112e-06 	 1.287753e+07 	
4.15565566e+06 	 6.956754e-06 	 1.287531e+07 	
4.15615616e+06 	 6.952400e-06 	 1.287308e+07 	
4.15665666e+06 	 6.948048e-06 	 1.287085e+07 	
4.15715716e+06 	 6.943699e-06 	 1.286862e+07 	
4.15765766e+06 	 6.939353e-06 	 1.286640e+07 	
4.15815816e+06 	 6.935009e-06 	 1.286417e+07 	
4.15865866e+06 	 6.930668e-06 	 1.286195e+07 	
4.15915916e+06 	 6.926330e-06 	 1.285973e+07 	
4.15965966e+06 	 6.921994e-06 	 1.285750e+07 	
4.16016016e+06 	 6.917662e-06 	 1.285528e+07 	
4.16066066e+06 	 6.913331e-06 	 1.285306e+07 	
4.16116116e+06 	 6.909004e-06 	 1.285084e+07 	
4.16166166e+06 	 6.904679e-06 	 1.284862e+07 	
4.16216216e+06 	 6.900357e-06 	 1.284640e+07 	
4.16266266e+06 	 6.896038e-06 	 1.284418e+07 	
4.16316316e+06 	 6.891721e-06 	 1.284196e+07 	
4.16366366e+06 	 6.887407e-06 	 1.283974e+07 	
4.16416416e+06 	 6.883096e-06 	 1.283752e+07 	
4.16466466e+06 	 6.878788e-06 	 1.283531e+07 	
4.16516517e+06 	 6.874482e-06 	 1.283309e+07 	
4.16566567e+06 	 6.870179e-06 	 1.283087e+07 	
4.16616617e+06 	 6.865878e-06 	 1.282866e+07 	
4.16666667e+06 	 6.861580e-06 	 1.282644e+07 	
4.16716717e+06 	 6.857285e-06 	 1.282423e+07 	
4.16766767e+06 	 6.852993e-06 	 1.282202e+07 	
4.16816817e+06 	 6.848703e-06 	 1.281981e+07 	
4.16866867e+06 	 6.844416e-06 	 1.281759e+07 	
4.16916917e+06 	 6.840131e-06 	 1.281538e+07 	
4.16966967e+06 	 6.835849e-06 	 1.281317e+07 	
4.17017017e+06 	 6.831570e-06 	 1.281096e+07 	
4.17067067e+06 	 6.827294e-06 	 1.280875e+07 	
4.17117117e+06 	 6.823020e-06 	 1.280654e+07 	
4.17167167e+06 	 6.818749e-06 	 1.280434e+07 	
4.17217217e+06 	 6.814480e-06 	 1.280213e+07 	
4.17267267e+06 	 6.810215e-06 	 1.279992e+07 	
4.17317317e+06 	 6.805951e-06 	 1.279772e+07 	
4.17367367e+06 	 6.801691e-06 	 1.279551e+07 	
4.17417417e+06 	 6.797433e-06 	 1.279331e+07 	
4.17467467e+06 	 6.793178e-06 	 1.279110e+07 	
4.17517518e+06 	 6.788925e-06 	 1.278890e+07 	
4.17567568e+06 	 6.784675e-06 	 1.278670e+07 	
4.17617618e+06 	 6.780428e-06 	 1.278449e+07 	
4.17667668e+06 	 6.776183e-06 	 1.278229e+07 	
4.17717718e+06 	 6.771941e-06 	 1.278009e+07 	
4.17767768e+06 	 6.767702e-06 	 1.277789e+07 	
4.17817818e+06 	 6.763465e-06 	 1.277569e+07 	
4.17867868e+06 	 6.759231e-06 	 1.277349e+07 	
4.17917918e+06 	 6.755000e-06 	 1.277129e+07 	
4.17967968e+06 	 6.750771e-06 	 1.276910e+07 	
4.18018018e+06 	 6.746545e-06 	 1.276690e+07 	
4.18068068e+06 	 6.742321e-06 	 1.276470e+07 	
4.18118118e+06 	 6.738100e-06 	 1.276251e+07 	
4.18168168e+06 	 6.733882e-06 	 1.276031e+07 	
4.18218218e+06 	 6.729666e-06 	 1.275811e+07 	
4.18268268e+06 	 6.725453e-06 	 1.275592e+07 	
4.18318318e+06 	 6.721242e-06 	 1.275373e+07 	
4.18368368e+06 	 6.717034e-06 	 1.275153e+07 	
4.18418418e+06 	 6.712829e-06 	 1.274934e+07 	
4.18468468e+06 	 6.708626e-06 	 1.274715e+07 	
4.18518519e+06 	 6.704426e-06 	 1.274496e+07 	
4.18568569e+06 	 6.700229e-06 	 1.274277e+07 	
4.18618619e+06 	 6.696034e-06 	 1.274058e+07 	
4.18668669e+06 	 6.691842e-06 	 1.273839e+07 	
4.18718719e+06 	 6.687652e-06 	 1.273620e+07 	
4.18768769e+06 	 6.683465e-06 	 1.273401e+07 	
4.18818819e+06 	 6.679280e-06 	 1.273183e+07 	
4.18868869e+06 	 6.675099e-06 	 1.272964e+07 	
4.18918919e+06 	 6.670919e-06 	 1.272745e+07 	
4.18968969e+06 	 6.666743e-06 	 1.272527e+07 	
4.19019019e+06 	 6.662569e-06 	 1.272308e+07 	
4.19069069e+06 	 6.658397e-06 	 1.272090e+07 	
4.19119119e+06 	 6.654228e-06 	 1.271872e+07 	
4.19169169e+06 	 6.650062e-06 	 1.271653e+07 	
4.19219219e+06 	 6.645898e-06 	 1.271435e+07 	
4.19269269e+06 	 6.641737e-06 	 1.271217e+07 	
4.19319319e+06 	 6.637578e-06 	 1.270999e+07 	
4.19369369e+06 	 6.633422e-06 	 1.270781e+07 	
4.19419419e+06 	 6.629268e-06 	 1.270563e+07 	
4.19469469e+06 	 6.625118e-06 	 1.270345e+07 	
4.19519520e+06 	 6.620969e-06 	 1.270127e+07 	
4.19569570e+06 	 6.616823e-06 	 1.269909e+07 	
4.19619620e+06 	 6.612680e-06 	 1.269691e+07 	
4.19669670e+06 	 6.608540e-06 	 1.269474e+07 	
4.19719720e+06 	 6.604401e-06 	 1.269256e+07 	
4.19769770e+06 	 6.600266e-06 	 1.269039e+07 	
4.19819820e+06 	 6.596133e-06 	 1.268821e+07 	
4.19869870e+06 	 6.592002e-06 	 1.268604e+07 	
4.19919920e+06 	 6.587875e-06 	 1.268386e+07 	
4.19969970e+06 	 6.583749e-06 	 1.268169e+07 	
4.20020020e+06 	 6.579626e-06 	 1.267952e+07 	
4.20070070e+06 	 6.575506e-06 	 1.267735e+07 	
4.20120120e+06 	 6.571389e-06 	 1.267517e+07 	
4.20170170e+06 	 6.567273e-06 	 1.267300e+07 	
4.20220220e+06 	 6.563161e-06 	 1.267083e+07 	
4.20270270e+06 	 6.559051e-06 	 1.266866e+07 	
4.20320320e+06 	 6.554943e-06 	 1.266650e+07 	
4.20370370e+06 	 6.550838e-06 	 1.266433e+07 	
4.20420420e+06 	 6.546736e-06 	 1.266216e+07 	
4.20470470e+06 	 6.542636e-06 	 1.265999e+07 	
4.20520521e+06 	 6.538538e-06 	 1.265783e+07 	
4.20570571e+06 	 6.534443e-06 	 1.265566e+07 	
4.20620621e+06 	 6.530351e-06 	 1.265350e+07 	
4.20670671e+06 	 6.526261e-06 	 1.265133e+07 	
4.20720721e+06 	 6.522174e-06 	 1.264917e+07 	
4.20770771e+06 	 6.518089e-06 	 1.264700e+07 	
4.20820821e+06 	 6.514007e-06 	 1.264484e+07 	
4.20870871e+06 	 6.509927e-06 	 1.264268e+07 	
4.20920921e+06 	 6.505850e-06 	 1.264052e+07 	
4.20970971e+06 	 6.501775e-06 	 1.263836e+07 	
4.21021021e+06 	 6.497703e-06 	 1.263620e+07 	
4.21071071e+06 	 6.493633e-06 	 1.263404e+07 	
4.21121121e+06 	 6.489566e-06 	 1.263188e+07 	
4.21171171e+06 	 6.485501e-06 	 1.262972e+07 	
4.21221221e+06 	 6.481439e-06 	 1.262756e+07 	
4.21271271e+06 	 6.477379e-06 	 1.262541e+07 	
4.21321321e+06 	 6.473322e-06 	 1.262325e+07 	
4.21371371e+06 	 6.469267e-06 	 1.262109e+07 	
4.21421421e+06 	 6.465215e-06 	 1.261894e+07 	
4.21471471e+06 	 6.461165e-06 	 1.261678e+07 	
4.21521522e+06 	 6.457118e-06 	 1.261463e+07 	
4.21571572e+06 	 6.453073e-06 	 1.261248e+07 	
4.21621622e+06 	 6.449031e-06 	 1.261032e+07 	
4.21671672e+06 	 6.444991e-06 	 1.260817e+07 	
4.21721722e+06 	 6.440953e-06 	 1.260602e+07 	
4.21771772e+06 	 6.436919e-06 	 1.260387e+07 	
4.21821822e+06 	 6.432886e-06 	 1.260172e+07 	
4.21871872e+06 	 6.428856e-06 	 1.259957e+07 	
4.21921922e+06 	 6.424829e-06 	 1.259742e+07 	
4.21971972e+06 	 6.420804e-06 	 1.259527e+07 	
4.22022022e+06 	 6.416781e-06 	 1.259312e+07 	
4.22072072e+06 	 6.412761e-06 	 1.259097e+07 	
4.22122122e+06 	 6.408744e-06 	 1.258883e+07 	
4.22172172e+06 	 6.404729e-06 	 1.258668e+07 	
4.22222222e+06 	 6.400716e-06 	 1.258454e+07 	
4.22272272e+06 	 6.396706e-06 	 1.258239e+07 	
4.22322322e+06 	 6.392698e-06 	 1.258025e+07 	
4.22372372e+06 	 6.388693e-06 	 1.257810e+07 	
4.22422422e+06 	 6.384690e-06 	 1.257596e+07 	
4.22472472e+06 	 6.380690e-06 	 1.257382e+07 	
4.22522523e+06 	 6.376692e-06 	 1.257168e+07 	
4.22572573e+06 	 6.372696e-06 	 1.256953e+07 	
4.22622623e+06 	 6.368703e-06 	 1.256739e+07 	
4.22672673e+06 	 6.364713e-06 	 1.256525e+07 	
4.22722723e+06 	 6.360725e-06 	 1.256311e+07 	
4.22772773e+06 	 6.356739e-06 	 1.256097e+07 	
4.22822823e+06 	 6.352756e-06 	 1.255884e+07 	
4.22872873e+06 	 6.348775e-06 	 1.255670e+07 	
4.22922923e+06 	 6.344796e-06 	 1.255456e+07 	
4.22972973e+06 	 6.340821e-06 	 1.255242e+07 	
4.23023023e+06 	 6.336847e-06 	 1.255029e+07 	
4.23073073e+06 	 6.332876e-06 	 1.254815e+07 	
4.23123123e+06 	 6.328907e-06 	 1.254602e+07 	
4.23173173e+06 	 6.324941e-06 	 1.254388e+07 	
4.23223223e+06 	 6.320977e-06 	 1.254175e+07 	
4.23273273e+06 	 6.317016e-06 	 1.253962e+07 	
4.23323323e+06 	 6.313057e-06 	 1.253749e+07 	
4.23373373e+06 	 6.309100e-06 	 1.253535e+07 	
4.23423423e+06 	 6.305146e-06 	 1.253322e+07 	
4.23473473e+06 	 6.301194e-06 	 1.253109e+07 	
4.23523524e+06 	 6.297245e-06 	 1.252896e+07 	
4.23573574e+06 	 6.293298e-06 	 1.252683e+07 	
4.23623624e+06 	 6.289353e-06 	 1.252470e+07 	
4.23673674e+06 	 6.285411e-06 	 1.252258e+07 	
4.23723724e+06 	 6.281472e-06 	 1.252045e+07 	
4.23773774e+06 	 6.277534e-06 	 1.251832e+07 	
4.23823824e+06 	 6.273599e-06 	 1.251620e+07 	
4.23873874e+06 	 6.269667e-06 	 1.251407e+07 	
4.23923924e+06 	 6.265737e-06 	 1.251194e+07 	
4.23973974e+06 	 6.261809e-06 	 1.250982e+07 	
4.24024024e+06 	 6.257884e-06 	 1.250770e+07 	
4.24074074e+06 	 6.253961e-06 	 1.250557e+07 	
4.24124124e+06 	 6.250040e-06 	 1.250345e+07 	
4.24174174e+06 	 6.246122e-06 	 1.250133e+07 	
4.24224224e+06 	 6.242206e-06 	 1.249921e+07 	
4.24274274e+06 	 6.238293e-06 	 1.249709e+07 	
4.24324324e+06 	 6.234382e-06 	 1.249497e+07 	
4.24374374e+06 	 6.230473e-06 	 1.249285e+07 	
4.24424424e+06 	 6.226567e-06 	 1.249073e+07 	
4.24474474e+06 	 6.222663e-06 	 1.248861e+07 	
4.24524525e+06 	 6.218761e-06 	 1.248649e+07 	
4.24574575e+06 	 6.214862e-06 	 1.248437e+07 	
4.24624625e+06 	 6.210965e-06 	 1.248226e+07 	
4.24674675e+06 	 6.207071e-06 	 1.248014e+07 	
4.24724725e+06 	 6.203178e-06 	 1.247802e+07 	
4.24774775e+06 	 6.199289e-06 	 1.247591e+07 	
4.24824825e+06 	 6.195401e-06 	 1.247379e+07 	
4.24874875e+06 	 6.191516e-06 	 1.247168e+07 	
4.24924925e+06 	 6.187634e-06 	 1.246957e+07 	
4.24974975e+06 	 6.183753e-06 	 1.246745e+07 	
4.25025025e+06 	 6.179876e-06 	 1.246534e+07 	
4.25075075e+06 	 6.176000e-06 	 1.246323e+07 	
4.25125125e+06 	 6.172127e-06 	 1.246112e+07 	
4.25175175e+06 	 6.168256e-06 	 1.245901e+07 	
4.25225225e+06 	 6.164388e-06 	 1.245690e+07 	
4.25275275e+06 	 6.160521e-06 	 1.245479e+07 	
4.25325325e+06 	 6.156658e-06 	 1.245268e+07 	
4.25375375e+06 	 6.152796e-06 	 1.245057e+07 	
4.25425425e+06 	 6.148937e-06 	 1.244847e+07 	
4.25475475e+06 	 6.145080e-06 	 1.244636e+07 	
4.25525526e+06 	 6.141226e-06 	 1.244425e+07 	
4.25575576e+06 	 6.137374e-06 	 1.244215e+07 	
4.25625626e+06 	 6.133524e-06 	 1.244004e+07 	
4.25675676e+06 	 6.129676e-06 	 1.243794e+07 	
4.25725726e+06 	 6.125831e-06 	 1.243584e+07 	
4.25775776e+06 	 6.121988e-06 	 1.243373e+07 	
4.25825826e+06 	 6.118148e-06 	 1.243163e+07 	
4.25875876e+06 	 6.114309e-06 	 1.242953e+07 	
4.25925926e+06 	 6.110474e-06 	 1.242743e+07 	
4.25975976e+06 	 6.106640e-06 	 1.242533e+07 	
4.26026026e+06 	 6.102809e-06 	 1.242323e+07 	
4.26076076e+06 	 6.098980e-06 	 1.242113e+07 	
4.26126126e+06 	 6.095153e-06 	 1.241903e+07 	
4.26176176e+06 	 6.091329e-06 	 1.241693e+07 	
4.26226226e+06 	 6.087507e-06 	 1.241483e+07 	
4.26276276e+06 	 6.083687e-06 	 1.241273e+07 	
4.26326326e+06 	 6.079870e-06 	 1.241064e+07 	
4.26376376e+06 	 6.076055e-06 	 1.240854e+07 	
4.26426426e+06 	 6.072242e-06 	 1.240644e+07 	
4.26476476e+06 	 6.068431e-06 	 1.240435e+07 	
4.26526527e+06 	 6.064623e-06 	 1.240225e+07 	
4.26576577e+06 	 6.060817e-06 	 1.240016e+07 	
4.26626627e+06 	 6.057014e-06 	 1.239807e+07 	
4.26676677e+06 	 6.053212e-06 	 1.239598e+07 	
4.26726727e+06 	 6.049413e-06 	 1.239388e+07 	
4.26776777e+06 	 6.045617e-06 	 1.239179e+07 	
4.26826827e+06 	 6.041822e-06 	 1.238970e+07 	
4.26876877e+06 	 6.038030e-06 	 1.238761e+07 	
4.26926927e+06 	 6.034240e-06 	 1.238552e+07 	
4.26976977e+06 	 6.030453e-06 	 1.238343e+07 	
4.27027027e+06 	 6.026667e-06 	 1.238134e+07 	
4.27077077e+06 	 6.022884e-06 	 1.237925e+07 	
4.27127127e+06 	 6.019103e-06 	 1.237717e+07 	
4.27177177e+06 	 6.015325e-06 	 1.237508e+07 	
4.27227227e+06 	 6.011549e-06 	 1.237299e+07 	
4.27277277e+06 	 6.007775e-06 	 1.237091e+07 	
4.27327327e+06 	 6.004003e-06 	 1.236882e+07 	
4.27377377e+06 	 6.000234e-06 	 1.236674e+07 	
4.27427427e+06 	 5.996467e-06 	 1.236466e+07 	
4.27477477e+06 	 5.992702e-06 	 1.236257e+07 	
4.27527528e+06 	 5.988939e-06 	 1.236049e+07 	
4.27577578e+06 	 5.985179e-06 	 1.235841e+07 	
4.27627628e+06 	 5.981421e-06 	 1.235633e+07 	
4.27677678e+06 	 5.977665e-06 	 1.235424e+07 	
4.27727728e+06 	 5.973911e-06 	 1.235216e+07 	
4.27777778e+06 	 5.970160e-06 	 1.235008e+07 	
4.27827828e+06 	 5.966411e-06 	 1.234800e+07 	
4.27877878e+06 	 5.962664e-06 	 1.234593e+07 	
4.27927928e+06 	 5.958920e-06 	 1.234385e+07 	
4.27977978e+06 	 5.955178e-06 	 1.234177e+07 	
4.28028028e+06 	 5.951438e-06 	 1.233969e+07 	
4.28078078e+06 	 5.947700e-06 	 1.233762e+07 	
4.28128128e+06 	 5.943964e-06 	 1.233554e+07 	
4.28178178e+06 	 5.940231e-06 	 1.233347e+07 	
4.28228228e+06 	 5.936500e-06 	 1.233139e+07 	
4.28278278e+06 	 5.932771e-06 	 1.232932e+07 	
4.28328328e+06 	 5.929044e-06 	 1.232724e+07 	
4.28378378e+06 	 5.925320e-06 	 1.232517e+07 	
4.28428428e+06 	 5.921598e-06 	 1.232310e+07 	
4.28478478e+06 	 5.917878e-06 	 1.232103e+07 	
4.28528529e+06 	 5.914160e-06 	 1.231896e+07 	
4.28578579e+06 	 5.910445e-06 	 1.231688e+07 	
4.28628629e+06 	 5.906732e-06 	 1.231481e+07 	
4.28678679e+06 	 5.903021e-06 	 1.231275e+07 	
4.28728729e+06 	 5.899312e-06 	 1.231068e+07 	
4.28778779e+06 	 5.895606e-06 	 1.230861e+07 	
4.28828829e+06 	 5.891901e-06 	 1.230654e+07 	
4.28878879e+06 	 5.888199e-06 	 1.230447e+07 	
4.28928929e+06 	 5.884499e-06 	 1.230241e+07 	
4.28978979e+06 	 5.880802e-06 	 1.230034e+07 	
4.29029029e+06 	 5.877106e-06 	 1.229827e+07 	
4.29079079e+06 	 5.873413e-06 	 1.229621e+07 	
4.29129129e+06 	 5.869722e-06 	 1.229415e+07 	
4.29179179e+06 	 5.866033e-06 	 1.229208e+07 	
4.29229229e+06 	 5.862347e-06 	 1.229002e+07 	
4.29279279e+06 	 5.858662e-06 	 1.228796e+07 	
4.29329329e+06 	 5.854980e-06 	 1.228589e+07 	
4.29379379e+06 	 5.851300e-06 	 1.228383e+07 	
4.29429429e+06 	 5.847622e-06 	 1.228177e+07 	
4.29479479e+06 	 5.843947e-06 	 1.227971e+07 	
4.29529530e+06 	 5.840274e-06 	 1.227765e+07 	
4.29579580e+06 	 5.836602e-06 	 1.227559e+07 	
4.29629630e+06 	 5.832933e-06 	 1.227353e+07 	
4.29679680e+06 	 5.829267e-06 	 1.227148e+07 	
4.29729730e+06 	 5.825602e-06 	 1.226942e+07 	
4.29779780e+06 	 5.821940e-06 	 1.226736e+07 	
4.29829830e+06 	 5.818279e-06 	 1.226531e+07 	
4.29879880e+06 	 5.814621e-06 	 1.226325e+07 	
4.29929930e+06 	 5.810965e-06 	 1.226119e+07 	
4.29979980e+06 	 5.807312e-06 	 1.225914e+07 	
4.30030030e+06 	 5.803660e-06 	 1.225709e+07 	
4.30080080e+06 	 5.800011e-06 	 1.225503e+07 	
4.30130130e+06 	 5.796364e-06 	 1.225298e+07 	
4.30180180e+06 	 5.792719e-06 	 1.225093e+07 	
4.30230230e+06 	 5.789076e-06 	 1.224888e+07 	
4.30280280e+06 	 5.785435e-06 	 1.224682e+07 	
4.30330330e+06 	 5.782087e-06 	 1.224476e+07 	
4.30380380e+06 	 5.778452e-06 	 1.224271e+07 	
4.30430430e+06 	 5.774820e-06 	 1.224066e+07 	
4.30480480e+06 	 5.771190e-06 	 1.223861e+07 	
4.30530531e+06 	 5.767562e-06 	 1.223656e+07 	
4.30580581e+06 	 5.763937e-06 	 1.223451e+07 	
4.30630631e+06 	 5.760313e-06 	 1.223247e+07 	
4.30680681e+06 	 5.756692e-06 	 1.223042e+07 	
4.30730731e+06 	 5.753073e-06 	 1.222837e+07 	
4.30780781e+06 	 5.749456e-06 	 1.222633e+07 	
4.30830831e+06 	 5.745841e-06 	 1.222428e+07 	
4.30880881e+06 	 5.742228e-06 	 1.222224e+07 	
4.30930931e+06 	 5.738618e-06 	 1.222019e+07 	
4.30980981e+06 	 5.735009e-06 	 1.221815e+07 	
4.31031031e+06 	 5.731403e-06 	 1.221611e+07 	
4.31081081e+06 	 5.727799e-06 	 1.221406e+07 	
4.31131131e+06 	 5.724197e-06 	 1.221202e+07 	
4.31181181e+06 	 5.720598e-06 	 1.220998e+07 	
4.31231231e+06 	 5.717000e-06 	 1.220794e+07 	
4.31281281e+06 	 5.713405e-06 	 1.220590e+07 	
4.31331331e+06 	 5.709811e-06 	 1.220386e+07 	
4.31381381e+06 	 5.706220e-06 	 1.220182e+07 	
4.31431431e+06 	 5.702631e-06 	 1.219978e+07 	
4.31481481e+06 	 5.699044e-06 	 1.219775e+07 	
4.31531532e+06 	 5.695460e-06 	 1.219571e+07 	
4.31581582e+06 	 5.691877e-06 	 1.219367e+07 	
4.31631632e+06 	 5.688297e-06 	 1.219164e+07 	
4.31681682e+06 	 5.684719e-06 	 1.218960e+07 	
4.31731732e+06 	 5.681142e-06 	 1.218757e+07 	
4.31781782e+06 	 5.677568e-06 	 1.218553e+07 	
4.31831832e+06 	 5.673997e-06 	 1.218350e+07 	
4.31881882e+06 	 5.670427e-06 	 1.218147e+07 	
4.31931932e+06 	 5.666859e-06 	 1.217943e+07 	
4.31981982e+06 	 5.663294e-06 	 1.217740e+07 	
4.32032032e+06 	 5.659730e-06 	 1.217537e+07 	
4.32082082e+06 	 5.656169e-06 	 1.217334e+07 	
4.32132132e+06 	 5.652610e-06 	 1.217131e+07 	
4.32182182e+06 	 5.649053e-06 	 1.216928e+07 	
4.32232232e+06 	 5.645498e-06 	 1.216725e+07 	
4.32282282e+06 	 5.641946e-06 	 1.216522e+07 	
4.32332332e+06 	 5.638395e-06 	 1.216319e+07 	
4.32382382e+06 	 5.634846e-06 	 1.216116e+07 	
4.32432432e+06 	 5.631300e-06 	 1.215914e+07 	
4.32482482e+06 	 5.627756e-06 	 1.215711e+07 	
4.32532533e+06 	 5.624214e-06 	 1.215508e+07 	
4.32582583e+06 	 5.620674e-06 	 1.215306e+07 	
4.32632633e+06 	 5.617136e-06 	 1.215103e+07 	
4.32682683e+06 	 5.613600e-06 	 1.214901e+07 	
4.32732733e+06 	 5.610066e-06 	 1.214699e+07 	
4.32782783e+06 	 5.606534e-06 	 1.214496e+07 	
4.32832833e+06 	 5.603005e-06 	 1.214294e+07 	
4.32882883e+06 	 5.599477e-06 	 1.214092e+07 	
4.32932933e+06 	 5.595952e-06 	 1.213890e+07 	
4.32982983e+06 	 5.592429e-06 	 1.213687e+07 	
4.33033033e+06 	 5.588908e-06 	 1.213485e+07 	
4.33083083e+06 	 5.585389e-06 	 1.213283e+07 	
4.33133133e+06 	 5.581872e-06 	 1.213081e+07 	
4.33183183e+06 	 5.578357e-06 	 1.212880e+07 	
4.33233233e+06 	 5.574844e-06 	 1.212678e+07 	
4.33283283e+06 	 5.571334e-06 	 1.212476e+07 	
4.33333333e+06 	 5.567825e-06 	 1.212274e+07 	
4.33383383e+06 	 5.564319e-06 	 1.212073e+07 	
4.33433433e+06 	 5.560814e-06 	 1.211871e+07 	
4.33483483e+06 	 5.557312e-06 	 1.211670e+07 	
4.33533534e+06 	 5.553812e-06 	 1.211468e+07 	
4.33583584e+06 	 5.550313e-06 	 1.211267e+07 	
4.33633634e+06 	 5.546817e-06 	 1.211065e+07 	
4.33683684e+06 	 5.543323e-06 	 1.210864e+07 	
4.33733734e+06 	 5.539831e-06 	 1.210663e+07 	
4.33783784e+06 	 5.536341e-06 	 1.210461e+07 	
4.33833834e+06 	 5.532854e-06 	 1.210260e+07 	
4.33883884e+06 	 5.529368e-06 	 1.210059e+07 	
4.33933934e+06 	 5.525884e-06 	 1.209858e+07 	
4.33983984e+06 	 5.522403e-06 	 1.209657e+07 	
4.34034034e+06 	 5.518923e-06 	 1.209456e+07 	
4.34084084e+06 	 5.515446e-06 	 1.209255e+07 	
4.34134134e+06 	 5.511970e-06 	 1.209054e+07 	
4.34184184e+06 	 5.508497e-06 	 1.208854e+07 	
4.34234234e+06 	 5.505026e-06 	 1.208653e+07 	
4.34284284e+06 	 5.501557e-06 	 1.208452e+07 	
4.34334334e+06 	 5.498089e-06 	 1.208252e+07 	
4.34384384e+06 	 5.494624e-06 	 1.208051e+07 	
4.34434434e+06 	 5.491161e-06 	 1.207851e+07 	
4.34484484e+06 	 5.487700e-06 	 1.207650e+07 	
4.34534535e+06 	 5.484241e-06 	 1.207450e+07 	
4.34584585e+06 	 5.480785e-06 	 1.207249e+07 	
4.34634635e+06 	 5.477330e-06 	 1.207049e+07 	
4.34684685e+06 	 5.473877e-06 	 1.206849e+07 	
4.34734735e+06 	 5.470426e-06 	 1.206649e+07 	
4.34784785e+06 	 5.466977e-06 	 1.206449e+07 	
4.34834835e+06 	 5.463531e-06 	 1.206249e+07 	
4.34884885e+06 	 5.460086e-06 	 1.206049e+07 	
4.34934935e+06 	 5.456644e-06 	 1.205849e+07 	
4.34984985e+06 	 5.453203e-06 	 1.205649e+07 	
4.35035035e+06 	 5.449765e-06 	 1.205449e+07 	
4.35085085e+06 	 5.446328e-06 	 1.205249e+07 	
4.35135135e+06 	 5.442894e-06 	 1.205049e+07 	
4.35185185e+06 	 5.439461e-06 	 1.204850e+07 	
4.35235235e+06 	 5.436031e-06 	 1.204650e+07 	
4.35285285e+06 	 5.432330e-06 	 1.204452e+07 	
4.35335335e+06 	 5.428902e-06 	 1.204253e+07 	
4.35385385e+06 	 5.425476e-06 	 1.204053e+07 	
4.35435435e+06 	 5.422052e-06 	 1.203854e+07 	
4.35485485e+06 	 5.418630e-06 	 1.203654e+07 	
4.35535536e+06 	 5.415210e-06 	 1.203455e+07 	
4.35585586e+06 	 5.411792e-06 	 1.203256e+07 	
4.35635636e+06 	 5.408376e-06 	 1.203057e+07 	
4.35685686e+06 	 5.404962e-06 	 1.202858e+07 	
4.35735736e+06 	 5.401550e-06 	 1.202658e+07 	
4.35785786e+06 	 5.398140e-06 	 1.202459e+07 	
4.35835836e+06 	 5.394732e-06 	 1.202260e+07 	
4.35885886e+06 	 5.391326e-06 	 1.202062e+07 	
4.35935936e+06 	 5.387922e-06 	 1.201863e+07 	
4.35985986e+06 	 5.384520e-06 	 1.201664e+07 	
4.36036036e+06 	 5.381120e-06 	 1.201465e+07 	
4.36086086e+06 	 5.377722e-06 	 1.201267e+07 	
4.36136136e+06 	 5.374327e-06 	 1.201068e+07 	
4.36186186e+06 	 5.370933e-06 	 1.200869e+07 	
4.36236236e+06 	 5.367541e-06 	 1.200671e+07 	
4.36286286e+06 	 5.364151e-06 	 1.200472e+07 	
4.36336336e+06 	 5.360763e-06 	 1.200274e+07 	
4.36386386e+06 	 5.357377e-06 	 1.200076e+07 	
4.36436436e+06 	 5.353992e-06 	 1.199877e+07 	
4.36486486e+06 	 5.350610e-06 	 1.199679e+07 	
4.36536537e+06 	 5.347230e-06 	 1.199481e+07 	
4.36586587e+06 	 5.343852e-06 	 1.199283e+07 	
4.36636637e+06 	 5.340476e-06 	 1.199085e+07 	
4.36686687e+06 	 5.337102e-06 	 1.198886e+07 	
4.36736737e+06 	 5.333730e-06 	 1.198688e+07 	
4.36786787e+06 	 5.330360e-06 	 1.198491e+07 	
4.36836837e+06 	 5.326991e-06 	 1.198293e+07 	
4.36886887e+06 	 5.323625e-06 	 1.198095e+07 	
4.36936937e+06 	 5.320261e-06 	 1.197897e+07 	
4.36986987e+06 	 5.316899e-06 	 1.197699e+07 	
4.37037037e+06 	 5.313538e-06 	 1.197502e+07 	
4.37087087e+06 	 5.310180e-06 	 1.197304e+07 	
4.37137137e+06 	 5.306824e-06 	 1.197107e+07 	
4.37187187e+06 	 5.303469e-06 	 1.196909e+07 	
4.37237237e+06 	 5.300117e-06 	 1.196712e+07 	
4.37287287e+06 	 5.296766e-06 	 1.196514e+07 	
4.37337337e+06 	 5.293418e-06 	 1.196317e+07 	
4.37387387e+06 	 5.290071e-06 	 1.196120e+07 	
4.37437437e+06 	 5.286726e-06 	 1.195922e+07 	
4.37487487e+06 	 5.283384e-06 	 1.195725e+07 	
4.37537538e+06 	 5.280043e-06 	 1.195528e+07 	
4.37587588e+06 	 5.276704e-06 	 1.195331e+07 	
4.37637638e+06 	 5.273367e-06 	 1.195134e+07 	
4.37687688e+06 	 5.270032e-06 	 1.194937e+07 	
4.37737738e+06 	 5.266699e-06 	 1.194740e+07 	
4.37787788e+06 	 5.263368e-06 	 1.194543e+07 	
4.37837838e+06 	 5.260039e-06 	 1.194346e+07 	
4.37887888e+06 	 5.256712e-06 	 1.194150e+07 	
4.37937938e+06 	 5.253387e-06 	 1.193953e+07 	
4.37987988e+06 	 5.250064e-06 	 1.193756e+07 	
4.38038038e+06 	 5.246743e-06 	 1.193560e+07 	
4.38088088e+06 	 5.243423e-06 	 1.193363e+07 	
4.38138138e+06 	 5.240106e-06 	 1.193167e+07 	
4.38188188e+06 	 5.236790e-06 	 1.192970e+07 	
4.38238238e+06 	 5.233477e-06 	 1.192774e+07 	
4.38288288e+06 	 5.230165e-06 	 1.192578e+07 	
4.38338338e+06 	 5.226856e-06 	 1.192381e+07 	
4.38388388e+06 	 5.223548e-06 	 1.192185e+07 	
4.38438438e+06 	 5.220242e-06 	 1.191989e+07 	
4.38488488e+06 	 5.216938e-06 	 1.191793e+07 	
4.38538539e+06 	 5.213636e-06 	 1.191597e+07 	
4.38588589e+06 	 5.210336e-06 	 1.191401e+07 	
4.38638639e+06 	 5.207038e-06 	 1.191205e+07 	
4.38688689e+06 	 5.203742e-06 	 1.191009e+07 	
4.38738739e+06 	 5.200448e-06 	 1.190813e+07 	
4.38788789e+06 	 5.197155e-06 	 1.190617e+07 	
4.38838839e+06 	 5.193865e-06 	 1.190422e+07 	
4.38888889e+06 	 5.190576e-06 	 1.190226e+07 	
4.38938939e+06 	 5.187290e-06 	 1.190030e+07 	
4.38988989e+06 	 5.184005e-06 	 1.189835e+07 	
4.39039039e+06 	 5.180722e-06 	 1.189639e+07 	
4.39089089e+06 	 5.177441e-06 	 1.189444e+07 	
4.39139139e+06 	 5.174162e-06 	 1.189248e+07 	
4.39189189e+06 	 5.170885e-06 	 1.189053e+07 	
4.39239239e+06 	 5.167610e-06 	 1.188858e+07 	
4.39289289e+06 	 5.164337e-06 	 1.188662e+07 	
4.39339339e+06 	 5.161065e-06 	 1.188467e+07 	
4.39389389e+06 	 5.157796e-06 	 1.188272e+07 	
4.39439439e+06 	 5.154528e-06 	 1.188077e+07 	
4.39489489e+06 	 5.151263e-06 	 1.187882e+07 	
4.39539540e+06 	 5.147999e-06 	 1.187687e+07 	
4.39589590e+06 	 5.144737e-06 	 1.187492e+07 	
4.39639640e+06 	 5.141477e-06 	 1.187297e+07 	
4.39689690e+06 	 5.138219e-06 	 1.187102e+07 	
4.39739740e+06 	 5.134963e-06 	 1.186907e+07 	
4.39789790e+06 	 5.131708e-06 	 1.186713e+07 	
4.39839840e+06 	 5.128456e-06 	 1.186518e+07 	
4.39889890e+06 	 5.125205e-06 	 1.186323e+07 	
4.39939940e+06 	 5.121957e-06 	 1.186129e+07 	
4.39989990e+06 	 5.118710e-06 	 1.185934e+07 	
4.40040040e+06 	 5.115465e-06 	 1.185740e+07 	
4.40090090e+06 	 5.112222e-06 	 1.185545e+07 	
4.40140140e+06 	 5.108981e-06 	 1.185351e+07 	
4.40190190e+06 	 5.105742e-06 	 1.185157e+07 	
4.40240240e+06 	 5.102248e-06 	 1.184964e+07 	
4.40290290e+06 	 5.099011e-06 	 1.184770e+07 	
4.40340340e+06 	 5.095776e-06 	 1.184576e+07 	
4.40390390e+06 	 5.092543e-06 	 1.184382e+07 	
4.40440440e+06 	 5.089311e-06 	 1.184187e+07 	
4.40490490e+06 	 5.086082e-06 	 1.183993e+07 	
4.40540541e+06 	 5.082854e-06 	 1.183800e+07 	
4.40590591e+06 	 5.079628e-06 	 1.183606e+07 	
4.40640641e+06 	 5.076404e-06 	 1.183412e+07 	
4.40690691e+06 	 5.073182e-06 	 1.183218e+07 	
4.40740741e+06 	 5.069961e-06 	 1.183024e+07 	
4.40790791e+06 	 5.066743e-06 	 1.182831e+07 	
4.40840841e+06 	 5.063526e-06 	 1.182637e+07 	
4.40890891e+06 	 5.060312e-06 	 1.182443e+07 	
4.40940941e+06 	 5.057099e-06 	 1.182250e+07 	
4.40990991e+06 	 5.053888e-06 	 1.182057e+07 	
4.41041041e+06 	 5.050678e-06 	 1.181863e+07 	
4.41091091e+06 	 5.047471e-06 	 1.181670e+07 	
4.41141141e+06 	 5.044265e-06 	 1.181476e+07 	
4.41191191e+06 	 5.041062e-06 	 1.181283e+07 	
4.41241241e+06 	 5.037860e-06 	 1.181090e+07 	
4.41291291e+06 	 5.034660e-06 	 1.180897e+07 	
4.41341341e+06 	 5.031461e-06 	 1.180704e+07 	
4.41391391e+06 	 5.028265e-06 	 1.180511e+07 	
4.41441441e+06 	 5.025071e-06 	 1.180318e+07 	
4.41491491e+06 	 5.021878e-06 	 1.180125e+07 	
4.41541542e+06 	 5.018687e-06 	 1.179932e+07 	
4.41591592e+06 	 5.015498e-06 	 1.179739e+07 	
4.41641642e+06 	 5.012311e-06 	 1.179546e+07 	
4.41691692e+06 	 5.009125e-06 	 1.179354e+07 	
4.41741742e+06 	 5.005942e-06 	 1.179161e+07 	
4.41791792e+06 	 5.002760e-06 	 1.178968e+07 	
4.41841842e+06 	 4.999580e-06 	 1.178776e+07 	
4.41891892e+06 	 4.996402e-06 	 1.178583e+07 	
4.41941942e+06 	 4.993226e-06 	 1.178391e+07 	
4.41991992e+06 	 4.990051e-06 	 1.178198e+07 	
4.42042042e+06 	 4.986879e-06 	 1.178006e+07 	
4.42092092e+06 	 4.983708e-06 	 1.177814e+07 	
4.42142142e+06 	 4.980539e-06 	 1.177621e+07 	
4.42192192e+06 	 4.977372e-06 	 1.177429e+07 	
4.42242242e+06 	 4.974206e-06 	 1.177237e+07 	
4.42292292e+06 	 4.971043e-06 	 1.177045e+07 	
4.42342342e+06 	 4.967881e-06 	 1.176853e+07 	
4.42392392e+06 	 4.964721e-06 	 1.176661e+07 	
4.42442442e+06 	 4.961563e-06 	 1.176469e+07 	
4.42492492e+06 	 4.958407e-06 	 1.176277e+07 	
4.42542543e+06 	 4.955252e-06 	 1.176085e+07 	
4.42592593e+06 	 4.952099e-06 	 1.175893e+07 	
4.42642643e+06 	 4.948948e-06 	 1.175702e+07 	
4.42692693e+06 	 4.945799e-06 	 1.175510e+07 	
4.42742743e+06 	 4.942652e-06 	 1.175318e+07 	
4.42792793e+06 	 4.939506e-06 	 1.175127e+07 	
4.42842843e+06 	 4.936363e-06 	 1.174935e+07 	
4.42892893e+06 	 4.933221e-06 	 1.174744e+07 	
4.42942943e+06 	 4.930080e-06 	 1.174552e+07 	
4.42992993e+06 	 4.926942e-06 	 1.174361e+07 	
4.43043043e+06 	 4.923806e-06 	 1.174169e+07 	
4.43093093e+06 	 4.920671e-06 	 1.173978e+07 	
4.43143143e+06 	 4.917538e-06 	 1.173787e+07 	
4.43193193e+06 	 4.914407e-06 	 1.173596e+07 	
4.43243243e+06 	 4.911277e-06 	 1.173405e+07 	
4.43293293e+06 	 4.908149e-06 	 1.173214e+07 	
4.43343343e+06 	 4.905024e-06 	 1.173022e+07 	
4.43393393e+06 	 4.901900e-06 	 1.172832e+07 	
4.43443443e+06 	 4.898777e-06 	 1.172641e+07 	
4.43493493e+06 	 4.895657e-06 	 1.172450e+07 	
4.43543544e+06 	 4.892538e-06 	 1.172259e+07 	
4.43593594e+06 	 4.889421e-06 	 1.172068e+07 	
4.43643644e+06 	 4.886306e-06 	 1.171877e+07 	
4.43693694e+06 	 4.883192e-06 	 1.171687e+07 	
4.43743744e+06 	 4.880081e-06 	 1.171496e+07 	
4.43793794e+06 	 4.876971e-06 	 1.171306e+07 	
4.43843844e+06 	 4.873863e-06 	 1.171115e+07 	
4.43893894e+06 	 4.870756e-06 	 1.170925e+07 	
4.43943944e+06 	 4.867652e-06 	 1.170734e+07 	
4.43993994e+06 	 4.864549e-06 	 1.170544e+07 	
4.44044044e+06 	 4.861448e-06 	 1.170354e+07 	
4.44094094e+06 	 4.858349e-06 	 1.170163e+07 	
4.44144144e+06 	 4.855251e-06 	 1.169973e+07 	
4.44194194e+06 	 4.852155e-06 	 1.169783e+07 	
4.44244244e+06 	 4.849061e-06 	 1.169593e+07 	
4.44294294e+06 	 4.845969e-06 	 1.169403e+07 	
4.44344344e+06 	 4.842878e-06 	 1.169213e+07 	
4.44394394e+06 	 4.839790e-06 	 1.169023e+07 	
4.44444444e+06 	 4.836703e-06 	 1.168833e+07 	
4.44494494e+06 	 4.833617e-06 	 1.168643e+07 	
4.44544545e+06 	 4.830534e-06 	 1.168453e+07 	
4.44594595e+06 	 4.827452e-06 	 1.168264e+07 	
4.44644645e+06 	 4.824372e-06 	 1.168074e+07 	
4.44694695e+06 	 4.821294e-06 	 1.167884e+07 	
4.44744745e+06 	 4.818217e-06 	 1.167695e+07 	
4.44794795e+06 	 4.815143e-06 	 1.167505e+07 	
4.44844845e+06 	 4.812070e-06 	 1.167316e+07 	
4.44894895e+06 	 4.808998e-06 	 1.167126e+07 	
4.44944945e+06 	 4.805929e-06 	 1.166937e+07 	
4.44994995e+06 	 4.802861e-06 	 1.166747e+07 	
4.45045045e+06 	 4.799795e-06 	 1.166558e+07 	
4.45095095e+06 	 4.796730e-06 	 1.166369e+07 	
4.45145145e+06 	 4.793668e-06 	 1.166180e+07 	
4.45195195e+06 	 4.790607e-06 	 1.165991e+07 	
4.45245245e+06 	 4.787548e-06 	 1.165801e+07 	
4.45295295e+06 	 4.784490e-06 	 1.165612e+07 	
4.45345345e+06 	 4.781675e-06 	 1.165422e+07 	
4.45395395e+06 	 4.778623e-06 	 1.165233e+07 	
4.45445445e+06 	 4.775572e-06 	 1.165044e+07 	
4.45495495e+06 	 4.772523e-06 	 1.164855e+07 	
4.45545546e+06 	 4.769476e-06 	 1.164666e+07 	
4.45595596e+06 	 4.766430e-06 	 1.164478e+07 	
4.45645646e+06 	 4.763386e-06 	 1.164289e+07 	
4.45695696e+06 	 4.760344e-06 	 1.164100e+07 	
4.45745746e+06 	 4.757304e-06 	 1.163912e+07 	
4.45795796e+06 	 4.754265e-06 	 1.163723e+07 	
4.45845846e+06 	 4.751228e-06 	 1.163535e+07 	
4.45895896e+06 	 4.748193e-06 	 1.163346e+07 	
4.45945946e+06 	 4.745159e-06 	 1.163158e+07 	
4.45995996e+06 	 4.742128e-06 	 1.162970e+07 	
4.46046046e+06 	 4.739098e-06 	 1.162781e+07 	
4.46096096e+06 	 4.736069e-06 	 1.162593e+07 	
4.46146146e+06 	 4.733043e-06 	 1.162405e+07 	
4.46196196e+06 	 4.730018e-06 	 1.162217e+07 	
4.46246246e+06 	 4.726995e-06 	 1.162029e+07 	
4.46296296e+06 	 4.723973e-06 	 1.161841e+07 	
4.46346346e+06 	 4.720953e-06 	 1.161653e+07 	
4.46396396e+06 	 4.717935e-06 	 1.161465e+07 	
4.46446446e+06 	 4.714919e-06 	 1.161277e+07 	
4.46496496e+06 	 4.711905e-06 	 1.161089e+07 	
4.46546547e+06 	 4.708892e-06 	 1.160901e+07 	
4.46596597e+06 	 4.705880e-06 	 1.160713e+07 	
4.46646647e+06 	 4.702871e-06 	 1.160526e+07 	
4.46696697e+06 	 4.699863e-06 	 1.160338e+07 	
4.46746747e+06 	 4.696857e-06 	 1.160151e+07 	
4.46796797e+06 	 4.693853e-06 	 1.159963e+07 	
4.46846847e+06 	 4.690850e-06 	 1.159776e+07 	
4.46896897e+06 	 4.687849e-06 	 1.159588e+07 	
4.46946947e+06 	 4.684850e-06 	 1.159401e+07 	
4.46996997e+06 	 4.681852e-06 	 1.159213e+07 	
4.47047047e+06 	 4.678856e-06 	 1.159026e+07 	
4.47097097e+06 	 4.675862e-06 	 1.158839e+07 	
4.47147147e+06 	 4.672869e-06 	 1.158652e+07 	
4.47197197e+06 	 4.669879e-06 	 1.158465e+07 	
4.47247247e+06 	 4.666889e-06 	 1.158277e+07 	
4.47297297e+06 	 4.663902e-06 	 1.158090e+07 	
4.47347347e+06 	 4.660916e-06 	 1.157903e+07 	
4.47397397e+06 	 4.657932e-06 	 1.157716e+07 	
4.47447447e+06 	 4.654950e-06 	 1.157530e+07 	
4.47497497e+06 	 4.651969e-06 	 1.157343e+07 	
4.47547548e+06 	 4.648990e-06 	 1.157156e+07 	
4.47597598e+06 	 4.646013e-06 	 1.156969e+07 	
4.47647648e+06 	 4.643037e-06 	 1.156783e+07 	
4.47697698e+06 	 4.640063e-06 	 1.156596e+07 	
4.47747748e+06 	 4.637091e-06 	 1.156409e+07 	
4.47797798e+06 	 4.634120e-06 	 1.156223e+07 	
4.47847848e+06 	 4.631151e-06 	 1.156036e+07 	
4.47897898e+06 	 4.628184e-06 	 1.155850e+07 	
4.47947948e+06 	 4.625218e-06 	 1.155663e+07 	
4.47997998e+06 	 4.622254e-06 	 1.155477e+07 	
4.48048048e+06 	 4.619292e-06 	 1.155291e+07 	
4.48098098e+06 	 4.616331e-06 	 1.155105e+07 	
4.48148148e+06 	 4.613373e-06 	 1.154918e+07 	
4.48198198e+06 	 4.610415e-06 	 1.154732e+07 	
4.48248248e+06 	 4.607460e-06 	 1.154546e+07 	
4.48298298e+06 	 4.604506e-06 	 1.154360e+07 	
4.48348348e+06 	 4.601553e-06 	 1.154174e+07 	
4.48398398e+06 	 4.598603e-06 	 1.153988e+07 	
4.48448448e+06 	 4.595654e-06 	 1.153802e+07 	
4.48498498e+06 	 4.592707e-06 	 1.153616e+07 	
4.48548549e+06 	 4.589761e-06 	 1.153431e+07 	
4.48598599e+06 	 4.586817e-06 	 1.153245e+07 	
4.48648649e+06 	 4.583875e-06 	 1.153059e+07 	
4.48698699e+06 	 4.580934e-06 	 1.152874e+07 	
4.48748749e+06 	 4.577995e-06 	 1.152688e+07 	
4.48798799e+06 	 4.575058e-06 	 1.152502e+07 	
4.48848849e+06 	 4.572122e-06 	 1.152317e+07 	
4.48898899e+06 	 4.569188e-06 	 1.152131e+07 	
4.48948949e+06 	 4.566256e-06 	 1.151946e+07 	
4.48998999e+06 	 4.563325e-06 	 1.151761e+07 	
4.49049049e+06 	 4.560396e-06 	 1.151575e+07 	
4.49099099e+06 	 4.557468e-06 	 1.151390e+07 	
4.49149149e+06 	 4.554542e-06 	 1.151205e+07 	
4.49199199e+06 	 4.551618e-06 	 1.151020e+07 	
4.49249249e+06 	 4.548696e-06 	 1.150835e+07 	
4.49299299e+06 	 4.545775e-06 	 1.150650e+07 	
4.49349349e+06 	 4.542855e-06 	 1.150465e+07 	
4.49399399e+06 	 4.539938e-06 	 1.150280e+07 	
4.49449449e+06 	 4.537022e-06 	 1.150095e+07 	
4.49499499e+06 	 4.534108e-06 	 1.149910e+07 	
4.49549550e+06 	 4.531195e-06 	 1.149725e+07 	
4.49599600e+06 	 4.528284e-06 	 1.149540e+07 	
4.49649650e+06 	 4.525374e-06 	 1.149356e+07 	
4.49699700e+06 	 4.522466e-06 	 1.149171e+07 	
4.49749750e+06 	 4.519560e-06 	 1.148986e+07 	
4.49799800e+06 	 4.516656e-06 	 1.148802e+07 	
4.49849850e+06 	 4.513753e-06 	 1.148617e+07 	
4.49899900e+06 	 4.510852e-06 	 1.148433e+07 	
4.49949950e+06 	 4.507952e-06 	 1.148248e+07 	
4.50000000e+06 	 4.505054e-06 	 1.148064e+07 	
4.52440684e+06 	 4.365393e-06 	 1.139134e+07 	
4.54894606e+06 	 4.228923e-06 	 1.130269e+07 	
4.57361837e+06 	 4.095609e-06 	 1.121469e+07 	
4.59842450e+06 	 3.964949e-06 	 1.112736e+07 	
4.62336517e+06 	 3.836835e-06 	 1.104070e+07 	
4.64844111e+06 	 3.711582e-06 	 1.095467e+07 	
4.67365306e+06 	 3.588746e-06 	 1.086931e+07 	
4.69900175e+06 	 3.468600e-06 	 1.078458e+07 	
4.72448793e+06 	 3.351106e-06 	 1.070047e+07 	
4.75011233e+06 	 3.235889e-06 	 1.061702e+07 	
4.77587572e+06 	 3.122862e-06 	 1.053421e+07 	
4.80177884e+06 	 3.012235e-06 	 1.045202e+07 	
4.82782245e+06 	 2.903826e-06 	 1.037046e+07 	
4.85400732e+06 	 2.797383e-06 	 1.028954e+07 	
4.88033420e+06 	 2.693169e-06 	 1.020924e+07 	
4.90680388e+06 	 2.590812e-06 	 1.012957e+07 	
4.93341712e+06 	 2.490537e-06 	 1.005052e+07 	
4.96017470e+06 	 2.392010e-06 	 9.972115e+06 	
4.98707741e+06 	 2.295420e-06 	 9.894319e+06 	
5.01412604e+06 	 2.200467e-06 	 9.817168e+06 	
5.04132136e+06 	 2.107308e-06 	 9.740636e+06 	
5.06866419e+06 	 2.015897e-06 	 9.664725e+06 	
5.09615532e+06 	 1.925981e-06 	 9.589465e+06 	
5.12379556e+06 	 1.837686e-06 	 9.514836e+06 	
5.15158570e+06 	 1.750787e-06 	 9.440870e+06 	
5.17952658e+06 	 1.665220e-06 	 9.367581e+06 	
5.20761900e+06 	 1.581073e-06 	 9.294957e+06 	
5.23586378e+06 	 1.498231e-06 	 9.223023e+06 	
5.26426176e+06 	 1.416739e-06 	 9.151780e+06 	
5.29281376e+06 	 1.336391e-06 	 9.081279e+06 	
5.32152062e+06 	 1.257305e-06 	 9.011514e+06 	
5.35038317e+06 	 1.179314e-06 	 8.942546e+06 	
5.37940228e+06 	 1.102397e-06 	 8.874413e+06 	
5.40857877e+06 	 1.026669e-06 	 8.807130e+06 	
5.43791351e+06 	 9.521509e-07 	 8.740745e+06 	
5.46740735e+06 	 8.787855e-07 	 8.675340e+06 	
5.49706116e+06 	 8.066414e-07 	 8.610988e+06 	
5.52687580e+06 	 7.359049e-07 	 8.547742e+06 	
5.55685215e+06 	 6.666507e-07 	 8.485717e+06 	
5.58699109e+06 	 5.991415e-07 	 8.424991e+06 	
5.61729349e+06 	 5.336292e-07 	 8.365674e+06 	
5.64776024e+06 	 4.703722e-07 	 8.307916e+06 	
5.67839224e+06 	 4.097844e-07 	 8.251827e+06 	
5.70919038e+06 	 3.522449e-07 	 8.197577e+06 	
5.74015556e+06 	 2.982118e-07 	 8.145320e+06 	
5.77128868e+06 	 2.481868e-07 	 8.095176e+06 	
5.80259067e+06 	 2.025959e-07 	 8.047315e+06 	
5.83406242e+06 	 1.618536e-07 	 8.001832e+06 	
5.86570488e+06 	 1.262230e-07 	 7.958870e+06 	
5.89751895e+06 	 9.586466e-08 	 7.918440e+06 	
5.92950557e+06 	 7.072162e-08 	 7.880584e+06 	
5.96166568e+06 	 5.055783e-08 	 7.845213e+06 	
5.99400022e+06 	 3.493541e-08 	 7.812303e+06 	
6.02651014e+06 	 2.328416e-08 	 7.781677e+06 	
6.05919638e+06 	 1.494034e-08 	 7.753063e+06 	
6.09205990e+06 	 9.212441e-09 	 7.726429e+06 	
6.12510166e+06 	 5.453378e-09 	 7.701168e+06 	
6.15832264e+06 	 3.095694e-09 	 7.677301e+06 	
6.19172379e+06 	 1.684398e-09 	 7.654508e+06 	
6.22530611e+06 	 8.783910e-10 	 7.631968e+06 	
6.25907056e+06 	 4.389420e-10 	 7.610633e+06 	
6.94191089e+06 	 1.000000e-20 	 7.213039e+06 	
7.69924645e+06 	 1.000000e-20 	 6.838415e+06 	
8.53920438e+06 	 1.000000e-20 	 6.484297e+06 	
9.47079846e+06 	 1.000000e-20 	 6.149405e+06 	
1.05040258e+07 	 1.000000e-20 	 5.832561e+06 	
1.16499743e+07 	 1.000000e-20 	 5.532678e+06 	
1.29209414e+07 	 1.000000e-20 	 5.248755e+06 	
1.43305659e+07 	 1.000000e-20 	 4.979861e+06 	
1.58939751e+07 	 1.000000e-20 	 4.725132e+06 	
1.76279462e+07 	 1.000000e-20 	 4.483766e+06 	
1.95510867e+07 	 1.000000e-20 	 4.255011e+06 	
2.16840345e+07 	 1.000000e-20 	 4.038167e+06 	
2.40496785e+07 	 1.000000e-20 	 3.832579e+06 	
2.66734052e+07 	 1.000000e-20 	 3.637632e+06 	
2.95833703e+07 	 1.000000e-20 	 3.452751e+06 	
3.28108013e+07 	 1.000000e-20 	 3.277393e+06 	
3.63903324e+07 	 1.000000e-20 	 3.111050e+06 	
4.03603766e+07 	 1.000000e-20 	 2.953242e+06 	
4.47635372e+07 	 1.000000e-20 	 2.803518e+06 	
4.96470655e+07 	 1.000000e-20 	 2.661452e+06 	
5.50633678e+07 	 1.000000e-20 	 2.526643e+06 	
6.10705677e+07 	 1.000000e-20 	 2.398712e+06 	
6.77331298e+07 	 1.000000e-20 	 2.277300e+06 	
7.51225516e+07 	 1.000000e-20 	 2.162070e+06 	
8.33181306e+07 	 1.000000e-20 	 2.052701e+06 	
9.24078156e+07 	 1.000000e-20 	 1.948891e+06 	
1.02489150e+08 	 1.000000e-20 	 1.850354e+06 	
1.13670319e+08 	 1.000000e-20 	 1.756817e+06 	
1.26071310e+08 	 1.000000e-20 	 1.668026e+06 	
1.39825201e+08 	 1.000000e-20 	 1.583737e+06 	
1.55079588e+08 	 1.000000e-20 	 1.503718e+06 	
1.71998169e+08 	 1.000000e-20 	 1.427753e+06 	
1.90762503e+08 	 1.000000e-20 	 1.355635e+06 	
2.11573952e+08 	 1.000000e-20 	 1.287167e+06 	
2.34655850e+08 	 1.000000e-20 	 1.222163e+06 	
2.60255893e+08 	 1.000000e-20 	 1.160448e+06 	
2.88648802e+08 	 1.000000e-20 	 1.101854e+06 	
3.20139266e+08 	 1.000000e-20 	 1.046222e+06 	
3.55065219e+08 	 1.000000e-20 	 9.934030e+05 	
3.93801457e+08 	 1.000000e-20 	 9.432534e+05 	
4.36763669e+08 	 1.000000e-20 	 8.956380e+05 	
4.84412892e+08 	 1.000000e-20 	 8.504283e+05 	
5.37260460e+08 	 1.000000e-20 	 8.075026e+05 	
5.95873492e+08 	 1.000000e-20 	 7.667452e+05 	
6.60880980e+08 	 1.000000e-20 	 7.280464e+05 	
7.32980532e+08 	 1.000000e-20 	 6.913019e+05 	
8.12945865e+08 	 1.000000e-20 	 6.564128e+05 	
9.01635106e+08 	 1.000000e-20 	 6.232855e+05 	
1.00000000e+09 	 1.000000e-20 	 5.918307e+05 	
