r (cm)        	 rho (g/cm3) 	 T (K)       		 Linf = 3.142849e+38
1.19994448e+06 	 1.303576e+05 	 1.239651e+09 	
1.20004156e+06 	 1.137618e+05 	 1.197184e+09 	
1.20014509e+06 	 9.801516e+04 	 1.152407e+09 	
1.20024863e+06 	 8.410902e+04 	 1.108183e+09 	
1.20035217e+06 	 7.187354e+04 	 1.064535e+09 	
1.20043836e+06 	 6.284717e+04 	 1.028655e+09 	
1.20052455e+06 	 5.478186e+04 	 9.932019e+08 	
1.20061074e+06 	 4.759626e+04 	 9.581907e+08 	
1.20069693e+06 	 4.121380e+04 	 9.236355e+08 	
1.20078167e+06 	 3.565252e+04 	 8.901239e+08 	
1.20086640e+06 	 3.073390e+04 	 8.570821e+08 	
1.20095113e+06 	 2.639803e+04 	 8.245250e+08 	
1.20102075e+06 	 2.323217e+04 	 7.981490e+08 	
1.20109037e+06 	 2.039283e+04 	 7.721195e+08 	
1.20115999e+06 	 1.785264e+04 	 7.464456e+08 	
1.20122961e+06 	 1.558592e+04 	 7.211365e+08 	
1.20129923e+06 	 1.356858e+04 	 6.962016e+08 	
1.20137006e+06 	 1.174877e+04 	 6.712260e+08 	
1.20144089e+06 	 1.014167e+04 	 6.466579e+08 	
1.20149866e+06 	 8.974099e+03 	 6.269297e+08 	
1.20155643e+06 	 7.923866e+03 	 6.074851e+08 	
1.20161420e+06 	 6.981186e+03 	 5.883299e+08 	
1.20167197e+06 	 6.136884e+03 	 5.694696e+08 	
1.20172974e+06 	 5.382380e+03 	 5.509102e+08 	
1.20178751e+06 	 4.709665e+03 	 5.326575e+08 	
1.20184537e+06 	 4.110392e+03 	 5.146892e+08 	
1.20190322e+06 	 3.578711e+03 	 4.970401e+08 	
1.20196108e+06 	 3.108156e+03 	 4.797157e+08 	
1.20200919e+06 	 2.759126e+03 	 4.655621e+08 	
1.20205730e+06 	 2.445021e+03 	 4.516402e+08 	
1.20210541e+06 	 2.162854e+03 	 4.379530e+08 	
1.20215352e+06 	 1.909845e+03 	 4.245038e+08 	
1.20220163e+06 	 1.683402e+03 	 4.112955e+08 	
1.20224974e+06 	 1.481120e+03 	 3.983310e+08 	
1.20229934e+06 	 1.295503e+03 	 3.852228e+08 	
1.20234894e+06 	 1.130938e+03 	 3.723798e+08 	
1.20238974e+06 	 1.009896e+03 	 3.620178e+08 	
1.20243053e+06 	 9.006117e+02 	 3.518387e+08 	
1.20247133e+06 	 8.020846e+02 	 3.418438e+08 	
1.20251212e+06 	 7.133859e+02 	 3.320345e+08 	
1.20255292e+06 	 6.336527e+02 	 3.224121e+08 	
1.20259371e+06 	 5.620848e+02 	 3.129777e+08 	
1.20263450e+06 	 4.979416e+02 	 3.037324e+08 	
1.20267530e+06 	 4.405390e+02 	 2.946772e+08 	
1.20271833e+06 	 3.866016e+02 	 2.853331e+08 	
1.20275383e+06 	 3.467338e+02 	 2.777843e+08 	
1.20278933e+06 	 3.106761e+02 	 2.703810e+08 	
1.20282483e+06 	 2.781014e+02 	 2.631237e+08 	
1.20286033e+06 	 2.487069e+02 	 2.560125e+08 	
1.20289583e+06 	 2.222122e+02 	 2.490476e+08 	
1.20293133e+06 	 1.983581e+02 	 2.422291e+08 	
1.20296683e+06 	 1.769056e+02 	 2.355571e+08 	
1.20300233e+06 	 1.576345e+02 	 2.290313e+08 	
1.20303783e+06 	 1.403422e+02 	 2.226517e+08 	
1.20307333e+06 	 1.248424e+02 	 2.164180e+08 	
1.20311091e+06 	 1.101975e+02 	 2.099772e+08 	
1.20314221e+06 	 9.925564e+01 	 2.047379e+08 	
1.20317350e+06 	 8.934763e+01 	 1.996110e+08 	
1.20320480e+06 	 8.038304e+01 	 1.945959e+08 	
1.20323609e+06 	 7.227848e+01 	 1.896922e+08 	
1.20326739e+06 	 6.495714e+01 	 1.848994e+08 	
1.20329868e+06 	 5.834839e+01 	 1.802167e+08 	
1.20332998e+06 	 5.238731e+01 	 1.756437e+08 	
1.20336128e+06 	 4.701435e+01 	 1.711794e+08 	
1.20339257e+06 	 4.217491e+01 	 1.668231e+08 	
1.20342387e+06 	 3.781902e+01 	 1.625740e+08 	
1.20345516e+06 	 3.390096e+01 	 1.584311e+08 	
1.20348646e+06 	 3.037898e+01 	 1.543935e+08 	
1.20351775e+06 	 2.721501e+01 	 1.504601e+08 	
1.20354905e+06 	 2.437432e+01 	 1.466299e+08 	
1.20358034e+06 	 2.182533e+01 	 1.429017e+08 	
1.20361118e+06 	 1.957117e+01 	 1.393270e+08 	
1.20364201e+06 	 1.754731e+01 	 1.358489e+08 	
1.20367285e+06 	 1.573107e+01 	 1.324664e+08 	
1.20370368e+06 	 1.410184e+01 	 1.291780e+08 	
1.20373452e+06 	 1.264096e+01 	 1.259825e+08 	
1.20376535e+06 	 1.133150e+01 	 1.228785e+08 	
1.20379619e+06 	 1.015817e+01 	 1.198646e+08 	
1.20382702e+06 	 9.107126e+00 	 1.169393e+08 	
1.20385786e+06 	 8.165871e+00 	 1.141012e+08 	
1.20388869e+06 	 7.323130e+00 	 1.113488e+08 	
1.20391953e+06 	 6.568734e+00 	 1.086806e+08 	
1.20395036e+06 	 5.893527e+00 	 1.060948e+08 	
1.20398120e+06 	 5.289263e+00 	 1.035901e+08 	
1.20401203e+06 	 4.748532e+00 	 1.011647e+08 	
1.20404287e+06 	 4.264671e+00 	 9.881706e+07 	
1.20407370e+06 	 3.831698e+00 	 9.654548e+07 	
1.20410881e+06 	 3.393873e+00 	 9.404963e+07 	
1.20414392e+06 	 3.008020e+00 	 9.164776e+07 	
1.20417902e+06 	 2.667913e+00 	 8.933737e+07 	
1.20421413e+06 	 2.368060e+00 	 8.711594e+07 	
1.20424924e+06 	 2.103622e+00 	 8.498097e+07 	
1.20428434e+06 	 1.870337e+00 	 8.292994e+07 	
1.20431945e+06 	 1.664453e+00 	 8.096035e+07 	
1.20435456e+06 	 1.482668e+00 	 7.906968e+07 	
1.20438967e+06 	 1.322080e+00 	 7.725545e+07 	
1.20442477e+06 	 1.180138e+00 	 7.551520e+07 	
1.20445988e+06 	 1.054599e+00 	 7.384645e+07 	
1.20449499e+06 	 9.434931e-01 	 7.224680e+07 	
1.20453863e+06 	 8.229051e-01 	 7.035085e+07 	
1.20458228e+06 	 7.190895e-01 	 6.855345e+07 	
1.20462592e+06 	 6.295993e-01 	 6.685014e+07 	
1.20466957e+06 	 5.523530e-01 	 6.523658e+07 	
1.20471321e+06 	 4.855798e-01 	 6.370852e+07 	
1.20475686e+06 	 4.277728e-01 	 6.226183e+07 	
1.20480050e+06 	 3.776493e-01 	 6.089249e+07 	
1.20484415e+06 	 3.341172e-01 	 5.959662e+07 	
1.20489771e+06 	 2.883458e-01 	 5.810119e+07 	
1.20495127e+06 	 2.496662e-01 	 5.670406e+07 	
1.20500483e+06 	 2.168915e-01 	 5.539887e+07 	
1.20505840e+06 	 1.890435e-01 	 5.417954e+07 	
1.20511196e+06 	 1.653150e-01 	 5.304034e+07 	
1.20517814e+06 	 1.407022e-01 	 5.173531e+07 	
1.20524432e+06 	 1.203465e-01 	 5.053471e+07 	
1.20531050e+06 	 1.034369e-01 	 4.942964e+07 	
1.20537669e+06 	 8.932754e-02 	 4.841187e+07 	
1.20545641e+06 	 7.532444e-02 	 4.729098e+07 	
1.20553614e+06 	 6.393337e-02 	 4.627375e+07 	
1.20561587e+06 	 5.460874e-02 	 4.534934e+07 	
1.20570649e+06 	 4.598819e-02 	 4.439909e+07 	
1.20579711e+06 	 3.901982e-02 	 4.354352e+07 	
1.20590047e+06 	 3.263362e-02 	 4.266910e+07 	
1.20600382e+06 	 2.753242e-02 	 4.188905e+07 	
1.20612170e+06 	 2.290874e-02 	 4.109892e+07 	
1.20623958e+06 	 1.925241e-02 	 4.039999e+07 	
1.20637419e+06 	 1.596450e-02 	 3.969677e+07 	
1.20650879e+06 	 1.338586e-02 	 3.907931e+07 	
1.20666092e+06 	 1.110434e-02 	 3.846812e+07 	
1.20681304e+06 	 9.321453e-03 	 3.793392e+07 	
1.20700234e+06 	 7.610113e-03 	 3.735788e+07 	
1.20719163e+06 	 6.306094e-03 	 3.686242e+07 	
1.20738093e+06 	 5.295453e-03 	 3.643260e+07 	
1.20762221e+06 	 4.311625e-03 	 3.596165e+07 	
1.20786350e+06 	 3.570508e-03 	 3.555994e+07 	
1.20810478e+06 	 3.001076e-03 	 3.521352e+07 	
1.20842199e+06 	 2.435884e-03 	 3.482473e+07 	
1.20873920e+06 	 2.015976e-03 	 3.449548e+07 	
1.20905640e+06 	 1.696712e-03 	 3.421281e+07 	
1.20948250e+06 	 1.376797e-03 	 3.389000e+07 	
1.20990860e+06 	 1.142230e-03 	 3.361750e+07 	
1.21033470e+06 	 9.656085e-04 	 3.338361e+07 	
1.21095461e+06 	 7.778595e-04 	 3.309555e+07 	
1.21157452e+06 	 6.442572e-04 	 3.285386e+07 	
1.21219443e+06 	 5.459632e-04 	 3.264663e+07 	
1.21281434e+06 	 4.716108e-04 	 3.246566e+07 	
1.21368830e+06 	 3.941410e-04 	 3.224427e+07 	
1.21456227e+06 	 3.380421e-04 	 3.205255e+07 	
1.21557536e+06 	 2.904304e-04 	 3.185770e+07 	
1.21658846e+06 	 2.552753e-04 	 3.168485e+07 	
1.21760156e+06 	 2.285704e-04 	 3.152865e+07 	
1.21914708e+06 	 1.986839e-04 	 3.131424e+07 	
1.22043447e+06 	 1.805106e-04 	 3.115210e+07 	
1.22241551e+06 	 1.601707e-04 	 3.092356e+07 	
1.22439655e+06 	 1.458113e-04 	 3.071333e+07 	
1.22637758e+06 	 1.352566e-04 	 3.051610e+07 	
1.22946581e+06 	 1.235295e-04 	 3.022668e+07 	
1.23132958e+06 	 1.182580e-04 	 3.005965e+07 	
1.23517501e+06 	 1.099884e-04 	 2.972749e+07 	
1.23828169e+06 	 1.049300e-04 	 2.946794e+07 	
1.24314554e+06 	 9.865383e-05 	 2.907233e+07 	
1.24800938e+06 	 9.352154e-05 	 2.868616e+07 	
1.25603980e+06 	 8.632298e-05 	 2.806356e+07 	
1.25999806e+06 	 8.311513e-05 	 2.776235e+07 	
1.26395632e+06 	 8.005871e-05 	 2.746447e+07 	
1.26613580e+06 	 7.842991e-05 	 2.730182e+07 	
1.26750000e+06 	 7.743067e-05 	 2.720051e+07 	
1.27400000e+06 	 7.282132e-05 	 2.672264e+07 	
1.28050000e+06 	 6.846217e-05 	 2.625273e+07 	
1.28700000e+06 	 6.432083e-05 	 2.579051e+07 	
1.30000000e+06 	 5.663414e-05 	 2.488843e+07 	
1.30050050e+06 	 5.635286e-05 	 2.485428e+07 	
1.30100100e+06 	 5.607262e-05 	 2.482017e+07 	
1.30150150e+06 	 5.579341e-05 	 2.478611e+07 	
1.30200200e+06 	 5.551523e-05 	 2.475209e+07 	
1.30250250e+06 	 5.523808e-05 	 2.471811e+07 	
1.30300300e+06 	 5.496194e-05 	 2.468418e+07 	
1.30350350e+06 	 5.468682e-05 	 2.465028e+07 	
1.30400400e+06 	 5.441270e-05 	 2.461643e+07 	
1.30450450e+06 	 5.413959e-05 	 2.458262e+07 	
1.30500501e+06 	 5.386748e-05 	 2.454885e+07 	
1.30550551e+06 	 5.359635e-05 	 2.451513e+07 	
1.30600601e+06 	 5.332622e-05 	 2.448144e+07 	
1.30650651e+06 	 5.305706e-05 	 2.444780e+07 	
1.30700701e+06 	 5.278889e-05 	 2.441420e+07 	
1.30750751e+06 	 5.252168e-05 	 2.438064e+07 	
1.30800801e+06 	 5.225545e-05 	 2.434712e+07 	
1.30850851e+06 	 5.199018e-05 	 2.431365e+07 	
1.30900901e+06 	 5.172587e-05 	 2.428021e+07 	
1.30950951e+06 	 5.146252e-05 	 2.424682e+07 	
1.31001001e+06 	 5.120011e-05 	 2.421347e+07 	
1.31051051e+06 	 5.093865e-05 	 2.418016e+07 	
1.31101101e+06 	 5.067813e-05 	 2.414689e+07 	
1.31151151e+06 	 5.041854e-05 	 2.411366e+07 	
1.31201201e+06 	 5.015989e-05 	 2.408047e+07 	
1.31251251e+06 	 4.990216e-05 	 2.404733e+07 	
1.31301301e+06 	 4.964535e-05 	 2.401422e+07 	
1.31351351e+06 	 4.938946e-05 	 2.398116e+07 	
1.31401401e+06 	 4.913448e-05 	 2.394814e+07 	
1.31451451e+06 	 4.888041e-05 	 2.391516e+07 	
1.31501502e+06 	 4.862725e-05 	 2.388221e+07 	
1.31551552e+06 	 4.837498e-05 	 2.384931e+07 	
1.31601602e+06 	 4.812360e-05 	 2.381645e+07 	
1.31651652e+06 	 4.787311e-05 	 2.378363e+07 	
1.31701702e+06 	 4.762351e-05 	 2.375085e+07 	
1.31751752e+06 	 4.737478e-05 	 2.371812e+07 	
1.31801802e+06 	 4.712693e-05 	 2.368542e+07 	
1.31851852e+06 	 4.687995e-05 	 2.365276e+07 	
1.31901902e+06 	 4.663384e-05 	 2.362014e+07 	
1.31951952e+06 	 4.638859e-05 	 2.358756e+07 	
1.32002002e+06 	 4.614419e-05 	 2.355503e+07 	
1.32052052e+06 	 4.590065e-05 	 2.352253e+07 	
1.32102102e+06 	 4.565796e-05 	 2.349007e+07 	
1.32152152e+06 	 4.541612e-05 	 2.345765e+07 	
1.32202202e+06 	 4.517511e-05 	 2.342528e+07 	
1.32252252e+06 	 4.493494e-05 	 2.339294e+07 	
1.32302302e+06 	 4.469561e-05 	 2.336064e+07 	
1.32352352e+06 	 4.445710e-05 	 2.332838e+07 	
1.32402402e+06 	 4.421941e-05 	 2.329617e+07 	
1.32452452e+06 	 4.398255e-05 	 2.326399e+07 	
1.32502503e+06 	 4.374649e-05 	 2.323185e+07 	
1.32552553e+06 	 4.351125e-05 	 2.319975e+07 	
1.32602603e+06 	 4.327682e-05 	 2.316769e+07 	
1.32652653e+06 	 4.304318e-05 	 2.313567e+07 	
1.32702703e+06 	 4.281035e-05 	 2.310369e+07 	
1.32752753e+06 	 4.257830e-05 	 2.307174e+07 	
1.32802803e+06 	 4.234705e-05 	 2.303984e+07 	
1.32852853e+06 	 4.211658e-05 	 2.300798e+07 	
1.32902903e+06 	 4.188689e-05 	 2.297615e+07 	
1.32952953e+06 	 4.165798e-05 	 2.294437e+07 	
1.33003003e+06 	 4.142984e-05 	 2.291262e+07 	
1.33053053e+06 	 4.120247e-05 	 2.288091e+07 	
1.33103103e+06 	 4.097586e-05 	 2.284925e+07 	
1.33153153e+06 	 4.075000e-05 	 2.281762e+07 	
1.33203203e+06 	 4.052696e-05 	 2.278600e+07 	
1.33253253e+06 	 4.030276e-05 	 2.275445e+07 	
1.33303303e+06 	 4.007930e-05 	 2.272293e+07 	
1.33353353e+06 	 3.985660e-05 	 2.269146e+07 	
1.33403403e+06 	 3.963465e-05 	 2.266002e+07 	
1.33453453e+06 	 3.941344e-05 	 2.262862e+07 	
1.33503504e+06 	 3.919297e-05 	 2.259726e+07 	
1.33553554e+06 	 3.897325e-05 	 2.256594e+07 	
1.33603604e+06 	 3.875426e-05 	 2.253465e+07 	
1.33653654e+06 	 3.853599e-05 	 2.250341e+07 	
1.33703704e+06 	 3.831651e-05 	 2.247222e+07 	
1.33753754e+06 	 3.809957e-05 	 2.244106e+07 	
1.33803804e+06 	 3.788335e-05 	 2.240993e+07 	
1.33853854e+06 	 3.766784e-05 	 2.237884e+07 	
1.33903904e+06 	 3.745304e-05 	 2.234778e+07 	
1.33953954e+06 	 3.723894e-05 	 2.231677e+07 	
1.34004004e+06 	 3.702554e-05 	 2.228579e+07 	
1.34054054e+06 	 3.681283e-05 	 2.225485e+07 	
1.34104104e+06 	 3.660082e-05 	 2.222395e+07 	
1.34154154e+06 	 3.638950e-05 	 2.219308e+07 	
1.34204204e+06 	 3.617701e-05 	 2.216228e+07 	
1.34254254e+06 	 3.596694e-05 	 2.213149e+07 	
1.34304304e+06 	 3.575754e-05 	 2.210074e+07 	
1.34354354e+06 	 3.554880e-05 	 2.207003e+07 	
1.34404404e+06 	 3.534073e-05 	 2.203936e+07 	
1.34454454e+06 	 3.513332e-05 	 2.200872e+07 	
1.34504505e+06 	 3.492657e-05 	 2.197812e+07 	
1.34554555e+06 	 3.472047e-05 	 2.194756e+07 	
1.34604605e+06 	 3.451502e-05 	 2.191704e+07 	
1.34654655e+06 	 3.431022e-05 	 2.188655e+07 	
1.34704705e+06 	 3.410431e-05 	 2.185613e+07 	
1.34754755e+06 	 3.390067e-05 	 2.182572e+07 	
1.34804805e+06 	 3.369766e-05 	 2.179535e+07 	
1.34854855e+06 	 3.349528e-05 	 2.176501e+07 	
1.34904905e+06 	 3.329352e-05 	 2.173471e+07 	
1.34954955e+06 	 3.309238e-05 	 2.170445e+07 	
1.35005005e+06 	 3.289184e-05 	 2.167423e+07 	
1.35055055e+06 	 3.269192e-05 	 2.164405e+07 	
1.35105105e+06 	 3.249260e-05 	 2.161390e+07 	
1.35155155e+06 	 3.229388e-05 	 2.158379e+07 	
1.35205205e+06 	 3.209741e-05 	 2.155369e+07 	
1.35255255e+06 	 3.189999e-05 	 2.152365e+07 	
1.35305305e+06 	 3.170316e-05 	 2.149365e+07 	
1.35355355e+06 	 3.150693e-05 	 2.146368e+07 	
1.35405405e+06 	 3.131129e-05 	 2.143375e+07 	
1.35455455e+06 	 3.111623e-05 	 2.140386e+07 	
1.35505506e+06 	 3.092176e-05 	 2.137401e+07 	
1.35555556e+06 	 3.072787e-05 	 2.134419e+07 	
1.35605606e+06 	 3.053455e-05 	 2.131441e+07 	
1.35655656e+06 	 3.034180e-05 	 2.128467e+07 	
1.35705706e+06 	 3.014808e-05 	 2.125498e+07 	
1.35755756e+06 	 2.995637e-05 	 2.122531e+07 	
1.35805806e+06 	 2.976521e-05 	 2.119568e+07 	
1.35855856e+06 	 2.957461e-05 	 2.116609e+07 	
1.35905906e+06 	 2.938455e-05 	 2.113653e+07 	
1.35955956e+06 	 2.919504e-05 	 2.110700e+07 	
1.36006006e+06 	 2.900608e-05 	 2.107752e+07 	
1.36056056e+06 	 2.881765e-05 	 2.104807e+07 	
1.36106106e+06 	 2.862976e-05 	 2.101866e+07 	
1.36156156e+06 	 2.844240e-05 	 2.098928e+07 	
1.36206206e+06 	 2.825411e-05 	 2.095996e+07 	
1.36256256e+06 	 2.806771e-05 	 2.093066e+07 	
1.36306306e+06 	 2.788183e-05 	 2.090140e+07 	
1.36356356e+06 	 2.769645e-05 	 2.087217e+07 	
1.36406406e+06 	 2.751158e-05 	 2.084298e+07 	
1.36456456e+06 	 2.732722e-05 	 2.081382e+07 	
1.36506507e+06 	 2.714335e-05 	 2.078470e+07 	
1.36556557e+06 	 2.695999e-05 	 2.075562e+07 	
1.36606607e+06 	 2.677711e-05 	 2.072657e+07 	
1.36656657e+06 	 2.659473e-05 	 2.069756e+07 	
1.36706707e+06 	 2.641148e-05 	 2.066861e+07 	
1.36756757e+06 	 2.622997e-05 	 2.063968e+07 	
1.36806807e+06 	 2.604894e-05 	 2.061078e+07 	
1.36856857e+06 	 2.586837e-05 	 2.058192e+07 	
1.36906907e+06 	 2.568827e-05 	 2.055309e+07 	
1.36956957e+06 	 2.550863e-05 	 2.052430e+07 	
1.37007007e+06 	 2.532945e-05 	 2.049555e+07 	
1.37057057e+06 	 2.515072e-05 	 2.046683e+07 	
1.37107107e+06 	 2.497244e-05 	 2.043815e+07 	
1.37157157e+06 	 2.479460e-05 	 2.040951e+07 	
1.37207207e+06 	 2.461846e-05 	 2.038088e+07 	
1.37257257e+06 	 2.444157e-05 	 2.035231e+07 	
1.37307307e+06 	 2.426513e-05 	 2.032378e+07 	
1.37357357e+06 	 2.408911e-05 	 2.029528e+07 	
1.37407407e+06 	 2.391353e-05 	 2.026682e+07 	
1.37457457e+06 	 2.373837e-05 	 2.023839e+07 	
1.37507508e+06 	 2.356363e-05 	 2.021000e+07 	
1.37557558e+06 	 2.338930e-05 	 2.018165e+07 	
1.37607608e+06 	 2.321539e-05 	 2.015334e+07 	
1.37657658e+06 	 2.304189e-05 	 2.012506e+07 	
1.37707708e+06 	 2.286762e-05 	 2.009684e+07 	
1.37757758e+06 	 2.269486e-05 	 2.006863e+07 	
1.37807808e+06 	 2.252248e-05 	 2.004047e+07 	
1.37857858e+06 	 2.235049e-05 	 2.001234e+07 	
1.37907908e+06 	 2.217889e-05 	 1.998424e+07 	
1.37957958e+06 	 2.200767e-05 	 1.995619e+07 	
1.38008008e+06 	 2.183683e-05 	 1.992817e+07 	
1.38058058e+06 	 2.166635e-05 	 1.990018e+07 	
1.38108108e+06 	 2.149625e-05 	 1.987224e+07 	
1.38158158e+06 	 2.132651e-05 	 1.984433e+07 	
1.38208208e+06 	 2.115604e-05 	 1.981648e+07 	
1.38258258e+06 	 2.098694e-05 	 1.978865e+07 	
1.38308308e+06 	 2.081820e-05 	 1.976085e+07 	
1.38358358e+06 	 2.064979e-05 	 1.973309e+07 	
1.38408408e+06 	 2.048172e-05 	 1.970537e+07 	
1.38458458e+06 	 2.031399e-05 	 1.967769e+07 	
1.38508509e+06 	 2.014658e-05 	 1.965005e+07 	
1.38558559e+06 	 1.997950e-05 	 1.962244e+07 	
1.38608609e+06 	 1.981274e-05 	 1.959487e+07 	
1.38658659e+06 	 1.964629e-05 	 1.956734e+07 	
1.38708709e+06 	 1.947915e-05 	 1.953987e+07 	
1.38758759e+06 	 1.931325e-05 	 1.951241e+07 	
1.38808809e+06 	 1.914766e-05 	 1.948500e+07 	
1.38858859e+06 	 1.898235e-05 	 1.945762e+07 	
1.38908909e+06 	 1.881733e-05 	 1.943028e+07 	
1.38958959e+06 	 1.865259e-05 	 1.940299e+07 	
1.39009009e+06 	 1.848813e-05 	 1.937573e+07 	
1.39059059e+06 	 1.832395e-05 	 1.934850e+07 	
1.39109109e+06 	 1.816002e-05 	 1.932132e+07 	
1.39159159e+06 	 1.799636e-05 	 1.929418e+07 	
1.39209209e+06 	 1.783204e-05 	 1.926710e+07 	
1.39259259e+06 	 1.766883e-05 	 1.924004e+07 	
1.39309309e+06 	 1.750587e-05 	 1.921302e+07 	
1.39359359e+06 	 1.734314e-05 	 1.918604e+07 	
1.39409409e+06 	 1.718064e-05 	 1.915909e+07 	
1.39459459e+06 	 1.701837e-05 	 1.913219e+07 	
1.39509510e+06 	 1.685632e-05 	 1.910534e+07 	
1.39559560e+06 	 1.669448e-05 	 1.907852e+07 	
1.39609610e+06 	 1.653285e-05 	 1.905174e+07 	
1.39659660e+06 	 1.637143e-05 	 1.902501e+07 	
1.39709710e+06 	 1.621104e-05 	 1.899829e+07 	
1.39759760e+06 	 1.605006e-05 	 1.897164e+07 	
1.39809810e+06 	 1.588927e-05 	 1.894503e+07 	
1.39859860e+06 	 1.572866e-05 	 1.891847e+07 	
1.39909910e+06 	 1.556823e-05 	 1.889194e+07 	
1.39959960e+06 	 1.540797e-05 	 1.886546e+07 	
1.40010010e+06 	 1.524788e-05 	 1.883903e+07 	
1.40060060e+06 	 1.508795e-05 	 1.881263e+07 	
1.40110110e+06 	 1.492817e-05 	 1.878629e+07 	
1.40160160e+06 	 1.476855e-05 	 1.875999e+07 	
1.40210210e+06 	 1.460830e-05 	 1.873375e+07 	
1.40260260e+06 	 1.444891e-05 	 1.870754e+07 	
1.40310310e+06 	 1.428966e-05 	 1.868138e+07 	
1.40360360e+06 	 1.413052e-05 	 1.865526e+07 	
1.40410410e+06 	 1.397150e-05 	 1.862919e+07 	
1.40460460e+06 	 1.381260e-05 	 1.860317e+07 	
1.40510511e+06 	 1.365380e-05 	 1.857720e+07 	
1.40560561e+06 	 1.349511e-05 	 1.855128e+07 	
1.40610611e+06 	 1.333651e-05 	 1.852540e+07 	
1.40660661e+06 	 1.317800e-05 	 1.849958e+07 	
1.40710711e+06 	 1.302026e-05 	 1.847378e+07 	
1.40760761e+06 	 1.286196e-05 	 1.844806e+07 	
1.40810811e+06 	 1.270374e-05 	 1.842239e+07 	
1.40860861e+06 	 1.254559e-05 	 1.839677e+07 	
1.40910911e+06 	 1.238751e-05 	 1.837121e+07 	
1.40960961e+06 	 1.222949e-05 	 1.834570e+07 	
1.41011011e+06 	 1.207153e-05 	 1.832024e+07 	
1.41061061e+06 	 1.191363e-05 	 1.829485e+07 	
1.41111111e+06 	 1.175578e-05 	 1.826951e+07 	
1.41161161e+06 	 1.159797e-05 	 1.824422e+07 	
1.41211211e+06 	 1.144082e-05 	 1.821898e+07 	
1.41261261e+06 	 1.128314e-05 	 1.819381e+07 	
1.41311311e+06 	 1.112550e-05 	 1.816870e+07 	
1.41361361e+06 	 1.096789e-05 	 1.814366e+07 	
1.41411411e+06 	 1.081033e-05 	 1.811868e+07 	
1.41461461e+06 	 1.065280e-05 	 1.809376e+07 	
1.41511512e+06 	 1.049531e-05 	 1.806891e+07 	
1.41561562e+06 	 1.033785e-05 	 1.804413e+07 	
1.41611612e+06 	 1.018043e-05 	 1.801941e+07 	
1.41661662e+06 	 1.002305e-05 	 1.799477e+07 	
1.41711712e+06 	 9.865173e-06 	 1.797022e+07 	
1.41761762e+06 	 9.707838e-06 	 1.794571e+07 	
1.41811812e+06 	 9.550546e-06 	 1.792129e+07 	
1.41861862e+06 	 9.393300e-06 	 1.789694e+07 	
1.41911912e+06 	 9.236106e-06 	 1.787266e+07 	
1.41961962e+06 	 9.078969e-06 	 1.784847e+07 	
1.42012012e+06 	 8.921896e-06 	 1.782435e+07 	
1.42062062e+06 	 8.764895e-06 	 1.780032e+07 	
1.42112112e+06 	 8.607974e-06 	 1.777637e+07 	
1.42162162e+06 	 8.451574e-06 	 1.775249e+07 	
1.42212212e+06 	 8.294871e-06 	 1.772872e+07 	
1.42262262e+06 	 8.138284e-06 	 1.770504e+07 	
1.42312312e+06 	 7.981828e-06 	 1.768145e+07 	
1.42362362e+06 	 7.825520e-06 	 1.765796e+07 	
1.42412412e+06 	 7.669376e-06 	 1.763456e+07 	
1.42462462e+06 	 7.513416e-06 	 1.761127e+07 	
1.42512513e+06 	 7.357660e-06 	 1.758808e+07 	
1.42562563e+06 	 7.202133e-06 	 1.756499e+07 	
1.42612613e+06 	 7.046859e-06 	 1.754202e+07 	
1.42662663e+06 	 6.892221e-06 	 1.751913e+07 	
1.42712713e+06 	 6.737552e-06 	 1.749638e+07 	
1.42762763e+06 	 6.583225e-06 	 1.747375e+07 	
1.42812813e+06 	 6.429272e-06 	 1.745123e+07 	
1.42862863e+06 	 6.275729e-06 	 1.742884e+07 	
1.42912913e+06 	 6.122636e-06 	 1.740658e+07 	
1.42962963e+06 	 5.970033e-06 	 1.738445e+07 	
1.43013013e+06 	 5.817963e-06 	 1.736245e+07 	
1.43063063e+06 	 5.666474e-06 	 1.734059e+07 	
1.43113113e+06 	 5.515614e-06 	 1.731887e+07 	
1.43163163e+06 	 5.365151e-06 	 1.729732e+07 	
1.43213213e+06 	 5.215695e-06 	 1.727590e+07 	
1.43263263e+06 	 5.067033e-06 	 1.725464e+07 	
1.43313313e+06 	 4.919225e-06 	 1.723353e+07 	
1.43363363e+06 	 4.772335e-06 	 1.721258e+07 	
1.43413413e+06 	 4.626428e-06 	 1.719180e+07 	
1.43463463e+06 	 4.481574e-06 	 1.717119e+07 	
1.43513514e+06 	 4.337844e-06 	 1.715076e+07 	
1.43563564e+06 	 4.195314e-06 	 1.713051e+07 	
1.43613614e+06 	 4.053854e-06 	 1.711046e+07 	
1.43663664e+06 	 3.913949e-06 	 1.709058e+07 	
1.43713714e+06 	 3.775482e-06 	 1.707090e+07 	
1.43763764e+06 	 3.638538e-06 	 1.705141e+07 	
1.43813814e+06 	 3.503202e-06 	 1.703213e+07 	
1.43863864e+06 	 3.369563e-06 	 1.701306e+07 	
1.43913914e+06 	 3.237711e-06 	 1.699420e+07 	
1.43963964e+06 	 3.107736e-06 	 1.697556e+07 	
1.44014014e+06 	 2.979729e-06 	 1.695715e+07 	
1.44064064e+06 	 2.853782e-06 	 1.693896e+07 	
1.44114114e+06 	 2.730133e-06 	 1.692099e+07 	
1.44164164e+06 	 2.608587e-06 	 1.690327e+07 	
1.44214214e+06 	 2.489378e-06 	 1.688580e+07 	
1.44264264e+06 	 2.372593e-06 	 1.686858e+07 	
1.44314314e+06 	 2.258322e-06 	 1.685161e+07 	
1.44364364e+06 	 2.146650e-06 	 1.683489e+07 	
1.44414414e+06 	 2.037661e-06 	 1.681844e+07 	
1.44464464e+06 	 1.931433e-06 	 1.680225e+07 	
1.44514515e+06 	 1.828043e-06 	 1.678634e+07 	
1.44564565e+06 	 1.727650e-06 	 1.677067e+07 	
1.44614615e+06 	 1.630145e-06 	 1.675530e+07 	
1.44664665e+06 	 1.535676e-06 	 1.674022e+07 	
1.44714715e+06 	 1.444296e-06 	 1.672542e+07 	
1.44764765e+06 	 1.356054e-06 	 1.671090e+07 	
1.44814815e+06 	 1.270989e-06 	 1.669668e+07 	
1.44864865e+06 	 1.189136e-06 	 1.668275e+07 	
1.44914915e+06 	 1.110519e-06 	 1.666911e+07 	
1.44964965e+06 	 1.035153e-06 	 1.665577e+07 	
1.45015015e+06 	 9.630978e-07 	 1.664271e+07 	
1.45065065e+06 	 8.942519e-07 	 1.662996e+07 	
1.45115115e+06 	 8.286548e-07 	 1.661752e+07 	
1.45165165e+06 	 7.662872e-07 	 1.660537e+07 	
1.45215215e+06 	 7.071207e-07 	 1.659353e+07 	
1.45265265e+06 	 6.511177e-07 	 1.658198e+07 	
1.45315315e+06 	 5.982317e-07 	 1.657073e+07 	
1.45365365e+06 	 5.484079e-07 	 1.655978e+07 	
1.45415415e+06 	 5.015827e-07 	 1.654913e+07 	
1.45465465e+06 	 4.577095e-07 	 1.653874e+07 	
1.45515516e+06 	 4.166603e-07 	 1.652867e+07 	
1.45565566e+06 	 3.783743e-07 	 1.651889e+07 	
1.45615616e+06 	 3.427599e-07 	 1.650939e+07 	
1.45665666e+06 	 3.097197e-07 	 1.650017e+07 	
1.45715716e+06 	 2.791517e-07 	 1.649123e+07 	
1.45765766e+06 	 2.509498e-07 	 1.648256e+07 	
1.45815816e+06 	 2.249932e-07 	 1.647418e+07 	
1.45865866e+06 	 2.011932e-07 	 1.646604e+07 	
1.45915916e+06 	 1.794246e-07 	 1.645816e+07 	
1.45965966e+06 	 1.595733e-07 	 1.645053e+07 	
1.46016016e+06 	 1.415248e-07 	 1.644314e+07 	
1.46066066e+06 	 1.251654e-07 	 1.643599e+07 	
1.46116116e+06 	 1.103828e-07 	 1.642907e+07 	
1.46166166e+06 	 9.706143e-08 	 1.642241e+07 	
1.46216216e+06 	 8.510428e-08 	 1.641594e+07 	
1.46266266e+06 	 7.440157e-08 	 1.640967e+07 	
1.46316316e+06 	 6.485251e-08 	 1.640362e+07 	
1.46366366e+06 	 5.636043e-08 	 1.639775e+07 	
1.46416416e+06 	 4.883569e-08 	 1.639203e+07 	
1.46466466e+06 	 4.218546e-08 	 1.638653e+07 	
1.46516517e+06 	 3.632968e-08 	 1.638119e+07 	
1.46566567e+06 	 3.119068e-08 	 1.637602e+07 	
1.46616617e+06 	 2.669441e-08 	 1.637107e+07 	
1.46666667e+06 	 2.277630e-08 	 1.636623e+07 	
1.46716717e+06 	 1.937250e-08 	 1.636153e+07 	
1.46766767e+06 	 1.642652e-08 	 1.635690e+07 	
1.46816817e+06 	 1.388397e-08 	 1.635246e+07 	
1.46866867e+06 	 1.169840e-08 	 1.634806e+07 	
1.46916917e+06 	 9.825158e-09 	 1.634385e+07 	
1.46966967e+06 	 8.226287e-09 	 1.633956e+07 	
1.47017017e+06 	 6.865266e-09 	 1.633546e+07 	
1.47067067e+06 	 5.711183e-09 	 1.633140e+07 	
1.47117117e+06 	 4.735412e-09 	 1.632775e+07 	
1.47167167e+06 	 3.913986e-09 	 1.632401e+07 	
1.47217217e+06 	 3.224865e-09 	 1.632008e+07 	
1.47267267e+06 	 2.648495e-09 	 1.631623e+07 	
1.47317317e+06 	 2.167995e-09 	 1.631280e+07 	
1.47367367e+06 	 1.769051e-09 	 1.630916e+07 	
1.47417417e+06 	 1.438855e-09 	 1.630566e+07 	
1.47467467e+06 	 1.166574e-09 	 1.630192e+07 	
1.47517518e+06 	 9.427203e-10 	 1.629870e+07 	
1.47567568e+06 	 7.594143e-10 	 1.629513e+07 	
1.47617618e+06 	 6.097734e-10 	 1.629184e+07 	
1.47667668e+06 	 4.880658e-10 	 1.628827e+07 	
1.47717718e+06 	 3.893899e-10 	 1.628507e+07 	
1.47767768e+06 	 3.096791e-10 	 1.628161e+07 	
1.47817818e+06 	 2.454969e-10 	 1.627836e+07 	
1.47867868e+06 	 1.939993e-10 	 1.627499e+07 	
1.68900715e+06 	 1.000000e-20 	 1.504786e+07 	
1.92925292e+06 	 1.000000e-20 	 1.394018e+07 	
2.20367144e+06 	 1.000000e-20 	 1.293414e+07 	
2.51712348e+06 	 1.000000e-20 	 1.201599e+07 	
2.87516119e+06 	 1.000000e-20 	 1.117476e+07 	
3.28412648e+06 	 1.000000e-20 	 1.040153e+07 	
3.75126333e+06 	 1.000000e-20 	 9.688939e+06 	
4.28484612e+06 	 1.000000e-20 	 9.030775e+06 	
4.89432615e+06 	 1.000000e-20 	 8.421762e+06 	
5.59049913e+06 	 1.000000e-20 	 7.857352e+06 	
6.38569632e+06 	 1.000000e-20 	 7.333587e+06 	
7.29400302e+06 	 1.000000e-20 	 6.846996e+06 	
8.33150801e+06 	 1.000000e-20 	 6.394507e+06 	
9.51658856e+06 	 1.000000e-20 	 5.973384e+06 	
1.08702359e+07 	 1.000000e-20 	 5.581175e+06 	
1.24164272e+07 	 1.000000e-20 	 5.215674e+06 	
1.41825501e+07 	 1.000000e-20 	 4.874883e+06 	
1.61998877e+07 	 1.000000e-20 	 4.556987e+06 	
1.85041730e+07 	 1.000000e-20 	 4.260332e+06 	
2.11362218e+07 	 1.000000e-20 	 3.983403e+06 	
2.41426554e+07 	 1.000000e-20 	 3.724813e+06 	
2.75767265e+07 	 1.000000e-20 	 3.483285e+06 	
3.14992628e+07 	 1.000000e-20 	 3.257642e+06 	
3.59797438e+07 	 1.000000e-20 	 3.046799e+06 	
4.10975322e+07 	 1.000000e-20 	 2.849752e+06 	
4.69432789e+07 	 1.000000e-20 	 2.665570e+06 	
5.36205295e+07 	 1.000000e-20 	 2.493392e+06 	
6.12475578e+07 	 1.000000e-20 	 2.332417e+06 	
6.99594608e+07 	 1.000000e-20 	 2.181900e+06 	
7.99105520e+07 	 1.000000e-20 	 2.041152e+06 	
9.12770946e+07 	 1.000000e-20 	 1.909527e+06 	
1.04260424e+08 	 1.000000e-20 	 1.786426e+06 	
1.19090512e+08 	 1.000000e-20 	 1.671291e+06 	
1.36030044e+08 	 1.000000e-20 	 1.563601e+06 	
1.55379070e+08 	 1.000000e-20 	 1.462870e+06 	
1.77480317e+08 	 1.000000e-20 	 1.368644e+06 	
2.02725263e+08 	 1.000000e-20 	 1.280501e+06 	
2.31561071e+08 	 1.000000e-20 	 1.198045e+06 	
2.64498508e+08 	 1.000000e-20 	 1.120908e+06 	
3.02120993e+08 	 1.000000e-20 	 1.048745e+06 	
3.45094932e+08 	 1.000000e-20 	 9.812339e+05 	
3.94181519e+08 	 1.000000e-20 	 9.180734e+05 	
4.50250222e+08 	 1.000000e-20 	 8.589825e+05 	
5.14294184e+08 	 1.000000e-20 	 8.036982e+05 	
5.87447812e+08 	 1.000000e-20 	 7.519746e+05 	
6.71006872e+08 	 1.000000e-20 	 7.035821e+05 	
7.66451441e+08 	 1.000000e-20 	 6.583056e+05 	
8.75472125e+08 	 1.000000e-20 	 6.159442e+05 	
1.00000000e+09 	 1.000000e-20 	 5.763100e+05 	
