r (cm)        	 rho (g/cm3) 	 T (K)       		 Linf = 3.343544e+38
1.19995893e+06 	 1.244177e+05 	 1.256660e+09 	
1.20000312e+06 	 1.172662e+05 	 1.237925e+09 	
1.20011099e+06 	 1.012247e+05 	 1.192593e+09 	
1.20021886e+06 	 8.704964e+04 	 1.147863e+09 	
1.20032674e+06 	 7.456795e+04 	 1.103754e+09 	
1.20041476e+06 	 6.552514e+04 	 1.068241e+09 	
1.20050277e+06 	 5.741905e+04 	 1.033171e+09 	
1.20059079e+06 	 5.017177e+04 	 9.985565e+08 	
1.20067881e+06 	 4.371000e+04 	 9.644117e+08 	
1.20076683e+06 	 3.796486e+04 	 9.307507e+08 	
1.20085160e+06 	 3.304881e+04 	 8.988023e+08 	
1.20093637e+06 	 2.868364e+04 	 8.673294e+08 	
1.20102114e+06 	 2.481887e+04 	 8.363455e+08 	
1.20110592e+06 	 2.140738e+04 	 8.058646e+08 	
1.20117628e+06 	 1.888855e+04 	 7.809571e+08 	
1.20124664e+06 	 1.662833e+04 	 7.564139e+08 	
1.20131700e+06 	 1.460475e+04 	 7.322436e+08 	
1.20138736e+06 	 1.279723e+04 	 7.084544e+08 	
1.20145773e+06 	 1.118653e+04 	 6.850548e+08 	
1.20152802e+06 	 9.755949e+03 	 6.620741e+08 	
1.20159832e+06 	 8.487277e+03 	 6.394993e+08 	
1.20166862e+06 	 7.365055e+03 	 6.173388e+08 	
1.20172685e+06 	 6.536103e+03 	 5.993019e+08 	
1.20178508e+06 	 5.790222e+03 	 5.815599e+08 	
1.20184331e+06 	 5.120331e+03 	 5.641174e+08 	
1.20190154e+06 	 4.519824e+03 	 5.469792e+08 	
1.20195978e+06 	 3.982544e+03 	 5.301499e+08 	
1.20201801e+06 	 3.502767e+03 	 5.136339e+08 	
1.20207798e+06 	 3.063142e+03 	 4.969559e+08 	
1.20213795e+06 	 2.673514e+03 	 4.806196e+08 	
1.20218716e+06 	 2.387683e+03 	 4.674742e+08 	
1.20223637e+06 	 2.129639e+03 	 4.545642e+08 	
1.20228558e+06 	 1.897023e+03 	 4.418918e+08 	
1.20233478e+06 	 1.687637e+03 	 4.294592e+08 	
1.20238399e+06 	 1.499440e+03 	 4.172686e+08 	
1.20243320e+06 	 1.330540e+03 	 4.053217e+08 	
1.20248240e+06 	 1.179184e+03 	 3.936203e+08 	
1.20253161e+06 	 1.043752e+03 	 3.821662e+08 	
1.20258271e+06 	 9.183623e+02 	 3.705347e+08 	
1.20263381e+06 	 8.069952e+02 	 3.591727e+08 	
1.20267619e+06 	 7.242551e+02 	 3.499549e+08 	
1.20271858e+06 	 6.494473e+02 	 3.409240e+08 	
1.20276096e+06 	 5.818848e+02 	 3.320805e+08 	
1.20280334e+06 	 5.209315e+02 	 3.234249e+08 	
1.20284572e+06 	 4.659995e+02 	 3.149572e+08 	
1.20288810e+06 	 4.165461e+02 	 3.066778e+08 	
1.20293048e+06 	 3.720712e+02 	 2.985866e+08 	
1.20297286e+06 	 3.321145e+02 	 2.906834e+08 	
1.20301525e+06 	 2.962530e+02 	 2.829680e+08 	
1.20305763e+06 	 2.640986e+02 	 2.754400e+08 	
1.20309538e+06 	 2.382906e+02 	 2.688920e+08 	
1.20313313e+06 	 2.149103e+02 	 2.624919e+08 	
1.20317088e+06 	 1.937447e+02 	 2.562389e+08 	
1.20320863e+06 	 1.745975e+02 	 2.501324e+08 	
1.20324638e+06 	 1.572879e+02 	 2.441717e+08 	
1.20328413e+06 	 1.416500e+02 	 2.383559e+08 	
1.20332188e+06 	 1.275313e+02 	 2.326841e+08 	
1.20335963e+06 	 1.147918e+02 	 2.271553e+08 	
1.20339738e+06 	 1.033036e+02 	 2.217683e+08 	
1.20343513e+06 	 9.294932e+01 	 2.165219e+08 	
1.20347288e+06 	 8.362203e+01 	 2.114147e+08 	
1.20351063e+06 	 7.522392e+01 	 2.064455e+08 	
1.20354838e+06 	 6.766587e+01 	 2.016127e+08 	
1.20358613e+06 	 6.086672e+01 	 1.969147e+08 	
1.20362388e+06 	 5.475262e+01 	 1.923499e+08 	
1.20366163e+06 	 4.925646e+01 	 1.879166e+08 	
1.20369938e+06 	 4.431733e+01 	 1.836129e+08 	
1.20373713e+06 	 3.987999e+01 	 1.794369e+08 	
1.20377589e+06 	 3.579254e+01 	 1.752790e+08 	
1.20381466e+06 	 3.213258e+01 	 1.712516e+08 	
1.20385343e+06 	 2.885593e+01 	 1.673524e+08 	
1.20389220e+06 	 2.592276e+01 	 1.635790e+08 	
1.20393097e+06 	 2.329726e+01 	 1.599291e+08 	
1.20396974e+06 	 2.094721e+01 	 1.564001e+08 	
1.20400851e+06 	 1.884364e+01 	 1.529897e+08 	
1.20404728e+06 	 1.696059e+01 	 1.496952e+08 	
1.20408605e+06 	 1.527473e+01 	 1.465140e+08 	
1.20412482e+06 	 1.376516e+01 	 1.434434e+08 	
1.20416359e+06 	 1.241317e+01 	 1.404809e+08 	
1.20420236e+06 	 1.120200e+01 	 1.376238e+08 	
1.20424113e+06 	 1.011666e+01 	 1.348692e+08 	
1.20427990e+06 	 9.143727e+00 	 1.322145e+08 	
1.20431867e+06 	 8.271232e+00 	 1.296570e+08 	
1.20435744e+06 	 7.488465e+00 	 1.271939e+08 	
1.20439621e+06 	 6.785866e+00 	 1.248225e+08 	
1.20443498e+06 	 6.154899e+00 	 1.225401e+08 	
1.20448399e+06 	 5.448015e+00 	 1.197778e+08 	
1.20453300e+06 	 4.829957e+00 	 1.171480e+08 	
1.20458201e+06 	 4.289008e+00 	 1.146452e+08 	
1.20463102e+06 	 3.815029e+00 	 1.122641e+08 	
1.20468003e+06 	 3.399248e+00 	 1.099996e+08 	
1.20472904e+06 	 3.034071e+00 	 1.078464e+08 	
1.20477805e+06 	 2.712930e+00 	 1.057996e+08 	
1.20482706e+06 	 2.430139e+00 	 1.038543e+08 	
1.20487607e+06 	 2.180775e+00 	 1.020059e+08 	
1.20492508e+06 	 1.960575e+00 	 1.002496e+08 	
1.20497409e+06 	 1.765843e+00 	 9.858098e+07 	
1.20502310e+06 	 1.593377e+00 	 9.699578e+07 	
1.20507211e+06 	 1.440399e+00 	 9.548980e+07 	
1.20512112e+06 	 1.304497e+00 	 9.405905e+07 	
1.20517013e+06 	 1.183575e+00 	 9.269966e+07 	
1.20523267e+06 	 1.048151e+00 	 9.106264e+07 	
1.20529522e+06 	 9.309398e-01 	 8.952854e+07 	
1.20535777e+06 	 8.292265e-01 	 8.809046e+07 	
1.20542031e+06 	 7.407297e-01 	 8.674190e+07 	
1.20548286e+06 	 6.635294e-01 	 8.547677e+07 	
1.20554540e+06 	 5.960072e-01 	 8.428934e+07 	
1.20560795e+06 	 5.367956e-01 	 8.317428e+07 	
1.20568788e+06 	 4.714036e-01 	 8.184672e+07 	
1.20576781e+06 	 4.157023e-01 	 8.061956e+07 	
1.20584773e+06 	 3.680603e-01 	 7.948400e+07 	
1.20592766e+06 	 3.271472e-01 	 7.843203e+07 	
1.20600759e+06 	 2.918739e-01 	 7.745635e+07 	
1.20608752e+06 	 2.613457e-01 	 7.655034e+07 	
1.20618329e+06 	 2.299881e-01 	 7.554804e+07 	
1.20627907e+06 	 2.033581e-01 	 7.462785e+07 	
1.20637484e+06 	 1.806287e-01 	 7.378147e+07 	
1.20647062e+06 	 1.611337e-01 	 7.300155e+07 	
1.20656639e+06 	 1.443345e-01 	 7.228152e+07 	
1.20670376e+06 	 1.240871e-01 	 7.134180e+07 	
1.20684114e+06 	 1.074813e-01 	 7.049849e+07 	
1.20697851e+06 	 9.374824e-02 	 6.973888e+07 	
1.20711588e+06 	 8.230163e-02 	 6.905221e+07 	
1.20728025e+06 	 7.098590e-02 	 6.831373e+07 	
1.20744461e+06 	 6.171450e-02 	 6.765338e+07 	
1.20760897e+06 	 5.404804e-02 	 6.706019e+07 	
1.20777334e+06 	 4.765432e-02 	 6.652498e+07 	
1.20801311e+06 	 4.009894e-02 	 6.583259e+07 	
1.20825289e+06 	 3.414366e-02 	 6.522807e+07 	
1.20849267e+06 	 2.938331e-02 	 6.469619e+07 	
1.20881502e+06 	 2.437274e-02 	 6.407478e+07 	
1.20913736e+06 	 2.052402e-02 	 6.354037e+07 	
1.20945971e+06 	 1.751368e-02 	 6.307587e+07 	
1.20991827e+06 	 1.425638e-02 	 6.251054e+07 	
1.21037683e+06 	 1.184059e-02 	 6.203301e+07 	
1.21083539e+06 	 1.000481e-02 	 6.162352e+07 	
1.21136215e+06 	 8.396042e-03 	 6.121869e+07 	
1.21188890e+06 	 7.164983e-03 	 6.086893e+07 	
1.21241565e+06 	 6.203374e-03 	 6.056271e+07 	
1.21319199e+06 	 5.130151e-03 	 6.017324e+07 	
1.21396834e+06 	 4.339428e-03 	 5.984048e+07 	
1.21495925e+06 	 3.600653e-03 	 5.947716e+07 	
1.21595015e+06 	 3.063197e-03 	 5.916536e+07 	
1.21694106e+06 	 2.660083e-03 	 5.889225e+07 	
1.21838264e+06 	 2.232111e-03 	 5.854632e+07 	
1.21926869e+06 	 2.033351e-03 	 5.835688e+07 	
1.22102417e+06 	 1.735485e-03 	 5.802041e+07 	
1.22248280e+06 	 1.554992e-03 	 5.777086e+07 	
1.22475880e+06 	 1.350890e-03 	 5.742076e+07 	
1.22662585e+06 	 1.230214e-03 	 5.716000e+07 	
1.22962181e+06 	 1.091707e-03 	 5.677677e+07 	
1.23261777e+06 	 9.962319e-04 	 5.642436e+07 	
1.23561373e+06 	 9.274443e-04 	 5.609351e+07 	
1.24018139e+06 	 8.539267e-04 	 5.561776e+07 	
1.24395437e+06 	 8.107797e-04 	 5.524306e+07 	
1.25063181e+06 	 7.562648e-04 	 5.460693e+07 	
1.25306337e+06 	 7.407402e-04 	 5.438163e+07 	
1.26148589e+06 	 6.969717e-04 	 5.362008e+07 	
1.26660448e+06 	 6.750845e-04 	 5.316872e+07 	
1.27870750e+06 	 6.305598e-04 	 5.212844e+07 	
1.28000000e+06 	 6.262173e-04 	 5.201936e+07 	
1.29000000e+06 	 5.941778e-04 	 5.118709e+07 	
1.30000000e+06 	 5.645317e-04 	 5.037472e+07 	
1.30666667e+06 	 5.458522e-04 	 4.984366e+07 	
1.31666667e+06 	 5.191733e-04 	 4.906214e+07 	
1.32666667e+06 	 4.940218e-04 	 4.829820e+07 	
1.33666667e+06 	 4.702790e-04 	 4.755126e+07 	
1.34666667e+06 	 4.478136e-04 	 4.682071e+07 	
1.35666667e+06 	 4.265649e-04 	 4.610605e+07 	
1.36333333e+06 	 4.130324e-04 	 4.563819e+07 	
1.37333333e+06 	 3.936360e-04 	 4.494893e+07 	
1.38333333e+06 	 3.752651e-04 	 4.427428e+07 	
1.39333333e+06 	 3.578565e-04 	 4.361380e+07 	
1.40333333e+06 	 3.413528e-04 	 4.296708e+07 	
1.41333333e+06 	 3.257001e-04 	 4.233368e+07 	
1.42333333e+06 	 3.108560e-04 	 4.171325e+07 	
1.43333333e+06 	 2.967623e-04 	 4.110538e+07 	
1.44333333e+06 	 2.833781e-04 	 4.050970e+07 	
1.45000000e+06 	 2.748248e-04 	 4.011918e+07 	
1.46000000e+06 	 2.625327e-04 	 3.954305e+07 	
1.47000000e+06 	 2.508522e-04 	 3.897824e+07 	
1.48000000e+06 	 2.397497e-04 	 3.842441e+07 	
1.49000000e+06 	 2.291908e-04 	 3.788127e+07 	
1.50000000e+06 	 2.191503e-04 	 3.734853e+07 	
1.51000000e+06 	 2.095911e-04 	 3.682588e+07 	
1.52000000e+06 	 2.004891e-04 	 3.631305e+07 	
1.53000000e+06 	 1.918207e-04 	 3.580980e+07 	
1.54000000e+06 	 1.835630e-04 	 3.531585e+07 	
1.55000000e+06 	 1.756942e-04 	 3.483098e+07 	
1.56000000e+06 	 1.681926e-04 	 3.435493e+07 	
1.57000000e+06 	 1.610424e-04 	 3.388749e+07 	
1.58000000e+06 	 1.542212e-04 	 3.342843e+07 	
1.59000000e+06 	 1.477156e-04 	 3.297755e+07 	
1.60000000e+06 	 1.415069e-04 	 3.253463e+07 	
1.61000000e+06 	 1.355801e-04 	 3.209947e+07 	
1.62000000e+06 	 1.299203e-04 	 3.167188e+07 	
1.63000000e+06 	 1.245151e-04 	 3.125167e+07 	
1.64000000e+06 	 1.193526e-04 	 3.083867e+07 	
1.65000000e+06 	 1.144189e-04 	 3.043270e+07 	
1.66000000e+06 	 1.097030e-04 	 3.003359e+07 	
1.67000000e+06 	 1.051942e-04 	 2.964117e+07 	
1.68000000e+06 	 1.008822e-04 	 2.925529e+07 	
1.69000000e+06 	 9.675758e-05 	 2.887579e+07 	
1.70000000e+06 	 9.281116e-05 	 2.850252e+07 	
1.71000000e+06 	 8.903427e-05 	 2.813534e+07 	
1.72000000e+06 	 8.541863e-05 	 2.777411e+07 	
1.73000000e+06 	 8.195687e-05 	 2.741870e+07 	
1.74000000e+06 	 7.864119e-05 	 2.706896e+07 	
1.75000000e+06 	 7.546513e-05 	 2.672478e+07 	
1.76000000e+06 	 7.242176e-05 	 2.638603e+07 	
1.77000000e+06 	 6.950483e-05 	 2.605258e+07 	
1.78000000e+06 	 6.670832e-05 	 2.572433e+07 	
1.79000000e+06 	 6.402703e-05 	 2.540115e+07 	
1.80000000e+06 	 6.145534e-05 	 2.508295e+07 	
1.81000000e+06 	 5.898815e-05 	 2.476960e+07 	
1.82000000e+06 	 5.662061e-05 	 2.446101e+07 	
1.83000000e+06 	 5.434821e-05 	 2.415708e+07 	
1.84000000e+06 	 5.216663e-05 	 2.385770e+07 	
1.85000000e+06 	 5.007170e-05 	 2.356278e+07 	
1.86000000e+06 	 4.805945e-05 	 2.327224e+07 	
1.87000000e+06 	 4.612619e-05 	 2.298597e+07 	
1.88000000e+06 	 4.426838e-05 	 2.270389e+07 	
1.89000000e+06 	 4.248258e-05 	 2.242592e+07 	
1.90000000e+06 	 4.076554e-05 	 2.215198e+07 	
1.91000000e+06 	 3.911426e-05 	 2.188197e+07 	
1.92000000e+06 	 3.752575e-05 	 2.161583e+07 	
1.93000000e+06 	 3.599726e-05 	 2.135348e+07 	
1.94000000e+06 	 3.452606e-05 	 2.109484e+07 	
1.95000000e+06 	 3.310961e-05 	 2.083984e+07 	
1.96000000e+06 	 3.174553e-05 	 2.058841e+07 	
1.97000000e+06 	 3.043146e-05 	 2.034048e+07 	
1.98000000e+06 	 2.916517e-05 	 2.009599e+07 	
2.00000000e+06 	 2.676766e-05 	 1.961706e+07 	
2.00050050e+06 	 2.670986e-05 	 1.960525e+07 	
2.00100100e+06 	 2.665217e-05 	 1.959344e+07 	
2.00150150e+06 	 2.659459e-05 	 1.958164e+07 	
2.00200200e+06 	 2.653711e-05 	 1.956985e+07 	
2.00250250e+06 	 2.647973e-05 	 1.955806e+07 	
2.00300300e+06 	 2.642246e-05 	 1.954629e+07 	
2.00350350e+06 	 2.636528e-05 	 1.953452e+07 	
2.00400400e+06 	 2.630822e-05 	 1.952276e+07 	
2.00450450e+06 	 2.625125e-05 	 1.951101e+07 	
2.00500501e+06 	 2.619439e-05 	 1.949926e+07 	
2.00550551e+06 	 2.613763e-05 	 1.948753e+07 	
2.00600601e+06 	 2.608097e-05 	 1.947580e+07 	
2.00650651e+06 	 2.602441e-05 	 1.946408e+07 	
2.00700701e+06 	 2.596795e-05 	 1.945237e+07 	
2.00750751e+06 	 2.591160e-05 	 1.944067e+07 	
2.00800801e+06 	 2.585534e-05 	 1.942897e+07 	
2.00850851e+06 	 2.579919e-05 	 1.941728e+07 	
2.00900901e+06 	 2.574314e-05 	 1.940560e+07 	
2.00950951e+06 	 2.568718e-05 	 1.939393e+07 	
2.01001001e+06 	 2.563133e-05 	 1.938227e+07 	
2.01051051e+06 	 2.557558e-05 	 1.937061e+07 	
2.01101101e+06 	 2.551992e-05 	 1.935896e+07 	
2.01151151e+06 	 2.546437e-05 	 1.934733e+07 	
2.01201201e+06 	 2.540891e-05 	 1.933569e+07 	
2.01251251e+06 	 2.535356e-05 	 1.932407e+07 	
2.01301301e+06 	 2.529830e-05 	 1.931245e+07 	
2.01351351e+06 	 2.524314e-05 	 1.930085e+07 	
2.01401401e+06 	 2.518808e-05 	 1.928925e+07 	
2.01451451e+06 	 2.513312e-05 	 1.927766e+07 	
2.01501502e+06 	 2.507825e-05 	 1.926607e+07 	
2.01551552e+06 	 2.502348e-05 	 1.925450e+07 	
2.01601602e+06 	 2.496881e-05 	 1.924293e+07 	
2.01651652e+06 	 2.491424e-05 	 1.923137e+07 	
2.01701702e+06 	 2.485976e-05 	 1.921981e+07 	
2.01751752e+06 	 2.480538e-05 	 1.920827e+07 	
2.01801802e+06 	 2.475110e-05 	 1.919673e+07 	
2.01851852e+06 	 2.469691e-05 	 1.918520e+07 	
2.01901902e+06 	 2.464282e-05 	 1.917368e+07 	
2.01951952e+06 	 2.458883e-05 	 1.916217e+07 	
2.02002002e+06 	 2.453493e-05 	 1.915067e+07 	
2.02052052e+06 	 2.448113e-05 	 1.913917e+07 	
2.02102102e+06 	 2.442742e-05 	 1.912768e+07 	
2.02152152e+06 	 2.437380e-05 	 1.911620e+07 	
2.02202202e+06 	 2.432029e-05 	 1.910472e+07 	
2.02252252e+06 	 2.426686e-05 	 1.909326e+07 	
2.02302302e+06 	 2.421353e-05 	 1.908180e+07 	
2.02352352e+06 	 2.416030e-05 	 1.907035e+07 	
2.02402402e+06 	 2.410715e-05 	 1.905891e+07 	
2.02452452e+06 	 2.405411e-05 	 1.904747e+07 	
2.02502503e+06 	 2.400115e-05 	 1.903604e+07 	
2.02552553e+06 	 2.394829e-05 	 1.902462e+07 	
2.02602603e+06 	 2.389552e-05 	 1.901321e+07 	
2.02652653e+06 	 2.384285e-05 	 1.900181e+07 	
2.02702703e+06 	 2.379026e-05 	 1.899041e+07 	
2.02752753e+06 	 2.373777e-05 	 1.897903e+07 	
2.02802803e+06 	 2.368538e-05 	 1.896764e+07 	
2.02852853e+06 	 2.363307e-05 	 1.895627e+07 	
2.02902903e+06 	 2.358086e-05 	 1.894491e+07 	
2.02952953e+06 	 2.352873e-05 	 1.893355e+07 	
2.03003003e+06 	 2.347670e-05 	 1.892220e+07 	
2.03053053e+06 	 2.342476e-05 	 1.891086e+07 	
2.03103103e+06 	 2.337291e-05 	 1.889952e+07 	
2.03153153e+06 	 2.332115e-05 	 1.888820e+07 	
2.03203203e+06 	 2.326948e-05 	 1.887688e+07 	
2.03253253e+06 	 2.321791e-05 	 1.886557e+07 	
2.03303303e+06 	 2.316642e-05 	 1.885426e+07 	
2.03353353e+06 	 2.311502e-05 	 1.884297e+07 	
2.03403403e+06 	 2.306371e-05 	 1.883168e+07 	
2.03453453e+06 	 2.301249e-05 	 1.882040e+07 	
2.03503504e+06 	 2.296136e-05 	 1.880913e+07 	
2.03553554e+06 	 2.291032e-05 	 1.879786e+07 	
2.03603604e+06 	 2.285937e-05 	 1.878660e+07 	
2.03653654e+06 	 2.280850e-05 	 1.877535e+07 	
2.03703704e+06 	 2.275773e-05 	 1.876411e+07 	
2.03753754e+06 	 2.270704e-05 	 1.875288e+07 	
2.03803804e+06 	 2.265644e-05 	 1.874165e+07 	
2.03853854e+06 	 2.260593e-05 	 1.873043e+07 	
2.03903904e+06 	 2.255551e-05 	 1.871922e+07 	
2.03953954e+06 	 2.250517e-05 	 1.870801e+07 	
2.04004004e+06 	 2.245492e-05 	 1.869682e+07 	
2.04054054e+06 	 2.240476e-05 	 1.868563e+07 	
2.04104104e+06 	 2.235468e-05 	 1.867444e+07 	
2.04154154e+06 	 2.230469e-05 	 1.866327e+07 	
2.04204204e+06 	 2.225479e-05 	 1.865210e+07 	
2.04254254e+06 	 2.220497e-05 	 1.864094e+07 	
2.04304304e+06 	 2.215524e-05 	 1.862979e+07 	
2.04354354e+06 	 2.210560e-05 	 1.861865e+07 	
2.04404404e+06 	 2.205604e-05 	 1.860751e+07 	
2.04454454e+06 	 2.200656e-05 	 1.859638e+07 	
2.04504505e+06 	 2.195717e-05 	 1.858526e+07 	
2.04554555e+06 	 2.190787e-05 	 1.857415e+07 	
2.04604605e+06 	 2.185865e-05 	 1.856304e+07 	
2.04654655e+06 	 2.180952e-05 	 1.855194e+07 	
2.04704705e+06 	 2.176047e-05 	 1.854085e+07 	
2.04754755e+06 	 2.171150e-05 	 1.852976e+07 	
2.04804805e+06 	 2.166262e-05 	 1.851869e+07 	
2.04854855e+06 	 2.161382e-05 	 1.850762e+07 	
2.04904905e+06 	 2.156511e-05 	 1.849656e+07 	
2.04954955e+06 	 2.151647e-05 	 1.848550e+07 	
2.05005005e+06 	 2.146793e-05 	 1.847446e+07 	
2.05055055e+06 	 2.141946e-05 	 1.846342e+07 	
2.05105105e+06 	 2.137108e-05 	 1.845238e+07 	
2.05155155e+06 	 2.132278e-05 	 1.844136e+07 	
2.05205205e+06 	 2.127456e-05 	 1.843034e+07 	
2.05255255e+06 	 2.122643e-05 	 1.841933e+07 	
2.05305305e+06 	 2.117838e-05 	 1.840833e+07 	
2.05355355e+06 	 2.113041e-05 	 1.839734e+07 	
2.05405405e+06 	 2.108252e-05 	 1.838635e+07 	
2.05455455e+06 	 2.103471e-05 	 1.837537e+07 	
2.05505506e+06 	 2.098699e-05 	 1.836439e+07 	
2.05555556e+06 	 2.093934e-05 	 1.835343e+07 	
2.05605606e+06 	 2.089178e-05 	 1.834247e+07 	
2.05655656e+06 	 2.084430e-05 	 1.833152e+07 	
2.05705706e+06 	 2.079689e-05 	 1.832058e+07 	
2.05755756e+06 	 2.074957e-05 	 1.830964e+07 	
2.05805806e+06 	 2.070233e-05 	 1.829871e+07 	
2.05855856e+06 	 2.065517e-05 	 1.828779e+07 	
2.05905906e+06 	 2.060809e-05 	 1.827688e+07 	
2.05955956e+06 	 2.056108e-05 	 1.826597e+07 	
2.06006006e+06 	 2.051416e-05 	 1.825507e+07 	
2.06056056e+06 	 2.046732e-05 	 1.824418e+07 	
2.06106106e+06 	 2.042055e-05 	 1.823329e+07 	
2.06156156e+06 	 2.037387e-05 	 1.822242e+07 	
2.06206206e+06 	 2.032726e-05 	 1.821155e+07 	
2.06256256e+06 	 2.028073e-05 	 1.820068e+07 	
2.06306306e+06 	 2.023428e-05 	 1.818983e+07 	
2.06356356e+06 	 2.018791e-05 	 1.817898e+07 	
2.06406406e+06 	 2.014162e-05 	 1.816814e+07 	
2.06456456e+06 	 2.009540e-05 	 1.815730e+07 	
2.06506507e+06 	 2.004926e-05 	 1.814648e+07 	
2.06556557e+06 	 2.000320e-05 	 1.813566e+07 	
2.06606607e+06 	 1.995721e-05 	 1.812485e+07 	
2.06656657e+06 	 1.991131e-05 	 1.811404e+07 	
2.06706707e+06 	 1.986548e-05 	 1.810324e+07 	
2.06756757e+06 	 1.981972e-05 	 1.809245e+07 	
2.06806807e+06 	 1.977404e-05 	 1.808167e+07 	
2.06856857e+06 	 1.972844e-05 	 1.807089e+07 	
2.06906907e+06 	 1.968292e-05 	 1.806012e+07 	
2.06956957e+06 	 1.963747e-05 	 1.804936e+07 	
2.07007007e+06 	 1.959209e-05 	 1.803861e+07 	
2.07057057e+06 	 1.954679e-05 	 1.802786e+07 	
2.07107107e+06 	 1.950157e-05 	 1.801712e+07 	
2.07157157e+06 	 1.945642e-05 	 1.800639e+07 	
2.07207207e+06 	 1.941135e-05 	 1.799566e+07 	
2.07257257e+06 	 1.936635e-05 	 1.798494e+07 	
2.07307307e+06 	 1.932143e-05 	 1.797423e+07 	
2.07357357e+06 	 1.927658e-05 	 1.796353e+07 	
2.07407407e+06 	 1.923180e-05 	 1.795283e+07 	
2.07457457e+06 	 1.918710e-05 	 1.794214e+07 	
2.07507508e+06 	 1.914247e-05 	 1.793146e+07 	
2.07557558e+06 	 1.909792e-05 	 1.792078e+07 	
2.07607608e+06 	 1.905344e-05 	 1.791011e+07 	
2.07657658e+06 	 1.900903e-05 	 1.789945e+07 	
2.07707708e+06 	 1.896470e-05 	 1.788880e+07 	
2.07757758e+06 	 1.892044e-05 	 1.787815e+07 	
2.07807808e+06 	 1.887625e-05 	 1.786751e+07 	
2.07857858e+06 	 1.883214e-05 	 1.785688e+07 	
2.07907908e+06 	 1.878905e-05 	 1.784623e+07 	
2.07957958e+06 	 1.874510e-05 	 1.783561e+07 	
2.08008008e+06 	 1.870123e-05 	 1.782500e+07 	
2.08058058e+06 	 1.865743e-05 	 1.781439e+07 	
2.08108108e+06 	 1.861370e-05 	 1.780380e+07 	
2.08158158e+06 	 1.857005e-05 	 1.779320e+07 	
2.08208208e+06 	 1.852647e-05 	 1.778262e+07 	
2.08258258e+06 	 1.848296e-05 	 1.777204e+07 	
2.08308308e+06 	 1.843952e-05 	 1.776147e+07 	
2.08358358e+06 	 1.839615e-05 	 1.775091e+07 	
2.08408408e+06 	 1.835285e-05 	 1.774035e+07 	
2.08458458e+06 	 1.830963e-05 	 1.772980e+07 	
2.08508509e+06 	 1.826647e-05 	 1.771926e+07 	
2.08558559e+06 	 1.822339e-05 	 1.770873e+07 	
2.08608609e+06 	 1.818038e-05 	 1.769820e+07 	
2.08658659e+06 	 1.813744e-05 	 1.768768e+07 	
2.08708709e+06 	 1.809457e-05 	 1.767716e+07 	
2.08758759e+06 	 1.805177e-05 	 1.766666e+07 	
2.08808809e+06 	 1.800904e-05 	 1.765616e+07 	
2.08858859e+06 	 1.796638e-05 	 1.764566e+07 	
2.08908909e+06 	 1.792379e-05 	 1.763518e+07 	
2.08958959e+06 	 1.788127e-05 	 1.762470e+07 	
2.09009009e+06 	 1.783882e-05 	 1.761422e+07 	
2.09059059e+06 	 1.779643e-05 	 1.760376e+07 	
2.09109109e+06 	 1.775412e-05 	 1.759330e+07 	
2.09159159e+06 	 1.771098e-05 	 1.758287e+07 	
2.09209209e+06 	 1.766878e-05 	 1.757242e+07 	
2.09259259e+06 	 1.762665e-05 	 1.756199e+07 	
2.09309309e+06 	 1.758459e-05 	 1.755156e+07 	
2.09359359e+06 	 1.754260e-05 	 1.754113e+07 	
2.09409409e+06 	 1.750068e-05 	 1.753071e+07 	
2.09459459e+06 	 1.745882e-05 	 1.752031e+07 	
2.09509510e+06 	 1.741703e-05 	 1.750990e+07 	
2.09559560e+06 	 1.737531e-05 	 1.749951e+07 	
2.09609610e+06 	 1.733365e-05 	 1.748912e+07 	
2.09659660e+06 	 1.729206e-05 	 1.747874e+07 	
2.09709710e+06 	 1.725054e-05 	 1.746836e+07 	
2.09759760e+06 	 1.720909e-05 	 1.745799e+07 	
2.09809810e+06 	 1.716770e-05 	 1.744763e+07 	
2.09859860e+06 	 1.712638e-05 	 1.743728e+07 	
2.09909910e+06 	 1.708512e-05 	 1.742693e+07 	
2.09959960e+06 	 1.704393e-05 	 1.741659e+07 	
2.10010010e+06 	 1.700281e-05 	 1.740625e+07 	
2.10060060e+06 	 1.696175e-05 	 1.739592e+07 	
2.10110110e+06 	 1.692076e-05 	 1.738560e+07 	
2.10160160e+06 	 1.687983e-05 	 1.737529e+07 	
2.10210210e+06 	 1.683897e-05 	 1.736498e+07 	
2.10260260e+06 	 1.679817e-05 	 1.735468e+07 	
2.10310310e+06 	 1.675744e-05 	 1.734439e+07 	
2.10360360e+06 	 1.671678e-05 	 1.733410e+07 	
2.10410410e+06 	 1.667532e-05 	 1.732384e+07 	
2.10460460e+06 	 1.663476e-05 	 1.731357e+07 	
2.10510511e+06 	 1.659426e-05 	 1.730331e+07 	
2.10560561e+06 	 1.655383e-05 	 1.729305e+07 	
2.10610611e+06 	 1.651346e-05 	 1.728280e+07 	
2.10660661e+06 	 1.647316e-05 	 1.727255e+07 	
2.10710711e+06 	 1.643292e-05 	 1.726231e+07 	
2.10760761e+06 	 1.639274e-05 	 1.725208e+07 	
2.10810811e+06 	 1.635262e-05 	 1.724186e+07 	
2.10860861e+06 	 1.631257e-05 	 1.723164e+07 	
2.10910911e+06 	 1.627258e-05 	 1.722143e+07 	
2.10960961e+06 	 1.623265e-05 	 1.721122e+07 	
2.11011011e+06 	 1.619278e-05 	 1.720102e+07 	
2.11061061e+06 	 1.615298e-05 	 1.719083e+07 	
2.11111111e+06 	 1.611323e-05 	 1.718065e+07 	
2.11161161e+06 	 1.607355e-05 	 1.717047e+07 	
2.11211211e+06 	 1.603393e-05 	 1.716030e+07 	
2.11261261e+06 	 1.599437e-05 	 1.715014e+07 	
2.11311311e+06 	 1.595488e-05 	 1.713998e+07 	
2.11361361e+06 	 1.591544e-05 	 1.712983e+07 	
2.11411411e+06 	 1.587607e-05 	 1.711968e+07 	
2.11461461e+06 	 1.583675e-05 	 1.710955e+07 	
2.11511512e+06 	 1.579750e-05 	 1.709942e+07 	
2.11561562e+06 	 1.575830e-05 	 1.708929e+07 	
2.11611612e+06 	 1.571917e-05 	 1.707917e+07 	
2.11661662e+06 	 1.568090e-05 	 1.706904e+07 	
2.11711712e+06 	 1.564191e-05 	 1.705894e+07 	
2.11761762e+06 	 1.560297e-05 	 1.704884e+07 	
2.11811812e+06 	 1.556410e-05 	 1.703875e+07 	
2.11861862e+06 	 1.552529e-05 	 1.702867e+07 	
2.11911912e+06 	 1.548653e-05 	 1.701859e+07 	
2.11961962e+06 	 1.544784e-05 	 1.700852e+07 	
2.12012012e+06 	 1.540921e-05 	 1.699845e+07 	
2.12062062e+06 	 1.537063e-05 	 1.698840e+07 	
2.12112112e+06 	 1.533211e-05 	 1.697835e+07 	
2.12162162e+06 	 1.529366e-05 	 1.696830e+07 	
2.12212212e+06 	 1.525526e-05 	 1.695826e+07 	
2.12262262e+06 	 1.521692e-05 	 1.694823e+07 	
2.12312312e+06 	 1.517864e-05 	 1.693821e+07 	
2.12362362e+06 	 1.514042e-05 	 1.692819e+07 	
2.12412412e+06 	 1.510225e-05 	 1.691818e+07 	
2.12462462e+06 	 1.506415e-05 	 1.690817e+07 	
2.12512513e+06 	 1.502610e-05 	 1.689817e+07 	
2.12562563e+06 	 1.498811e-05 	 1.688818e+07 	
2.12612613e+06 	 1.495017e-05 	 1.687820e+07 	
2.12662663e+06 	 1.491230e-05 	 1.686822e+07 	
2.12712713e+06 	 1.487448e-05 	 1.685825e+07 	
2.12762763e+06 	 1.483672e-05 	 1.684828e+07 	
2.12812813e+06 	 1.479901e-05 	 1.683832e+07 	
2.12862863e+06 	 1.476137e-05 	 1.682837e+07 	
2.12912913e+06 	 1.472453e-05 	 1.681841e+07 	
2.12962963e+06 	 1.468701e-05 	 1.680847e+07 	
2.13013013e+06 	 1.464955e-05 	 1.679853e+07 	
2.13063063e+06 	 1.461215e-05 	 1.678861e+07 	
2.13113113e+06 	 1.457481e-05 	 1.677869e+07 	
2.13163163e+06 	 1.453752e-05 	 1.676877e+07 	
2.13213213e+06 	 1.450029e-05 	 1.675887e+07 	
2.13263263e+06 	 1.446311e-05 	 1.674897e+07 	
2.13313313e+06 	 1.442599e-05 	 1.673907e+07 	
2.13363363e+06 	 1.438893e-05 	 1.672918e+07 	
2.13413413e+06 	 1.435192e-05 	 1.671930e+07 	
2.13463463e+06 	 1.431497e-05 	 1.670943e+07 	
2.13513514e+06 	 1.427807e-05 	 1.669956e+07 	
2.13563564e+06 	 1.424123e-05 	 1.668970e+07 	
2.13613614e+06 	 1.420445e-05 	 1.667984e+07 	
2.13663664e+06 	 1.416771e-05 	 1.666999e+07 	
2.13713714e+06 	 1.413104e-05 	 1.666015e+07 	
2.13763764e+06 	 1.409442e-05 	 1.665032e+07 	
2.13813814e+06 	 1.405785e-05 	 1.664049e+07 	
2.13863864e+06 	 1.402134e-05 	 1.663066e+07 	
2.13913914e+06 	 1.398488e-05 	 1.662085e+07 	
2.13963964e+06 	 1.394848e-05 	 1.661104e+07 	
2.14014014e+06 	 1.391213e-05 	 1.660124e+07 	
2.14064064e+06 	 1.387584e-05 	 1.659144e+07 	
2.14114114e+06 	 1.383960e-05 	 1.658165e+07 	
2.14164164e+06 	 1.380271e-05 	 1.657188e+07 	
2.14214214e+06 	 1.376656e-05 	 1.656211e+07 	
2.14264264e+06 	 1.373046e-05 	 1.655234e+07 	
2.14314314e+06 	 1.369442e-05 	 1.654257e+07 	
2.14364364e+06 	 1.365843e-05 	 1.653281e+07 	
2.14414414e+06 	 1.362249e-05 	 1.652306e+07 	
2.14464464e+06 	 1.358660e-05 	 1.651332e+07 	
2.14514515e+06 	 1.355077e-05 	 1.650358e+07 	
2.14564565e+06 	 1.351499e-05 	 1.649385e+07 	
2.14614615e+06 	 1.347926e-05 	 1.648412e+07 	
2.14664665e+06 	 1.344358e-05 	 1.647440e+07 	
2.14714715e+06 	 1.340796e-05 	 1.646469e+07 	
2.14764765e+06 	 1.337238e-05 	 1.645498e+07 	
2.14814815e+06 	 1.333686e-05 	 1.644528e+07 	
2.14864865e+06 	 1.330139e-05 	 1.643559e+07 	
2.14914915e+06 	 1.326597e-05 	 1.642590e+07 	
2.14964965e+06 	 1.323061e-05 	 1.641622e+07 	
2.15015015e+06 	 1.319529e-05 	 1.640654e+07 	
2.15065065e+06 	 1.316003e-05 	 1.639687e+07 	
2.15115115e+06 	 1.312481e-05 	 1.638721e+07 	
2.15165165e+06 	 1.308965e-05 	 1.637756e+07 	
2.15215215e+06 	 1.305454e-05 	 1.636791e+07 	
2.15265265e+06 	 1.301947e-05 	 1.635826e+07 	
2.15315315e+06 	 1.298446e-05 	 1.634863e+07 	
2.15365365e+06 	 1.294950e-05 	 1.633900e+07 	
2.15415415e+06 	 1.291394e-05 	 1.632939e+07 	
2.15465465e+06 	 1.287906e-05 	 1.631977e+07 	
2.15515516e+06 	 1.284424e-05 	 1.631016e+07 	
2.15565566e+06 	 1.280946e-05 	 1.630056e+07 	
2.15615616e+06 	 1.277473e-05 	 1.629096e+07 	
2.15665666e+06 	 1.274005e-05 	 1.628137e+07 	
2.15715716e+06 	 1.270542e-05 	 1.627178e+07 	
2.15765766e+06 	 1.267083e-05 	 1.626220e+07 	
2.15815816e+06 	 1.263630e-05 	 1.625263e+07 	
2.15865866e+06 	 1.260181e-05 	 1.624306e+07 	
2.15915916e+06 	 1.256738e-05 	 1.623350e+07 	
2.15965966e+06 	 1.253299e-05 	 1.622395e+07 	
2.16016016e+06 	 1.249865e-05 	 1.621440e+07 	
2.16066066e+06 	 1.246436e-05 	 1.620486e+07 	
2.16116116e+06 	 1.243011e-05 	 1.619533e+07 	
2.16166166e+06 	 1.239591e-05 	 1.618580e+07 	
2.16216216e+06 	 1.236176e-05 	 1.617627e+07 	
2.16266266e+06 	 1.232766e-05 	 1.616676e+07 	
2.16316316e+06 	 1.229361e-05 	 1.615725e+07 	
2.16366366e+06 	 1.225960e-05 	 1.614775e+07 	
2.16416416e+06 	 1.222564e-05 	 1.613825e+07 	
2.16466466e+06 	 1.219173e-05 	 1.612876e+07 	
2.16516517e+06 	 1.215786e-05 	 1.611927e+07 	
2.16566567e+06 	 1.212404e-05 	 1.610979e+07 	
2.16616617e+06 	 1.209027e-05 	 1.610032e+07 	
2.16666667e+06 	 1.205654e-05 	 1.609085e+07 	
2.16716717e+06 	 1.202225e-05 	 1.608141e+07 	
2.16766767e+06 	 1.198860e-05 	 1.607196e+07 	
2.16816817e+06 	 1.195499e-05 	 1.606251e+07 	
2.16866867e+06 	 1.192143e-05 	 1.605307e+07 	
2.16916917e+06 	 1.188792e-05 	 1.604364e+07 	
2.16966967e+06 	 1.185445e-05 	 1.603421e+07 	
2.17017017e+06 	 1.182103e-05 	 1.602479e+07 	
2.17067067e+06 	 1.178765e-05 	 1.601537e+07 	
2.17117117e+06 	 1.175432e-05 	 1.600597e+07 	
2.17167167e+06 	 1.172103e-05 	 1.599656e+07 	
2.17217217e+06 	 1.168778e-05 	 1.598717e+07 	
2.17267267e+06 	 1.165458e-05 	 1.597778e+07 	
2.17317317e+06 	 1.162143e-05 	 1.596839e+07 	
2.17367367e+06 	 1.158832e-05 	 1.595901e+07 	
2.17417417e+06 	 1.155525e-05 	 1.594964e+07 	
2.17467467e+06 	 1.152223e-05 	 1.594028e+07 	
2.17517518e+06 	 1.148925e-05 	 1.593092e+07 	
2.17567568e+06 	 1.145631e-05 	 1.592156e+07 	
2.17617618e+06 	 1.142342e-05 	 1.591222e+07 	
2.17667668e+06 	 1.139057e-05 	 1.590288e+07 	
2.17717718e+06 	 1.135776e-05 	 1.589354e+07 	
2.17767768e+06 	 1.132500e-05 	 1.588421e+07 	
2.17817818e+06 	 1.129228e-05 	 1.587489e+07 	
2.17867868e+06 	 1.125960e-05 	 1.586558e+07 	
2.17917918e+06 	 1.122696e-05 	 1.585627e+07 	
2.17967968e+06 	 1.119493e-05 	 1.584694e+07 	
2.18018018e+06 	 1.116239e-05 	 1.583765e+07 	
2.18068068e+06 	 1.112990e-05 	 1.582835e+07 	
2.18118118e+06 	 1.109745e-05 	 1.581907e+07 	
2.18168168e+06 	 1.106504e-05 	 1.580979e+07 	
2.18218218e+06 	 1.103267e-05 	 1.580052e+07 	
2.18268268e+06 	 1.100034e-05 	 1.579125e+07 	
2.18318318e+06 	 1.096806e-05 	 1.578199e+07 	
2.18368368e+06 	 1.093582e-05 	 1.577274e+07 	
2.18418418e+06 	 1.090362e-05 	 1.576349e+07 	
2.18468468e+06 	 1.087146e-05 	 1.575425e+07 	
2.18518519e+06 	 1.083934e-05 	 1.574501e+07 	
2.18568569e+06 	 1.080726e-05 	 1.573578e+07 	
2.18618619e+06 	 1.077522e-05 	 1.572656e+07 	
2.18668669e+06 	 1.074323e-05 	 1.571734e+07 	
2.18718719e+06 	 1.071127e-05 	 1.570813e+07 	
2.18768769e+06 	 1.067936e-05 	 1.569892e+07 	
2.18818819e+06 	 1.064749e-05 	 1.568972e+07 	
2.18868869e+06 	 1.061565e-05 	 1.568053e+07 	
2.18918919e+06 	 1.058386e-05 	 1.567134e+07 	
2.18968969e+06 	 1.055211e-05 	 1.566216e+07 	
2.19019019e+06 	 1.052040e-05 	 1.565299e+07 	
2.19069069e+06 	 1.048872e-05 	 1.564382e+07 	
2.19119119e+06 	 1.045709e-05 	 1.563466e+07 	
2.19169169e+06 	 1.042550e-05 	 1.562550e+07 	
2.19219219e+06 	 1.039394e-05 	 1.561635e+07 	
2.19269269e+06 	 1.036190e-05 	 1.560723e+07 	
2.19319319e+06 	 1.033041e-05 	 1.559809e+07 	
2.19369369e+06 	 1.029896e-05 	 1.558896e+07 	
2.19419419e+06 	 1.026755e-05 	 1.557984e+07 	
2.19469469e+06 	 1.023618e-05 	 1.557072e+07 	
2.19519520e+06 	 1.020485e-05 	 1.556161e+07 	
2.19569570e+06 	 1.017355e-05 	 1.555250e+07 	
2.19619620e+06 	 1.014229e-05 	 1.554340e+07 	
2.19669670e+06 	 1.011107e-05 	 1.553431e+07 	
2.19719720e+06 	 1.007989e-05 	 1.552522e+07 	
2.19769770e+06 	 1.004875e-05 	 1.551614e+07 	
2.19819820e+06 	 1.001764e-05 	 1.550706e+07 	
2.19869870e+06 	 9.986569e-06 	 1.549799e+07 	
2.19919920e+06 	 9.955537e-06 	 1.548893e+07 	
2.19969970e+06 	 9.924542e-06 	 1.547987e+07 	
2.20020020e+06 	 9.893584e-06 	 1.547082e+07 	
2.20070070e+06 	 9.862662e-06 	 1.546178e+07 	
2.20120120e+06 	 9.831778e-06 	 1.545274e+07 	
2.20170170e+06 	 9.800930e-06 	 1.544371e+07 	
2.20220220e+06 	 9.770118e-06 	 1.543468e+07 	
2.20270270e+06 	 9.739343e-06 	 1.542566e+07 	
2.20320320e+06 	 9.708604e-06 	 1.541665e+07 	
2.20370370e+06 	 9.677901e-06 	 1.540764e+07 	
2.20420420e+06 	 9.647234e-06 	 1.539864e+07 	
2.20470470e+06 	 9.616602e-06 	 1.538964e+07 	
2.20520521e+06 	 9.586006e-06 	 1.538065e+07 	
2.20570571e+06 	 9.554956e-06 	 1.537169e+07 	
2.20620621e+06 	 9.524419e-06 	 1.536271e+07 	
2.20670671e+06 	 9.493917e-06 	 1.535374e+07 	
2.20720721e+06 	 9.463450e-06 	 1.534478e+07 	
2.20770771e+06 	 9.433017e-06 	 1.533582e+07 	
2.20820821e+06 	 9.402620e-06 	 1.532687e+07 	
2.20870871e+06 	 9.372256e-06 	 1.531792e+07 	
2.20920921e+06 	 9.341926e-06 	 1.530899e+07 	
2.20970971e+06 	 9.311631e-06 	 1.530005e+07 	
2.21021021e+06 	 9.281370e-06 	 1.529113e+07 	
2.21071071e+06 	 9.251142e-06 	 1.528220e+07 	
2.21121121e+06 	 9.220948e-06 	 1.527329e+07 	
2.21171171e+06 	 9.190787e-06 	 1.526438e+07 	
2.21221221e+06 	 9.160660e-06 	 1.525548e+07 	
2.21271271e+06 	 9.130566e-06 	 1.524658e+07 	
2.21321321e+06 	 9.100505e-06 	 1.523769e+07 	
2.21371371e+06 	 9.070477e-06 	 1.522881e+07 	
2.21421421e+06 	 9.040482e-06 	 1.521993e+07 	
2.21471471e+06 	 9.010519e-06 	 1.521106e+07 	
2.21521522e+06 	 8.980588e-06 	 1.520219e+07 	
2.21571572e+06 	 8.950690e-06 	 1.519334e+07 	
2.21621622e+06 	 8.920824e-06 	 1.518448e+07 	
2.21671672e+06 	 8.890991e-06 	 1.517564e+07 	
2.21721722e+06 	 8.861189e-06 	 1.516680e+07 	
2.21771772e+06 	 8.831418e-06 	 1.515796e+07 	
2.21821822e+06 	 8.802122e-06 	 1.514912e+07 	
2.21871872e+06 	 8.772426e-06 	 1.514029e+07 	
2.21921922e+06 	 8.742760e-06 	 1.513148e+07 	
2.21971972e+06 	 8.713126e-06 	 1.512267e+07 	
2.22022022e+06 	 8.683524e-06 	 1.511386e+07 	
2.22072072e+06 	 8.653952e-06 	 1.510507e+07 	
2.22122122e+06 	 8.624411e-06 	 1.509627e+07 	
2.22172172e+06 	 8.594901e-06 	 1.508749e+07 	
2.22222222e+06 	 8.565422e-06 	 1.507871e+07 	
2.22272272e+06 	 8.535973e-06 	 1.506994e+07 	
2.22322322e+06 	 8.506554e-06 	 1.506117e+07 	
2.22372372e+06 	 8.477166e-06 	 1.505241e+07 	
2.22422422e+06 	 8.447808e-06 	 1.504366e+07 	
2.22472472e+06 	 8.418479e-06 	 1.503491e+07 	
2.22522523e+06 	 8.389181e-06 	 1.502617e+07 	
2.22572573e+06 	 8.359912e-06 	 1.501743e+07 	
2.22622623e+06 	 8.330672e-06 	 1.500870e+07 	
2.22672673e+06 	 8.301462e-06 	 1.499998e+07 	
2.22722723e+06 	 8.272281e-06 	 1.499127e+07 	
2.22772773e+06 	 8.243129e-06 	 1.498256e+07 	
2.22822823e+06 	 8.214006e-06 	 1.497385e+07 	
2.22872873e+06 	 8.184911e-06 	 1.496515e+07 	
2.22922923e+06 	 8.155846e-06 	 1.495646e+07 	
2.22972973e+06 	 8.126808e-06 	 1.494778e+07 	
2.23023023e+06 	 8.097799e-06 	 1.493910e+07 	
2.23073073e+06 	 8.068818e-06 	 1.493043e+07 	
2.23123123e+06 	 8.040272e-06 	 1.492174e+07 	
2.23173173e+06 	 8.011357e-06 	 1.491308e+07 	
2.23223223e+06 	 7.982469e-06 	 1.490443e+07 	
2.23273273e+06 	 7.953609e-06 	 1.489578e+07 	
2.23323323e+06 	 7.924777e-06 	 1.488714e+07 	
2.23373373e+06 	 7.895972e-06 	 1.487850e+07 	
2.23423423e+06 	 7.867194e-06 	 1.486987e+07 	
2.23473473e+06 	 7.838444e-06 	 1.486125e+07 	
2.23523524e+06 	 7.809721e-06 	 1.485264e+07 	
2.23573574e+06 	 7.781024e-06 	 1.484403e+07 	
2.23623624e+06 	 7.752355e-06 	 1.483542e+07 	
2.23673674e+06 	 7.723712e-06 	 1.482683e+07 	
2.23723724e+06 	 7.695095e-06 	 1.481823e+07 	
2.23773774e+06 	 7.666505e-06 	 1.480965e+07 	
2.23823824e+06 	 7.637941e-06 	 1.480107e+07 	
2.23873874e+06 	 7.609403e-06 	 1.479250e+07 	
2.23923924e+06 	 7.580891e-06 	 1.478393e+07 	
2.23973974e+06 	 7.552404e-06 	 1.477538e+07 	
2.24024024e+06 	 7.523943e-06 	 1.476682e+07 	
2.24074074e+06 	 7.495508e-06 	 1.475828e+07 	
2.24124124e+06 	 7.467098e-06 	 1.474974e+07 	
2.24174174e+06 	 7.438713e-06 	 1.474120e+07 	
2.24224224e+06 	 7.410353e-06 	 1.473268e+07 	
2.24274274e+06 	 7.382018e-06 	 1.472416e+07 	
2.24324324e+06 	 7.353707e-06 	 1.471564e+07 	
2.24374374e+06 	 7.325421e-06 	 1.470714e+07 	
2.24424424e+06 	 7.297531e-06 	 1.469862e+07 	
2.24474474e+06 	 7.269303e-06 	 1.469012e+07 	
2.24524525e+06 	 7.241099e-06 	 1.468163e+07 	
2.24574575e+06 	 7.212919e-06 	 1.467315e+07 	
2.24624625e+06 	 7.184763e-06 	 1.466468e+07 	
2.24674675e+06 	 7.156631e-06 	 1.465621e+07 	
2.24724725e+06 	 7.128523e-06 	 1.464775e+07 	
2.24774775e+06 	 7.100438e-06 	 1.463929e+07 	
2.24824825e+06 	 7.072377e-06 	 1.463084e+07 	
2.24874875e+06 	 7.044339e-06 	 1.462240e+07 	
2.24924925e+06 	 7.016325e-06 	 1.461396e+07 	
2.24974975e+06 	 6.988333e-06 	 1.460553e+07 	
2.25025025e+06 	 6.960364e-06 	 1.459711e+07 	
2.25075075e+06 	 6.932419e-06 	 1.458869e+07 	
2.25125125e+06 	 6.904496e-06 	 1.458028e+07 	
2.25175175e+06 	 6.876595e-06 	 1.457188e+07 	
2.25225225e+06 	 6.848717e-06 	 1.456348e+07 	
2.25275275e+06 	 6.820861e-06 	 1.455509e+07 	
2.25325325e+06 	 6.793027e-06 	 1.454671e+07 	
2.25375375e+06 	 6.765215e-06 	 1.453833e+07 	
2.25425425e+06 	 6.737425e-06 	 1.452996e+07 	
2.25475475e+06 	 6.709657e-06 	 1.452160e+07 	
2.25525526e+06 	 6.681910e-06 	 1.451324e+07 	
2.25575576e+06 	 6.654184e-06 	 1.450489e+07 	
2.25625626e+06 	 6.626480e-06 	 1.449655e+07 	
2.25675676e+06 	 6.598797e-06 	 1.448821e+07 	
2.25725726e+06 	 6.570800e-06 	 1.447990e+07 	
2.25775776e+06 	 6.543151e-06 	 1.447158e+07 	
2.25825826e+06 	 6.515523e-06 	 1.446326e+07 	
2.25875876e+06 	 6.487915e-06 	 1.445495e+07 	
2.25925926e+06 	 6.460328e-06 	 1.444665e+07 	
2.25975976e+06 	 6.432761e-06 	 1.443836e+07 	
2.26026026e+06 	 6.405214e-06 	 1.443007e+07 	
2.26076076e+06 	 6.377687e-06 	 1.442179e+07 	
2.26126126e+06 	 6.350179e-06 	 1.441351e+07 	
2.26176176e+06 	 6.322691e-06 	 1.440525e+07 	
2.26226226e+06 	 6.295223e-06 	 1.439699e+07 	
2.26276276e+06 	 6.267774e-06 	 1.438873e+07 	
2.26326326e+06 	 6.240345e-06 	 1.438049e+07 	
2.26376376e+06 	 6.212934e-06 	 1.437225e+07 	
2.26426426e+06 	 6.185543e-06 	 1.436401e+07 	
2.26476476e+06 	 6.158171e-06 	 1.435579e+07 	
2.26526527e+06 	 6.130817e-06 	 1.434757e+07 	
2.26576577e+06 	 6.103482e-06 	 1.433936e+07 	
2.26626627e+06 	 6.076165e-06 	 1.433115e+07 	
2.26676677e+06 	 6.048867e-06 	 1.432296e+07 	
2.26726727e+06 	 6.021587e-06 	 1.431477e+07 	
2.26776777e+06 	 5.994325e-06 	 1.430658e+07 	
2.26826827e+06 	 5.967081e-06 	 1.429841e+07 	
2.26876877e+06 	 5.939855e-06 	 1.429024e+07 	
2.26926927e+06 	 5.912647e-06 	 1.428208e+07 	
2.26976977e+06 	 5.885457e-06 	 1.427392e+07 	
2.27027027e+06 	 5.857983e-06 	 1.426580e+07 	
2.27077077e+06 	 5.830821e-06 	 1.425766e+07 	
2.27127127e+06 	 5.803676e-06 	 1.424952e+07 	
2.27177177e+06 	 5.776548e-06 	 1.424140e+07 	
2.27227227e+06 	 5.749437e-06 	 1.423328e+07 	
2.27277277e+06 	 5.722343e-06 	 1.422517e+07 	
2.27327327e+06 	 5.695265e-06 	 1.421707e+07 	
2.27377377e+06 	 5.668204e-06 	 1.420898e+07 	
2.27427427e+06 	 5.641160e-06 	 1.420089e+07 	
2.27477477e+06 	 5.614132e-06 	 1.419281e+07 	
2.27527528e+06 	 5.587121e-06 	 1.418474e+07 	
2.27577578e+06 	 5.560125e-06 	 1.417667e+07 	
2.27627628e+06 	 5.533146e-06 	 1.416862e+07 	
2.27677678e+06 	 5.506183e-06 	 1.416057e+07 	
2.27727728e+06 	 5.479236e-06 	 1.415253e+07 	
2.27777778e+06 	 5.452304e-06 	 1.414449e+07 	
2.27827828e+06 	 5.425388e-06 	 1.413646e+07 	
2.27877878e+06 	 5.398488e-06 	 1.412845e+07 	
2.27927928e+06 	 5.371604e-06 	 1.412044e+07 	
2.27977978e+06 	 5.344735e-06 	 1.411243e+07 	
2.28028028e+06 	 5.317881e-06 	 1.410444e+07 	
2.28078078e+06 	 5.291043e-06 	 1.409645e+07 	
2.28128128e+06 	 5.264220e-06 	 1.408847e+07 	
2.28178178e+06 	 5.237412e-06 	 1.408050e+07 	
2.28228228e+06 	 5.210619e-06 	 1.407254e+07 	
2.28278278e+06 	 5.183581e-06 	 1.406460e+07 	
2.28328328e+06 	 5.156812e-06 	 1.405665e+07 	
2.28378378e+06 	 5.130058e-06 	 1.404871e+07 	
2.28428428e+06 	 5.103319e-06 	 1.404078e+07 	
2.28478478e+06 	 5.076595e-06 	 1.403286e+07 	
2.28528529e+06 	 5.049885e-06 	 1.402494e+07 	
2.28578579e+06 	 5.023189e-06 	 1.401704e+07 	
2.28628629e+06 	 4.996508e-06 	 1.400914e+07 	
2.28678679e+06 	 4.969842e-06 	 1.400125e+07 	
2.28728729e+06 	 4.943190e-06 	 1.399337e+07 	
2.28778779e+06 	 4.916552e-06 	 1.398550e+07 	
2.28828829e+06 	 4.889929e-06 	 1.397763e+07 	
2.28878879e+06 	 4.863320e-06 	 1.396977e+07 	
2.28928929e+06 	 4.836725e-06 	 1.396193e+07 	
2.28978979e+06 	 4.810144e-06 	 1.395409e+07 	
2.29029029e+06 	 4.783578e-06 	 1.394626e+07 	
2.29079079e+06 	 4.757025e-06 	 1.393844e+07 	
2.29129129e+06 	 4.730487e-06 	 1.393062e+07 	
2.29179179e+06 	 4.703963e-06 	 1.392282e+07 	
2.29229229e+06 	 4.677454e-06 	 1.391502e+07 	
2.29279279e+06 	 4.650958e-06 	 1.390724e+07 	
2.29329329e+06 	 4.624476e-06 	 1.389946e+07 	
2.29379379e+06 	 4.598009e-06 	 1.389169e+07 	
2.29429429e+06 	 4.571556e-06 	 1.388393e+07 	
2.29479479e+06 	 4.545117e-06 	 1.387618e+07 	
2.29529530e+06 	 4.518693e-06 	 1.386844e+07 	
2.29579580e+06 	 4.492056e-06 	 1.386072e+07 	
2.29629630e+06 	 4.465655e-06 	 1.385300e+07 	
2.29679680e+06 	 4.439268e-06 	 1.384529e+07 	
2.29729730e+06 	 4.412896e-06 	 1.383758e+07 	
2.29779780e+06 	 4.386538e-06 	 1.382989e+07 	
2.29829830e+06 	 4.360194e-06 	 1.382220e+07 	
2.29879880e+06 	 4.333865e-06 	 1.381453e+07 	
2.29929930e+06 	 4.307551e-06 	 1.380686e+07 	
2.29979980e+06 	 4.281251e-06 	 1.379920e+07 	
2.30030030e+06 	 4.254966e-06 	 1.379156e+07 	
2.30080080e+06 	 4.228695e-06 	 1.378392e+07 	
2.30130130e+06 	 4.202440e-06 	 1.377629e+07 	
2.30180180e+06 	 4.176199e-06 	 1.376867e+07 	
2.30230230e+06 	 4.149974e-06 	 1.376107e+07 	
2.30280280e+06 	 4.123763e-06 	 1.375347e+07 	
2.30330330e+06 	 4.097569e-06 	 1.374588e+07 	
2.30380380e+06 	 4.071389e-06 	 1.373830e+07 	
2.30430430e+06 	 4.045225e-06 	 1.373073e+07 	
2.30480480e+06 	 4.019077e-06 	 1.372318e+07 	
2.30530531e+06 	 3.992945e-06 	 1.371563e+07 	
2.30580581e+06 	 3.966829e-06 	 1.370809e+07 	
2.30630631e+06 	 3.940730e-06 	 1.370057e+07 	
2.30680681e+06 	 3.914646e-06 	 1.369305e+07 	
2.30730731e+06 	 3.888580e-06 	 1.368554e+07 	
2.30780781e+06 	 3.862530e-06 	 1.367805e+07 	
2.30830831e+06 	 3.836497e-06 	 1.367056e+07 	
2.30880881e+06 	 3.810289e-06 	 1.366311e+07 	
2.30930931e+06 	 3.784287e-06 	 1.365565e+07 	
2.30980981e+06 	 3.758303e-06 	 1.364820e+07 	
2.31031031e+06 	 3.732337e-06 	 1.364076e+07 	
2.31081081e+06 	 3.706389e-06 	 1.363333e+07 	
2.31131131e+06 	 3.680459e-06 	 1.362591e+07 	
2.31181181e+06 	 3.654548e-06 	 1.361850e+07 	
2.31231231e+06 	 3.628656e-06 	 1.361111e+07 	
2.31281281e+06 	 3.602784e-06 	 1.360373e+07 	
2.31331331e+06 	 3.576931e-06 	 1.359635e+07 	
2.31381381e+06 	 3.551099e-06 	 1.358899e+07 	
2.31431431e+06 	 3.525286e-06 	 1.358165e+07 	
2.31481481e+06 	 3.499494e-06 	 1.357431e+07 	
2.31531532e+06 	 3.473724e-06 	 1.356698e+07 	
2.31581582e+06 	 3.447974e-06 	 1.355967e+07 	
2.31631632e+06 	 3.422247e-06 	 1.355237e+07 	
2.31681682e+06 	 3.396541e-06 	 1.354508e+07 	
2.31731732e+06 	 3.370858e-06 	 1.353780e+07 	
2.31781782e+06 	 3.345199e-06 	 1.353054e+07 	
2.31831832e+06 	 3.319562e-06 	 1.352329e+07 	
2.31881882e+06 	 3.293950e-06 	 1.351605e+07 	
2.31931932e+06 	 3.268362e-06 	 1.350882e+07 	
2.31981982e+06 	 3.242799e-06 	 1.350161e+07 	
2.32032032e+06 	 3.217261e-06 	 1.349441e+07 	
2.32082082e+06 	 3.191749e-06 	 1.348722e+07 	
2.32132132e+06 	 3.166263e-06 	 1.348005e+07 	
2.32182182e+06 	 3.140644e-06 	 1.347290e+07 	
2.32232232e+06 	 3.115210e-06 	 1.346575e+07 	
2.32282282e+06 	 3.089803e-06 	 1.345862e+07 	
2.32332332e+06 	 3.064426e-06 	 1.345150e+07 	
2.32382382e+06 	 3.039077e-06 	 1.344439e+07 	
2.32432432e+06 	 3.013759e-06 	 1.343730e+07 	
2.32482482e+06 	 2.988471e-06 	 1.343022e+07 	
2.32532533e+06 	 2.963214e-06 	 1.342315e+07 	
2.32582583e+06 	 2.937988e-06 	 1.341610e+07 	
2.32632633e+06 	 2.912795e-06 	 1.340906e+07 	
2.32682683e+06 	 2.887635e-06 	 1.340204e+07 	
2.32732733e+06 	 2.862510e-06 	 1.339503e+07 	
2.32782783e+06 	 2.837418e-06 	 1.338803e+07 	
2.32832833e+06 	 2.812362e-06 	 1.338105e+07 	
2.32882883e+06 	 2.787342e-06 	 1.337409e+07 	
2.32932933e+06 	 2.762359e-06 	 1.336714e+07 	
2.32982983e+06 	 2.737414e-06 	 1.336020e+07 	
2.33033033e+06 	 2.712507e-06 	 1.335328e+07 	
2.33083083e+06 	 2.687640e-06 	 1.334637e+07 	
2.33133133e+06 	 2.662812e-06 	 1.333948e+07 	
2.33183183e+06 	 2.638026e-06 	 1.333261e+07 	
2.33233233e+06 	 2.613282e-06 	 1.332575e+07 	
2.33283283e+06 	 2.588581e-06 	 1.331891e+07 	
2.33333333e+06 	 2.563924e-06 	 1.331208e+07 	
2.33383383e+06 	 2.539311e-06 	 1.330527e+07 	
2.33433433e+06 	 2.514617e-06 	 1.329849e+07 	
2.33483483e+06 	 2.490095e-06 	 1.329172e+07 	
2.33533534e+06 	 2.465621e-06 	 1.328496e+07 	
2.33583584e+06 	 2.441195e-06 	 1.327821e+07 	
2.33633634e+06 	 2.416819e-06 	 1.327148e+07 	
2.33683684e+06 	 2.392494e-06 	 1.326477e+07 	
2.33733734e+06 	 2.368221e-06 	 1.325808e+07 	
2.33783784e+06 	 2.344002e-06 	 1.325140e+07 	
2.33833834e+06 	 2.319836e-06 	 1.324474e+07 	
2.33883884e+06 	 2.295726e-06 	 1.323810e+07 	
2.33933934e+06 	 2.271673e-06 	 1.323148e+07 	
2.33983984e+06 	 2.247677e-06 	 1.322487e+07 	
2.34034034e+06 	 2.223740e-06 	 1.321828e+07 	
2.34084084e+06 	 2.199864e-06 	 1.321171e+07 	
2.34134134e+06 	 2.176049e-06 	 1.320516e+07 	
2.34184184e+06 	 2.152297e-06 	 1.319862e+07 	
2.34234234e+06 	 2.128609e-06 	 1.319211e+07 	
2.34284284e+06 	 2.104986e-06 	 1.318561e+07 	
2.34334334e+06 	 2.081430e-06 	 1.317913e+07 	
2.34384384e+06 	 2.057941e-06 	 1.317268e+07 	
2.34434434e+06 	 2.034523e-06 	 1.316624e+07 	
2.34484484e+06 	 2.011175e-06 	 1.315982e+07 	
2.34534535e+06 	 1.987899e-06 	 1.315342e+07 	
2.34584585e+06 	 1.964697e-06 	 1.314703e+07 	
2.34634635e+06 	 1.941570e-06 	 1.314067e+07 	
2.34684685e+06 	 1.918423e-06 	 1.313435e+07 	
2.34734735e+06 	 1.895449e-06 	 1.312803e+07 	
2.34784785e+06 	 1.872554e-06 	 1.312173e+07 	
2.34834835e+06 	 1.849741e-06 	 1.311545e+07 	
2.34884885e+06 	 1.827010e-06 	 1.310919e+07 	
2.34934935e+06 	 1.804363e-06 	 1.310295e+07 	
2.34984985e+06 	 1.781801e-06 	 1.309674e+07 	
2.35035035e+06 	 1.759327e-06 	 1.309054e+07 	
2.35085085e+06 	 1.736942e-06 	 1.308437e+07 	
2.35135135e+06 	 1.714647e-06 	 1.307821e+07 	
2.35185185e+06 	 1.692444e-06 	 1.307208e+07 	
2.35235235e+06 	 1.670335e-06 	 1.306597e+07 	
2.35285285e+06 	 1.648321e-06 	 1.305989e+07 	
2.35335335e+06 	 1.626404e-06 	 1.305382e+07 	
2.35385385e+06 	 1.604585e-06 	 1.304778e+07 	
2.35435435e+06 	 1.582867e-06 	 1.304176e+07 	
2.35485485e+06 	 1.561251e-06 	 1.303576e+07 	
2.35535536e+06 	 1.539739e-06 	 1.302979e+07 	
2.35585586e+06 	 1.518332e-06 	 1.302384e+07 	
2.35635636e+06 	 1.497033e-06 	 1.301791e+07 	
2.35685686e+06 	 1.475842e-06 	 1.301200e+07 	
2.35735736e+06 	 1.454762e-06 	 1.300612e+07 	
2.35785786e+06 	 1.433794e-06 	 1.300027e+07 	
2.35835836e+06 	 1.412940e-06 	 1.299443e+07 	
2.35885886e+06 	 1.392203e-06 	 1.298862e+07 	
2.35935936e+06 	 1.371514e-06 	 1.298286e+07 	
2.35985986e+06 	 1.351012e-06 	 1.297710e+07 	
2.36036036e+06 	 1.330632e-06 	 1.297136e+07 	
2.36086086e+06 	 1.310374e-06 	 1.296565e+07 	
2.36136136e+06 	 1.290241e-06 	 1.295997e+07 	
2.36186186e+06 	 1.270235e-06 	 1.295431e+07 	
2.36236236e+06 	 1.250357e-06 	 1.294867e+07 	
2.36286286e+06 	 1.230609e-06 	 1.294307e+07 	
2.36336336e+06 	 1.210992e-06 	 1.293748e+07 	
2.36386386e+06 	 1.191509e-06 	 1.293193e+07 	
2.36436436e+06 	 1.172161e-06 	 1.292640e+07 	
2.36486486e+06 	 1.152950e-06 	 1.292089e+07 	
2.36536537e+06 	 1.133878e-06 	 1.291541e+07 	
2.36586587e+06 	 1.114946e-06 	 1.290996e+07 	
2.36636637e+06 	 1.096156e-06 	 1.290454e+07 	
2.36686687e+06 	 1.077510e-06 	 1.289914e+07 	
2.36736737e+06 	 1.059009e-06 	 1.289377e+07 	
2.36786787e+06 	 1.040655e-06 	 1.288842e+07 	
2.36836837e+06 	 1.022450e-06 	 1.288311e+07 	
2.36886887e+06 	 1.004395e-06 	 1.287782e+07 	
2.36936937e+06 	 9.864919e-07 	 1.287256e+07 	
2.36986987e+06 	 9.687425e-07 	 1.286732e+07 	
2.37037037e+06 	 9.511481e-07 	 1.286212e+07 	
2.37087087e+06 	 9.337102e-07 	 1.285694e+07 	
2.37137137e+06 	 9.164305e-07 	 1.285179e+07 	
2.37187187e+06 	 8.993560e-07 	 1.284665e+07 	
2.37237237e+06 	 8.823972e-07 	 1.284156e+07 	
2.37287287e+06 	 8.656009e-07 	 1.283649e+07 	
2.37337337e+06 	 8.489684e-07 	 1.283146e+07 	
2.37387387e+06 	 8.325011e-07 	 1.282645e+07 	
2.37437437e+06 	 8.162003e-07 	 1.282148e+07 	
2.37487487e+06 	 8.000673e-07 	 1.281653e+07 	
2.37537538e+06 	 7.841034e-07 	 1.281161e+07 	
2.37587588e+06 	 7.683097e-07 	 1.280672e+07 	
2.37637638e+06 	 7.526875e-07 	 1.280186e+07 	
2.37687688e+06 	 7.372378e-07 	 1.279703e+07 	
2.37737738e+06 	 7.219619e-07 	 1.279224e+07 	
2.37787788e+06 	 7.068607e-07 	 1.278747e+07 	
2.37837838e+06 	 6.919353e-07 	 1.278273e+07 	
2.37887888e+06 	 6.771865e-07 	 1.277802e+07 	
2.37937938e+06 	 6.626154e-07 	 1.277334e+07 	
2.37987988e+06 	 6.482228e-07 	 1.276869e+07 	
2.38038038e+06 	 6.340095e-07 	 1.276407e+07 	
2.38088088e+06 	 6.199763e-07 	 1.275948e+07 	
2.38138138e+06 	 6.061240e-07 	 1.275493e+07 	
2.38188188e+06 	 5.924530e-07 	 1.275040e+07 	
2.38238238e+06 	 5.789642e-07 	 1.274591e+07 	
2.38288288e+06 	 5.656580e-07 	 1.274144e+07 	
2.38338338e+06 	 5.525073e-07 	 1.273703e+07 	
2.38388388e+06 	 5.395676e-07 	 1.273263e+07 	
2.38438438e+06 	 5.268119e-07 	 1.272826e+07 	
2.38488488e+06 	 5.142405e-07 	 1.272392e+07 	
2.38538539e+06 	 5.018537e-07 	 1.271961e+07 	
2.38588589e+06 	 4.896516e-07 	 1.271534e+07 	
2.38638639e+06 	 4.776345e-07 	 1.271109e+07 	
2.38688689e+06 	 4.658024e-07 	 1.270688e+07 	
2.38738739e+06 	 4.541553e-07 	 1.270269e+07 	
2.38788789e+06 	 4.426933e-07 	 1.269854e+07 	
2.38838839e+06 	 4.314161e-07 	 1.269443e+07 	
2.38888889e+06 	 4.203237e-07 	 1.269034e+07 	
2.38938939e+06 	 4.094159e-07 	 1.268628e+07 	
2.38988989e+06 	 3.986922e-07 	 1.268226e+07 	
2.39039039e+06 	 3.881525e-07 	 1.267826e+07 	
2.39089089e+06 	 3.777962e-07 	 1.267430e+07 	
2.39139139e+06 	 3.676229e-07 	 1.267037e+07 	
2.39189189e+06 	 3.576321e-07 	 1.266647e+07 	
2.39239239e+06 	 3.478231e-07 	 1.266261e+07 	
2.39289289e+06 	 3.381953e-07 	 1.265877e+07 	
2.39339339e+06 	 3.287480e-07 	 1.265497e+07 	
2.39389389e+06 	 3.194803e-07 	 1.265120e+07 	
2.39439439e+06 	 3.104070e-07 	 1.264743e+07 	
2.39489489e+06 	 3.014961e-07 	 1.264372e+07 	
2.39539540e+06 	 2.927621e-07 	 1.264005e+07 	
2.39589590e+06 	 2.842040e-07 	 1.263640e+07 	
2.39639640e+06 	 2.758206e-07 	 1.263278e+07 	
2.39689690e+06 	 2.676109e-07 	 1.262920e+07 	
2.39739740e+06 	 2.595736e-07 	 1.262564e+07 	
2.39789790e+06 	 2.517075e-07 	 1.262212e+07 	
2.39839840e+06 	 2.440111e-07 	 1.261863e+07 	
2.39889890e+06 	 2.364832e-07 	 1.261517e+07 	
2.39939940e+06 	 2.291223e-07 	 1.261173e+07 	
2.39989990e+06 	 2.219269e-07 	 1.260833e+07 	
2.40040040e+06 	 2.148955e-07 	 1.260497e+07 	
2.40090090e+06 	 2.080265e-07 	 1.260163e+07 	
2.40140140e+06 	 2.013182e-07 	 1.259832e+07 	
2.40190190e+06 	 1.947690e-07 	 1.259504e+07 	
2.40240240e+06 	 1.883771e-07 	 1.259179e+07 	
2.40290290e+06 	 1.821408e-07 	 1.258857e+07 	
2.40340340e+06 	 1.760582e-07 	 1.258538e+07 	
2.40390390e+06 	 1.701276e-07 	 1.258223e+07 	
2.40440440e+06 	 1.643386e-07 	 1.257912e+07 	
2.40490490e+06 	 1.587060e-07 	 1.257602e+07 	
2.40540541e+06 	 1.532194e-07 	 1.257295e+07 	
2.40590591e+06 	 1.478770e-07 	 1.256991e+07 	
2.40640641e+06 	 1.426767e-07 	 1.256690e+07 	
2.40690691e+06 	 1.376163e-07 	 1.256392e+07 	
2.40740741e+06 	 1.326939e-07 	 1.256096e+07 	
2.40790791e+06 	 1.279072e-07 	 1.255804e+07 	
2.40840841e+06 	 1.232542e-07 	 1.255514e+07 	
2.40890891e+06 	 1.187327e-07 	 1.255227e+07 	
2.40940941e+06 	 1.143405e-07 	 1.254943e+07 	
2.40990991e+06 	 1.100754e-07 	 1.254662e+07 	
2.41041041e+06 	 1.059352e-07 	 1.254383e+07 	
2.41091091e+06 	 1.019177e-07 	 1.254107e+07 	
2.41141141e+06 	 9.802050e-08 	 1.253834e+07 	
2.41191191e+06 	 9.424151e-08 	 1.253563e+07 	
2.41241241e+06 	 9.057840e-08 	 1.253296e+07 	
2.41291291e+06 	 8.702440e-08 	 1.253034e+07 	
2.41341341e+06 	 8.358623e-08 	 1.252771e+07 	
2.41391391e+06 	 8.025712e-08 	 1.252511e+07 	
2.41441441e+06 	 7.703480e-08 	 1.252254e+07 	
2.41491491e+06 	 7.391699e-08 	 1.251999e+07 	
2.41541542e+06 	 7.090141e-08 	 1.251747e+07 	
2.41591592e+06 	 6.798581e-08 	 1.251498e+07 	
2.41641642e+06 	 6.516791e-08 	 1.251251e+07 	
2.41691692e+06 	 6.244546e-08 	 1.251006e+07 	
2.41741742e+06 	 5.981621e-08 	 1.250764e+07 	
2.41791792e+06 	 5.727794e-08 	 1.250524e+07 	
2.41841842e+06 	 5.482842e-08 	 1.250287e+07 	
2.41891892e+06 	 5.246545e-08 	 1.250052e+07 	
2.41941942e+06 	 5.018942e-08 	 1.249815e+07 	
2.41991992e+06 	 4.799304e-08 	 1.249585e+07 	
2.42042042e+06 	 4.587671e-08 	 1.249356e+07 	
2.42092092e+06 	 4.383828e-08 	 1.249130e+07 	
2.42142142e+06 	 4.187566e-08 	 1.248906e+07 	
2.42192192e+06 	 3.998676e-08 	 1.248685e+07 	
2.42242242e+06 	 3.816951e-08 	 1.248465e+07 	
2.42292292e+06 	 3.642188e-08 	 1.248248e+07 	
2.42342342e+06 	 3.474187e-08 	 1.248033e+07 	
2.42392392e+06 	 3.312749e-08 	 1.247820e+07 	
2.42442442e+06 	 3.157836e-08 	 1.247604e+07 	
2.42492492e+06 	 3.008945e-08 	 1.247395e+07 	
2.42542543e+06 	 2.866041e-08 	 1.247188e+07 	
2.42592593e+06 	 2.728936e-08 	 1.246982e+07 	
2.42642643e+06 	 2.597449e-08 	 1.246779e+07 	
2.42692693e+06 	 2.471398e-08 	 1.246577e+07 	
2.42742743e+06 	 2.350608e-08 	 1.246378e+07 	
2.42792793e+06 	 2.234905e-08 	 1.246180e+07 	
2.42842843e+06 	 2.124227e-08 	 1.245978e+07 	
2.42892893e+06 	 2.018198e-08 	 1.245784e+07 	
2.42942943e+06 	 1.916758e-08 	 1.245591e+07 	
2.42992993e+06 	 1.819747e-08 	 1.245399e+07 	
2.43043043e+06 	 1.727011e-08 	 1.245210e+07 	
2.43093093e+06 	 1.638394e-08 	 1.245022e+07 	
2.43143143e+06 	 1.553751e-08 	 1.244835e+07 	
2.43193193e+06 	 1.473016e-08 	 1.244642e+07 	
2.43243243e+06 	 1.395892e-08 	 1.244457e+07 	
2.43293293e+06 	 1.322317e-08 	 1.244274e+07 	
2.43343343e+06 	 1.252156e-08 	 1.244091e+07 	
2.43393393e+06 	 1.185279e-08 	 1.243909e+07 	
2.43443443e+06 	 1.121495e-08 	 1.243739e+07 	
2.43493493e+06 	 1.060800e-08 	 1.243561e+07 	
2.43543544e+06 	 1.003017e-08 	 1.243383e+07 	
2.43593594e+06 	 9.480286e-09 	 1.243207e+07 	
2.43643644e+06 	 8.956713e-09 	 1.243043e+07 	
2.43693694e+06 	 8.459295e-09 	 1.242869e+07 	
2.43743744e+06 	 7.986522e-09 	 1.242697e+07 	
2.43793794e+06 	 7.536963e-09 	 1.242537e+07 	
2.43843844e+06 	 7.110345e-09 	 1.242369e+07 	
2.43893894e+06 	 6.705360e-09 	 1.242200e+07 	
2.43943944e+06 	 6.320732e-09 	 1.242048e+07 	
2.43993994e+06 	 5.956162e-09 	 1.241885e+07 	
2.44044044e+06 	 5.610492e-09 	 1.241725e+07 	
2.44094094e+06 	 5.283202e-09 	 1.241547e+07 	
2.44144144e+06 	 4.972905e-09 	 1.241384e+07 	
2.44194194e+06 	 4.678806e-09 	 1.241240e+07 	
2.44244244e+06 	 4.400610e-09 	 1.241084e+07 	
2.44294294e+06 	 4.137616e-09 	 1.240910e+07 	
2.44344344e+06 	 3.888717e-09 	 1.240750e+07 	
2.44394394e+06 	 3.653187e-09 	 1.240615e+07 	
2.44444444e+06 	 3.430748e-09 	 1.240467e+07 	
2.44494494e+06 	 3.220965e-09 	 1.240277e+07 	
2.44544545e+06 	 3.022669e-09 	 1.240114e+07 	
2.44594595e+06 	 2.835394e-09 	 1.239970e+07 	
2.44644645e+06 	 2.658825e-09 	 1.239807e+07 	
2.44694695e+06 	 2.492252e-09 	 1.239655e+07 	
2.44744745e+06 	 2.335338e-09 	 1.239479e+07 	
2.44794795e+06 	 2.187237e-09 	 1.239365e+07 	
2.44844845e+06 	 2.047929e-09 	 1.239204e+07 	
2.44894895e+06 	 1.916657e-09 	 1.239078e+07 	
2.44944945e+06 	 1.793182e-09 	 1.238933e+07 	
2.44994995e+06 	 1.677078e-09 	 1.238769e+07 	
2.45045045e+06 	 1.567894e-09 	 1.238608e+07 	
2.45095095e+06 	 1.465189e-09 	 1.238480e+07 	
2.45145145e+06 	 1.368744e-09 	 1.238331e+07 	
2.45195195e+06 	 1.278148e-09 	 1.238190e+07 	
2.45245245e+06 	 1.193103e-09 	 1.238049e+07 	
2.45295295e+06 	 1.113318e-09 	 1.237892e+07 	
2.45345345e+06 	 1.038484e-09 	 1.237732e+07 	
2.45395395e+06 	 9.682737e-10 	 1.237605e+07 	
2.45445445e+06 	 9.024984e-10 	 1.237456e+07 	
2.45495495e+06 	 8.408622e-10 	 1.237316e+07 	
2.45545546e+06 	 7.831604e-10 	 1.237159e+07 	
2.45595596e+06 	 7.291210e-10 	 1.237031e+07 	
2.45645646e+06 	 6.785688e-10 	 1.236886e+07 	
2.45695696e+06 	 6.312824e-10 	 1.236744e+07 	
2.45745746e+06 	 5.870772e-10 	 1.236595e+07 	
2.45795796e+06 	 5.457544e-10 	 1.236460e+07 	
2.45845846e+06 	 5.071591e-10 	 1.236310e+07 	
2.45895896e+06 	 4.711095e-10 	 1.236177e+07 	
2.45945946e+06 	 4.374666e-10 	 1.236027e+07 	
2.45995996e+06 	 4.060676e-10 	 1.235894e+07 	
2.46046046e+06 	 3.767912e-10 	 1.235736e+07 	
2.46096096e+06 	 3.494843e-10 	 1.235612e+07 	
2.46146146e+06 	 3.240453e-10 	 1.235458e+07 	
2.46196196e+06 	 3.003385e-10 	 1.235332e+07 	
2.46246246e+06 	 2.782670e-10 	 1.235190e+07 	
2.46296296e+06 	 2.577211e-10 	 1.235051e+07 	
2.46346346e+06 	 2.386051e-10 	 1.234908e+07 	
2.46396396e+06 	 2.208237e-10 	 1.234772e+07 	
2.46446446e+06 	 2.042929e-10 	 1.234631e+07 	
2.46496496e+06 	 1.889293e-10 	 1.234493e+07 	
2.46546547e+06 	 1.746570e-10 	 1.234353e+07 	
2.46596597e+06 	 1.614033e-10 	 1.234214e+07 	
2.46646647e+06 	 1.491011e-10 	 1.234071e+07 	
2.46696697e+06 	 1.376848e-10 	 1.233937e+07 	
2.46746747e+06 	 1.270965e-10 	 1.233798e+07 	
2.46796797e+06 	 1.172794e-10 	 1.233659e+07 	
2.46846847e+06 	 1.081810e-10 	 1.233521e+07 	
2.46896897e+06 	 9.975187e-11 	 1.233382e+07 	
2.46946947e+06 	 9.194592e-11 	 1.233244e+07 	
2.46996997e+06 	 8.471986e-11 	 1.233106e+07 	
2.47047047e+06 	 7.803311e-11 	 1.232969e+07 	
2.47097097e+06 	 7.184134e-11 	 1.232915e+07 	
2.47147147e+06 	 6.612918e-11 	 1.232693e+07 	
2.47197197e+06 	 6.083738e-11 	 1.232644e+07 	
2.47247247e+06 	 5.595978e-11 	 1.232416e+07 	
2.47297297e+06 	 5.144443e-11 	 1.232368e+07 	
2.47347347e+06 	 4.728559e-11 	 1.232141e+07 	
2.47397397e+06 	 4.343867e-11 	 1.232093e+07 	
2.47447447e+06 	 3.989816e-11 	 1.231866e+07 	
2.47497497e+06 	 3.662575e-11 	 1.231819e+07 	
2.47547548e+06 	 3.361628e-11 	 1.231591e+07 	
2.47597598e+06 	 3.083691e-11 	 1.231543e+07 	
2.47647648e+06 	 2.828270e-11 	 1.231316e+07 	
2.47697698e+06 	 2.592566e-11 	 1.231269e+07 	
2.47747748e+06 	 2.376117e-11 	 1.231042e+07 	
2.47797798e+06 	 2.176532e-11 	 1.230995e+07 	
2.47847848e+06 	 1.993390e-11 	 1.230768e+07 	
2.47897898e+06 	 1.824644e-11 	 1.230722e+07 	
2.47947948e+06 	 1.669918e-11 	 1.230494e+07 	
2.47997998e+06 	 1.527464e-11 	 1.230449e+07 	
2.48048048e+06 	 1.396943e-11 	 1.230220e+07 	
2.48098098e+06 	 1.276863e-11 	 1.230177e+07 	
2.80410573e+06 	 1.000000e-20 	 1.150427e+07 	
3.16931449e+06 	 1.000000e-20 	 1.076755e+07 	
3.58208829e+06 	 1.000000e-20 	 1.008460e+07 	
4.04862205e+06 	 1.000000e-20 	 9.450238e+06 	
4.57591751e+06 	 1.000000e-20 	 8.860022e+06 	
5.17188830e+06 	 1.000000e-20 	 8.310098e+06 	
5.84547876e+06 	 1.000000e-20 	 7.797088e+06 	
6.60679813e+06 	 1.000000e-20 	 7.318013e+06 	
7.46727229e+06 	 1.000000e-20 	 6.870222e+06 	
8.43981521e+06 	 1.000000e-20 	 6.451343e+06 	
9.53902283e+06 	 1.000000e-20 	 6.059242e+06 	
1.07813920e+07 	 1.000000e-20 	 5.691990e+06 	
1.21855683e+07 	 1.000000e-20 	 5.347835e+06 	
1.37726255e+07 	 1.000000e-20 	 5.025179e+06 	
1.55663822e+07 	 1.000000e-20 	 4.722558e+06 	
1.75937590e+07 	 1.000000e-20 	 4.438631e+06 	
1.98851829e+07 	 1.000000e-20 	 4.172162e+06 	
2.24750435e+07 	 1.000000e-20 	 3.922011e+06 	
2.54022093e+07 	 1.000000e-20 	 3.687125e+06 	
2.87106114e+07 	 1.000000e-20 	 3.466525e+06 	
3.24499021e+07 	 1.000000e-20 	 3.259306e+06 	
3.66762008e+07 	 1.000000e-20 	 3.064626e+06 	
4.14529356e+07 	 1.000000e-20 	 2.881699e+06 	
4.68517959e+07 	 1.000000e-20 	 2.709795e+06 	
5.29538075e+07 	 1.000000e-20 	 2.548232e+06 	
5.98505496e+07 	 1.000000e-20 	 2.396374e+06 	
6.76455284e+07 	 1.000000e-20 	 2.253625e+06 	
7.64557308e+07 	 1.000000e-20 	 2.119429e+06 	
8.64133803e+07 	 1.000000e-20 	 1.993265e+06 	
9.76679212e+07 	 1.000000e-20 	 1.874645e+06 	
1.10388262e+08 	 1.000000e-20 	 1.763113e+06 	
1.24765309e+08 	 1.000000e-20 	 1.658240e+06 	
1.41014832e+08 	 1.000000e-20 	 1.559624e+06 	
1.59380706e+08 	 1.000000e-20 	 1.466890e+06 	
1.80138564e+08 	 1.000000e-20 	 1.379683e+06 	
2.03599940e+08 	 1.000000e-20 	 1.297672e+06 	
2.30116943e+08 	 1.000000e-20 	 1.220545e+06 	
2.60087540e+08 	 1.000000e-20 	 1.148010e+06 	
2.93961529e+08 	 1.000000e-20 	 1.079792e+06 	
3.32247290e+08 	 1.000000e-20 	 1.015634e+06 	
3.75519417e+08 	 1.000000e-20 	 9.552915e+05 	
4.24427336e+08 	 1.000000e-20 	 8.985382e+05 	
4.79705059e+08 	 1.000000e-20 	 8.451598e+05 	
5.42182191e+08 	 1.000000e-20 	 7.949549e+05 	
6.12796391e+08 	 1.000000e-20 	 7.477345e+05 	
6.92607435e+08 	 1.000000e-20 	 7.033208e+05 	
7.82813126e+08 	 1.000000e-20 	 6.615466e+05 	
8.84767272e+08 	 1.000000e-20 	 6.222549e+05 	
1.00000000e+09 	 1.000000e-20 	 5.852979e+05 	
