r (cm)        	 rho (g/cm3) 	 T (K)       		 Linf = 3.519936e+38
1.20008007e+06 	 1.194105e+05 	 1.270944e+09 	
1.20010256e+06 	 1.159920e+05 	 1.261686e+09 	
1.20020144e+06 	 1.019151e+05 	 1.221283e+09 	
1.20030032e+06 	 8.929754e+04 	 1.181383e+09 	
1.20039920e+06 	 7.801794e+04 	 1.142004e+09 	
1.20049809e+06 	 6.796211e+04 	 1.103161e+09 	
1.20059697e+06 	 5.902275e+04 	 1.064871e+09 	
1.20069215e+06 	 5.137892e+04 	 1.028554e+09 	
1.20078732e+06 	 4.459226e+04 	 9.927803e+08 	
1.20088250e+06 	 3.858421e+04 	 9.575670e+08 	
1.20097768e+06 	 3.328143e+04 	 9.229304e+08 	
1.20105665e+06 	 2.936801e+04 	 8.946419e+08 	
1.20113562e+06 	 2.585662e+04 	 8.667718e+08 	
1.20121459e+06 	 2.271308e+04 	 8.393300e+08 	
1.20129356e+06 	 1.990536e+04 	 8.123265e+08 	
1.20137253e+06 	 1.740354e+04 	 7.857715e+08 	
1.20144972e+06 	 1.522678e+04 	 7.602558e+08 	
1.20152692e+06 	 1.329137e+04 	 7.351879e+08 	
1.20160412e+06 	 1.157474e+04 	 7.105773e+08 	
1.20168132e+06 	 1.005591e+04 	 6.864335e+08 	
1.20174546e+06 	 8.930452e+03 	 6.667351e+08 	
1.20180960e+06 	 7.917785e+03 	 6.473709e+08 	
1.20187374e+06 	 7.008243e+03 	 6.283461e+08 	
1.20193788e+06 	 6.192815e+03 	 6.096659e+08 	
1.20200202e+06 	 5.463109e+03 	 5.913355e+08 	
1.20206616e+06 	 4.811331e+03 	 5.733597e+08 	
1.20213111e+06 	 4.223355e+03 	 5.555238e+08 	
1.20219606e+06 	 3.700936e+03 	 5.380614e+08 	
1.20226100e+06 	 3.237675e+03 	 5.209771e+08 	
1.20231478e+06 	 2.894640e+03 	 5.071201e+08 	
1.20236856e+06 	 2.585025e+03 	 4.935277e+08 	
1.20242234e+06 	 2.305954e+03 	 4.802021e+08 	
1.20247612e+06 	 2.054754e+03 	 4.671453e+08 	
1.20252990e+06 	 1.828949e+03 	 4.543593e+08 	
1.20258368e+06 	 1.626246e+03 	 4.418458e+08 	
1.20263746e+06 	 1.444525e+03 	 4.296063e+08 	
1.20269124e+06 	 1.281831e+03 	 4.176422e+08 	
1.20274803e+06 	 1.128693e+03 	 4.053082e+08 	
1.20279487e+06 	 1.015462e+03 	 3.953681e+08 	
1.20284171e+06 	 9.129726e+02 	 3.856390e+08 	
1.20288855e+06 	 8.202949e+02 	 3.761212e+08 	
1.20293539e+06 	 7.365692e+02 	 3.668150e+08 	
1.20298223e+06 	 6.610010e+02 	 3.577202e+08 	
1.20302907e+06 	 5.928577e+02 	 3.488369e+08 	
1.20307591e+06 	 5.314644e+02 	 3.401648e+08 	
1.20312275e+06 	 4.762002e+02 	 3.317033e+08 	
1.20316960e+06 	 4.264950e+02 	 3.234520e+08 	
1.20321644e+06 	 3.818259e+02 	 3.154101e+08 	
1.20326328e+06 	 3.417141e+02 	 3.075766e+08 	
1.20331012e+06 	 3.057215e+02 	 2.999504e+08 	
1.20335363e+06 	 2.756290e+02 	 2.930513e+08 	
1.20339714e+06 	 2.484519e+02 	 2.863288e+08 	
1.20344064e+06 	 2.239215e+02 	 2.797817e+08 	
1.20348415e+06 	 2.017916e+02 	 2.734085e+08 	
1.20352766e+06 	 1.818371e+02 	 2.672077e+08 	
1.20357117e+06 	 1.638524e+02 	 2.611776e+08 	
1.20361468e+06 	 1.476497e+02 	 2.553164e+08 	
1.20365819e+06 	 1.330582e+02 	 2.496223e+08 	
1.20370170e+06 	 1.199220e+02 	 2.440932e+08 	
1.20374521e+06 	 1.080997e+02 	 2.387270e+08 	
1.20378872e+06 	 9.746262e+01 	 2.335214e+08 	
1.20383222e+06 	 8.789401e+01 	 2.284741e+08 	
1.20387573e+06 	 7.928811e+01 	 2.235825e+08 	
1.20391924e+06 	 7.154909e+01 	 2.188441e+08 	
1.20396275e+06 	 6.459027e+01 	 2.142564e+08 	
1.20400626e+06 	 5.833327e+01 	 2.098164e+08 	
1.20404977e+06 	 5.270734e+01 	 2.055215e+08 	
1.20409328e+06 	 4.764860e+01 	 2.013687e+08 	
1.20413679e+06 	 4.309947e+01 	 1.973551e+08 	
1.20418520e+06 	 3.857390e+01 	 1.930494e+08 	
1.20423360e+06 	 3.455110e+01 	 1.889079e+08 	
1.20428201e+06 	 3.097422e+01 	 1.849264e+08 	
1.20433042e+06 	 2.779271e+01 	 1.811005e+08 	
1.20437883e+06 	 2.496175e+01 	 1.774258e+08 	
1.20442724e+06 	 2.244155e+01 	 1.738978e+08 	
1.20447565e+06 	 2.019683e+01 	 1.705121e+08 	
1.20452405e+06 	 1.819634e+01 	 1.672641e+08 	
1.20457246e+06 	 1.641238e+01 	 1.641495e+08 	
1.20462087e+06 	 1.482045e+01 	 1.611638e+08 	
1.20466928e+06 	 1.339885e+01 	 1.583025e+08 	
1.20471769e+06 	 1.212836e+01 	 1.555612e+08 	
1.20476610e+06 	 1.099200e+01 	 1.529356e+08 	
1.20481451e+06 	 9.974743e+00 	 1.504215e+08 	
1.20486291e+06 	 9.063277e+00 	 1.480145e+08 	
1.20491132e+06 	 8.245841e+00 	 1.457105e+08 	
1.20495973e+06 	 7.512023e+00 	 1.435054e+08 	
1.20500814e+06 	 6.852610e+00 	 1.413954e+08 	
1.20505655e+06 	 6.259449e+00 	 1.393764e+08 	
1.20511673e+06 	 5.603616e+00 	 1.369877e+08 	
1.20517691e+06 	 5.026956e+00 	 1.347269e+08 	
1.20523709e+06 	 4.519043e+00 	 1.325871e+08 	
1.20529727e+06 	 4.070900e+00 	 1.305618e+08 	
1.20535745e+06 	 3.674792e+00 	 1.286446e+08 	
1.20541763e+06 	 3.324050e+00 	 1.268297e+08 	
1.20547781e+06 	 3.012915e+00 	 1.251112e+08 	
1.20553799e+06 	 2.736412e+00 	 1.234837e+08 	
1.20559817e+06 	 2.490236e+00 	 1.219420e+08 	
1.20565835e+06 	 2.270660e+00 	 1.204812e+08 	
1.20573312e+06 	 2.030088e+00 	 1.187719e+08 	
1.20580788e+06 	 1.820314e+00 	 1.171717e+08 	
1.20588265e+06 	 1.636883e+00 	 1.156728e+08 	
1.20595741e+06 	 1.476042e+00 	 1.142678e+08 	
1.20603218e+06 	 1.334622e+00 	 1.129500e+08 	
1.20610695e+06 	 1.209943e+00 	 1.117131e+08 	
1.20618171e+06 	 1.099730e+00 	 1.105512e+08 	
1.20625648e+06 	 1.002049e+00 	 1.094588e+08 	
1.20633125e+06 	 9.152535e-01 	 1.084311e+08 	
1.20642805e+06 	 8.167778e-01 	 1.071889e+08 	
1.20652485e+06 	 7.316481e-01 	 1.060381e+08 	
1.20662165e+06 	 6.577614e-01 	 1.049704e+08 	
1.20671845e+06 	 5.933846e-01 	 1.039785e+08 	
1.20681525e+06 	 5.370833e-01 	 1.030555e+08 	
1.20691205e+06 	 4.876661e-01 	 1.021954e+08 	
1.20703513e+06 	 4.332296e-01 	 1.011842e+08 	
1.20715820e+06 	 3.866553e-01 	 1.002560e+08 	
1.20728128e+06 	 3.466007e-01 	 9.940194e+07 	
1.20740436e+06 	 3.119824e-01 	 9.861441e+07 	
1.20752743e+06 	 2.819212e-01 	 9.788660e+07 	
1.20767704e+06 	 2.504913e-01 	 9.707377e+07 	
1.20782664e+06 	 2.237044e-01 	 9.633104e+07 	
1.20797625e+06 	 2.007386e-01 	 9.565035e+07 	
1.20812585e+06 	 1.809380e-01 	 9.502473e+07 	
1.20827546e+06 	 1.637759e-01 	 9.444815e+07 	
1.20849589e+06 	 1.424185e-01 	 9.367706e+07 	
1.20871631e+06 	 1.248159e-01 	 9.298695e+07 	
1.20893674e+06 	 1.101721e-01 	 9.236615e+07 	
1.20915716e+06 	 9.788461e-02 	 9.180500e+07 	
1.20942152e+06 	 8.561450e-02 	 9.119950e+07 	
1.20968588e+06 	 7.547223e-02 	 9.065691e+07 	
1.20995023e+06 	 6.700801e-02 	 9.016797e+07 	
1.21021459e+06 	 5.988189e-02 	 8.972506e+07 	
1.21061745e+06 	 5.102570e-02 	 8.912474e+07 	
1.21102032e+06 	 4.401264e-02 	 8.859925e+07 	
1.21142319e+06 	 3.837517e-02 	 8.813495e+07 	
1.21188438e+06 	 3.318912e-02 	 8.766508e+07 	
1.21234557e+06 	 2.902389e-02 	 8.724933e+07 	
1.21280677e+06 	 2.563203e-02 	 8.687820e+07 	
1.21347982e+06 	 2.171377e-02 	 8.640165e+07 	
1.21415288e+06 	 1.869040e-02 	 8.598706e+07 	
1.21492631e+06 	 1.600004e-02 	 8.557076e+07 	
1.21569974e+06 	 1.391095e-02 	 8.520530e+07 	
1.21647317e+06 	 1.225714e-02 	 8.488033e+07 	
1.21769366e+06 	 1.027161e-02 	 8.443176e+07 	
1.21891416e+06 	 8.812589e-03 	 8.404349e+07 	
1.22034206e+06 	 7.548382e-03 	 8.364635e+07 	
1.22176996e+06 	 6.606544e-03 	 8.329571e+07 	
1.22319786e+06 	 5.885791e-03 	 8.298058e+07 	
1.22546641e+06 	 5.045184e-03 	 8.253456e+07 	
1.22678737e+06 	 4.675364e-03 	 8.229861e+07 	
1.22963057e+06 	 4.076186e-03 	 8.183455e+07 	
1.23193888e+06 	 3.725421e-03 	 8.149117e+07 	
1.23581632e+06 	 3.306615e-03 	 8.096184e+07 	
1.23801958e+06 	 3.132367e-03 	 8.068079e+07 	
1.24289918e+06 	 2.849436e-03 	 8.009435e+07 	
1.24678877e+06 	 2.690686e-03 	 7.965301e+07 	
1.25336652e+06 	 2.501053e-03 	 7.894262e+07 	
1.25840833e+06 	 2.396575e-03 	 7.842002e+07 	
1.26750837e+06 	 2.257182e-03 	 7.751019e+07 	
1.27389171e+06 	 2.181211e-03 	 7.689132e+07 	
1.28694076e+06 	 2.054278e-03 	 7.566394e+07 	
1.29633948e+06 	 1.975960e-03 	 7.480620e+07 	
1.29963398e+06 	 1.950144e-03 	 7.451022e+07 	
1.29996343e+06 	 1.947601e-03 	 7.448075e+07 	
1.29999638e+06 	 1.947347e-03 	 7.447780e+07 	
1.29999967e+06 	 1.947321e-03 	 7.447751e+07 	
1.30000000e+06 	 1.947319e-03 	 7.447748e+07 	
1.31666667e+06 	 1.826130e-03 	 7.301592e+07 	
1.34166667e+06 	 1.664658e-03 	 7.092352e+07 	
1.35833333e+06 	 1.567509e-03 	 6.959035e+07 	
1.37500000e+06 	 1.477619e-03 	 6.830349e+07 	
1.39166667e+06 	 1.394253e-03 	 6.706057e+07 	
1.40833333e+06 	 1.316772e-03 	 6.585937e+07 	
1.43333333e+06 	 1.210577e-03 	 6.413142e+07 	
1.45000000e+06 	 1.145828e-03 	 6.302598e+07 	
1.46666667e+06 	 1.085379e-03 	 6.195566e+07 	
1.49166667e+06 	 1.002211e-03 	 6.041269e+07 	
1.50833333e+06 	 9.512793e-04 	 5.942350e+07 	
1.52500000e+06 	 9.035817e-04 	 5.846420e+07 	
1.55000000e+06 	 8.376124e-04 	 5.707847e+07 	
1.56666667e+06 	 7.969969e-04 	 5.618834e+07 	
1.59166667e+06 	 7.407143e-04 	 5.490092e+07 	
1.60833333e+06 	 7.059774e-04 	 5.407292e+07 	
1.63333333e+06 	 6.577033e-04 	 5.287390e+07 	
1.65000000e+06 	 6.278533e-04 	 5.210187e+07 	
1.67500000e+06 	 5.862347e-04 	 5.098261e+07 	
1.69166667e+06 	 5.604108e-04 	 5.026110e+07 	
1.71666667e+06 	 5.243623e-04 	 4.921403e+07 	
1.73333333e+06 	 5.019525e-04 	 4.853838e+07 	
1.75833333e+06 	 4.706119e-04 	 4.755690e+07 	
1.78333333e+06 	 4.417144e-04 	 4.661188e+07 	
1.80000000e+06 	 4.236915e-04 	 4.600116e+07 	
1.82500000e+06 	 3.983940e-04 	 4.511267e+07 	
1.85000000e+06 	 3.749821e-04 	 4.425572e+07 	
1.86666667e+06 	 3.603367e-04 	 4.370114e+07 	
1.89166667e+06 	 3.397257e-04 	 4.289327e+07 	
1.91666667e+06 	 3.206036e-04 	 4.211290e+07 	
1.93333333e+06 	 3.085975e-04 	 4.160721e+07 	
1.95833333e+06 	 2.916696e-04 	 4.086969e+07 	
1.98333333e+06 	 2.758935e-04 	 4.015620e+07 	
2.00833333e+06 	 2.611990e-04 	 3.946567e+07 	
2.02500000e+06 	 2.519480e-04 	 3.901752e+07 	
2.05000000e+06 	 2.388512e-04 	 3.836288e+07 	
2.07500000e+06 	 2.266002e-04 	 3.772845e+07 	
2.10000000e+06 	 2.151479e-04 	 3.711337e+07 	
2.12500000e+06 	 2.044173e-04 	 3.651675e+07 	
2.15000000e+06 	 1.943651e-04 	 3.593783e+07 	
2.17500000e+06 	 1.849331e-04 	 3.537582e+07 	
2.20000000e+06 	 1.760766e-04 	 3.483001e+07 	
2.22500000e+06 	 1.677518e-04 	 3.429973e+07 	
2.25000000e+06 	 1.599252e-04 	 3.378434e+07 	
2.27500000e+06 	 1.525557e-04 	 3.328323e+07 	
2.30000000e+06 	 1.456141e-04 	 3.279583e+07 	
2.32500000e+06 	 1.390721e-04 	 3.232161e+07 	
2.35000000e+06 	 1.328980e-04 	 3.186003e+07 	
2.37500000e+06 	 1.270705e-04 	 3.141063e+07 	
2.40000000e+06 	 1.215631e-04 	 3.097292e+07 	
2.42500000e+06 	 1.163566e-04 	 3.054647e+07 	
2.45000000e+06 	 1.114317e-04 	 3.013087e+07 	
2.47500000e+06 	 1.067686e-04 	 2.972570e+07 	
2.50000000e+06 	 1.023511e-04 	 2.933060e+07 	
2.52500000e+06 	 9.816304e-05 	 2.894519e+07 	
2.55000000e+06 	 9.419094e-05 	 2.856913e+07 	
2.57500000e+06 	 9.042157e-05 	 2.820211e+07 	
2.60000000e+06 	 8.684171e-05 	 2.784380e+07 	
2.62500000e+06 	 8.344024e-05 	 2.749390e+07 	
2.65000000e+06 	 8.020619e-05 	 2.715212e+07 	
2.67500000e+06 	 7.713015e-05 	 2.681820e+07 	
2.70000000e+06 	 7.420254e-05 	 2.649186e+07 	
2.72500000e+06 	 7.141456e-05 	 2.617287e+07 	
2.75000000e+06 	 6.875816e-05 	 2.586098e+07 	
2.77500000e+06 	 6.622613e-05 	 2.555597e+07 	
2.80000000e+06 	 6.381110e-05 	 2.525760e+07 	
2.82500000e+06 	 6.150691e-05 	 2.496568e+07 	
2.85000000e+06 	 5.930742e-05 	 2.468000e+07 	
2.87500000e+06 	 5.720667e-05 	 2.440036e+07 	
2.90000000e+06 	 5.519946e-05 	 2.412659e+07 	
2.92500000e+06 	 5.328074e-05 	 2.385850e+07 	
2.95000000e+06 	 5.144571e-05 	 2.359593e+07 	
2.97500000e+06 	 4.968994e-05 	 2.333870e+07 	
3.00000000e+06 	 4.800945e-05 	 2.308666e+07 	
3.02500000e+06 	 4.640016e-05 	 2.283966e+07 	
3.05000000e+06 	 4.485859e-05 	 2.259755e+07 	
3.07500000e+06 	 4.338132e-05 	 2.236019e+07 	
3.10000000e+06 	 4.196496e-05 	 2.212745e+07 	
3.12500000e+06 	 4.060661e-05 	 2.189920e+07 	
3.15000000e+06 	 3.930329e-05 	 2.167530e+07 	
3.17500000e+06 	 3.805238e-05 	 2.145565e+07 	
3.20000000e+06 	 3.685126e-05 	 2.124012e+07 	
3.22500000e+06 	 3.569763e-05 	 2.102860e+07 	
3.25000000e+06 	 3.458913e-05 	 2.082098e+07 	
3.27500000e+06 	 3.352369e-05 	 2.061716e+07 	
3.30000000e+06 	 3.249922e-05 	 2.041703e+07 	
3.32500000e+06 	 3.151391e-05 	 2.022051e+07 	
3.35000000e+06 	 3.056587e-05 	 2.002749e+07 	
3.37500000e+06 	 2.965339e-05 	 1.983789e+07 	
3.40000000e+06 	 2.877490e-05 	 1.965161e+07 	
3.42500000e+06 	 2.792881e-05 	 1.946858e+07 	
3.45000000e+06 	 2.711373e-05 	 1.928871e+07 	
3.47500000e+06 	 2.632829e-05 	 1.911192e+07 	
3.50000000e+06 	 2.557114e-05 	 1.893813e+07 	
3.52500000e+06 	 2.484106e-05 	 1.876727e+07 	
3.55000000e+06 	 2.413689e-05 	 1.859928e+07 	
3.57500000e+06 	 2.345747e-05 	 1.843407e+07 	
3.60000000e+06 	 2.280181e-05 	 1.827158e+07 	
3.62500000e+06 	 2.216887e-05 	 1.811176e+07 	
3.65000000e+06 	 2.155770e-05 	 1.795452e+07 	
3.67500000e+06 	 2.096739e-05 	 1.779982e+07 	
3.70000000e+06 	 2.039707e-05 	 1.764759e+07 	
3.72500000e+06 	 1.984592e-05 	 1.749778e+07 	
3.75000000e+06 	 1.931318e-05 	 1.735033e+07 	
3.77500000e+06 	 1.879807e-05 	 1.720518e+07 	
3.80000000e+06 	 1.829991e-05 	 1.706229e+07 	
3.82500000e+06 	 1.781799e-05 	 1.692160e+07 	
3.85000000e+06 	 1.735170e-05 	 1.678307e+07 	
3.87500000e+06 	 1.690042e-05 	 1.664664e+07 	
3.90000000e+06 	 1.646355e-05 	 1.651227e+07 	
3.92500000e+06 	 1.604052e-05 	 1.637992e+07 	
3.95000000e+06 	 1.563082e-05 	 1.624953e+07 	
3.97500000e+06 	 1.523392e-05 	 1.612108e+07 	
4.00000000e+06 	 1.484935e-05 	 1.599451e+07 	
4.02500000e+06 	 1.447665e-05 	 1.586978e+07 	
4.05000000e+06 	 1.411535e-05 	 1.574687e+07 	
4.07500000e+06 	 1.376503e-05 	 1.562572e+07 	
4.10000000e+06 	 1.342530e-05 	 1.550630e+07 	
4.12500000e+06 	 1.309576e-05 	 1.538859e+07 	
4.15000000e+06 	 1.277604e-05 	 1.527253e+07 	
4.17500000e+06 	 1.246578e-05 	 1.515810e+07 	
4.20000000e+06 	 1.216463e-05 	 1.504526e+07 	
4.22500000e+06 	 1.187229e-05 	 1.493398e+07 	
4.25000000e+06 	 1.158842e-05 	 1.482424e+07 	
4.27500000e+06 	 1.131274e-05 	 1.471600e+07 	
4.30000000e+06 	 1.104494e-05 	 1.460922e+07 	
4.32500000e+06 	 1.078476e-05 	 1.450389e+07 	
4.35000000e+06 	 1.053194e-05 	 1.439997e+07 	
4.37500000e+06 	 1.028622e-05 	 1.429743e+07 	
4.40000000e+06 	 1.004735e-05 	 1.419625e+07 	
4.42500000e+06 	 9.815095e-06 	 1.409641e+07 	
4.45000000e+06 	 9.589242e-06 	 1.399787e+07 	
4.47500000e+06 	 9.369574e-06 	 1.390061e+07 	
4.50000000e+06 	 9.155879e-06 	 1.380462e+07 	
4.52500000e+06 	 8.947957e-06 	 1.370985e+07 	
4.55000000e+06 	 8.745622e-06 	 1.361630e+07 	
4.57500000e+06 	 8.548685e-06 	 1.352394e+07 	
4.60000000e+06 	 8.356973e-06 	 1.343274e+07 	
4.62500000e+06 	 8.170318e-06 	 1.334269e+07 	
4.65000000e+06 	 7.988553e-06 	 1.325376e+07 	
4.67500000e+06 	 7.811520e-06 	 1.316594e+07 	
4.70000000e+06 	 7.639072e-06 	 1.307920e+07 	
4.72500000e+06 	 7.471059e-06 	 1.299353e+07 	
4.75000000e+06 	 7.307344e-06 	 1.290890e+07 	
4.77500000e+06 	 7.147791e-06 	 1.282530e+07 	
4.80000000e+06 	 6.992269e-06 	 1.274271e+07 	
4.82500000e+06 	 6.840655e-06 	 1.266111e+07 	
4.85000000e+06 	 6.692824e-06 	 1.258049e+07 	
4.87500000e+06 	 6.548664e-06 	 1.250082e+07 	
4.90000000e+06 	 6.408062e-06 	 1.242209e+07 	
4.92500000e+06 	 6.270909e-06 	 1.234429e+07 	
4.95000000e+06 	 6.137101e-06 	 1.226740e+07 	
5.00000000e+06 	 5.879119e-06 	 1.211628e+07 	
5.00050050e+06 	 5.876600e-06 	 1.211479e+07 	
5.00100100e+06 	 5.874081e-06 	 1.211329e+07 	
5.00150150e+06 	 5.871564e-06 	 1.211180e+07 	
5.00200200e+06 	 5.869049e-06 	 1.211030e+07 	
5.00250250e+06 	 5.866534e-06 	 1.210881e+07 	
5.00300300e+06 	 5.864021e-06 	 1.210732e+07 	
5.00350350e+06 	 5.861509e-06 	 1.210582e+07 	
5.00400400e+06 	 5.858998e-06 	 1.210433e+07 	
5.00450450e+06 	 5.856488e-06 	 1.210284e+07 	
5.00500501e+06 	 5.853980e-06 	 1.210135e+07 	
5.00550551e+06 	 5.851473e-06 	 1.209986e+07 	
5.00600601e+06 	 5.848967e-06 	 1.209837e+07 	
5.00650651e+06 	 5.846462e-06 	 1.209687e+07 	
5.00700701e+06 	 5.843958e-06 	 1.209538e+07 	
5.00750751e+06 	 5.841456e-06 	 1.209389e+07 	
5.00800801e+06 	 5.838955e-06 	 1.209240e+07 	
5.00850851e+06 	 5.836455e-06 	 1.209091e+07 	
5.00900901e+06 	 5.833956e-06 	 1.208943e+07 	
5.00950951e+06 	 5.831459e-06 	 1.208794e+07 	
5.01001001e+06 	 5.828963e-06 	 1.208645e+07 	
5.01051051e+06 	 5.826468e-06 	 1.208496e+07 	
5.01101101e+06 	 5.823974e-06 	 1.208347e+07 	
5.01151151e+06 	 5.821481e-06 	 1.208198e+07 	
5.01201201e+06 	 5.818990e-06 	 1.208050e+07 	
5.01251251e+06 	 5.816499e-06 	 1.207901e+07 	
5.01301301e+06 	 5.814010e-06 	 1.207752e+07 	
5.01351351e+06 	 5.811522e-06 	 1.207604e+07 	
5.01401401e+06 	 5.809036e-06 	 1.207455e+07 	
5.01451451e+06 	 5.806550e-06 	 1.207307e+07 	
5.01501502e+06 	 5.804066e-06 	 1.207158e+07 	
5.01551552e+06 	 5.801583e-06 	 1.207010e+07 	
5.01601602e+06 	 5.799101e-06 	 1.206861e+07 	
5.01651652e+06 	 5.796621e-06 	 1.206713e+07 	
5.01701702e+06 	 5.794141e-06 	 1.206565e+07 	
5.01751752e+06 	 5.791663e-06 	 1.206416e+07 	
5.01801802e+06 	 5.789186e-06 	 1.206268e+07 	
5.01851852e+06 	 5.786710e-06 	 1.206120e+07 	
5.01901902e+06 	 5.784235e-06 	 1.205971e+07 	
5.01951952e+06 	 5.781762e-06 	 1.205823e+07 	
5.02002002e+06 	 5.779290e-06 	 1.205675e+07 	
5.02052052e+06 	 5.776819e-06 	 1.205527e+07 	
5.02102102e+06 	 5.774349e-06 	 1.205379e+07 	
5.02152152e+06 	 5.771880e-06 	 1.205231e+07 	
5.02202202e+06 	 5.769413e-06 	 1.205083e+07 	
5.02252252e+06 	 5.766946e-06 	 1.204935e+07 	
5.02302302e+06 	 5.764481e-06 	 1.204787e+07 	
5.02352352e+06 	 5.762017e-06 	 1.204639e+07 	
5.02402402e+06 	 5.759555e-06 	 1.204491e+07 	
5.02452452e+06 	 5.757093e-06 	 1.204343e+07 	
5.02502503e+06 	 5.754633e-06 	 1.204195e+07 	
5.02552553e+06 	 5.752174e-06 	 1.204048e+07 	
5.02602603e+06 	 5.749716e-06 	 1.203900e+07 	
5.02652653e+06 	 5.747259e-06 	 1.203752e+07 	
5.02702703e+06 	 5.744803e-06 	 1.203604e+07 	
5.02752753e+06 	 5.742349e-06 	 1.203457e+07 	
5.02802803e+06 	 5.739896e-06 	 1.203309e+07 	
5.02852853e+06 	 5.737444e-06 	 1.203162e+07 	
5.02902903e+06 	 5.734993e-06 	 1.203014e+07 	
5.02952953e+06 	 5.732543e-06 	 1.202867e+07 	
5.03003003e+06 	 5.730095e-06 	 1.202719e+07 	
5.03053053e+06 	 5.727648e-06 	 1.202572e+07 	
5.03103103e+06 	 5.725201e-06 	 1.202424e+07 	
5.03153153e+06 	 5.722756e-06 	 1.202277e+07 	
5.03203203e+06 	 5.720313e-06 	 1.202129e+07 	
5.03253253e+06 	 5.717870e-06 	 1.201982e+07 	
5.03303303e+06 	 5.715429e-06 	 1.201835e+07 	
5.03353353e+06 	 5.712988e-06 	 1.201688e+07 	
5.03403403e+06 	 5.710549e-06 	 1.201540e+07 	
5.03453453e+06 	 5.708112e-06 	 1.201393e+07 	
5.03503504e+06 	 5.705675e-06 	 1.201246e+07 	
5.03553554e+06 	 5.703239e-06 	 1.201099e+07 	
5.03603604e+06 	 5.700805e-06 	 1.200952e+07 	
5.03653654e+06 	 5.698372e-06 	 1.200805e+07 	
5.03703704e+06 	 5.695940e-06 	 1.200658e+07 	
5.03753754e+06 	 5.693509e-06 	 1.200511e+07 	
5.03803804e+06 	 5.691079e-06 	 1.200364e+07 	
5.03853854e+06 	 5.688651e-06 	 1.200217e+07 	
5.03903904e+06 	 5.686223e-06 	 1.200070e+07 	
5.03953954e+06 	 5.683797e-06 	 1.199923e+07 	
5.04004004e+06 	 5.681372e-06 	 1.199777e+07 	
5.04054054e+06 	 5.678948e-06 	 1.199630e+07 	
5.04104104e+06 	 5.676526e-06 	 1.199483e+07 	
5.04154154e+06 	 5.674104e-06 	 1.199336e+07 	
5.04204204e+06 	 5.671684e-06 	 1.199190e+07 	
5.04254254e+06 	 5.669265e-06 	 1.199043e+07 	
5.04304304e+06 	 5.666847e-06 	 1.198896e+07 	
5.04354354e+06 	 5.664430e-06 	 1.198750e+07 	
5.04404404e+06 	 5.662014e-06 	 1.198603e+07 	
5.04454454e+06 	 5.659599e-06 	 1.198457e+07 	
5.04504505e+06 	 5.657186e-06 	 1.198310e+07 	
5.04554555e+06 	 5.654774e-06 	 1.198164e+07 	
5.04604605e+06 	 5.652363e-06 	 1.198018e+07 	
5.04654655e+06 	 5.649953e-06 	 1.197871e+07 	
5.04704705e+06 	 5.647544e-06 	 1.197725e+07 	
5.04754755e+06 	 5.645137e-06 	 1.197579e+07 	
5.04804805e+06 	 5.642730e-06 	 1.197432e+07 	
5.04854855e+06 	 5.640325e-06 	 1.197286e+07 	
5.04904905e+06 	 5.637921e-06 	 1.197140e+07 	
5.04954955e+06 	 5.635518e-06 	 1.196994e+07 	
5.05005005e+06 	 5.633116e-06 	 1.196848e+07 	
5.05055055e+06 	 5.630715e-06 	 1.196702e+07 	
5.05105105e+06 	 5.628316e-06 	 1.196555e+07 	
5.05155155e+06 	 5.625917e-06 	 1.196409e+07 	
5.05205205e+06 	 5.623520e-06 	 1.196263e+07 	
5.05255255e+06 	 5.621124e-06 	 1.196117e+07 	
5.05305305e+06 	 5.618729e-06 	 1.195972e+07 	
5.05355355e+06 	 5.616335e-06 	 1.195826e+07 	
5.05405405e+06 	 5.613943e-06 	 1.195680e+07 	
5.05455455e+06 	 5.611551e-06 	 1.195534e+07 	
5.05505506e+06 	 5.609161e-06 	 1.195388e+07 	
5.05555556e+06 	 5.606772e-06 	 1.195242e+07 	
5.05605606e+06 	 5.604384e-06 	 1.195097e+07 	
5.05655656e+06 	 5.601997e-06 	 1.194951e+07 	
5.05705706e+06 	 5.599611e-06 	 1.194805e+07 	
5.05755756e+06 	 5.597227e-06 	 1.194660e+07 	
5.05805806e+06 	 5.594843e-06 	 1.194514e+07 	
5.05855856e+06 	 5.592461e-06 	 1.194369e+07 	
5.05905906e+06 	 5.590080e-06 	 1.194223e+07 	
5.05955956e+06 	 5.587700e-06 	 1.194077e+07 	
5.06006006e+06 	 5.585321e-06 	 1.193932e+07 	
5.06056056e+06 	 5.582943e-06 	 1.193787e+07 	
5.06106106e+06 	 5.580567e-06 	 1.193641e+07 	
5.06156156e+06 	 5.578191e-06 	 1.193496e+07 	
5.06206206e+06 	 5.575817e-06 	 1.193351e+07 	
5.06256256e+06 	 5.573444e-06 	 1.193205e+07 	
5.06306306e+06 	 5.571072e-06 	 1.193060e+07 	
5.06356356e+06 	 5.568701e-06 	 1.192915e+07 	
5.06406406e+06 	 5.566331e-06 	 1.192770e+07 	
5.06456456e+06 	 5.563962e-06 	 1.192624e+07 	
5.06506507e+06 	 5.561595e-06 	 1.192479e+07 	
5.06556557e+06 	 5.559228e-06 	 1.192334e+07 	
5.06606607e+06 	 5.556863e-06 	 1.192189e+07 	
5.06656657e+06 	 5.554499e-06 	 1.192044e+07 	
5.06706707e+06 	 5.552136e-06 	 1.191899e+07 	
5.06756757e+06 	 5.549774e-06 	 1.191754e+07 	
5.06806807e+06 	 5.547413e-06 	 1.191609e+07 	
5.06856857e+06 	 5.545054e-06 	 1.191464e+07 	
5.06906907e+06 	 5.542695e-06 	 1.191319e+07 	
5.06956957e+06 	 5.540338e-06 	 1.191175e+07 	
5.07007007e+06 	 5.537982e-06 	 1.191030e+07 	
5.07057057e+06 	 5.535626e-06 	 1.190885e+07 	
5.07107107e+06 	 5.533272e-06 	 1.190740e+07 	
5.07157157e+06 	 5.530920e-06 	 1.190596e+07 	
5.07207207e+06 	 5.528568e-06 	 1.190451e+07 	
5.07257257e+06 	 5.526217e-06 	 1.190306e+07 	
5.07307307e+06 	 5.523868e-06 	 1.190162e+07 	
5.07357357e+06 	 5.521519e-06 	 1.190017e+07 	
5.07407407e+06 	 5.519172e-06 	 1.189873e+07 	
5.07457457e+06 	 5.516826e-06 	 1.189728e+07 	
5.07507508e+06 	 5.514481e-06 	 1.189584e+07 	
5.07557558e+06 	 5.512137e-06 	 1.189439e+07 	
5.07607608e+06 	 5.509794e-06 	 1.189295e+07 	
5.07657658e+06 	 5.507452e-06 	 1.189150e+07 	
5.07707708e+06 	 5.505112e-06 	 1.189006e+07 	
5.07757758e+06 	 5.502772e-06 	 1.188862e+07 	
5.07807808e+06 	 5.500434e-06 	 1.188717e+07 	
5.07857858e+06 	 5.498097e-06 	 1.188573e+07 	
5.07907908e+06 	 5.495761e-06 	 1.188429e+07 	
5.07957958e+06 	 5.493426e-06 	 1.188285e+07 	
5.08008008e+06 	 5.491092e-06 	 1.188141e+07 	
5.08058058e+06 	 5.488759e-06 	 1.187997e+07 	
5.08108108e+06 	 5.486427e-06 	 1.187853e+07 	
5.08158158e+06 	 5.484097e-06 	 1.187708e+07 	
5.08208208e+06 	 5.481767e-06 	 1.187564e+07 	
5.08258258e+06 	 5.479439e-06 	 1.187420e+07 	
5.08308308e+06 	 5.477112e-06 	 1.187277e+07 	
5.08358358e+06 	 5.474786e-06 	 1.187133e+07 	
5.08408408e+06 	 5.472461e-06 	 1.186989e+07 	
5.08458458e+06 	 5.470137e-06 	 1.186845e+07 	
5.08508509e+06 	 5.467814e-06 	 1.186701e+07 	
5.08558559e+06 	 5.465492e-06 	 1.186557e+07 	
5.08608609e+06 	 5.463172e-06 	 1.186414e+07 	
5.08658659e+06 	 5.460852e-06 	 1.186270e+07 	
5.08708709e+06 	 5.458534e-06 	 1.186126e+07 	
5.08758759e+06 	 5.456216e-06 	 1.185983e+07 	
5.08808809e+06 	 5.453900e-06 	 1.185839e+07 	
5.08858859e+06 	 5.451585e-06 	 1.185695e+07 	
5.08908909e+06 	 5.449271e-06 	 1.185552e+07 	
5.08958959e+06 	 5.446958e-06 	 1.185408e+07 	
5.09009009e+06 	 5.444647e-06 	 1.185265e+07 	
5.09059059e+06 	 5.442336e-06 	 1.185121e+07 	
5.09109109e+06 	 5.440026e-06 	 1.184978e+07 	
5.09159159e+06 	 5.437718e-06 	 1.184835e+07 	
5.09209209e+06 	 5.435411e-06 	 1.184691e+07 	
5.09259259e+06 	 5.433104e-06 	 1.184548e+07 	
5.09309309e+06 	 5.430799e-06 	 1.184405e+07 	
5.09359359e+06 	 5.428495e-06 	 1.184261e+07 	
5.09409409e+06 	 5.426192e-06 	 1.184118e+07 	
5.09459459e+06 	 5.423890e-06 	 1.183975e+07 	
5.09509510e+06 	 5.421589e-06 	 1.183832e+07 	
5.09559560e+06 	 5.419290e-06 	 1.183689e+07 	
5.09609610e+06 	 5.416991e-06 	 1.183545e+07 	
5.09659660e+06 	 5.414693e-06 	 1.183402e+07 	
5.09709710e+06 	 5.412397e-06 	 1.183259e+07 	
5.09759760e+06 	 5.410102e-06 	 1.183116e+07 	
5.09809810e+06 	 5.407807e-06 	 1.182973e+07 	
5.09859860e+06 	 5.405514e-06 	 1.182830e+07 	
5.09909910e+06 	 5.403222e-06 	 1.182688e+07 	
5.09959960e+06 	 5.400931e-06 	 1.182545e+07 	
5.10010010e+06 	 5.398641e-06 	 1.182402e+07 	
5.10060060e+06 	 5.396352e-06 	 1.182259e+07 	
5.10110110e+06 	 5.394065e-06 	 1.182116e+07 	
5.10160160e+06 	 5.391778e-06 	 1.181974e+07 	
5.10210210e+06 	 5.389492e-06 	 1.181831e+07 	
5.10260260e+06 	 5.387208e-06 	 1.181688e+07 	
5.10310310e+06 	 5.384925e-06 	 1.181546e+07 	
5.10360360e+06 	 5.382642e-06 	 1.181403e+07 	
5.10410410e+06 	 5.380361e-06 	 1.181260e+07 	
5.10460460e+06 	 5.378081e-06 	 1.181118e+07 	
5.10510511e+06 	 5.375802e-06 	 1.180975e+07 	
5.10560561e+06 	 5.373524e-06 	 1.180833e+07 	
5.10610611e+06 	 5.371247e-06 	 1.180690e+07 	
5.10660661e+06 	 5.368971e-06 	 1.180548e+07 	
5.10710711e+06 	 5.366696e-06 	 1.180406e+07 	
5.10760761e+06 	 5.364423e-06 	 1.180263e+07 	
5.10810811e+06 	 5.362150e-06 	 1.180121e+07 	
5.10860861e+06 	 5.359878e-06 	 1.179979e+07 	
5.10910911e+06 	 5.357608e-06 	 1.179836e+07 	
5.10960961e+06 	 5.355339e-06 	 1.179694e+07 	
5.11011011e+06 	 5.353070e-06 	 1.179552e+07 	
5.11061061e+06 	 5.350803e-06 	 1.179410e+07 	
5.11111111e+06 	 5.348537e-06 	 1.179268e+07 	
5.11161161e+06 	 5.346272e-06 	 1.179126e+07 	
5.11211211e+06 	 5.344008e-06 	 1.178984e+07 	
5.11261261e+06 	 5.341745e-06 	 1.178842e+07 	
5.11311311e+06 	 5.339483e-06 	 1.178700e+07 	
5.11361361e+06 	 5.337222e-06 	 1.178558e+07 	
5.11411411e+06 	 5.334963e-06 	 1.178416e+07 	
5.11461461e+06 	 5.332704e-06 	 1.178274e+07 	
5.11511512e+06 	 5.330446e-06 	 1.178132e+07 	
5.11561562e+06 	 5.328190e-06 	 1.177990e+07 	
5.11611612e+06 	 5.325934e-06 	 1.177848e+07 	
5.11661662e+06 	 5.323680e-06 	 1.177706e+07 	
5.11711712e+06 	 5.321427e-06 	 1.177565e+07 	
5.11761762e+06 	 5.319174e-06 	 1.177423e+07 	
5.11811812e+06 	 5.316923e-06 	 1.177281e+07 	
5.11861862e+06 	 5.314673e-06 	 1.177140e+07 	
5.11911912e+06 	 5.312424e-06 	 1.176998e+07 	
5.11961962e+06 	 5.310176e-06 	 1.176856e+07 	
5.12012012e+06 	 5.307929e-06 	 1.176715e+07 	
5.12062062e+06 	 5.305683e-06 	 1.176573e+07 	
5.12112112e+06 	 5.303438e-06 	 1.176432e+07 	
5.12162162e+06 	 5.301195e-06 	 1.176290e+07 	
5.12212212e+06 	 5.298952e-06 	 1.176149e+07 	
5.12262262e+06 	 5.296710e-06 	 1.176008e+07 	
5.12312312e+06 	 5.294470e-06 	 1.175866e+07 	
5.12362362e+06 	 5.292230e-06 	 1.175725e+07 	
5.12412412e+06 	 5.289992e-06 	 1.175584e+07 	
5.12462462e+06 	 5.287754e-06 	 1.175442e+07 	
5.12512513e+06 	 5.285518e-06 	 1.175301e+07 	
5.12562563e+06 	 5.283283e-06 	 1.175160e+07 	
5.12612613e+06 	 5.281048e-06 	 1.175019e+07 	
5.12662663e+06 	 5.278815e-06 	 1.174878e+07 	
5.12712713e+06 	 5.276583e-06 	 1.174737e+07 	
5.12762763e+06 	 5.274352e-06 	 1.174596e+07 	
5.12812813e+06 	 5.272122e-06 	 1.174455e+07 	
5.12862863e+06 	 5.269893e-06 	 1.174313e+07 	
5.12912913e+06 	 5.267665e-06 	 1.174173e+07 	
5.12962963e+06 	 5.265438e-06 	 1.174032e+07 	
5.13013013e+06 	 5.263212e-06 	 1.173891e+07 	
5.13063063e+06 	 5.260987e-06 	 1.173750e+07 	
5.13113113e+06 	 5.258764e-06 	 1.173609e+07 	
5.13163163e+06 	 5.256541e-06 	 1.173468e+07 	
5.13213213e+06 	 5.254319e-06 	 1.173327e+07 	
5.13263263e+06 	 5.252099e-06 	 1.173187e+07 	
5.13313313e+06 	 5.249879e-06 	 1.173046e+07 	
5.13363363e+06 	 5.247661e-06 	 1.172905e+07 	
5.13413413e+06 	 5.245443e-06 	 1.172765e+07 	
5.13463463e+06 	 5.243227e-06 	 1.172624e+07 	
5.13513514e+06 	 5.241011e-06 	 1.172483e+07 	
5.13563564e+06 	 5.238797e-06 	 1.172343e+07 	
5.13613614e+06 	 5.236584e-06 	 1.172202e+07 	
5.13663664e+06 	 5.234372e-06 	 1.172062e+07 	
5.13713714e+06 	 5.232160e-06 	 1.171921e+07 	
5.13763764e+06 	 5.229950e-06 	 1.171781e+07 	
5.13813814e+06 	 5.227741e-06 	 1.171640e+07 	
5.13863864e+06 	 5.225533e-06 	 1.171500e+07 	
5.13913914e+06 	 5.223326e-06 	 1.171360e+07 	
5.13963964e+06 	 5.221120e-06 	 1.171219e+07 	
5.14014014e+06 	 5.218915e-06 	 1.171079e+07 	
5.14064064e+06 	 5.216711e-06 	 1.170939e+07 	
5.14114114e+06 	 5.214508e-06 	 1.170799e+07 	
5.14164164e+06 	 5.212306e-06 	 1.170658e+07 	
5.14214214e+06 	 5.210105e-06 	 1.170518e+07 	
5.14264264e+06 	 5.207905e-06 	 1.170378e+07 	
5.14314314e+06 	 5.205707e-06 	 1.170238e+07 	
5.14364364e+06 	 5.203509e-06 	 1.170098e+07 	
5.14414414e+06 	 5.201312e-06 	 1.169958e+07 	
5.14464464e+06 	 5.199117e-06 	 1.169818e+07 	
5.14514515e+06 	 5.196922e-06 	 1.169678e+07 	
5.14564565e+06 	 5.194728e-06 	 1.169538e+07 	
5.14614615e+06 	 5.192536e-06 	 1.169398e+07 	
5.14664665e+06 	 5.190344e-06 	 1.169258e+07 	
5.14714715e+06 	 5.188154e-06 	 1.169119e+07 	
5.14764765e+06 	 5.185964e-06 	 1.168979e+07 	
5.14814815e+06 	 5.183776e-06 	 1.168839e+07 	
5.14864865e+06 	 5.181588e-06 	 1.168699e+07 	
5.14914915e+06 	 5.179402e-06 	 1.168560e+07 	
5.14964965e+06 	 5.177216e-06 	 1.168420e+07 	
5.15015015e+06 	 5.175032e-06 	 1.168280e+07 	
5.15065065e+06 	 5.172849e-06 	 1.168141e+07 	
5.15115115e+06 	 5.170666e-06 	 1.168001e+07 	
5.15165165e+06 	 5.168485e-06 	 1.167861e+07 	
5.15215215e+06 	 5.166305e-06 	 1.167722e+07 	
5.15265265e+06 	 5.164125e-06 	 1.167582e+07 	
5.15315315e+06 	 5.161947e-06 	 1.167443e+07 	
5.15365365e+06 	 5.159770e-06 	 1.167304e+07 	
5.15415415e+06 	 5.157594e-06 	 1.167164e+07 	
5.15465465e+06 	 5.155418e-06 	 1.167025e+07 	
5.15515516e+06 	 5.153244e-06 	 1.166885e+07 	
5.15565566e+06 	 5.151071e-06 	 1.166746e+07 	
5.15615616e+06 	 5.148899e-06 	 1.166607e+07 	
5.15665666e+06 	 5.146728e-06 	 1.166468e+07 	
5.15715716e+06 	 5.144558e-06 	 1.166328e+07 	
5.15765766e+06 	 5.142389e-06 	 1.166189e+07 	
5.15815816e+06 	 5.140221e-06 	 1.166050e+07 	
5.15865866e+06 	 5.138054e-06 	 1.165911e+07 	
5.15915916e+06 	 5.135888e-06 	 1.165772e+07 	
5.15965966e+06 	 5.133723e-06 	 1.165633e+07 	
5.16016016e+06 	 5.131559e-06 	 1.165494e+07 	
5.16066066e+06 	 5.129396e-06 	 1.165355e+07 	
5.16116116e+06 	 5.127234e-06 	 1.165216e+07 	
5.16166166e+06 	 5.125073e-06 	 1.165077e+07 	
5.16216216e+06 	 5.122913e-06 	 1.164938e+07 	
5.16266266e+06 	 5.120754e-06 	 1.164799e+07 	
5.16316316e+06 	 5.118596e-06 	 1.164660e+07 	
5.16366366e+06 	 5.116439e-06 	 1.164522e+07 	
5.16416416e+06 	 5.114283e-06 	 1.164383e+07 	
5.16466466e+06 	 5.112128e-06 	 1.164244e+07 	
5.16516517e+06 	 5.109974e-06 	 1.164105e+07 	
5.16566567e+06 	 5.107821e-06 	 1.163967e+07 	
5.16616617e+06 	 5.105669e-06 	 1.163828e+07 	
5.16666667e+06 	 5.103518e-06 	 1.163689e+07 	
5.16716717e+06 	 5.101368e-06 	 1.163551e+07 	
5.16766767e+06 	 5.099219e-06 	 1.163412e+07 	
5.16816817e+06 	 5.097071e-06 	 1.163274e+07 	
5.16866867e+06 	 5.094925e-06 	 1.163135e+07 	
5.16916917e+06 	 5.092779e-06 	 1.162997e+07 	
5.16966967e+06 	 5.090634e-06 	 1.162858e+07 	
5.17017017e+06 	 5.088490e-06 	 1.162720e+07 	
5.17067067e+06 	 5.086347e-06 	 1.162582e+07 	
5.17117117e+06 	 5.084205e-06 	 1.162443e+07 	
5.17167167e+06 	 5.082064e-06 	 1.162305e+07 	
5.17217217e+06 	 5.079924e-06 	 1.162167e+07 	
5.17267267e+06 	 5.077785e-06 	 1.162028e+07 	
5.17317317e+06 	 5.075647e-06 	 1.161890e+07 	
5.17367367e+06 	 5.073511e-06 	 1.161752e+07 	
5.17417417e+06 	 5.071375e-06 	 1.161614e+07 	
5.17467467e+06 	 5.069240e-06 	 1.161476e+07 	
5.17517518e+06 	 5.067106e-06 	 1.161338e+07 	
5.17567568e+06 	 5.064973e-06 	 1.161200e+07 	
5.17617618e+06 	 5.062841e-06 	 1.161061e+07 	
5.17667668e+06 	 5.060710e-06 	 1.160923e+07 	
5.17717718e+06 	 5.058580e-06 	 1.160786e+07 	
5.17767768e+06 	 5.056451e-06 	 1.160648e+07 	
5.17817818e+06 	 5.054323e-06 	 1.160510e+07 	
5.17867868e+06 	 5.052196e-06 	 1.160372e+07 	
5.17917918e+06 	 5.050070e-06 	 1.160234e+07 	
5.17967968e+06 	 5.047945e-06 	 1.160096e+07 	
5.18018018e+06 	 5.045821e-06 	 1.159958e+07 	
5.18068068e+06 	 5.043698e-06 	 1.159821e+07 	
5.18118118e+06 	 5.041576e-06 	 1.159683e+07 	
5.18168168e+06 	 5.039455e-06 	 1.159545e+07 	
5.18218218e+06 	 5.037335e-06 	 1.159408e+07 	
5.18268268e+06 	 5.035216e-06 	 1.159270e+07 	
5.18318318e+06 	 5.033098e-06 	 1.159132e+07 	
5.18368368e+06 	 5.030981e-06 	 1.158995e+07 	
5.18418418e+06 	 5.028864e-06 	 1.158857e+07 	
5.18468468e+06 	 5.026749e-06 	 1.158720e+07 	
5.18518519e+06 	 5.024635e-06 	 1.158582e+07 	
5.18568569e+06 	 5.022522e-06 	 1.158445e+07 	
5.18618619e+06 	 5.020410e-06 	 1.158307e+07 	
5.18668669e+06 	 5.018299e-06 	 1.158170e+07 	
5.18718719e+06 	 5.016188e-06 	 1.158033e+07 	
5.18768769e+06 	 5.014079e-06 	 1.157895e+07 	
5.18818819e+06 	 5.011971e-06 	 1.157758e+07 	
5.18868869e+06 	 5.009864e-06 	 1.157621e+07 	
5.18918919e+06 	 5.007757e-06 	 1.157483e+07 	
5.18968969e+06 	 5.005652e-06 	 1.157346e+07 	
5.19019019e+06 	 5.003548e-06 	 1.157209e+07 	
5.19069069e+06 	 5.001444e-06 	 1.157072e+07 	
5.19119119e+06 	 4.999342e-06 	 1.156935e+07 	
5.19169169e+06 	 4.997240e-06 	 1.156798e+07 	
5.19219219e+06 	 4.995140e-06 	 1.156661e+07 	
5.19269269e+06 	 4.993040e-06 	 1.156524e+07 	
5.19319319e+06 	 4.990942e-06 	 1.156387e+07 	
5.19369369e+06 	 4.988844e-06 	 1.156250e+07 	
5.19419419e+06 	 4.986748e-06 	 1.156113e+07 	
5.19469469e+06 	 4.984652e-06 	 1.155976e+07 	
5.19519520e+06 	 4.982558e-06 	 1.155839e+07 	
5.19569570e+06 	 4.980464e-06 	 1.155702e+07 	
5.19619620e+06 	 4.978371e-06 	 1.155565e+07 	
5.19669670e+06 	 4.976280e-06 	 1.155429e+07 	
5.19719720e+06 	 4.974189e-06 	 1.155292e+07 	
5.19769770e+06 	 4.972099e-06 	 1.155155e+07 	
5.19819820e+06 	 4.970011e-06 	 1.155019e+07 	
5.19869870e+06 	 4.967923e-06 	 1.154882e+07 	
5.19919920e+06 	 4.965836e-06 	 1.154745e+07 	
5.19969970e+06 	 4.963750e-06 	 1.154609e+07 	
5.20020020e+06 	 4.961665e-06 	 1.154472e+07 	
5.20070070e+06 	 4.959581e-06 	 1.154336e+07 	
5.20120120e+06 	 4.957498e-06 	 1.154199e+07 	
5.20170170e+06 	 4.955416e-06 	 1.154063e+07 	
5.20220220e+06 	 4.953335e-06 	 1.153926e+07 	
5.20270270e+06 	 4.951255e-06 	 1.153790e+07 	
5.20320320e+06 	 4.949176e-06 	 1.153653e+07 	
5.20370370e+06 	 4.947098e-06 	 1.153517e+07 	
5.20420420e+06 	 4.945021e-06 	 1.153381e+07 	
5.20470470e+06 	 4.942944e-06 	 1.153244e+07 	
5.20520521e+06 	 4.940869e-06 	 1.153108e+07 	
5.20570571e+06 	 4.938795e-06 	 1.152972e+07 	
5.20620621e+06 	 4.936722e-06 	 1.152836e+07 	
5.20670671e+06 	 4.934649e-06 	 1.152700e+07 	
5.20720721e+06 	 4.932578e-06 	 1.152563e+07 	
5.20770771e+06 	 4.930507e-06 	 1.152427e+07 	
5.20820821e+06 	 4.928438e-06 	 1.152291e+07 	
5.20870871e+06 	 4.926369e-06 	 1.152155e+07 	
5.20920921e+06 	 4.924302e-06 	 1.152019e+07 	
5.20970971e+06 	 4.922235e-06 	 1.151883e+07 	
5.21021021e+06 	 4.920169e-06 	 1.151747e+07 	
5.21071071e+06 	 4.918105e-06 	 1.151611e+07 	
5.21121121e+06 	 4.916041e-06 	 1.151475e+07 	
5.21171171e+06 	 4.913978e-06 	 1.151339e+07 	
5.21221221e+06 	 4.911916e-06 	 1.151204e+07 	
5.21271271e+06 	 4.909855e-06 	 1.151068e+07 	
5.21321321e+06 	 4.907795e-06 	 1.150932e+07 	
5.21371371e+06 	 4.905736e-06 	 1.150796e+07 	
5.21421421e+06 	 4.903678e-06 	 1.150661e+07 	
5.21471471e+06 	 4.901621e-06 	 1.150525e+07 	
5.21521522e+06 	 4.899565e-06 	 1.150389e+07 	
5.21571572e+06 	 4.897510e-06 	 1.150254e+07 	
5.21621622e+06 	 4.895456e-06 	 1.150118e+07 	
5.21671672e+06 	 4.893402e-06 	 1.149982e+07 	
5.21721722e+06 	 4.891350e-06 	 1.149847e+07 	
5.21771772e+06 	 4.889298e-06 	 1.149711e+07 	
5.21821822e+06 	 4.887248e-06 	 1.149576e+07 	
5.21871872e+06 	 4.885199e-06 	 1.149441e+07 	
5.21921922e+06 	 4.883150e-06 	 1.149305e+07 	
5.21971972e+06 	 4.881102e-06 	 1.149170e+07 	
5.22022022e+06 	 4.879056e-06 	 1.149034e+07 	
5.22072072e+06 	 4.877010e-06 	 1.148899e+07 	
5.22122122e+06 	 4.874965e-06 	 1.148764e+07 	
5.22172172e+06 	 4.872921e-06 	 1.148628e+07 	
5.22222222e+06 	 4.870878e-06 	 1.148493e+07 	
5.22272272e+06 	 4.868836e-06 	 1.148358e+07 	
5.22322322e+06 	 4.866795e-06 	 1.148223e+07 	
5.22372372e+06 	 4.864755e-06 	 1.148088e+07 	
5.22422422e+06 	 4.862716e-06 	 1.147953e+07 	
5.22472472e+06 	 4.860678e-06 	 1.147818e+07 	
5.22522523e+06 	 4.858641e-06 	 1.147682e+07 	
5.22572573e+06 	 4.856604e-06 	 1.147547e+07 	
5.22622623e+06 	 4.854569e-06 	 1.147412e+07 	
5.22672673e+06 	 4.852535e-06 	 1.147277e+07 	
5.22722723e+06 	 4.850501e-06 	 1.147143e+07 	
5.22772773e+06 	 4.848469e-06 	 1.147008e+07 	
5.22822823e+06 	 4.846437e-06 	 1.146873e+07 	
5.22872873e+06 	 4.844406e-06 	 1.146738e+07 	
5.22922923e+06 	 4.842377e-06 	 1.146603e+07 	
5.22972973e+06 	 4.840348e-06 	 1.146468e+07 	
5.23023023e+06 	 4.838320e-06 	 1.146334e+07 	
5.23073073e+06 	 4.836293e-06 	 1.146199e+07 	
5.23123123e+06 	 4.834267e-06 	 1.146064e+07 	
5.23173173e+06 	 4.832242e-06 	 1.145929e+07 	
5.23223223e+06 	 4.830218e-06 	 1.145795e+07 	
5.23273273e+06 	 4.828194e-06 	 1.145660e+07 	
5.23323323e+06 	 4.826172e-06 	 1.145526e+07 	
5.23373373e+06 	 4.824151e-06 	 1.145391e+07 	
5.23423423e+06 	 4.822130e-06 	 1.145257e+07 	
5.23473473e+06 	 4.820111e-06 	 1.145122e+07 	
5.23523524e+06 	 4.818092e-06 	 1.144988e+07 	
5.23573574e+06 	 4.816075e-06 	 1.144853e+07 	
5.23623624e+06 	 4.814058e-06 	 1.144719e+07 	
5.23673674e+06 	 4.812042e-06 	 1.144584e+07 	
5.23723724e+06 	 4.810027e-06 	 1.144450e+07 	
5.23773774e+06 	 4.808013e-06 	 1.144316e+07 	
5.23823824e+06 	 4.806000e-06 	 1.144181e+07 	
5.23873874e+06 	 4.803988e-06 	 1.144047e+07 	
5.23923924e+06 	 4.801977e-06 	 1.143913e+07 	
5.23973974e+06 	 4.799967e-06 	 1.143779e+07 	
5.24024024e+06 	 4.797957e-06 	 1.143645e+07 	
5.24074074e+06 	 4.795949e-06 	 1.143510e+07 	
5.24124124e+06 	 4.793941e-06 	 1.143376e+07 	
5.24174174e+06 	 4.791935e-06 	 1.143242e+07 	
5.24224224e+06 	 4.789929e-06 	 1.143108e+07 	
5.24274274e+06 	 4.787925e-06 	 1.142974e+07 	
5.24324324e+06 	 4.785921e-06 	 1.142840e+07 	
5.24374374e+06 	 4.783918e-06 	 1.142706e+07 	
5.24424424e+06 	 4.781916e-06 	 1.142572e+07 	
5.24474474e+06 	 4.779915e-06 	 1.142438e+07 	
5.24524525e+06 	 4.777915e-06 	 1.142305e+07 	
5.24574575e+06 	 4.775916e-06 	 1.142171e+07 	
5.24624625e+06 	 4.773917e-06 	 1.142037e+07 	
5.24674675e+06 	 4.771920e-06 	 1.141903e+07 	
5.24724725e+06 	 4.769923e-06 	 1.141769e+07 	
5.24774775e+06 	 4.767928e-06 	 1.141636e+07 	
5.24824825e+06 	 4.765933e-06 	 1.141502e+07 	
5.24874875e+06 	 4.763940e-06 	 1.141368e+07 	
5.24924925e+06 	 4.761947e-06 	 1.141235e+07 	
5.24974975e+06 	 4.759955e-06 	 1.141101e+07 	
5.25025025e+06 	 4.757964e-06 	 1.140968e+07 	
5.25075075e+06 	 4.755974e-06 	 1.140834e+07 	
5.25125125e+06 	 4.753985e-06 	 1.140700e+07 	
5.25175175e+06 	 4.751996e-06 	 1.140567e+07 	
5.25225225e+06 	 4.750009e-06 	 1.140434e+07 	
5.25275275e+06 	 4.748023e-06 	 1.140300e+07 	
5.25325325e+06 	 4.746037e-06 	 1.140167e+07 	
5.25375375e+06 	 4.744052e-06 	 1.140033e+07 	
5.25425425e+06 	 4.742069e-06 	 1.139900e+07 	
5.25475475e+06 	 4.740086e-06 	 1.139767e+07 	
5.25525526e+06 	 4.738104e-06 	 1.139633e+07 	
5.25575576e+06 	 4.736123e-06 	 1.139500e+07 	
5.25625626e+06 	 4.734143e-06 	 1.139367e+07 	
5.25675676e+06 	 4.732164e-06 	 1.139234e+07 	
5.25725726e+06 	 4.730186e-06 	 1.139101e+07 	
5.25775776e+06 	 4.728208e-06 	 1.138967e+07 	
5.25825826e+06 	 4.726232e-06 	 1.138834e+07 	
5.25875876e+06 	 4.724256e-06 	 1.138701e+07 	
5.25925926e+06 	 4.722282e-06 	 1.138568e+07 	
5.25975976e+06 	 4.720308e-06 	 1.138435e+07 	
5.26026026e+06 	 4.718335e-06 	 1.138302e+07 	
5.26076076e+06 	 4.716363e-06 	 1.138169e+07 	
5.26126126e+06 	 4.714392e-06 	 1.138036e+07 	
5.26176176e+06 	 4.712422e-06 	 1.137903e+07 	
5.26226226e+06 	 4.710453e-06 	 1.137771e+07 	
5.26276276e+06 	 4.708485e-06 	 1.137638e+07 	
5.26326326e+06 	 4.706517e-06 	 1.137505e+07 	
5.26376376e+06 	 4.704551e-06 	 1.137372e+07 	
5.26426426e+06 	 4.702585e-06 	 1.137239e+07 	
5.26476476e+06 	 4.700620e-06 	 1.137107e+07 	
5.26526527e+06 	 4.698656e-06 	 1.136974e+07 	
5.26576577e+06 	 4.696693e-06 	 1.136841e+07 	
5.26626627e+06 	 4.694731e-06 	 1.136709e+07 	
5.26676677e+06 	 4.692770e-06 	 1.136576e+07 	
5.26726727e+06 	 4.690810e-06 	 1.136443e+07 	
5.26776777e+06 	 4.688850e-06 	 1.136311e+07 	
5.26826827e+06 	 4.686892e-06 	 1.136178e+07 	
5.26876877e+06 	 4.684934e-06 	 1.136046e+07 	
5.26926927e+06 	 4.682978e-06 	 1.135913e+07 	
5.26976977e+06 	 4.681022e-06 	 1.135781e+07 	
5.27027027e+06 	 4.679067e-06 	 1.135649e+07 	
5.27077077e+06 	 4.677113e-06 	 1.135516e+07 	
5.27127127e+06 	 4.675160e-06 	 1.135384e+07 	
5.27177177e+06 	 4.673208e-06 	 1.135252e+07 	
5.27227227e+06 	 4.671256e-06 	 1.135119e+07 	
5.27277277e+06 	 4.669306e-06 	 1.134987e+07 	
5.27327327e+06 	 4.667356e-06 	 1.134855e+07 	
5.27377377e+06 	 4.665407e-06 	 1.134723e+07 	
5.27427427e+06 	 4.663460e-06 	 1.134590e+07 	
5.27477477e+06 	 4.661513e-06 	 1.134458e+07 	
5.27527528e+06 	 4.659567e-06 	 1.134326e+07 	
5.27577578e+06 	 4.657622e-06 	 1.134194e+07 	
5.27627628e+06 	 4.655677e-06 	 1.134062e+07 	
5.27677678e+06 	 4.653734e-06 	 1.133930e+07 	
5.27727728e+06 	 4.651791e-06 	 1.133798e+07 	
5.27777778e+06 	 4.649850e-06 	 1.133666e+07 	
5.27827828e+06 	 4.647909e-06 	 1.133534e+07 	
5.27877878e+06 	 4.645969e-06 	 1.133402e+07 	
5.27927928e+06 	 4.644030e-06 	 1.133270e+07 	
5.27977978e+06 	 4.642092e-06 	 1.133138e+07 	
5.28028028e+06 	 4.640155e-06 	 1.133007e+07 	
5.28078078e+06 	 4.638219e-06 	 1.132875e+07 	
5.28128128e+06 	 4.636283e-06 	 1.132743e+07 	
5.28178178e+06 	 4.634349e-06 	 1.132611e+07 	
5.28228228e+06 	 4.632415e-06 	 1.132479e+07 	
5.28278278e+06 	 4.630482e-06 	 1.132348e+07 	
5.28328328e+06 	 4.628550e-06 	 1.132216e+07 	
5.28378378e+06 	 4.626619e-06 	 1.132085e+07 	
5.28428428e+06 	 4.624689e-06 	 1.131953e+07 	
5.28478478e+06 	 4.622760e-06 	 1.131821e+07 	
5.28528529e+06 	 4.620831e-06 	 1.131690e+07 	
5.28578579e+06 	 4.618904e-06 	 1.131558e+07 	
5.28628629e+06 	 4.616977e-06 	 1.131427e+07 	
5.28678679e+06 	 4.615051e-06 	 1.131295e+07 	
5.28728729e+06 	 4.613126e-06 	 1.131164e+07 	
5.28778779e+06 	 4.611202e-06 	 1.131033e+07 	
5.28828829e+06 	 4.609279e-06 	 1.130901e+07 	
5.28878879e+06 	 4.607357e-06 	 1.130770e+07 	
5.28928929e+06 	 4.605436e-06 	 1.130639e+07 	
5.28978979e+06 	 4.603515e-06 	 1.130507e+07 	
5.29029029e+06 	 4.601595e-06 	 1.130376e+07 	
5.29079079e+06 	 4.599676e-06 	 1.130245e+07 	
5.29129129e+06 	 4.597759e-06 	 1.130114e+07 	
5.29179179e+06 	 4.595841e-06 	 1.129982e+07 	
5.29229229e+06 	 4.593925e-06 	 1.129851e+07 	
5.29279279e+06 	 4.592010e-06 	 1.129720e+07 	
5.29329329e+06 	 4.590096e-06 	 1.129589e+07 	
5.29379379e+06 	 4.588182e-06 	 1.129458e+07 	
5.29429429e+06 	 4.586269e-06 	 1.129327e+07 	
5.29479479e+06 	 4.584357e-06 	 1.129196e+07 	
5.29529530e+06 	 4.582446e-06 	 1.129065e+07 	
5.29579580e+06 	 4.580536e-06 	 1.128934e+07 	
5.29629630e+06 	 4.578627e-06 	 1.128803e+07 	
5.29679680e+06 	 4.576719e-06 	 1.128672e+07 	
5.29729730e+06 	 4.574811e-06 	 1.128541e+07 	
5.29779780e+06 	 4.572904e-06 	 1.128411e+07 	
5.29829830e+06 	 4.570999e-06 	 1.128280e+07 	
5.29879880e+06 	 4.569094e-06 	 1.128149e+07 	
5.29929930e+06 	 4.567190e-06 	 1.128018e+07 	
5.29979980e+06 	 4.565287e-06 	 1.127888e+07 	
5.30030030e+06 	 4.563384e-06 	 1.127757e+07 	
5.30080080e+06 	 4.561483e-06 	 1.127626e+07 	
5.30130130e+06 	 4.559582e-06 	 1.127496e+07 	
5.30180180e+06 	 4.557682e-06 	 1.127365e+07 	
5.30230230e+06 	 4.555783e-06 	 1.127235e+07 	
5.30280280e+06 	 4.553885e-06 	 1.127104e+07 	
5.30330330e+06 	 4.551988e-06 	 1.126973e+07 	
5.30380380e+06 	 4.550092e-06 	 1.126843e+07 	
5.30430430e+06 	 4.548196e-06 	 1.126713e+07 	
5.30480480e+06 	 4.546302e-06 	 1.126582e+07 	
5.30530531e+06 	 4.544408e-06 	 1.126452e+07 	
5.30580581e+06 	 4.542515e-06 	 1.126321e+07 	
5.30630631e+06 	 4.540623e-06 	 1.126191e+07 	
5.30680681e+06 	 4.538732e-06 	 1.126061e+07 	
5.30730731e+06 	 4.536842e-06 	 1.125930e+07 	
5.30780781e+06 	 4.534952e-06 	 1.125800e+07 	
5.30830831e+06 	 4.533064e-06 	 1.125670e+07 	
5.30880881e+06 	 4.531176e-06 	 1.125540e+07 	
5.30930931e+06 	 4.529289e-06 	 1.125410e+07 	
5.30980981e+06 	 4.527403e-06 	 1.125279e+07 	
5.31031031e+06 	 4.525518e-06 	 1.125149e+07 	
5.31081081e+06 	 4.523633e-06 	 1.125019e+07 	
5.31131131e+06 	 4.521750e-06 	 1.124889e+07 	
5.31181181e+06 	 4.519867e-06 	 1.124759e+07 	
5.31231231e+06 	 4.517985e-06 	 1.124629e+07 	
5.31281281e+06 	 4.516104e-06 	 1.124499e+07 	
5.31331331e+06 	 4.514224e-06 	 1.124369e+07 	
5.31381381e+06 	 4.512345e-06 	 1.124239e+07 	
5.31431431e+06 	 4.510467e-06 	 1.124109e+07 	
5.31481481e+06 	 4.508589e-06 	 1.123980e+07 	
5.31531532e+06 	 4.506713e-06 	 1.123850e+07 	
5.31581582e+06 	 4.504837e-06 	 1.123720e+07 	
5.31631632e+06 	 4.502962e-06 	 1.123590e+07 	
5.31681682e+06 	 4.501087e-06 	 1.123460e+07 	
5.31731732e+06 	 4.499214e-06 	 1.123331e+07 	
5.31781782e+06 	 4.497342e-06 	 1.123201e+07 	
5.31831832e+06 	 4.495470e-06 	 1.123071e+07 	
5.31881882e+06 	 4.493599e-06 	 1.122942e+07 	
5.31931932e+06 	 4.491729e-06 	 1.122812e+07 	
5.31981982e+06 	 4.489860e-06 	 1.122683e+07 	
5.32032032e+06 	 4.487992e-06 	 1.122553e+07 	
5.32082082e+06 	 4.486125e-06 	 1.122423e+07 	
5.32132132e+06 	 4.484258e-06 	 1.122294e+07 	
5.32182182e+06 	 4.482392e-06 	 1.122164e+07 	
5.32232232e+06 	 4.480527e-06 	 1.122035e+07 	
5.32282282e+06 	 4.478663e-06 	 1.121906e+07 	
5.32332332e+06 	 4.476800e-06 	 1.121776e+07 	
5.32382382e+06 	 4.474938e-06 	 1.121647e+07 	
5.32432432e+06 	 4.473076e-06 	 1.121518e+07 	
5.32482482e+06 	 4.471216e-06 	 1.121388e+07 	
5.32532533e+06 	 4.469356e-06 	 1.121259e+07 	
5.32582583e+06 	 4.467497e-06 	 1.121130e+07 	
5.32632633e+06 	 4.465639e-06 	 1.121001e+07 	
5.32682683e+06 	 4.463781e-06 	 1.120871e+07 	
5.32732733e+06 	 4.461925e-06 	 1.120742e+07 	
5.32782783e+06 	 4.460069e-06 	 1.120613e+07 	
5.32832833e+06 	 4.458214e-06 	 1.120484e+07 	
5.32882883e+06 	 4.456360e-06 	 1.120355e+07 	
5.32932933e+06 	 4.454507e-06 	 1.120226e+07 	
5.32982983e+06 	 4.452655e-06 	 1.120097e+07 	
5.33033033e+06 	 4.450803e-06 	 1.119968e+07 	
5.33083083e+06 	 4.448953e-06 	 1.119839e+07 	
5.33133133e+06 	 4.447103e-06 	 1.119710e+07 	
5.33183183e+06 	 4.445254e-06 	 1.119581e+07 	
5.33233233e+06 	 4.443406e-06 	 1.119452e+07 	
5.33283283e+06 	 4.441558e-06 	 1.119323e+07 	
5.33333333e+06 	 4.439712e-06 	 1.119195e+07 	
5.33383383e+06 	 4.437866e-06 	 1.119066e+07 	
5.33433433e+06 	 4.436021e-06 	 1.118937e+07 	
5.33483483e+06 	 4.434177e-06 	 1.118808e+07 	
5.33533534e+06 	 4.432334e-06 	 1.118680e+07 	
5.33583584e+06 	 4.430492e-06 	 1.118551e+07 	
5.33633634e+06 	 4.428650e-06 	 1.118422e+07 	
5.33683684e+06 	 4.426809e-06 	 1.118294e+07 	
5.33733734e+06 	 4.424970e-06 	 1.118165e+07 	
5.33783784e+06 	 4.423131e-06 	 1.118036e+07 	
5.33833834e+06 	 4.421292e-06 	 1.117908e+07 	
5.33883884e+06 	 4.419455e-06 	 1.117779e+07 	
5.33933934e+06 	 4.417618e-06 	 1.117651e+07 	
5.33983984e+06 	 4.415783e-06 	 1.117522e+07 	
5.34034034e+06 	 4.413948e-06 	 1.117394e+07 	
5.34084084e+06 	 4.412114e-06 	 1.117266e+07 	
5.34134134e+06 	 4.410280e-06 	 1.117137e+07 	
5.34184184e+06 	 4.408448e-06 	 1.117009e+07 	
5.34234234e+06 	 4.406616e-06 	 1.116881e+07 	
5.34284284e+06 	 4.404785e-06 	 1.116752e+07 	
5.34334334e+06 	 4.402955e-06 	 1.116624e+07 	
5.34384384e+06 	 4.401126e-06 	 1.116496e+07 	
5.34434434e+06 	 4.399298e-06 	 1.116368e+07 	
5.34484484e+06 	 4.397470e-06 	 1.116239e+07 	
5.34534535e+06 	 4.395644e-06 	 1.116111e+07 	
5.34584585e+06 	 4.393818e-06 	 1.115983e+07 	
5.34634635e+06 	 4.391993e-06 	 1.115855e+07 	
5.34684685e+06 	 4.390168e-06 	 1.115727e+07 	
5.34734735e+06 	 4.388345e-06 	 1.115599e+07 	
5.34784785e+06 	 4.386522e-06 	 1.115471e+07 	
5.34834835e+06 	 4.384700e-06 	 1.115343e+07 	
5.34884885e+06 	 4.382879e-06 	 1.115215e+07 	
5.34934935e+06 	 4.381059e-06 	 1.115087e+07 	
5.34984985e+06 	 4.379240e-06 	 1.114959e+07 	
5.35035035e+06 	 4.377421e-06 	 1.114831e+07 	
5.35085085e+06 	 4.375603e-06 	 1.114703e+07 	
5.35135135e+06 	 4.373787e-06 	 1.114576e+07 	
5.35185185e+06 	 4.371970e-06 	 1.114448e+07 	
5.35235235e+06 	 4.370155e-06 	 1.114320e+07 	
5.35285285e+06 	 4.368341e-06 	 1.114192e+07 	
5.35335335e+06 	 4.366527e-06 	 1.114065e+07 	
5.35385385e+06 	 4.364714e-06 	 1.113937e+07 	
5.35435435e+06 	 4.362902e-06 	 1.113809e+07 	
5.35485485e+06 	 4.361091e-06 	 1.113682e+07 	
5.35535536e+06 	 4.359280e-06 	 1.113554e+07 	
5.35585586e+06 	 4.357471e-06 	 1.113426e+07 	
5.35635636e+06 	 4.355662e-06 	 1.113299e+07 	
5.35685686e+06 	 4.353854e-06 	 1.113171e+07 	
5.35735736e+06 	 4.352047e-06 	 1.113044e+07 	
5.35785786e+06 	 4.350240e-06 	 1.112916e+07 	
5.35835836e+06 	 4.348435e-06 	 1.112789e+07 	
5.35885886e+06 	 4.346630e-06 	 1.112662e+07 	
5.35935936e+06 	 4.344826e-06 	 1.112534e+07 	
5.35985986e+06 	 4.343023e-06 	 1.112407e+07 	
5.36036036e+06 	 4.341220e-06 	 1.112279e+07 	
5.36086086e+06 	 4.339419e-06 	 1.112152e+07 	
5.36136136e+06 	 4.337618e-06 	 1.112025e+07 	
5.36186186e+06 	 4.335818e-06 	 1.111898e+07 	
5.36236236e+06 	 4.334019e-06 	 1.111770e+07 	
5.36286286e+06 	 4.332221e-06 	 1.111643e+07 	
5.36336336e+06 	 4.330423e-06 	 1.111516e+07 	
5.36386386e+06 	 4.328626e-06 	 1.111389e+07 	
5.36436436e+06 	 4.326830e-06 	 1.111262e+07 	
5.36486486e+06 	 4.325035e-06 	 1.111135e+07 	
5.36536537e+06 	 4.323241e-06 	 1.111008e+07 	
5.36586587e+06 	 4.321447e-06 	 1.110881e+07 	
5.36636637e+06 	 4.319654e-06 	 1.110754e+07 	
5.36686687e+06 	 4.317862e-06 	 1.110627e+07 	
5.36736737e+06 	 4.316071e-06 	 1.110500e+07 	
5.36786787e+06 	 4.314281e-06 	 1.110373e+07 	
5.36836837e+06 	 4.312491e-06 	 1.110246e+07 	
5.36886887e+06 	 4.310703e-06 	 1.110119e+07 	
5.36936937e+06 	 4.308915e-06 	 1.109992e+07 	
5.36986987e+06 	 4.307127e-06 	 1.109865e+07 	
5.37037037e+06 	 4.305341e-06 	 1.109739e+07 	
5.37087087e+06 	 4.303555e-06 	 1.109612e+07 	
5.37137137e+06 	 4.301771e-06 	 1.109485e+07 	
5.37187187e+06 	 4.299987e-06 	 1.109358e+07 	
5.37237237e+06 	 4.298204e-06 	 1.109232e+07 	
5.37287287e+06 	 4.296421e-06 	 1.109105e+07 	
5.37337337e+06 	 4.294639e-06 	 1.108979e+07 	
5.37387387e+06 	 4.292859e-06 	 1.108852e+07 	
5.37437437e+06 	 4.291079e-06 	 1.108725e+07 	
5.37487487e+06 	 4.289299e-06 	 1.108599e+07 	
5.37537538e+06 	 4.287521e-06 	 1.108472e+07 	
5.37587588e+06 	 4.285743e-06 	 1.108346e+07 	
5.37637638e+06 	 4.283966e-06 	 1.108219e+07 	
5.37687688e+06 	 4.282190e-06 	 1.108093e+07 	
5.37737738e+06 	 4.280415e-06 	 1.107967e+07 	
5.37787788e+06 	 4.278641e-06 	 1.107840e+07 	
5.37837838e+06 	 4.276867e-06 	 1.107714e+07 	
5.37887888e+06 	 4.275094e-06 	 1.107588e+07 	
5.37937938e+06 	 4.273322e-06 	 1.107461e+07 	
5.37987988e+06 	 4.271550e-06 	 1.107335e+07 	
5.38038038e+06 	 4.269780e-06 	 1.107209e+07 	
5.38088088e+06 	 4.268010e-06 	 1.107083e+07 	
5.38138138e+06 	 4.266241e-06 	 1.106956e+07 	
5.38188188e+06 	 4.264473e-06 	 1.106830e+07 	
5.38238238e+06 	 4.262705e-06 	 1.106704e+07 	
5.38288288e+06 	 4.260939e-06 	 1.106578e+07 	
5.38338338e+06 	 4.259173e-06 	 1.106452e+07 	
5.38388388e+06 	 4.257408e-06 	 1.106326e+07 	
5.38438438e+06 	 4.255644e-06 	 1.106200e+07 	
5.38488488e+06 	 4.253880e-06 	 1.106074e+07 	
5.38538539e+06 	 4.252117e-06 	 1.105948e+07 	
5.38588589e+06 	 4.250356e-06 	 1.105822e+07 	
5.38638639e+06 	 4.248594e-06 	 1.105696e+07 	
5.38688689e+06 	 4.246834e-06 	 1.105570e+07 	
5.38738739e+06 	 4.245074e-06 	 1.105444e+07 	
5.38788789e+06 	 4.243316e-06 	 1.105318e+07 	
5.38838839e+06 	 4.241558e-06 	 1.105193e+07 	
5.38888889e+06 	 4.239800e-06 	 1.105067e+07 	
5.38938939e+06 	 4.238044e-06 	 1.104941e+07 	
5.38988989e+06 	 4.236288e-06 	 1.104815e+07 	
5.39039039e+06 	 4.234533e-06 	 1.104690e+07 	
5.39089089e+06 	 4.232779e-06 	 1.104564e+07 	
5.39139139e+06 	 4.231026e-06 	 1.104438e+07 	
5.39189189e+06 	 4.229273e-06 	 1.104313e+07 	
5.39239239e+06 	 4.227521e-06 	 1.104187e+07 	
5.39289289e+06 	 4.225770e-06 	 1.104062e+07 	
5.39339339e+06 	 4.224020e-06 	 1.103936e+07 	
5.39389389e+06 	 4.222271e-06 	 1.103811e+07 	
5.39439439e+06 	 4.220522e-06 	 1.103685e+07 	
5.39489489e+06 	 4.218774e-06 	 1.103560e+07 	
5.39539540e+06 	 4.217027e-06 	 1.103434e+07 	
5.39589590e+06 	 4.215281e-06 	 1.103309e+07 	
5.39639640e+06 	 4.213535e-06 	 1.103183e+07 	
5.39689690e+06 	 4.211790e-06 	 1.103058e+07 	
5.39739740e+06 	 4.210046e-06 	 1.102933e+07 	
5.39789790e+06 	 4.208303e-06 	 1.102808e+07 	
5.39839840e+06 	 4.206560e-06 	 1.102682e+07 	
5.39889890e+06 	 4.204819e-06 	 1.102557e+07 	
5.39939940e+06 	 4.203078e-06 	 1.102432e+07 	
5.39989990e+06 	 4.201337e-06 	 1.102307e+07 	
5.40040040e+06 	 4.199598e-06 	 1.102181e+07 	
5.40090090e+06 	 4.197859e-06 	 1.102056e+07 	
5.40140140e+06 	 4.196121e-06 	 1.101931e+07 	
5.40190190e+06 	 4.194384e-06 	 1.101806e+07 	
5.40240240e+06 	 4.192648e-06 	 1.101681e+07 	
5.40290290e+06 	 4.190912e-06 	 1.101556e+07 	
5.40340340e+06 	 4.189177e-06 	 1.101431e+07 	
5.40390390e+06 	 4.187443e-06 	 1.101306e+07 	
5.40440440e+06 	 4.185710e-06 	 1.101181e+07 	
5.40490490e+06 	 4.183978e-06 	 1.101056e+07 	
5.40540541e+06 	 4.182246e-06 	 1.100931e+07 	
5.40590591e+06 	 4.180515e-06 	 1.100806e+07 	
5.40640641e+06 	 4.178785e-06 	 1.100682e+07 	
5.40690691e+06 	 4.177055e-06 	 1.100557e+07 	
5.40740741e+06 	 4.175327e-06 	 1.100432e+07 	
5.40790791e+06 	 4.173599e-06 	 1.100307e+07 	
5.40840841e+06 	 4.171871e-06 	 1.100183e+07 	
5.40890891e+06 	 4.170145e-06 	 1.100058e+07 	
5.40940941e+06 	 4.168419e-06 	 1.099933e+07 	
5.40990991e+06 	 4.166694e-06 	 1.099808e+07 	
5.41041041e+06 	 4.164970e-06 	 1.099684e+07 	
5.41091091e+06 	 4.163247e-06 	 1.099559e+07 	
5.41141141e+06 	 4.161524e-06 	 1.099435e+07 	
5.41191191e+06 	 4.159803e-06 	 1.099310e+07 	
5.41241241e+06 	 4.158081e-06 	 1.099186e+07 	
5.41291291e+06 	 4.156361e-06 	 1.099061e+07 	
5.41341341e+06 	 4.154642e-06 	 1.098937e+07 	
5.41391391e+06 	 4.152923e-06 	 1.098812e+07 	
5.41441441e+06 	 4.151205e-06 	 1.098688e+07 	
5.41491491e+06 	 4.149487e-06 	 1.098563e+07 	
5.41541542e+06 	 4.147771e-06 	 1.098439e+07 	
5.41591592e+06 	 4.146055e-06 	 1.098315e+07 	
5.41641642e+06 	 4.144340e-06 	 1.098190e+07 	
5.41691692e+06 	 4.142626e-06 	 1.098066e+07 	
5.41741742e+06 	 4.140912e-06 	 1.097942e+07 	
5.41791792e+06 	 4.139200e-06 	 1.097818e+07 	
5.41841842e+06 	 4.137488e-06 	 1.097693e+07 	
5.41891892e+06 	 4.135776e-06 	 1.097569e+07 	
5.41941942e+06 	 4.134066e-06 	 1.097445e+07 	
5.41991992e+06 	 4.132356e-06 	 1.097321e+07 	
5.42042042e+06 	 4.130647e-06 	 1.097197e+07 	
5.42092092e+06 	 4.128939e-06 	 1.097073e+07 	
5.42142142e+06 	 4.127232e-06 	 1.096949e+07 	
5.42192192e+06 	 4.125525e-06 	 1.096825e+07 	
5.42242242e+06 	 4.123819e-06 	 1.096701e+07 	
5.42292292e+06 	 4.122114e-06 	 1.096577e+07 	
5.42342342e+06 	 4.120409e-06 	 1.096453e+07 	
5.42392392e+06 	 4.118705e-06 	 1.096329e+07 	
5.42442442e+06 	 4.117002e-06 	 1.096205e+07 	
5.42492492e+06 	 4.115300e-06 	 1.096081e+07 	
5.42542543e+06 	 4.113599e-06 	 1.095957e+07 	
5.42592593e+06 	 4.111898e-06 	 1.095834e+07 	
5.42642643e+06 	 4.110198e-06 	 1.095710e+07 	
5.42692693e+06 	 4.108499e-06 	 1.095586e+07 	
5.42742743e+06 	 4.106800e-06 	 1.095462e+07 	
5.42792793e+06 	 4.105103e-06 	 1.095339e+07 	
5.42842843e+06 	 4.103406e-06 	 1.095215e+07 	
5.42892893e+06 	 4.101709e-06 	 1.095091e+07 	
5.42942943e+06 	 4.100014e-06 	 1.094968e+07 	
5.42992993e+06 	 4.098319e-06 	 1.094844e+07 	
5.43043043e+06 	 4.096625e-06 	 1.094721e+07 	
5.43093093e+06 	 4.094932e-06 	 1.094597e+07 	
5.43143143e+06 	 4.093239e-06 	 1.094474e+07 	
5.43193193e+06 	 4.091548e-06 	 1.094350e+07 	
5.43243243e+06 	 4.089857e-06 	 1.094227e+07 	
5.43293293e+06 	 4.088166e-06 	 1.094103e+07 	
5.43343343e+06 	 4.086477e-06 	 1.093980e+07 	
5.43393393e+06 	 4.084788e-06 	 1.093856e+07 	
5.43443443e+06 	 4.083100e-06 	 1.093733e+07 	
5.43493493e+06 	 4.081412e-06 	 1.093610e+07 	
5.43543544e+06 	 4.079726e-06 	 1.093486e+07 	
5.43593594e+06 	 4.078040e-06 	 1.093363e+07 	
5.43643644e+06 	 4.076355e-06 	 1.093240e+07 	
5.43693694e+06 	 4.074671e-06 	 1.093117e+07 	
5.43743744e+06 	 4.072987e-06 	 1.092993e+07 	
5.43793794e+06 	 4.071304e-06 	 1.092870e+07 	
5.43843844e+06 	 4.069622e-06 	 1.092747e+07 	
5.43893894e+06 	 4.067940e-06 	 1.092624e+07 	
5.43943944e+06 	 4.066260e-06 	 1.092501e+07 	
5.43993994e+06 	 4.064580e-06 	 1.092378e+07 	
5.44044044e+06 	 4.062901e-06 	 1.092255e+07 	
5.44094094e+06 	 4.061222e-06 	 1.092132e+07 	
5.44144144e+06 	 4.059544e-06 	 1.092009e+07 	
5.44194194e+06 	 4.057867e-06 	 1.091886e+07 	
5.44244244e+06 	 4.056191e-06 	 1.091763e+07 	
5.44294294e+06 	 4.054516e-06 	 1.091640e+07 	
5.44344344e+06 	 4.052841e-06 	 1.091517e+07 	
5.44394394e+06 	 4.051167e-06 	 1.091394e+07 	
5.44444444e+06 	 4.049493e-06 	 1.091271e+07 	
5.44494494e+06 	 4.047821e-06 	 1.091148e+07 	
5.44544545e+06 	 4.046149e-06 	 1.091026e+07 	
5.44594595e+06 	 4.044478e-06 	 1.090903e+07 	
5.44644645e+06 	 4.042807e-06 	 1.090780e+07 	
5.44694695e+06 	 4.041138e-06 	 1.090658e+07 	
5.44744745e+06 	 4.039469e-06 	 1.090535e+07 	
5.44794795e+06 	 4.037801e-06 	 1.090412e+07 	
5.44844845e+06 	 4.036133e-06 	 1.090290e+07 	
5.44894895e+06 	 4.034466e-06 	 1.090167e+07 	
5.44944945e+06 	 4.032800e-06 	 1.090044e+07 	
5.44994995e+06 	 4.031135e-06 	 1.089922e+07 	
5.45045045e+06 	 4.029470e-06 	 1.089799e+07 	
5.45095095e+06 	 4.027807e-06 	 1.089677e+07 	
5.45145145e+06 	 4.026143e-06 	 1.089554e+07 	
5.45195195e+06 	 4.024481e-06 	 1.089432e+07 	
5.45245245e+06 	 4.022819e-06 	 1.089309e+07 	
5.45295295e+06 	 4.021158e-06 	 1.089187e+07 	
5.45345345e+06 	 4.019498e-06 	 1.089065e+07 	
5.45395395e+06 	 4.017839e-06 	 1.088942e+07 	
5.45445445e+06 	 4.016180e-06 	 1.088820e+07 	
5.45495495e+06 	 4.014522e-06 	 1.088698e+07 	
5.45545546e+06 	 4.012865e-06 	 1.088575e+07 	
5.45595596e+06 	 4.011208e-06 	 1.088453e+07 	
5.45645646e+06 	 4.009552e-06 	 1.088331e+07 	
5.45695696e+06 	 4.007897e-06 	 1.088209e+07 	
5.45745746e+06 	 4.006242e-06 	 1.088087e+07 	
5.45795796e+06 	 4.004589e-06 	 1.087965e+07 	
5.45845846e+06 	 4.002936e-06 	 1.087842e+07 	
5.45895896e+06 	 4.001284e-06 	 1.087720e+07 	
5.45945946e+06 	 3.999632e-06 	 1.087598e+07 	
5.45995996e+06 	 3.997981e-06 	 1.087476e+07 	
5.46046046e+06 	 3.996331e-06 	 1.087354e+07 	
5.46096096e+06 	 3.994682e-06 	 1.087232e+07 	
5.46146146e+06 	 3.993033e-06 	 1.087110e+07 	
5.46196196e+06 	 3.991385e-06 	 1.086988e+07 	
5.46246246e+06 	 3.989937e-06 	 1.086865e+07 	
5.46296296e+06 	 3.988292e-06 	 1.086743e+07 	
5.46346346e+06 	 3.986647e-06 	 1.086621e+07 	
5.46396396e+06 	 3.985003e-06 	 1.086499e+07 	
5.46446446e+06 	 3.983359e-06 	 1.086378e+07 	
5.46496496e+06 	 3.981716e-06 	 1.086256e+07 	
5.46546547e+06 	 3.980074e-06 	 1.086134e+07 	
5.46596597e+06 	 3.978433e-06 	 1.086012e+07 	
5.46646647e+06 	 3.976792e-06 	 1.085891e+07 	
5.46696697e+06 	 3.975152e-06 	 1.085769e+07 	
5.46746747e+06 	 3.973513e-06 	 1.085647e+07 	
5.46796797e+06 	 3.971874e-06 	 1.085526e+07 	
5.46846847e+06 	 3.970237e-06 	 1.085404e+07 	
5.46896897e+06 	 3.968600e-06 	 1.085283e+07 	
5.46946947e+06 	 3.966963e-06 	 1.085161e+07 	
5.46996997e+06 	 3.965328e-06 	 1.085040e+07 	
5.47047047e+06 	 3.963693e-06 	 1.084918e+07 	
5.47097097e+06 	 3.962058e-06 	 1.084797e+07 	
5.47147147e+06 	 3.960425e-06 	 1.084675e+07 	
5.47197197e+06 	 3.958792e-06 	 1.084554e+07 	
5.47247247e+06 	 3.957160e-06 	 1.084432e+07 	
5.47297297e+06 	 3.955529e-06 	 1.084311e+07 	
5.47347347e+06 	 3.953898e-06 	 1.084190e+07 	
5.47397397e+06 	 3.952268e-06 	 1.084068e+07 	
5.47447447e+06 	 3.950639e-06 	 1.083947e+07 	
5.47497497e+06 	 3.949010e-06 	 1.083826e+07 	
5.47547548e+06 	 3.947383e-06 	 1.083704e+07 	
5.47597598e+06 	 3.945755e-06 	 1.083583e+07 	
5.47647648e+06 	 3.944129e-06 	 1.083462e+07 	
5.47697698e+06 	 3.942503e-06 	 1.083341e+07 	
5.47747748e+06 	 3.940879e-06 	 1.083220e+07 	
5.47797798e+06 	 3.939254e-06 	 1.083099e+07 	
5.47847848e+06 	 3.937631e-06 	 1.082978e+07 	
5.47897898e+06 	 3.936008e-06 	 1.082856e+07 	
5.47947948e+06 	 3.934386e-06 	 1.082735e+07 	
5.47997998e+06 	 3.932764e-06 	 1.082614e+07 	
5.48048048e+06 	 3.931144e-06 	 1.082493e+07 	
5.48098098e+06 	 3.929524e-06 	 1.082372e+07 	
5.48148148e+06 	 3.927904e-06 	 1.082252e+07 	
5.48198198e+06 	 3.926286e-06 	 1.082131e+07 	
5.48248248e+06 	 3.924668e-06 	 1.082010e+07 	
5.48298298e+06 	 3.923051e-06 	 1.081889e+07 	
5.48348348e+06 	 3.921434e-06 	 1.081768e+07 	
5.48398398e+06 	 3.919819e-06 	 1.081647e+07 	
5.48448448e+06 	 3.918203e-06 	 1.081526e+07 	
5.48498498e+06 	 3.916589e-06 	 1.081406e+07 	
5.48548549e+06 	 3.914975e-06 	 1.081285e+07 	
5.48598599e+06 	 3.913363e-06 	 1.081164e+07 	
5.48648649e+06 	 3.911750e-06 	 1.081044e+07 	
5.48698699e+06 	 3.910139e-06 	 1.080923e+07 	
5.48748749e+06 	 3.908528e-06 	 1.080802e+07 	
5.48798799e+06 	 3.906918e-06 	 1.080682e+07 	
5.48848849e+06 	 3.905308e-06 	 1.080561e+07 	
5.48898899e+06 	 3.903700e-06 	 1.080440e+07 	
5.48948949e+06 	 3.902092e-06 	 1.080320e+07 	
5.48998999e+06 	 3.900484e-06 	 1.080199e+07 	
5.49049049e+06 	 3.898878e-06 	 1.080079e+07 	
5.49099099e+06 	 3.897272e-06 	 1.079959e+07 	
5.49149149e+06 	 3.895667e-06 	 1.079838e+07 	
5.49199199e+06 	 3.894062e-06 	 1.079718e+07 	
5.49249249e+06 	 3.892458e-06 	 1.079597e+07 	
5.49299299e+06 	 3.890855e-06 	 1.079477e+07 	
5.49349349e+06 	 3.889253e-06 	 1.079357e+07 	
5.49399399e+06 	 3.887651e-06 	 1.079236e+07 	
5.49449449e+06 	 3.886050e-06 	 1.079116e+07 	
5.49499499e+06 	 3.884449e-06 	 1.078996e+07 	
5.49549550e+06 	 3.882850e-06 	 1.078876e+07 	
5.49599600e+06 	 3.881251e-06 	 1.078755e+07 	
5.49649650e+06 	 3.879653e-06 	 1.078635e+07 	
5.49699700e+06 	 3.878055e-06 	 1.078515e+07 	
5.49749750e+06 	 3.876458e-06 	 1.078395e+07 	
5.49799800e+06 	 3.874862e-06 	 1.078275e+07 	
5.49849850e+06 	 3.873267e-06 	 1.078155e+07 	
5.49899900e+06 	 3.871672e-06 	 1.078035e+07 	
5.49949950e+06 	 3.870078e-06 	 1.077915e+07 	
5.50000000e+06 	 3.868484e-06 	 1.077795e+07 	
5.52871991e+06 	 3.778200e-06 	 1.070951e+07 	
5.55758979e+06 	 3.689457e-06 	 1.064154e+07 	
5.58661042e+06 	 3.602601e-06 	 1.057403e+07 	
5.61578259e+06 	 3.517422e-06 	 1.050697e+07 	
5.64510710e+06 	 3.433666e-06 	 1.044039e+07 	
5.67458473e+06 	 3.351682e-06 	 1.037424e+07 	
5.70421628e+06 	 3.271437e-06 	 1.030853e+07 	
5.73400257e+06 	 3.192587e-06 	 1.024327e+07 	
5.76394439e+06 	 3.115240e-06 	 1.017845e+07 	
5.79404257e+06 	 3.039539e-06 	 1.011406e+07 	
5.82429791e+06 	 2.965144e-06 	 1.005012e+07 	
5.85471124e+06 	 2.892165e-06 	 9.986610e+06 	
5.88528338e+06 	 2.820398e-06 	 9.923547e+06 	
5.91601516e+06 	 2.750120e-06 	 9.860899e+06 	
5.94690742e+06 	 2.681300e-06 	 9.798662e+06 	
5.97796099e+06 	 2.613667e-06 	 9.736857e+06 	
6.00917672e+06 	 2.547304e-06 	 9.675473e+06 	
6.04055545e+06 	 2.482319e-06 	 9.614490e+06 	
6.07209803e+06 	 2.418447e-06 	 9.553932e+06 	
6.10380532e+06 	 2.355773e-06 	 9.493785e+06 	
6.13567819e+06 	 2.294139e-06 	 9.434061e+06 	
6.16771748e+06 	 2.233756e-06 	 9.374731e+06 	
6.19992408e+06 	 2.174494e-06 	 9.315805e+06 	
6.23229885e+06 	 2.116200e-06 	 9.257295e+06 	
6.26484268e+06 	 2.059080e-06 	 9.199173e+06 	
6.29755645e+06 	 2.002905e-06 	 9.141460e+06 	
6.33044104e+06 	 1.947832e-06 	 9.084133e+06 	
6.36349735e+06 	 1.893757e-06 	 9.027199e+06 	
6.39672627e+06 	 1.840755e-06 	 8.970644e+06 	
6.43012870e+06 	 1.788632e-06 	 8.914488e+06 	
6.46370556e+06 	 1.737447e-06 	 8.858719e+06 	
6.49745775e+06 	 1.687083e-06 	 8.803350e+06 	
6.53138619e+06 	 1.637689e-06 	 8.748353e+06 	
6.56549179e+06 	 1.589169e-06 	 8.693739e+06 	
6.59977549e+06 	 1.541411e-06 	 8.639522e+06 	
6.63423821e+06 	 1.494558e-06 	 8.585673e+06 	
6.66888088e+06 	 1.448515e-06 	 8.532204e+06 	
6.70370446e+06 	 1.403350e-06 	 8.479099e+06 	
6.73870987e+06 	 1.358892e-06 	 8.426383e+06 	
6.77389808e+06 	 1.315125e-06 	 8.374056e+06 	
6.80927003e+06 	 1.272150e-06 	 8.322097e+06 	
6.84482669e+06 	 1.229895e-06 	 8.270514e+06 	
6.88056902e+06 	 1.188404e-06 	 8.219295e+06 	
6.91649798e+06 	 1.147549e-06 	 8.168463e+06 	
6.95261457e+06 	 1.107366e-06 	 8.118008e+06 	
6.98891974e+06 	 1.067780e-06 	 8.067945e+06 	
7.02541449e+06 	 1.028878e-06 	 8.018252e+06 	
7.06209982e+06 	 9.905977e-07 	 7.968941e+06 	
7.09897670e+06 	 9.528702e-07 	 7.920028e+06 	
7.13604615e+06 	 9.157769e-07 	 7.871492e+06 	
7.17330917e+06 	 8.792596e-07 	 7.823348e+06 	
7.21076677e+06 	 8.433549e-07 	 7.775585e+06 	
7.24841996e+06 	 8.079615e-07 	 7.728233e+06 	
7.28626977e+06 	 7.731090e-07 	 7.681287e+06 	
7.32431723e+06 	 7.387416e-07 	 7.634767e+06 	
7.36256336e+06 	 7.049318e-07 	 7.588656e+06 	
7.40100921e+06 	 6.716685e-07 	 7.542962e+06 	
7.43965581e+06 	 6.388859e-07 	 7.497716e+06 	
7.47850422e+06 	 6.066084e-07 	 7.452919e+06 	
7.51755548e+06 	 5.748655e-07 	 7.408571e+06 	
7.55681067e+06 	 5.436051e-07 	 7.364709e+06 	
7.59627083e+06 	 5.128579e-07 	 7.321339e+06 	
7.63593705e+06 	 4.826601e-07 	 7.278464e+06 	
7.67581040e+06 	 4.529772e-07 	 7.236128e+06 	
7.71589196e+06 	 4.238504e-07 	 7.194341e+06 	
7.75618282e+06 	 3.953270e-07 	 7.153112e+06 	
7.79668407e+06 	 3.673949e-07 	 7.112493e+06 	
7.83739681e+06 	 3.401099e-07 	 7.072499e+06 	
7.87832214e+06 	 3.135349e-07 	 7.033145e+06 	
7.91946118e+06 	 2.876833e-07 	 6.994490e+06 	
7.96081503e+06 	 2.626141e-07 	 6.956569e+06 	
8.00238483e+06 	 2.384155e-07 	 6.919394e+06 	
8.04417170e+06 	 2.151435e-07 	 6.883011e+06 	
8.08617677e+06 	 1.928584e-07 	 6.847476e+06 	
8.12840118e+06 	 1.716563e-07 	 6.812796e+06 	
8.17084608e+06 	 1.516101e-07 	 6.779006e+06 	
8.21351262e+06 	 1.327770e-07 	 6.746166e+06 	
8.25640195e+06 	 1.152303e-07 	 6.714296e+06 	
8.29951525e+06 	 9.902012e-08 	 6.683444e+06 	
8.34285367e+06 	 8.420264e-08 	 6.653599e+06 	
8.38641840e+06 	 7.079696e-08 	 6.624801e+06 	
8.43021061e+06 	 5.881500e-08 	 6.597041e+06 	
8.47423150e+06 	 4.824046e-08 	 6.570325e+06 	
8.51848226e+06 	 3.903496e-08 	 6.544653e+06 	
8.56296408e+06 	 3.114054e-08 	 6.519983e+06 	
8.60767818e+06 	 2.447535e-08 	 6.496285e+06 	
8.65262577e+06 	 1.893841e-08 	 6.473584e+06 	
8.69780807e+06 	 1.442038e-08 	 6.451749e+06 	
8.74322630e+06 	 1.079964e-08 	 6.430695e+06 	
8.78888169e+06 	 7.950442e-09 	 6.410495e+06 	
8.83477549e+06 	 5.752587e-09 	 6.390777e+06 	
8.88090893e+06 	 4.088890e-09 	 6.371767e+06 	
8.92728328e+06 	 2.854768e-09 	 6.353250e+06 	
8.97389978e+06 	 1.957531e-09 	 6.335116e+06 	
9.02075971e+06 	 1.318183e-09 	 6.317456e+06 	
9.06786433e+06 	 8.718500e-10 	 6.299638e+06 	
9.11521492e+06 	 5.662655e-10 	 6.282828e+06 	
9.16281276e+06 	 3.613168e-10 	 6.265654e+06 	
1.00837033e+07 	 1.000000e-20 	 5.965890e+06 	
1.10971462e+07 	 1.000000e-20 	 5.681382e+06 	
1.22124432e+07 	 1.000000e-20 	 5.410945e+06 	
1.34398310e+07 	 1.000000e-20 	 5.153812e+06 	
1.47905749e+07 	 1.000000e-20 	 4.909270e+06 	
1.62770727e+07 	 1.000000e-20 	 4.676650e+06 	
1.79129681e+07 	 1.000000e-20 	 4.455328e+06 	
1.97132760e+07 	 1.000000e-20 	 4.244717e+06 	
2.16945203e+07 	 1.000000e-20 	 4.044266e+06 	
2.38748856e+07 	 1.000000e-20 	 3.853457e+06 	
2.62743843e+07 	 1.000000e-20 	 3.671802e+06 	
2.89150400e+07 	 1.000000e-20 	 3.498842e+06 	
3.18210895e+07 	 1.000000e-20 	 3.334142e+06 	
3.50192059e+07 	 1.000000e-20 	 3.177294e+06 	
3.85387428e+07 	 1.000000e-20 	 3.027908e+06 	
4.24120038e+07 	 1.000000e-20 	 2.885619e+06 	
4.66745394e+07 	 1.000000e-20 	 2.750079e+06 	
5.13654727e+07 	 1.000000e-20 	 2.620961e+06 	
5.65278592e+07 	 1.000000e-20 	 2.497951e+06 	
6.22090812e+07 	 1.000000e-20 	 2.380756e+06 	
6.84612833e+07 	 1.000000e-20 	 2.269095e+06 	
7.53418507e+07 	 1.000000e-20 	 2.162701e+06 	
8.29139362e+07 	 1.000000e-20 	 2.061322e+06 	
9.12470393e+07 	 1.000000e-20 	 1.964718e+06 	
1.00417645e+08 	 1.000000e-20 	 1.872661e+06 	
1.10509924e+08 	 1.000000e-20 	 1.784935e+06 	
1.21616508e+08 	 1.000000e-20 	 1.701333e+06 	
1.33839337e+08 	 1.000000e-20 	 1.621659e+06 	
1.47290598e+08 	 1.000000e-20 	 1.545728e+06 	
1.62093752e+08 	 1.000000e-20 	 1.473362e+06 	
1.78384667e+08 	 1.000000e-20 	 1.404392e+06 	
1.96312870e+08 	 1.000000e-20 	 1.338658e+06 	
2.16042911e+08 	 1.000000e-20 	 1.276007e+06 	
2.37755881e+08 	 1.000000e-20 	 1.216293e+06 	
2.61651072e+08 	 1.000000e-20 	 1.159378e+06 	
2.87947801e+08 	 1.000000e-20 	 1.105131e+06 	
3.16887432e+08 	 1.000000e-20 	 1.053425e+06 	
3.48735584e+08 	 1.000000e-20 	 1.004142e+06 	
3.83784572e+08 	 1.000000e-20 	 9.571669e+05 	
4.22356091e+08 	 1.000000e-20 	 9.123917e+05 	
4.64804164e+08 	 1.000000e-20 	 8.697129e+05 	
5.11518398e+08 	 1.000000e-20 	 8.290322e+05 	
5.62927555e+08 	 1.000000e-20 	 7.902559e+05 	
6.19503489e+08 	 1.000000e-20 	 7.532945e+05 	
6.81765476e+08 	 1.000000e-20 	 7.180629e+05 	
7.50284982e+08 	 1.000000e-20 	 6.844801e+05 	
8.25690908e+08 	 1.000000e-20 	 6.524687e+05 	
9.08675359e+08 	 1.000000e-20 	 6.219552e+05 	
1.00000000e+09 	 1.000000e-20 	 5.928692e+05 	
