r (cm)        	 rho (g/cm3) 	 T (K)       		 Linf = 2.640753e+38
1.29999320e+06 	 8.734691e+04 	 1.118544e+09 	
1.30013544e+06 	 7.706969e+04 	 1.083310e+09 	
1.30030377e+06 	 6.622111e+04 	 1.042111e+09 	
1.30047209e+06 	 5.667045e+04 	 1.001467e+09 	
1.30060918e+06 	 4.976464e+04 	 9.687864e+08 	
1.30074628e+06 	 4.357464e+04 	 9.364988e+08 	
1.30088337e+06 	 3.804114e+04 	 9.046157e+08 	
1.30102047e+06 	 3.310830e+04 	 8.731490e+08 	
1.30115756e+06 	 2.872363e+04 	 8.421113e+08 	
1.30129279e+06 	 2.488765e+04 	 8.119287e+08 	
1.30142802e+06 	 2.149291e+04 	 7.821886e+08 	
1.30156325e+06 	 1.849811e+04 	 7.529040e+08 	
1.30167494e+06 	 1.629863e+04 	 7.290684e+08 	
1.30178664e+06 	 1.432539e+04 	 7.055603e+08 	
1.30189833e+06 	 1.255933e+04 	 6.823874e+08 	
1.30201003e+06 	 1.098254e+04 	 6.595576e+08 	
1.30212173e+06 	 9.578304e+03 	 6.370789e+08 	
1.30223293e+06 	 8.336107e+03 	 6.150553e+08 	
1.30234414e+06 	 7.235060e+03 	 5.933958e+08 	
1.30245535e+06 	 6.261781e+03 	 5.721085e+08 	
1.30254679e+06 	 5.548415e+03 	 5.548889e+08 	
1.30263823e+06 	 4.906593e+03 	 5.379309e+08 	
1.30272968e+06 	 4.330287e+03 	 5.212392e+08 	
1.30282112e+06 	 3.813860e+03 	 5.048182e+08 	
1.30291256e+06 	 3.352050e+03 	 4.886724e+08 	
1.30300401e+06 	 2.939956e+03 	 4.728061e+08 	
1.30309601e+06 	 2.570920e+03 	 4.571301e+08 	
1.30318801e+06 	 2.243287e+03 	 4.417459e+08 	
1.30328001e+06 	 1.953075e+03 	 4.266579e+08 	
1.30335593e+06 	 1.739141e+03 	 4.144325e+08 	
1.30343185e+06 	 1.546263e+03 	 4.024139e+08 	
1.30350777e+06 	 1.372651e+03 	 3.906043e+08 	
1.30358370e+06 	 1.216636e+03 	 3.790059e+08 	
1.30365962e+06 	 1.076670e+03 	 3.676208e+08 	
1.30373554e+06 	 9.513118e+02 	 3.564509e+08 	
1.30381146e+06 	 8.392287e+02 	 3.454980e+08 	
1.30389002e+06 	 7.359193e+02 	 3.343957e+08 	
1.30396857e+06 	 6.442416e+02 	 3.235295e+08 	
1.30403323e+06 	 5.766916e+02 	 3.147642e+08 	
1.30409789e+06 	 5.156391e+02 	 3.061609e+08 	
1.30416254e+06 	 4.605298e+02 	 2.977202e+08 	
1.30422720e+06 	 4.108490e+02 	 2.894430e+08 	
1.30429185e+06 	 3.661196e+02 	 2.813298e+08 	
1.30435651e+06 	 3.259000e+02 	 2.733810e+08 	
1.30442117e+06 	 2.897823e+02 	 2.655973e+08 	
1.30448582e+06 	 2.573897e+02 	 2.579788e+08 	
1.30455048e+06 	 2.283756e+02 	 2.505258e+08 	
1.30461881e+06 	 2.010318e+02 	 2.428295e+08 	
1.30467534e+06 	 1.807434e+02 	 2.366011e+08 	
1.30473188e+06 	 1.623780e+02 	 2.304994e+08 	
1.30478842e+06 	 1.457693e+02 	 2.245241e+08 	
1.30484496e+06 	 1.307636e+02 	 2.186751e+08 	
1.30490150e+06 	 1.172190e+02 	 2.129521e+08 	
1.30495803e+06 	 1.050047e+02 	 2.073547e+08 	
1.30501457e+06 	 9.400001e+01 	 2.018826e+08 	
1.30507111e+06 	 8.409427e+01 	 1.965353e+08 	
1.30512765e+06 	 7.518565e+01 	 1.913122e+08 	
1.30518418e+06 	 6.718081e+01 	 1.862126e+08 	
1.30524072e+06 	 5.999422e+01 	 1.812360e+08 	
1.30529726e+06 	 5.354766e+01 	 1.763814e+08 	
1.30534950e+06 	 4.818642e+01 	 1.720033e+08 	
1.30540175e+06 	 4.334437e+01 	 1.677280e+08 	
1.30545399e+06 	 3.897411e+01 	 1.635547e+08 	
1.30550624e+06 	 3.503221e+01 	 1.594826e+08 	
1.30555848e+06 	 3.147887e+01 	 1.555109e+08 	
1.30561073e+06 	 2.827771e+01 	 1.516385e+08 	
1.30566297e+06 	 2.539548e+01 	 1.478646e+08 	
1.30571522e+06 	 2.280183e+01 	 1.441879e+08 	
1.30576746e+06 	 2.046909e+01 	 1.406076e+08 	
1.30581971e+06 	 1.837205e+01 	 1.371225e+08 	
1.30587195e+06 	 1.648778e+01 	 1.337313e+08 	
1.30592420e+06 	 1.479543e+01 	 1.304328e+08 	
1.30597644e+06 	 1.327609e+01 	 1.272259e+08 	
1.30602869e+06 	 1.191257e+01 	 1.241091e+08 	
1.30608093e+06 	 1.068933e+01 	 1.210812e+08 	
1.30613318e+06 	 9.592274e+00 	 1.181408e+08 	
1.30618542e+06 	 8.608660e+00 	 1.152865e+08 	
1.30624077e+06 	 7.677601e+00 	 1.123549e+08 	
1.30629612e+06 	 6.848622e+00 	 1.095166e+08 	
1.30635146e+06 	 6.110673e+00 	 1.067697e+08 	
1.30640681e+06 	 5.453855e+00 	 1.041124e+08 	
1.30646216e+06 	 4.869311e+00 	 1.015429e+08 	
1.30651750e+06 	 4.349118e+00 	 9.905929e+07 	
1.30657285e+06 	 3.886198e+00 	 9.665967e+07 	
1.30662820e+06 	 3.474233e+00 	 9.434214e+07 	
1.30668354e+06 	 3.107587e+00 	 9.210476e+07 	
1.30673889e+06 	 2.781234e+00 	 8.994559e+07 	
1.30679424e+06 	 2.490697e+00 	 8.786269e+07 	
1.30684958e+06 	 2.231991e+00 	 8.585409e+07 	
1.30690493e+06 	 2.001568e+00 	 8.391785e+07 	
1.30696028e+06 	 1.796275e+00 	 8.205199e+07 	
1.30702729e+06 	 1.577363e+00 	 7.988440e+07 	
1.30709429e+06 	 1.386823e+00 	 7.781367e+07 	
1.30716130e+06 	 1.220868e+00 	 7.583636e+07 	
1.30722831e+06 	 1.076221e+00 	 7.394908e+07 	
1.30729532e+06 	 9.500453e-01 	 7.214846e+07 	
1.30736233e+06 	 8.398857e-01 	 7.043117e+07 	
1.30742934e+06 	 7.436192e-01 	 6.879395e+07 	
1.30749634e+06 	 6.594094e-01 	 6.723356e+07 	
1.30756335e+06 	 5.856681e-01 	 6.574686e+07 	
1.30763036e+06 	 5.210216e-01 	 6.433075e+07 	
1.30771280e+06 	 4.522262e-01 	 6.268097e+07 	
1.30779524e+06 	 3.935228e-01 	 6.112798e+07 	
1.30787767e+06 	 3.433334e-01 	 5.966648e+07 	
1.30796011e+06 	 3.003365e-01 	 5.829136e+07 	
1.30804255e+06 	 2.634242e-01 	 5.699772e+07 	
1.30812498e+06 	 2.316672e-01 	 5.578082e+07 	
1.30822405e+06 	 1.992301e-01 	 5.441354e+07 	
1.30832313e+06 	 1.719980e-01 	 5.314315e+07 	
1.30842220e+06 	 1.490599e-01 	 5.196260e+07 	
1.30852127e+06 	 1.296739e-01 	 5.086528e+07 	
1.30863764e+06 	 1.106281e-01 	 4.967436e+07 	
1.30875401e+06 	 9.486216e-02 	 4.858040e+07 	
1.30887037e+06 	 8.174990e-02 	 4.757484e+07 	
1.30901109e+06 	 6.873537e-02 	 4.646570e+07 	
1.30915181e+06 	 5.819162e-02 	 4.546166e+07 	
1.30929253e+06 	 4.959267e-02 	 4.455139e+07 	
1.30945262e+06 	 4.166453e-02 	 4.361703e+07 	
1.30961271e+06 	 3.527920e-02 	 4.277785e+07 	
1.30979524e+06 	 2.944947e-02 	 4.192255e+07 	
1.30997777e+06 	 2.480755e-02 	 4.116134e+07 	
1.31018571e+06 	 2.061658e-02 	 4.039281e+07 	
1.31039366e+06 	 1.731052e-02 	 3.971435e+07 	
1.31063095e+06 	 1.434572e-02 	 3.903341e+07 	
1.31086825e+06 	 1.202461e-02 	 3.843649e+07 	
1.31113647e+06 	 9.973799e-03 	 3.784645e+07 	
1.31140468e+06 	 8.373216e-03 	 3.733141e+07 	
1.31173915e+06 	 6.835582e-03 	 3.677558e+07 	
1.31207361e+06 	 5.665491e-03 	 3.629814e+07 	
1.31240808e+06 	 4.759520e-03 	 3.588436e+07 	
1.31283635e+06 	 3.874771e-03 	 3.542947e+07 	
1.31326462e+06 	 3.209406e-03 	 3.504195e+07 	
1.31369289e+06 	 2.698803e-03 	 3.470807e+07 	
1.31425470e+06 	 2.193419e-03 	 3.433434e+07 	
1.31481651e+06 	 1.817985e-03 	 3.401786e+07 	
1.31537833e+06 	 1.532497e-03 	 3.374609e+07 	
1.31616720e+06 	 1.235386e-03 	 3.342275e+07 	
1.31695606e+06 	 1.020167e-03 	 3.315142e+07 	
1.31774493e+06 	 8.596994e-04 	 3.291957e+07 	
1.31864245e+06 	 7.224984e-04 	 3.269258e+07 	
1.31953997e+06 	 6.187333e-04 	 3.249595e+07 	
1.32043749e+06 	 5.384334e-04 	 3.232304e+07 	
1.32176914e+06 	 4.491009e-04 	 3.210014e+07 	
1.32310078e+06 	 3.839441e-04 	 3.190784e+07 	
1.32443243e+06 	 3.349717e-04 	 3.173861e+07 	
1.32632822e+06 	 2.838089e-04 	 3.152743e+07 	
1.32822402e+06 	 2.470403e-04 	 3.134223e+07 	
1.33070486e+06 	 2.126922e-04 	 3.112814e+07 	
1.33318570e+06 	 1.883336e-04 	 3.093722e+07 	
1.33566654e+06 	 1.704175e-04 	 3.076314e+07 	
1.33920470e+06 	 1.520337e-04 	 3.053587e+07 	
1.34274287e+06 	 1.390451e-04 	 3.032633e+07 	
1.34628103e+06 	 1.294865e-04 	 3.012941e+07 	
1.35191433e+06 	 1.186549e-04 	 2.983410e+07 	
1.35479217e+06 	 1.144804e-04 	 2.968956e+07 	
1.36170612e+06 	 1.067450e-04 	 2.935457e+07 	
1.36699360e+06 	 1.022366e-04 	 2.910710e+07 	
1.37654798e+06 	 9.580936e-05 	 2.867338e+07 	
1.38610236e+06 	 9.061534e-05 	 2.825258e+07 	
1.39565674e+06 	 8.608978e-05 	 2.784193e+07 	
1.41387564e+06 	 7.849205e-05 	 2.708247e+07 	
1.42458929e+06 	 7.444240e-05 	 2.664889e+07 	
1.43530295e+06 	 7.063117e-05 	 2.622434e+07 	
1.44108860e+06 	 6.866176e-05 	 2.599871e+07 	
1.44800000e+06 	 6.638543e-05 	 2.573242e+07 	
1.45600000e+06 	 6.384748e-05 	 2.542852e+07 	
1.46400000e+06 	 6.140967e-05 	 2.512917e+07 	
1.47200000e+06 	 5.906606e-05 	 2.483427e+07 	
1.48000000e+06 	 5.681243e-05 	 2.454373e+07 	
1.48800000e+06 	 5.464461e-05 	 2.425745e+07 	
1.49600000e+06 	 5.255882e-05 	 2.397534e+07 	
1.50400000e+06 	 5.055179e-05 	 2.369732e+07 	
1.51200000e+06 	 4.861958e-05 	 2.342331e+07 	
1.52000000e+06 	 4.675894e-05 	 2.315323e+07 	
1.52800000e+06 	 4.496675e-05 	 2.288699e+07 	
1.53600000e+06 	 4.324009e-05 	 2.262452e+07 	
1.54400000e+06 	 4.157619e-05 	 2.236574e+07 	
1.55200000e+06 	 3.997230e-05 	 2.211059e+07 	
1.56000000e+06 	 3.842584e-05 	 2.185900e+07 	
1.56800000e+06 	 3.693435e-05 	 2.161088e+07 	
1.57600000e+06 	 3.549552e-05 	 2.136619e+07 	
1.58400000e+06 	 3.410707e-05 	 2.112485e+07 	
1.60000000e+06 	 3.147281e-05 	 2.065198e+07 	
1.60050050e+06 	 3.139334e-05 	 2.063739e+07 	
1.60100100e+06 	 3.131405e-05 	 2.062282e+07 	
1.60150150e+06 	 3.123492e-05 	 2.060826e+07 	
1.60200200e+06 	 3.115597e-05 	 2.059371e+07 	
1.60250250e+06 	 3.107719e-05 	 2.057917e+07 	
1.60300300e+06 	 3.099858e-05 	 2.056465e+07 	
1.60350350e+06 	 3.092014e-05 	 2.055014e+07 	
1.60400400e+06 	 3.084187e-05 	 2.053564e+07 	
1.60450450e+06 	 3.076377e-05 	 2.052115e+07 	
1.60500501e+06 	 3.068584e-05 	 2.050668e+07 	
1.60550551e+06 	 3.060808e-05 	 2.049222e+07 	
1.60600601e+06 	 3.053048e-05 	 2.047777e+07 	
1.60650651e+06 	 3.045305e-05 	 2.046333e+07 	
1.60700701e+06 	 3.037579e-05 	 2.044891e+07 	
1.60750751e+06 	 3.029869e-05 	 2.043449e+07 	
1.60800801e+06 	 3.022176e-05 	 2.042009e+07 	
1.60850851e+06 	 3.014500e-05 	 2.040570e+07 	
1.60900901e+06 	 3.006840e-05 	 2.039133e+07 	
1.60950951e+06 	 2.999196e-05 	 2.037696e+07 	
1.61001001e+06 	 2.991569e-05 	 2.036261e+07 	
1.61051051e+06 	 2.983959e-05 	 2.034827e+07 	
1.61101101e+06 	 2.976364e-05 	 2.033394e+07 	
1.61151151e+06 	 2.968786e-05 	 2.031963e+07 	
1.61201201e+06 	 2.961224e-05 	 2.030532e+07 	
1.61251251e+06 	 2.953679e-05 	 2.029103e+07 	
1.61301301e+06 	 2.946149e-05 	 2.027675e+07 	
1.61351351e+06 	 2.938636e-05 	 2.026248e+07 	
1.61401401e+06 	 2.931138e-05 	 2.024823e+07 	
1.61451451e+06 	 2.923657e-05 	 2.023398e+07 	
1.61501502e+06 	 2.916192e-05 	 2.021975e+07 	
1.61551552e+06 	 2.908742e-05 	 2.020553e+07 	
1.61601602e+06 	 2.901309e-05 	 2.019133e+07 	
1.61651652e+06 	 2.893891e-05 	 2.017713e+07 	
1.61701702e+06 	 2.886489e-05 	 2.016295e+07 	
1.61751752e+06 	 2.879103e-05 	 2.014877e+07 	
1.61801802e+06 	 2.871733e-05 	 2.013461e+07 	
1.61851852e+06 	 2.864378e-05 	 2.012047e+07 	
1.61901902e+06 	 2.857040e-05 	 2.010633e+07 	
1.61951952e+06 	 2.849716e-05 	 2.009221e+07 	
1.62002002e+06 	 2.842408e-05 	 2.007809e+07 	
1.62052052e+06 	 2.835116e-05 	 2.006399e+07 	
1.62102102e+06 	 2.827839e-05 	 2.004990e+07 	
1.62152152e+06 	 2.820578e-05 	 2.003583e+07 	
1.62202202e+06 	 2.813332e-05 	 2.002176e+07 	
1.62252252e+06 	 2.806101e-05 	 2.000771e+07 	
1.62302302e+06 	 2.798886e-05 	 1.999367e+07 	
1.62352352e+06 	 2.791686e-05 	 1.997964e+07 	
1.62402402e+06 	 2.784501e-05 	 1.996562e+07 	
1.62452452e+06 	 2.777332e-05 	 1.995161e+07 	
1.62502503e+06 	 2.770177e-05 	 1.993762e+07 	
1.62552553e+06 	 2.763038e-05 	 1.992364e+07 	
1.62602603e+06 	 2.755914e-05 	 1.990966e+07 	
1.62652653e+06 	 2.748804e-05 	 1.989571e+07 	
1.62702703e+06 	 2.741710e-05 	 1.988176e+07 	
1.62752753e+06 	 2.734631e-05 	 1.986782e+07 	
1.62802803e+06 	 2.727566e-05 	 1.985390e+07 	
1.62852853e+06 	 2.720516e-05 	 1.983998e+07 	
1.62902903e+06 	 2.713482e-05 	 1.982608e+07 	
1.62952953e+06 	 2.706461e-05 	 1.981219e+07 	
1.63003003e+06 	 2.699456e-05 	 1.979832e+07 	
1.63053053e+06 	 2.692465e-05 	 1.978445e+07 	
1.63103103e+06 	 2.685489e-05 	 1.977059e+07 	
1.63153153e+06 	 2.678528e-05 	 1.975675e+07 	
1.63203203e+06 	 2.671581e-05 	 1.974292e+07 	
1.63253253e+06 	 2.664648e-05 	 1.972910e+07 	
1.63303303e+06 	 2.657730e-05 	 1.971529e+07 	
1.63353353e+06 	 2.650827e-05 	 1.970149e+07 	
1.63403403e+06 	 2.643938e-05 	 1.968771e+07 	
1.63453453e+06 	 2.637063e-05 	 1.967393e+07 	
1.63503504e+06 	 2.630202e-05 	 1.966017e+07 	
1.63553554e+06 	 2.623356e-05 	 1.964642e+07 	
1.63603604e+06 	 2.616524e-05 	 1.963268e+07 	
1.63653654e+06 	 2.609706e-05 	 1.961895e+07 	
1.63703704e+06 	 2.602902e-05 	 1.960523e+07 	
1.63753754e+06 	 2.596113e-05 	 1.959153e+07 	
1.63803804e+06 	 2.589337e-05 	 1.957783e+07 	
1.63853854e+06 	 2.582576e-05 	 1.956415e+07 	
1.63903904e+06 	 2.575828e-05 	 1.955048e+07 	
1.63953954e+06 	 2.569095e-05 	 1.953682e+07 	
1.64004004e+06 	 2.562375e-05 	 1.952317e+07 	
1.64054054e+06 	 2.555669e-05 	 1.950953e+07 	
1.64104104e+06 	 2.548978e-05 	 1.949591e+07 	
1.64154154e+06 	 2.542300e-05 	 1.948229e+07 	
1.64204204e+06 	 2.535635e-05 	 1.946869e+07 	
1.64254254e+06 	 2.528985e-05 	 1.945510e+07 	
1.64304304e+06 	 2.522348e-05 	 1.944152e+07 	
1.64354354e+06 	 2.515725e-05 	 1.942795e+07 	
1.64404404e+06 	 2.509115e-05 	 1.941439e+07 	
1.64454454e+06 	 2.502519e-05 	 1.940084e+07 	
1.64504505e+06 	 2.495937e-05 	 1.938730e+07 	
1.64554555e+06 	 2.489368e-05 	 1.937378e+07 	
1.64604605e+06 	 2.482812e-05 	 1.936027e+07 	
1.64654655e+06 	 2.476270e-05 	 1.934676e+07 	
1.64704705e+06 	 2.469741e-05 	 1.933327e+07 	
1.64754755e+06 	 2.463226e-05 	 1.931979e+07 	
1.64804805e+06 	 2.456724e-05 	 1.930632e+07 	
1.64854855e+06 	 2.450236e-05 	 1.929286e+07 	
1.64904905e+06 	 2.443760e-05 	 1.927942e+07 	
1.64954955e+06 	 2.437298e-05 	 1.926598e+07 	
1.65005005e+06 	 2.430849e-05 	 1.925256e+07 	
1.65055055e+06 	 2.424413e-05 	 1.923914e+07 	
1.65105105e+06 	 2.417990e-05 	 1.922574e+07 	
1.65155155e+06 	 2.411580e-05 	 1.921235e+07 	
1.65205205e+06 	 2.405184e-05 	 1.919897e+07 	
1.65255255e+06 	 2.398800e-05 	 1.918560e+07 	
1.65305305e+06 	 2.392429e-05 	 1.917224e+07 	
1.65355355e+06 	 2.386071e-05 	 1.915890e+07 	
1.65405405e+06 	 2.379726e-05 	 1.914556e+07 	
1.65455455e+06 	 2.373394e-05 	 1.913223e+07 	
1.65505506e+06 	 2.367074e-05 	 1.911892e+07 	
1.65555556e+06 	 2.360768e-05 	 1.910562e+07 	
1.65605606e+06 	 2.354474e-05 	 1.909232e+07 	
1.65655656e+06 	 2.348192e-05 	 1.907904e+07 	
1.65705706e+06 	 2.341924e-05 	 1.906577e+07 	
1.65755756e+06 	 2.335668e-05 	 1.905251e+07 	
1.65805806e+06 	 2.329424e-05 	 1.903926e+07 	
1.65855856e+06 	 2.323193e-05 	 1.902603e+07 	
1.65905906e+06 	 2.316975e-05 	 1.901280e+07 	
1.65955956e+06 	 2.310769e-05 	 1.899958e+07 	
1.66006006e+06 	 2.304575e-05 	 1.898638e+07 	
1.66056056e+06 	 2.298394e-05 	 1.897319e+07 	
1.66106106e+06 	 2.292225e-05 	 1.896000e+07 	
1.66156156e+06 	 2.286069e-05 	 1.894683e+07 	
1.66206206e+06 	 2.279925e-05 	 1.893367e+07 	
1.66256256e+06 	 2.273793e-05 	 1.892052e+07 	
1.66306306e+06 	 2.267673e-05 	 1.890738e+07 	
1.66356356e+06 	 2.261565e-05 	 1.889425e+07 	
1.66406406e+06 	 2.255470e-05 	 1.888113e+07 	
1.66456456e+06 	 2.249387e-05 	 1.886802e+07 	
1.66506507e+06 	 2.243315e-05 	 1.885492e+07 	
1.66556557e+06 	 2.237256e-05 	 1.884184e+07 	
1.66606607e+06 	 2.231209e-05 	 1.882876e+07 	
1.66656657e+06 	 2.225286e-05 	 1.881568e+07 	
1.66706707e+06 	 2.219266e-05 	 1.880262e+07 	
1.66756757e+06 	 2.213258e-05 	 1.878958e+07 	
1.66806807e+06 	 2.207263e-05 	 1.877654e+07 	
1.66856857e+06 	 2.201279e-05 	 1.876352e+07 	
1.66906907e+06 	 2.195306e-05 	 1.875051e+07 	
1.66956957e+06 	 2.189346e-05 	 1.873751e+07 	
1.67007007e+06 	 2.183398e-05 	 1.872452e+07 	
1.67057057e+06 	 2.177461e-05 	 1.871154e+07 	
1.67107107e+06 	 2.171536e-05 	 1.869857e+07 	
1.67157157e+06 	 2.165623e-05 	 1.868561e+07 	
1.67207207e+06 	 2.159722e-05 	 1.867266e+07 	
1.67257257e+06 	 2.153832e-05 	 1.865972e+07 	
1.67307307e+06 	 2.147954e-05 	 1.864679e+07 	
1.67357357e+06 	 2.142087e-05 	 1.863388e+07 	
1.67407407e+06 	 2.136233e-05 	 1.862097e+07 	
1.67457457e+06 	 2.130389e-05 	 1.860808e+07 	
1.67507508e+06 	 2.124557e-05 	 1.859519e+07 	
1.67557558e+06 	 2.118737e-05 	 1.858232e+07 	
1.67607608e+06 	 2.112928e-05 	 1.856945e+07 	
1.67657658e+06 	 2.107130e-05 	 1.855660e+07 	
1.67707708e+06 	 2.101238e-05 	 1.854378e+07 	
1.67757758e+06 	 2.095460e-05 	 1.853094e+07 	
1.67807808e+06 	 2.089693e-05 	 1.851812e+07 	
1.67857858e+06 	 2.083937e-05 	 1.850531e+07 	
1.67907908e+06 	 2.078193e-05 	 1.849251e+07 	
1.67957958e+06 	 2.072459e-05 	 1.847972e+07 	
1.68008008e+06 	 2.066737e-05 	 1.846694e+07 	
1.68058058e+06 	 2.061026e-05 	 1.845417e+07 	
1.68108108e+06 	 2.055326e-05 	 1.844141e+07 	
1.68158158e+06 	 2.049637e-05 	 1.842866e+07 	
1.68208208e+06 	 2.043958e-05 	 1.841592e+07 	
1.68258258e+06 	 2.038291e-05 	 1.840320e+07 	
1.68308308e+06 	 2.032635e-05 	 1.839048e+07 	
1.68358358e+06 	 2.026989e-05 	 1.837777e+07 	
1.68408408e+06 	 2.021354e-05 	 1.836507e+07 	
1.68458458e+06 	 2.015730e-05 	 1.835239e+07 	
1.68508509e+06 	 2.010117e-05 	 1.833971e+07 	
1.68558559e+06 	 2.004515e-05 	 1.832704e+07 	
1.68608609e+06 	 1.998923e-05 	 1.831439e+07 	
1.68658659e+06 	 1.993342e-05 	 1.830174e+07 	
1.68708709e+06 	 1.987771e-05 	 1.828911e+07 	
1.68758759e+06 	 1.982311e-05 	 1.827646e+07 	
1.68808809e+06 	 1.976765e-05 	 1.826385e+07 	
1.68858859e+06 	 1.971229e-05 	 1.825124e+07 	
1.68908909e+06 	 1.965704e-05 	 1.823865e+07 	
1.68958959e+06 	 1.960189e-05 	 1.822606e+07 	
1.69009009e+06 	 1.954685e-05 	 1.821349e+07 	
1.69059059e+06 	 1.949192e-05 	 1.820093e+07 	
1.69109109e+06 	 1.943709e-05 	 1.818837e+07 	
1.69159159e+06 	 1.938236e-05 	 1.817583e+07 	
1.69209209e+06 	 1.932774e-05 	 1.816330e+07 	
1.69259259e+06 	 1.927322e-05 	 1.815077e+07 	
1.69309309e+06 	 1.921880e-05 	 1.813826e+07 	
1.69359359e+06 	 1.916449e-05 	 1.812576e+07 	
1.69409409e+06 	 1.911027e-05 	 1.811326e+07 	
1.69459459e+06 	 1.905617e-05 	 1.810078e+07 	
1.69509510e+06 	 1.900216e-05 	 1.808831e+07 	
1.69559560e+06 	 1.894825e-05 	 1.807584e+07 	
1.69609610e+06 	 1.889445e-05 	 1.806339e+07 	
1.69659660e+06 	 1.884075e-05 	 1.805095e+07 	
1.69709710e+06 	 1.878715e-05 	 1.803852e+07 	
1.69759760e+06 	 1.873365e-05 	 1.802609e+07 	
1.69809810e+06 	 1.868118e-05 	 1.801366e+07 	
1.69859860e+06 	 1.862791e-05 	 1.800126e+07 	
1.69909910e+06 	 1.857474e-05 	 1.798887e+07 	
1.69959960e+06 	 1.852167e-05 	 1.797648e+07 	
1.70010010e+06 	 1.846870e-05 	 1.796411e+07 	
1.70060060e+06 	 1.841583e-05 	 1.795175e+07 	
1.70110110e+06 	 1.836305e-05 	 1.793939e+07 	
1.70160160e+06 	 1.831038e-05 	 1.792705e+07 	
1.70210210e+06 	 1.825780e-05 	 1.791472e+07 	
1.70260260e+06 	 1.820533e-05 	 1.790240e+07 	
1.70310310e+06 	 1.815295e-05 	 1.789008e+07 	
1.70360360e+06 	 1.810067e-05 	 1.787778e+07 	
1.70410410e+06 	 1.804849e-05 	 1.786549e+07 	
1.70460460e+06 	 1.799640e-05 	 1.785320e+07 	
1.70510511e+06 	 1.794442e-05 	 1.784093e+07 	
1.70560561e+06 	 1.789253e-05 	 1.782867e+07 	
1.70610611e+06 	 1.784073e-05 	 1.781641e+07 	
1.70660661e+06 	 1.778904e-05 	 1.780417e+07 	
1.70710711e+06 	 1.773743e-05 	 1.779193e+07 	
1.70760761e+06 	 1.768593e-05 	 1.777971e+07 	
1.70810811e+06 	 1.763452e-05 	 1.776750e+07 	
1.70860861e+06 	 1.758320e-05 	 1.775529e+07 	
1.70910911e+06 	 1.753109e-05 	 1.774312e+07 	
1.70960961e+06 	 1.747994e-05 	 1.773093e+07 	
1.71011011e+06 	 1.742888e-05 	 1.771876e+07 	
1.71061061e+06 	 1.737791e-05 	 1.770659e+07 	
1.71111111e+06 	 1.732704e-05 	 1.769444e+07 	
1.71161161e+06 	 1.727627e-05 	 1.768229e+07 	
1.71211211e+06 	 1.722558e-05 	 1.767016e+07 	
1.71261261e+06 	 1.717499e-05 	 1.765803e+07 	
1.71311311e+06 	 1.712449e-05 	 1.764592e+07 	
1.71361361e+06 	 1.707408e-05 	 1.763381e+07 	
1.71411411e+06 	 1.702376e-05 	 1.762171e+07 	
1.71461461e+06 	 1.697353e-05 	 1.760963e+07 	
1.71511512e+06 	 1.692340e-05 	 1.759755e+07 	
1.71561562e+06 	 1.687335e-05 	 1.758548e+07 	
1.71611612e+06 	 1.682340e-05 	 1.757343e+07 	
1.71661662e+06 	 1.677354e-05 	 1.756138e+07 	
1.71711712e+06 	 1.672376e-05 	 1.754934e+07 	
1.71761762e+06 	 1.667408e-05 	 1.753731e+07 	
1.71811812e+06 	 1.662448e-05 	 1.752529e+07 	
1.71861862e+06 	 1.657498e-05 	 1.751329e+07 	
1.71911912e+06 	 1.652556e-05 	 1.750129e+07 	
1.71961962e+06 	 1.647540e-05 	 1.748932e+07 	
1.72012012e+06 	 1.642614e-05 	 1.747734e+07 	
1.72062062e+06 	 1.637696e-05 	 1.746537e+07 	
1.72112112e+06 	 1.632787e-05 	 1.745341e+07 	
1.72162162e+06 	 1.627887e-05 	 1.744146e+07 	
1.72212212e+06 	 1.622995e-05 	 1.742952e+07 	
1.72262262e+06 	 1.618112e-05 	 1.741759e+07 	
1.72312312e+06 	 1.613237e-05 	 1.740566e+07 	
1.72362362e+06 	 1.608371e-05 	 1.739375e+07 	
1.72412412e+06 	 1.603514e-05 	 1.738185e+07 	
1.72462462e+06 	 1.598665e-05 	 1.736996e+07 	
1.72512513e+06 	 1.593824e-05 	 1.735807e+07 	
1.72562563e+06 	 1.588992e-05 	 1.734620e+07 	
1.72612613e+06 	 1.584169e-05 	 1.733434e+07 	
1.72662663e+06 	 1.579353e-05 	 1.732248e+07 	
1.72712713e+06 	 1.574547e-05 	 1.731064e+07 	
1.72762763e+06 	 1.569748e-05 	 1.729880e+07 	
1.72812813e+06 	 1.564958e-05 	 1.728698e+07 	
1.72862863e+06 	 1.560176e-05 	 1.727516e+07 	
1.72912913e+06 	 1.555402e-05 	 1.726335e+07 	
1.72962963e+06 	 1.550636e-05 	 1.725156e+07 	
1.73013013e+06 	 1.545879e-05 	 1.723977e+07 	
1.73063063e+06 	 1.541209e-05 	 1.722797e+07 	
1.73113113e+06 	 1.536470e-05 	 1.721620e+07 	
1.73163163e+06 	 1.531739e-05 	 1.720444e+07 	
1.73213213e+06 	 1.527017e-05 	 1.719269e+07 	
1.73263263e+06 	 1.522302e-05 	 1.718095e+07 	
1.73313313e+06 	 1.517596e-05 	 1.716922e+07 	
1.73363363e+06 	 1.512898e-05 	 1.715750e+07 	
1.73413413e+06 	 1.508207e-05 	 1.714578e+07 	
1.73463463e+06 	 1.503525e-05 	 1.713408e+07 	
1.73513514e+06 	 1.498851e-05 	 1.712239e+07 	
1.73563564e+06 	 1.494184e-05 	 1.711070e+07 	
1.73613614e+06 	 1.489526e-05 	 1.709903e+07 	
1.73663664e+06 	 1.484875e-05 	 1.708736e+07 	
1.73713714e+06 	 1.480232e-05 	 1.707571e+07 	
1.73763764e+06 	 1.475597e-05 	 1.706406e+07 	
1.73813814e+06 	 1.470970e-05 	 1.705242e+07 	
1.73863864e+06 	 1.466350e-05 	 1.704080e+07 	
1.73913914e+06 	 1.461739e-05 	 1.702918e+07 	
1.73963964e+06 	 1.457135e-05 	 1.701757e+07 	
1.74014014e+06 	 1.452538e-05 	 1.700597e+07 	
1.74064064e+06 	 1.447950e-05 	 1.699438e+07 	
1.74114114e+06 	 1.443441e-05 	 1.698278e+07 	
1.74164164e+06 	 1.438870e-05 	 1.697121e+07 	
1.74214214e+06 	 1.434306e-05 	 1.695964e+07 	
1.74264264e+06 	 1.429750e-05 	 1.694809e+07 	
1.74314314e+06 	 1.425201e-05 	 1.693654e+07 	
1.74364364e+06 	 1.420660e-05 	 1.692501e+07 	
1.74414414e+06 	 1.416127e-05 	 1.691348e+07 	
1.74464464e+06 	 1.411601e-05 	 1.690197e+07 	
1.74514515e+06 	 1.407082e-05 	 1.689046e+07 	
1.74564565e+06 	 1.402571e-05 	 1.687896e+07 	
1.74614615e+06 	 1.398067e-05 	 1.686747e+07 	
1.74664665e+06 	 1.393571e-05 	 1.685599e+07 	
1.74714715e+06 	 1.389082e-05 	 1.684452e+07 	
1.74764765e+06 	 1.384601e-05 	 1.683306e+07 	
1.74814815e+06 	 1.380126e-05 	 1.682161e+07 	
1.74864865e+06 	 1.375659e-05 	 1.681017e+07 	
1.74914915e+06 	 1.371199e-05 	 1.679874e+07 	
1.74964965e+06 	 1.366747e-05 	 1.678731e+07 	
1.75015015e+06 	 1.362301e-05 	 1.677590e+07 	
1.75065065e+06 	 1.357863e-05 	 1.676449e+07 	
1.75115115e+06 	 1.353432e-05 	 1.675310e+07 	
1.75165165e+06 	 1.349008e-05 	 1.674171e+07 	
1.75215215e+06 	 1.344659e-05 	 1.673031e+07 	
1.75265265e+06 	 1.340251e-05 	 1.671894e+07 	
1.75315315e+06 	 1.335850e-05 	 1.670758e+07 	
1.75365365e+06 	 1.331457e-05 	 1.669623e+07 	
1.75415415e+06 	 1.327070e-05 	 1.668489e+07 	
1.75465465e+06 	 1.322690e-05 	 1.667356e+07 	
1.75515516e+06 	 1.318317e-05 	 1.666224e+07 	
1.75565566e+06 	 1.313952e-05 	 1.665092e+07 	
1.75615616e+06 	 1.309593e-05 	 1.663962e+07 	
1.75665666e+06 	 1.305241e-05 	 1.662832e+07 	
1.75715716e+06 	 1.300896e-05 	 1.661703e+07 	
1.75765766e+06 	 1.296558e-05 	 1.660576e+07 	
1.75815816e+06 	 1.292226e-05 	 1.659449e+07 	
1.75865866e+06 	 1.287902e-05 	 1.658323e+07 	
1.75915916e+06 	 1.283584e-05 	 1.657198e+07 	
1.75965966e+06 	 1.279273e-05 	 1.656074e+07 	
1.76016016e+06 	 1.274968e-05 	 1.654951e+07 	
1.76066066e+06 	 1.270671e-05 	 1.653828e+07 	
1.76116116e+06 	 1.266380e-05 	 1.652707e+07 	
1.76166166e+06 	 1.262095e-05 	 1.651586e+07 	
1.76216216e+06 	 1.257817e-05 	 1.650467e+07 	
1.76266266e+06 	 1.253546e-05 	 1.649348e+07 	
1.76316316e+06 	 1.249345e-05 	 1.648229e+07 	
1.76366366e+06 	 1.245089e-05 	 1.647112e+07 	
1.76416416e+06 	 1.240839e-05 	 1.645996e+07 	
1.76466466e+06 	 1.236596e-05 	 1.644881e+07 	
1.76516517e+06 	 1.232360e-05 	 1.643767e+07 	
1.76566567e+06 	 1.228130e-05 	 1.642653e+07 	
1.76616617e+06 	 1.223906e-05 	 1.641541e+07 	
1.76666667e+06 	 1.219689e-05 	 1.640429e+07 	
1.76716717e+06 	 1.215478e-05 	 1.639319e+07 	
1.76766767e+06 	 1.211273e-05 	 1.638209e+07 	
1.76816817e+06 	 1.207075e-05 	 1.637101e+07 	
1.76866867e+06 	 1.202884e-05 	 1.635993e+07 	
1.76916917e+06 	 1.198698e-05 	 1.634886e+07 	
1.76966967e+06 	 1.194519e-05 	 1.633780e+07 	
1.77017017e+06 	 1.190346e-05 	 1.632675e+07 	
1.77067067e+06 	 1.186179e-05 	 1.631570e+07 	
1.77117117e+06 	 1.182019e-05 	 1.630467e+07 	
1.77167167e+06 	 1.177865e-05 	 1.629365e+07 	
1.77217217e+06 	 1.173717e-05 	 1.628263e+07 	
1.77267267e+06 	 1.169575e-05 	 1.627163e+07 	
1.77317317e+06 	 1.165439e-05 	 1.626063e+07 	
1.77367367e+06 	 1.161309e-05 	 1.624964e+07 	
1.77417417e+06 	 1.157245e-05 	 1.623864e+07 	
1.77467467e+06 	 1.153129e-05 	 1.622767e+07 	
1.77517518e+06 	 1.149019e-05 	 1.621671e+07 	
1.77567568e+06 	 1.144915e-05 	 1.620576e+07 	
1.77617618e+06 	 1.140817e-05 	 1.619481e+07 	
1.77667668e+06 	 1.136725e-05 	 1.618388e+07 	
1.77717718e+06 	 1.132639e-05 	 1.617295e+07 	
1.77767768e+06 	 1.128559e-05 	 1.616204e+07 	
1.77817818e+06 	 1.124485e-05 	 1.615113e+07 	
1.77867868e+06 	 1.120417e-05 	 1.614023e+07 	
1.77917918e+06 	 1.116355e-05 	 1.612934e+07 	
1.77967968e+06 	 1.112298e-05 	 1.611846e+07 	
1.78018018e+06 	 1.108248e-05 	 1.610759e+07 	
1.78068068e+06 	 1.104203e-05 	 1.609672e+07 	
1.78118118e+06 	 1.100164e-05 	 1.608587e+07 	
1.78168168e+06 	 1.096130e-05 	 1.607502e+07 	
1.78218218e+06 	 1.092103e-05 	 1.606419e+07 	
1.78268268e+06 	 1.088081e-05 	 1.605336e+07 	
1.78318318e+06 	 1.084065e-05 	 1.604254e+07 	
1.78368368e+06 	 1.080054e-05 	 1.603173e+07 	
1.78418418e+06 	 1.076049e-05 	 1.602093e+07 	
1.78468468e+06 	 1.072050e-05 	 1.601014e+07 	
1.78518519e+06 	 1.068001e-05 	 1.599938e+07 	
1.78568569e+06 	 1.064012e-05 	 1.598860e+07 	
1.78618619e+06 	 1.060028e-05 	 1.597784e+07 	
1.78668669e+06 	 1.056049e-05 	 1.596708e+07 	
1.78718719e+06 	 1.052076e-05 	 1.595634e+07 	
1.78768769e+06 	 1.048108e-05 	 1.594560e+07 	
1.78818819e+06 	 1.044145e-05 	 1.593487e+07 	
1.78868869e+06 	 1.040188e-05 	 1.592415e+07 	
1.78918919e+06 	 1.036236e-05 	 1.591344e+07 	
1.78968969e+06 	 1.032290e-05 	 1.590274e+07 	
1.79019019e+06 	 1.028349e-05 	 1.589205e+07 	
1.79069069e+06 	 1.024413e-05 	 1.588136e+07 	
1.79119119e+06 	 1.020482e-05 	 1.587069e+07 	
1.79169169e+06 	 1.016557e-05 	 1.586002e+07 	
1.79219219e+06 	 1.012637e-05 	 1.584937e+07 	
1.79269269e+06 	 1.008722e-05 	 1.583872e+07 	
1.79319319e+06 	 1.004812e-05 	 1.582808e+07 	
1.79369369e+06 	 1.000907e-05 	 1.581745e+07 	
1.79419419e+06 	 9.970079e-06 	 1.580683e+07 	
1.79469469e+06 	 9.931134e-06 	 1.579622e+07 	
1.79519520e+06 	 9.892239e-06 	 1.578562e+07 	
1.79569570e+06 	 9.853395e-06 	 1.577502e+07 	
1.79619620e+06 	 9.814099e-06 	 1.576446e+07 	
1.79669670e+06 	 9.775341e-06 	 1.575388e+07 	
1.79719720e+06 	 9.736632e-06 	 1.574332e+07 	
1.79769770e+06 	 9.697972e-06 	 1.573276e+07 	
1.79819820e+06 	 9.659361e-06 	 1.572221e+07 	
1.79869870e+06 	 9.620798e-06 	 1.571167e+07 	
1.79919920e+06 	 9.582283e-06 	 1.570114e+07 	
1.79969970e+06 	 9.543816e-06 	 1.569062e+07 	
1.80020020e+06 	 9.505397e-06 	 1.568011e+07 	
1.80070070e+06 	 9.467026e-06 	 1.566961e+07 	
1.80120120e+06 	 9.428701e-06 	 1.565911e+07 	
1.80170170e+06 	 9.390423e-06 	 1.564863e+07 	
1.80220220e+06 	 9.352192e-06 	 1.563815e+07 	
1.80270270e+06 	 9.314008e-06 	 1.562768e+07 	
1.80320320e+06 	 9.275869e-06 	 1.561723e+07 	
1.80370370e+06 	 9.237777e-06 	 1.560678e+07 	
1.80420420e+06 	 9.199730e-06 	 1.559634e+07 	
1.80470470e+06 	 9.161728e-06 	 1.558591e+07 	
1.80520521e+06 	 9.123772e-06 	 1.557549e+07 	
1.80570571e+06 	 9.085860e-06 	 1.556507e+07 	
1.80620621e+06 	 9.047993e-06 	 1.555467e+07 	
1.80670671e+06 	 9.010170e-06 	 1.554428e+07 	
1.80720721e+06 	 8.972849e-06 	 1.553387e+07 	
1.80770771e+06 	 8.935126e-06 	 1.552350e+07 	
1.80820821e+06 	 8.897448e-06 	 1.551313e+07 	
1.80870871e+06 	 8.859813e-06 	 1.550277e+07 	
1.80920921e+06 	 8.822222e-06 	 1.549242e+07 	
1.80970971e+06 	 8.784673e-06 	 1.548208e+07 	
1.81021021e+06 	 8.747168e-06 	 1.547175e+07 	
1.81071071e+06 	 8.709705e-06 	 1.546143e+07 	
1.81121121e+06 	 8.672285e-06 	 1.545112e+07 	
1.81171171e+06 	 8.634907e-06 	 1.544082e+07 	
1.81221221e+06 	 8.597570e-06 	 1.543052e+07 	
1.81271271e+06 	 8.560276e-06 	 1.542024e+07 	
1.81321321e+06 	 8.523022e-06 	 1.540996e+07 	
1.81371371e+06 	 8.485810e-06 	 1.539969e+07 	
1.81421421e+06 	 8.448639e-06 	 1.538944e+07 	
1.81471471e+06 	 8.411508e-06 	 1.537919e+07 	
1.81521522e+06 	 8.374418e-06 	 1.536895e+07 	
1.81571572e+06 	 8.337368e-06 	 1.535872e+07 	
1.81621622e+06 	 8.300357e-06 	 1.534850e+07 	
1.81671672e+06 	 8.263387e-06 	 1.533829e+07 	
1.81721722e+06 	 8.226455e-06 	 1.532809e+07 	
1.81771772e+06 	 8.189563e-06 	 1.531790e+07 	
1.81821822e+06 	 8.152297e-06 	 1.530773e+07 	
1.81871872e+06 	 8.115471e-06 	 1.529756e+07 	
1.81921922e+06 	 8.078683e-06 	 1.528740e+07 	
1.81971972e+06 	 8.041934e-06 	 1.527724e+07 	
1.82022022e+06 	 8.005221e-06 	 1.526710e+07 	
1.82072072e+06 	 7.968546e-06 	 1.525696e+07 	
1.82122122e+06 	 7.931909e-06 	 1.524684e+07 	
1.82172172e+06 	 7.895308e-06 	 1.523672e+07 	
1.82222222e+06 	 7.858743e-06 	 1.522662e+07 	
1.82272272e+06 	 7.822215e-06 	 1.521652e+07 	
1.82322322e+06 	 7.785723e-06 	 1.520643e+07 	
1.82372372e+06 	 7.749267e-06 	 1.519635e+07 	
1.82422422e+06 	 7.712846e-06 	 1.518628e+07 	
1.82472472e+06 	 7.676461e-06 	 1.517622e+07 	
1.82522523e+06 	 7.640111e-06 	 1.516617e+07 	
1.82572573e+06 	 7.603795e-06 	 1.515613e+07 	
1.82622623e+06 	 7.567514e-06 	 1.514610e+07 	
1.82672673e+06 	 7.531268e-06 	 1.513608e+07 	
1.82722723e+06 	 7.495055e-06 	 1.512607e+07 	
1.82772773e+06 	 7.458877e-06 	 1.511607e+07 	
1.82822823e+06 	 7.422732e-06 	 1.510608e+07 	
1.82872873e+06 	 7.386620e-06 	 1.509610e+07 	
1.82922923e+06 	 7.350912e-06 	 1.508611e+07 	
1.82972973e+06 	 7.314876e-06 	 1.507615e+07 	
1.83023023e+06 	 7.278873e-06 	 1.506619e+07 	
1.83073073e+06 	 7.242903e-06 	 1.505625e+07 	
1.83123123e+06 	 7.206965e-06 	 1.504632e+07 	
1.83173173e+06 	 7.171059e-06 	 1.503639e+07 	
1.83223223e+06 	 7.135185e-06 	 1.502648e+07 	
1.83273273e+06 	 7.099343e-06 	 1.501657e+07 	
1.83323323e+06 	 7.063532e-06 	 1.500668e+07 	
1.83373373e+06 	 7.027752e-06 	 1.499680e+07 	
1.83423423e+06 	 6.992004e-06 	 1.498692e+07 	
1.83473473e+06 	 6.956286e-06 	 1.497706e+07 	
1.83523524e+06 	 6.920599e-06 	 1.496721e+07 	
1.83573574e+06 	 6.884942e-06 	 1.495736e+07 	
1.83623624e+06 	 6.849316e-06 	 1.494753e+07 	
1.83673674e+06 	 6.813719e-06 	 1.493771e+07 	
1.83723724e+06 	 6.778152e-06 	 1.492789e+07 	
1.83773774e+06 	 6.742614e-06 	 1.491809e+07 	
1.83823824e+06 	 6.707106e-06 	 1.490830e+07 	
1.83873874e+06 	 6.671627e-06 	 1.489851e+07 	
1.83923924e+06 	 6.636177e-06 	 1.488874e+07 	
1.83973974e+06 	 6.600755e-06 	 1.487898e+07 	
1.84024024e+06 	 6.565033e-06 	 1.486925e+07 	
1.84074074e+06 	 6.529660e-06 	 1.485951e+07 	
1.84124124e+06 	 6.494314e-06 	 1.484978e+07 	
1.84174174e+06 	 6.458996e-06 	 1.484006e+07 	
1.84224224e+06 	 6.423706e-06 	 1.483035e+07 	
1.84274274e+06 	 6.388442e-06 	 1.482065e+07 	
1.84324324e+06 	 6.353206e-06 	 1.481096e+07 	
1.84374374e+06 	 6.317997e-06 	 1.480129e+07 	
1.84424424e+06 	 6.282814e-06 	 1.479162e+07 	
1.84474474e+06 	 6.247658e-06 	 1.478197e+07 	
1.84524525e+06 	 6.212529e-06 	 1.477232e+07 	
1.84574575e+06 	 6.177425e-06 	 1.476269e+07 	
1.84624625e+06 	 6.142348e-06 	 1.475306e+07 	
1.84674675e+06 	 6.107296e-06 	 1.474345e+07 	
1.84724725e+06 	 6.072270e-06 	 1.473385e+07 	
1.84774775e+06 	 6.037270e-06 	 1.472426e+07 	
1.84824825e+06 	 6.002295e-06 	 1.471468e+07 	
1.84874875e+06 	 5.967345e-06 	 1.470511e+07 	
1.84924925e+06 	 5.932421e-06 	 1.469556e+07 	
1.84974975e+06 	 5.897521e-06 	 1.468601e+07 	
1.85025025e+06 	 5.862647e-06 	 1.467648e+07 	
1.85075075e+06 	 5.827797e-06 	 1.466696e+07 	
1.85125125e+06 	 5.792971e-06 	 1.465744e+07 	
1.85175175e+06 	 5.757875e-06 	 1.464796e+07 	
1.85225225e+06 	 5.723091e-06 	 1.463848e+07 	
1.85275275e+06 	 5.688331e-06 	 1.462900e+07 	
1.85325325e+06 	 5.653595e-06 	 1.461954e+07 	
1.85375375e+06 	 5.618883e-06 	 1.461008e+07 	
1.85425425e+06 	 5.584195e-06 	 1.460064e+07 	
1.85475475e+06 	 5.549531e-06 	 1.459121e+07 	
1.85525526e+06 	 5.514890e-06 	 1.458180e+07 	
1.85575576e+06 	 5.480273e-06 	 1.457239e+07 	
1.85625626e+06 	 5.445679e-06 	 1.456300e+07 	
1.85675676e+06 	 5.411109e-06 	 1.455362e+07 	
1.85725726e+06 	 5.376562e-06 	 1.454425e+07 	
1.85775776e+06 	 5.342039e-06 	 1.453489e+07 	
1.85825826e+06 	 5.307539e-06 	 1.452554e+07 	
1.85875876e+06 	 5.273063e-06 	 1.451621e+07 	
1.85925926e+06 	 5.238609e-06 	 1.450689e+07 	
1.85975976e+06 	 5.204180e-06 	 1.449759e+07 	
1.86026026e+06 	 5.169773e-06 	 1.448829e+07 	
1.86076076e+06 	 5.135390e-06 	 1.447901e+07 	
1.86126126e+06 	 5.101030e-06 	 1.446974e+07 	
1.86176176e+06 	 5.066694e-06 	 1.446048e+07 	
1.86226226e+06 	 5.032381e-06 	 1.445124e+07 	
1.86276276e+06 	 4.998347e-06 	 1.444199e+07 	
1.86326326e+06 	 4.964088e-06 	 1.443277e+07 	
1.86376376e+06 	 4.929852e-06 	 1.442357e+07 	
1.86426426e+06 	 4.895641e-06 	 1.441438e+07 	
1.86476476e+06 	 4.861453e-06 	 1.440520e+07 	
1.86526527e+06 	 4.827290e-06 	 1.439603e+07 	
1.86576577e+06 	 4.793151e-06 	 1.438688e+07 	
1.86626627e+06 	 4.759037e-06 	 1.437774e+07 	
1.86676677e+06 	 4.724947e-06 	 1.436862e+07 	
1.86726727e+06 	 4.690882e-06 	 1.435951e+07 	
1.86776777e+06 	 4.656842e-06 	 1.435041e+07 	
1.86826827e+06 	 4.622827e-06 	 1.434133e+07 	
1.86876877e+06 	 4.588837e-06 	 1.433226e+07 	
1.86926927e+06 	 4.554873e-06 	 1.432321e+07 	
1.86976977e+06 	 4.520935e-06 	 1.431417e+07 	
1.87027027e+06 	 4.487024e-06 	 1.430514e+07 	
1.87077077e+06 	 4.453138e-06 	 1.429613e+07 	
1.87127127e+06 	 4.419279e-06 	 1.428713e+07 	
1.87177177e+06 	 4.385448e-06 	 1.427815e+07 	
1.87227227e+06 	 4.351643e-06 	 1.426918e+07 	
1.87277277e+06 	 4.317867e-06 	 1.426023e+07 	
1.87327327e+06 	 4.284118e-06 	 1.425129e+07 	
1.87377377e+06 	 4.250614e-06 	 1.424235e+07 	
1.87427427e+06 	 4.216928e-06 	 1.423345e+07 	
1.87477477e+06 	 4.183271e-06 	 1.422455e+07 	
1.87527528e+06 	 4.149644e-06 	 1.421568e+07 	
1.87577578e+06 	 4.116048e-06 	 1.420682e+07 	
1.87627628e+06 	 4.082482e-06 	 1.419797e+07 	
1.87677678e+06 	 4.048948e-06 	 1.418914e+07 	
1.87727728e+06 	 4.015445e-06 	 1.418033e+07 	
1.87777778e+06 	 3.981975e-06 	 1.417153e+07 	
1.87827828e+06 	 3.948538e-06 	 1.416275e+07 	
1.87877878e+06 	 3.915134e-06 	 1.415399e+07 	
1.87927928e+06 	 3.881765e-06 	 1.414524e+07 	
1.87977978e+06 	 3.848431e-06 	 1.413651e+07 	
1.88028028e+06 	 3.815132e-06 	 1.412779e+07 	
1.88078078e+06 	 3.781869e-06 	 1.411910e+07 	
1.88128128e+06 	 3.748643e-06 	 1.411042e+07 	
1.88178178e+06 	 3.715455e-06 	 1.410175e+07 	
1.88228228e+06 	 3.682306e-06 	 1.409311e+07 	
1.88278278e+06 	 3.649195e-06 	 1.408448e+07 	
1.88328328e+06 	 3.616125e-06 	 1.407587e+07 	
1.88378378e+06 	 3.583096e-06 	 1.406728e+07 	
1.88428428e+06 	 3.550109e-06 	 1.405870e+07 	
1.88478478e+06 	 3.516987e-06 	 1.405017e+07 	
1.88528529e+06 	 3.484082e-06 	 1.404163e+07 	
1.88578579e+06 	 3.451222e-06 	 1.403311e+07 	
1.88628629e+06 	 3.418407e-06 	 1.402461e+07 	
1.88678679e+06 	 3.385640e-06 	 1.401613e+07 	
1.88728729e+06 	 3.352920e-06 	 1.400767e+07 	
1.88778779e+06 	 3.320248e-06 	 1.399922e+07 	
1.88828829e+06 	 3.287627e-06 	 1.399080e+07 	
1.88878879e+06 	 3.255057e-06 	 1.398240e+07 	
1.88928929e+06 	 3.222539e-06 	 1.397401e+07 	
1.88978979e+06 	 3.190075e-06 	 1.396565e+07 	
1.89029029e+06 	 3.157666e-06 	 1.395730e+07 	
1.89079079e+06 	 3.125313e-06 	 1.394898e+07 	
1.89129129e+06 	 3.093017e-06 	 1.394068e+07 	
1.89179179e+06 	 3.060780e-06 	 1.393240e+07 	
1.89229229e+06 	 3.028604e-06 	 1.392413e+07 	
1.89279279e+06 	 2.996489e-06 	 1.391589e+07 	
1.89329329e+06 	 2.964437e-06 	 1.390767e+07 	
1.89379379e+06 	 2.932450e-06 	 1.389948e+07 	
1.89429429e+06 	 2.900529e-06 	 1.389130e+07 	
1.89479479e+06 	 2.868676e-06 	 1.388315e+07 	
1.89529530e+06 	 2.836892e-06 	 1.387502e+07 	
1.89579580e+06 	 2.805322e-06 	 1.386689e+07 	
1.89629630e+06 	 2.773685e-06 	 1.385880e+07 	
1.89679680e+06 	 2.742123e-06 	 1.385074e+07 	
1.89729730e+06 	 2.710637e-06 	 1.384269e+07 	
1.89779780e+06 	 2.679229e-06 	 1.383467e+07 	
1.89829830e+06 	 2.647901e-06 	 1.382668e+07 	
1.89879880e+06 	 2.616655e-06 	 1.381871e+07 	
1.89929930e+06 	 2.585493e-06 	 1.381076e+07 	
1.89979980e+06 	 2.554417e-06 	 1.380284e+07 	
1.90030030e+06 	 2.523428e-06 	 1.379494e+07 	
1.90080080e+06 	 2.492529e-06 	 1.378706e+07 	
1.90130130e+06 	 2.461722e-06 	 1.377921e+07 	
1.90180180e+06 	 2.431009e-06 	 1.377139e+07 	
1.90230230e+06 	 2.400393e-06 	 1.376359e+07 	
1.90280280e+06 	 2.369874e-06 	 1.375581e+07 	
1.90330330e+06 	 2.339456e-06 	 1.374806e+07 	
1.90380380e+06 	 2.309141e-06 	 1.374034e+07 	
1.90430430e+06 	 2.278931e-06 	 1.373264e+07 	
1.90480480e+06 	 2.248829e-06 	 1.372497e+07 	
1.90530531e+06 	 2.218837e-06 	 1.371733e+07 	
1.90580581e+06 	 2.188956e-06 	 1.370971e+07 	
1.90630631e+06 	 2.159191e-06 	 1.370213e+07 	
1.90680681e+06 	 2.129434e-06 	 1.369458e+07 	
1.90730731e+06 	 2.099903e-06 	 1.368705e+07 	
1.90780781e+06 	 2.070494e-06 	 1.367954e+07 	
1.90830831e+06 	 2.041211e-06 	 1.367207e+07 	
1.90880881e+06 	 2.012054e-06 	 1.366462e+07 	
1.90930931e+06 	 1.983028e-06 	 1.365720e+07 	
1.90980981e+06 	 1.954134e-06 	 1.364981e+07 	
1.91031031e+06 	 1.925376e-06 	 1.364244e+07 	
1.91081081e+06 	 1.896755e-06 	 1.363511e+07 	
1.91131131e+06 	 1.868276e-06 	 1.362781e+07 	
1.91181181e+06 	 1.839940e-06 	 1.362054e+07 	
1.91231231e+06 	 1.811751e-06 	 1.361330e+07 	
1.91281281e+06 	 1.783710e-06 	 1.360608e+07 	
1.91331331e+06 	 1.755822e-06 	 1.359890e+07 	
1.91381381e+06 	 1.728089e-06 	 1.359175e+07 	
1.91431431e+06 	 1.700513e-06 	 1.358464e+07 	
1.91481481e+06 	 1.673098e-06 	 1.357755e+07 	
1.91531532e+06 	 1.645847e-06 	 1.357050e+07 	
1.91581582e+06 	 1.618762e-06 	 1.356347e+07 	
1.91631632e+06 	 1.591846e-06 	 1.355648e+07 	
1.91681682e+06 	 1.565103e-06 	 1.354953e+07 	
1.91731732e+06 	 1.538457e-06 	 1.354262e+07 	
1.91781782e+06 	 1.512066e-06 	 1.353573e+07 	
1.91831832e+06 	 1.485856e-06 	 1.352888e+07 	
1.91881882e+06 	 1.459830e-06 	 1.352205e+07 	
1.91931932e+06 	 1.433991e-06 	 1.351526e+07 	
1.91981982e+06 	 1.408342e-06 	 1.350851e+07 	
1.92032032e+06 	 1.382886e-06 	 1.350179e+07 	
1.92082082e+06 	 1.357626e-06 	 1.349511e+07 	
1.92132132e+06 	 1.332564e-06 	 1.348846e+07 	
1.92182182e+06 	 1.307704e-06 	 1.348184e+07 	
1.92232232e+06 	 1.283049e-06 	 1.347526e+07 	
1.92282282e+06 	 1.258600e-06 	 1.346872e+07 	
1.92332332e+06 	 1.234362e-06 	 1.346221e+07 	
1.92382382e+06 	 1.210337e-06 	 1.345574e+07 	
1.92432432e+06 	 1.186528e-06 	 1.344931e+07 	
1.92482482e+06 	 1.162937e-06 	 1.344291e+07 	
1.92532533e+06 	 1.139568e-06 	 1.343655e+07 	
1.92582583e+06 	 1.116423e-06 	 1.343023e+07 	
1.92632633e+06 	 1.093504e-06 	 1.342395e+07 	
1.92682683e+06 	 1.070814e-06 	 1.341770e+07 	
1.92732733e+06 	 1.048356e-06 	 1.341149e+07 	
1.92782783e+06 	 1.026184e-06 	 1.340530e+07 	
1.92832833e+06 	 1.004197e-06 	 1.339917e+07 	
1.92882883e+06 	 9.824501e-07 	 1.339308e+07 	
1.92932933e+06 	 9.609442e-07 	 1.338702e+07 	
1.92982983e+06 	 9.396821e-07 	 1.338100e+07 	
1.93033033e+06 	 9.186660e-07 	 1.337503e+07 	
1.93083083e+06 	 8.978979e-07 	 1.336909e+07 	
1.93133133e+06 	 8.773801e-07 	 1.336319e+07 	
1.93183183e+06 	 8.571144e-07 	 1.335734e+07 	
1.93233233e+06 	 8.371029e-07 	 1.335152e+07 	
1.93283283e+06 	 8.173473e-07 	 1.334574e+07 	
1.93333333e+06 	 7.978495e-07 	 1.334001e+07 	
1.93383383e+06 	 7.786112e-07 	 1.333431e+07 	
1.93433433e+06 	 7.596339e-07 	 1.332866e+07 	
1.93483483e+06 	 7.409191e-07 	 1.332304e+07 	
1.93533534e+06 	 7.224683e-07 	 1.331747e+07 	
1.93583584e+06 	 7.042828e-07 	 1.331194e+07 	
1.93633634e+06 	 6.863637e-07 	 1.330645e+07 	
1.93683684e+06 	 6.687123e-07 	 1.330100e+07 	
1.93733734e+06 	 6.513296e-07 	 1.329559e+07 	
1.93783784e+06 	 6.342164e-07 	 1.329023e+07 	
1.93833834e+06 	 6.174055e-07 	 1.328488e+07 	
1.93883884e+06 	 6.008341e-07 	 1.327960e+07 	
1.93933934e+06 	 5.845343e-07 	 1.327436e+07 	
1.93983984e+06 	 5.685066e-07 	 1.326916e+07 	
1.94034034e+06 	 5.527514e-07 	 1.326401e+07 	
1.94084084e+06 	 5.372689e-07 	 1.325889e+07 	
1.94134134e+06 	 5.220594e-07 	 1.325382e+07 	
1.94184184e+06 	 5.071226e-07 	 1.324879e+07 	
1.94234234e+06 	 4.924587e-07 	 1.324381e+07 	
1.94284284e+06 	 4.780673e-07 	 1.323886e+07 	
1.94334334e+06 	 4.639480e-07 	 1.323396e+07 	
1.94384384e+06 	 4.501005e-07 	 1.322910e+07 	
1.94434434e+06 	 4.365241e-07 	 1.322428e+07 	
1.94484484e+06 	 4.232181e-07 	 1.321951e+07 	
1.94534535e+06 	 4.101816e-07 	 1.321478e+07 	
1.94584585e+06 	 3.974138e-07 	 1.321009e+07 	
1.94634635e+06 	 3.849135e-07 	 1.320544e+07 	
1.94684685e+06 	 3.726795e-07 	 1.320084e+07 	
1.94734735e+06 	 3.606924e-07 	 1.319630e+07 	
1.94784785e+06 	 3.489869e-07 	 1.319178e+07 	
1.94834835e+06 	 3.375434e-07 	 1.318730e+07 	
1.94884885e+06 	 3.263602e-07 	 1.318287e+07 	
1.94934935e+06 	 3.154356e-07 	 1.317848e+07 	
1.94984985e+06 	 3.047676e-07 	 1.317413e+07 	
1.95035035e+06 	 2.943542e-07 	 1.316982e+07 	
1.95085085e+06 	 2.841934e-07 	 1.316555e+07 	
1.95135135e+06 	 2.742828e-07 	 1.316133e+07 	
1.95185185e+06 	 2.646201e-07 	 1.315715e+07 	
1.95235235e+06 	 2.552030e-07 	 1.315301e+07 	
1.95285285e+06 	 2.460287e-07 	 1.314891e+07 	
1.95335335e+06 	 2.370948e-07 	 1.314485e+07 	
1.95385385e+06 	 2.283985e-07 	 1.314083e+07 	
1.95435435e+06 	 2.199370e-07 	 1.313685e+07 	
1.95485485e+06 	 2.117073e-07 	 1.313291e+07 	
1.95535536e+06 	 2.037064e-07 	 1.312902e+07 	
1.95585586e+06 	 1.959413e-07 	 1.312514e+07 	
1.95635636e+06 	 1.883889e-07 	 1.312132e+07 	
1.95685686e+06 	 1.810560e-07 	 1.311754e+07 	
1.95735736e+06 	 1.739391e-07 	 1.311380e+07 	
1.95785786e+06 	 1.670350e-07 	 1.311010e+07 	
1.95835836e+06 	 1.603402e-07 	 1.310644e+07 	
1.95885886e+06 	 1.538513e-07 	 1.310282e+07 	
1.95935936e+06 	 1.475647e-07 	 1.309923e+07 	
1.95985986e+06 	 1.414768e-07 	 1.309569e+07 	
1.96036036e+06 	 1.355841e-07 	 1.309218e+07 	
1.96086086e+06 	 1.298828e-07 	 1.308871e+07 	
1.96136136e+06 	 1.243692e-07 	 1.308528e+07 	
1.96186186e+06 	 1.190397e-07 	 1.308188e+07 	
1.96236236e+06 	 1.138904e-07 	 1.307852e+07 	
1.96286286e+06 	 1.089120e-07 	 1.307522e+07 	
1.96336336e+06 	 1.041118e-07 	 1.307194e+07 	
1.96386386e+06 	 9.948048e-08 	 1.306869e+07 	
1.96436436e+06 	 9.501413e-08 	 1.306547e+07 	
1.96486486e+06 	 9.070898e-08 	 1.306229e+07 	
1.96536537e+06 	 8.656118e-08 	 1.305914e+07 	
1.96586587e+06 	 8.256689e-08 	 1.305603e+07 	
1.96636637e+06 	 7.872230e-08 	 1.305295e+07 	
1.96686687e+06 	 7.502359e-08 	 1.304990e+07 	
1.96736737e+06 	 7.146696e-08 	 1.304689e+07 	
1.96786787e+06 	 6.804862e-08 	 1.304390e+07 	
1.96836837e+06 	 6.476481e-08 	 1.304095e+07 	
1.96886887e+06 	 6.160852e-08 	 1.303808e+07 	
1.96936937e+06 	 5.858253e-08 	 1.303519e+07 	
1.96986987e+06 	 5.567994e-08 	 1.303234e+07 	
1.97037037e+06 	 5.289712e-08 	 1.302952e+07 	
1.97087087e+06 	 5.023047e-08 	 1.302672e+07 	
1.97137137e+06 	 4.767641e-08 	 1.302396e+07 	
1.97187187e+06 	 4.523144e-08 	 1.302122e+07 	
1.97237237e+06 	 4.289207e-08 	 1.301852e+07 	
1.97287287e+06 	 4.065490e-08 	 1.301584e+07 	
1.97337337e+06 	 3.851444e-08 	 1.301324e+07 	
1.97387387e+06 	 3.647151e-08 	 1.301063e+07 	
1.97437437e+06 	 3.452080e-08 	 1.300804e+07 	
1.97487487e+06 	 3.265912e-08 	 1.300547e+07 	
1.97537538e+06 	 3.088332e-08 	 1.300294e+07 	
1.97587588e+06 	 2.919031e-08 	 1.300043e+07 	
1.97637638e+06 	 2.757846e-08 	 1.299789e+07 	
1.97687688e+06 	 2.604211e-08 	 1.299542e+07 	
1.97737738e+06 	 2.457969e-08 	 1.299298e+07 	
1.97787788e+06 	 2.318836e-08 	 1.299056e+07 	
1.97837838e+06 	 2.186537e-08 	 1.298816e+07 	
1.97887888e+06 	 2.060801e-08 	 1.298579e+07 	
1.97937938e+06 	 1.941473e-08 	 1.298335e+07 	
1.97987988e+06 	 1.828093e-08 	 1.298101e+07 	
1.98038038e+06 	 1.720511e-08 	 1.297868e+07 	
1.98088088e+06 	 1.618485e-08 	 1.297637e+07 	
1.98138138e+06 	 1.521699e-08 	 1.297416e+07 	
1.98188188e+06 	 1.430076e-08 	 1.297190e+07 	
1.98238238e+06 	 1.343323e-08 	 1.296965e+07 	
1.98288288e+06 	 1.261225e-08 	 1.296741e+07 	
1.98338338e+06 	 1.183506e-08 	 1.296531e+07 	
1.98388388e+06 	 1.110091e-08 	 1.296312e+07 	
1.98438438e+06 	 1.040726e-08 	 1.296094e+07 	
1.98488488e+06 	 9.751647e-09 	 1.295893e+07 	
1.98538539e+06 	 9.133294e-09 	 1.295682e+07 	
1.98588589e+06 	 8.550397e-09 	 1.295460e+07 	
1.98638639e+06 	 8.000501e-09 	 1.295249e+07 	
1.98688689e+06 	 7.482331e-09 	 1.295039e+07 	
1.98738739e+06 	 6.993870e-09 	 1.294850e+07 	
1.98788789e+06 	 6.534380e-09 	 1.294650e+07 	
1.98838839e+06 	 6.102462e-09 	 1.294430e+07 	
1.98888889e+06 	 5.696043e-09 	 1.294228e+07 	
1.98938939e+06 	 5.313895e-09 	 1.294040e+07 	
1.98988989e+06 	 4.955046e-09 	 1.293848e+07 	
1.99039039e+06 	 4.618113e-09 	 1.293662e+07 	
1.99089089e+06 	 4.302363e-09 	 1.293442e+07 	
1.99139139e+06 	 4.005938e-09 	 1.293254e+07 	
1.99189189e+06 	 3.728356e-09 	 1.293037e+07 	
1.99239239e+06 	 3.468155e-09 	 1.292840e+07 	
1.99289289e+06 	 3.224547e-09 	 1.292643e+07 	
1.99339339e+06 	 2.996542e-09 	 1.292452e+07 	
1.99389389e+06 	 2.783350e-09 	 1.292252e+07 	
1.99439439e+06 	 2.583896e-09 	 1.292090e+07 	
1.99489489e+06 	 2.397610e-09 	 1.291917e+07 	
1.99539540e+06 	 2.223799e-09 	 1.291712e+07 	
1.99589590e+06 	 2.061444e-09 	 1.291546e+07 	
1.99639640e+06 	 1.910151e-09 	 1.291335e+07 	
1.99689690e+06 	 1.768959e-09 	 1.291175e+07 	
1.99739740e+06 	 1.637562e-09 	 1.290952e+07 	
1.99789790e+06 	 1.515071e-09 	 1.290781e+07 	
1.99839840e+06 	 1.401132e-09 	 1.290570e+07 	
1.99889890e+06 	 1.295135e-09 	 1.290356e+07 	
1.99939940e+06 	 1.196486e-09 	 1.290203e+07 	
1.99989990e+06 	 1.104890e-09 	 1.289992e+07 	
2.00040040e+06 	 1.019745e-09 	 1.289839e+07 	
2.00090090e+06 	 9.407518e-10 	 1.289642e+07 	
2.00140140e+06 	 8.674286e-10 	 1.289474e+07 	
2.00190190e+06 	 7.994695e-10 	 1.289263e+07 	
2.00240240e+06 	 7.364338e-10 	 1.289112e+07 	
2.00290290e+06 	 6.780684e-10 	 1.288921e+07 	
2.00340340e+06 	 6.240141e-10 	 1.288751e+07 	
2.00390390e+06 	 5.740027e-10 	 1.288563e+07 	
2.00440440e+06 	 5.277363e-10 	 1.288391e+07 	
2.00490490e+06 	 4.849758e-10 	 1.288198e+07 	
2.00540541e+06 	 4.454543e-10 	 1.288032e+07 	
2.00590591e+06 	 4.089646e-10 	 1.287847e+07 	
2.00640641e+06 	 3.752796e-10 	 1.287675e+07 	
2.00690691e+06 	 3.442065e-10 	 1.287495e+07 	
2.00740741e+06 	 3.155546e-10 	 1.287318e+07 	
2.00790791e+06 	 2.891521e-10 	 1.287131e+07 	
2.00840841e+06 	 2.648277e-10 	 1.286962e+07 	
2.00890891e+06 	 2.424368e-10 	 1.286782e+07 	
2.00940941e+06 	 2.218321e-10 	 1.286608e+07 	
2.00990991e+06 	 2.028828e-10 	 1.286429e+07 	
2.01041041e+06 	 1.854638e-10 	 1.286253e+07 	
2.01091091e+06 	 1.694606e-10 	 1.286073e+07 	
2.01141141e+06 	 1.547640e-10 	 1.285900e+07 	
2.01191191e+06 	 1.412756e-10 	 1.285724e+07 	
2.01241241e+06 	 1.289018e-10 	 1.285548e+07 	
2.01291291e+06 	 1.175448e-10 	 1.285464e+07 	
2.01341341e+06 	 1.071591e-10 	 1.285195e+07 	
2.01391391e+06 	 9.762607e-11 	 1.285111e+07 	
2.01441441e+06 	 8.891632e-11 	 1.284844e+07 	
2.01491491e+06 	 8.093024e-11 	 1.284759e+07 	
2.01541542e+06 	 7.364092e-11 	 1.284492e+07 	
2.01591592e+06 	 6.696399e-11 	 1.284410e+07 	
2.01641642e+06 	 6.087572e-11 	 1.284142e+07 	
2.01691692e+06 	 5.530439e-11 	 1.284062e+07 	
2.01741742e+06 	 5.022951e-11 	 1.283792e+07 	
2.01791792e+06 	 4.559003e-11 	 1.283712e+07 	
2.01841842e+06 	 4.136810e-11 	 1.283442e+07 	
2.01891892e+06 	 3.751228e-11 	 1.283363e+07 	
2.29148201e+06 	 1.000000e-20 	 1.197712e+07 	
2.60084233e+06 	 1.000000e-20 	 1.118736e+07 	
2.95196769e+06 	 1.000000e-20 	 1.045657e+07 	
3.35049654e+06 	 1.000000e-20 	 9.779022e+06 	
3.80282856e+06 	 1.000000e-20 	 9.149774e+06 	
4.31622744e+06 	 1.000000e-20 	 8.564553e+06 	
4.89893746e+06 	 1.000000e-20 	 8.019616e+06 	
5.56031594e+06 	 1.000000e-20 	 7.511662e+06 	
6.31098348e+06 	 1.000000e-20 	 7.037755e+06 	
7.16299449e+06 	 1.000000e-20 	 6.595271e+06 	
8.13003080e+06 	 1.000000e-20 	 6.181851e+06 	
9.22762134e+06 	 1.000000e-20 	 5.795360e+06 	
1.04733915e+07 	 1.000000e-20 	 5.433864e+06 	
1.18873462e+07 	 1.000000e-20 	 5.095596e+06 	
1.34921912e+07 	 1.000000e-20 	 4.778943e+06 	
1.53136974e+07 	 1.000000e-20 	 4.482426e+06 	
1.73811151e+07 	 1.000000e-20 	 4.204682e+06 	
1.97276434e+07 	 1.000000e-20 	 3.944458e+06 	
2.23909635e+07 	 1.000000e-20 	 3.700593e+06 	
2.54138438e+07 	 1.000000e-20 	 3.472014e+06 	
2.88448264e+07 	 1.000000e-20 	 3.257727e+06 	
3.27390071e+07 	 1.000000e-20 	 3.056807e+06 	
3.71589196e+07 	 1.000000e-20 	 2.868397e+06 	
4.21755400e+07 	 1.000000e-20 	 2.691695e+06 	
4.78694267e+07 	 1.000000e-20 	 2.525959e+06 	
5.43320135e+07 	 1.000000e-20 	 2.370494e+06 	
6.16670784e+07 	 1.000000e-20 	 2.224652e+06 	
6.99924100e+07 	 1.000000e-20 	 2.087827e+06 	
7.94416986e+07 	 1.000000e-20 	 1.959454e+06 	
9.01666834e+07 	 1.000000e-20 	 1.839006e+06 	
1.02339589e+08 	 1.000000e-20 	 1.725986e+06 	
1.16155892e+08 	 1.000000e-20 	 1.619933e+06 	
1.31837457e+08 	 1.000000e-20 	 1.520414e+06 	
1.49636104e+08 	 1.000000e-20 	 1.427023e+06 	
1.69837647e+08 	 1.000000e-20 	 1.339381e+06 	
1.92766490e+08 	 1.000000e-20 	 1.257131e+06 	
2.18790829e+08 	 1.000000e-20 	 1.179939e+06 	
2.48328570e+08 	 1.000000e-20 	 1.107495e+06 	
2.81854038e+08 	 1.000000e-20 	 1.039503e+06 	
3.19905594e+08 	 1.000000e-20 	 9.756904e+05 	
3.63094281e+08 	 1.000000e-20 	 9.157987e+05 	
4.12113634e+08 	 1.000000e-20 	 8.595866e+05 	
4.67750819e+08 	 1.000000e-20 	 8.068273e+05 	
5.30899273e+08 	 1.000000e-20 	 7.573084e+05 	
6.02573050e+08 	 1.000000e-20 	 7.108305e+05 	
6.83923109e+08 	 1.000000e-20 	 6.672065e+05 	
7.76255789e+08 	 1.000000e-20 	 6.262609e+05 	
8.81053795e+08 	 1.000000e-20 	 5.878291e+05 	
1.00000000e+09 	 1.000000e-20 	 5.517566e+05 	
