r (cm)        	 rho (g/cm3) 	 T (K)       		 Linf = 2.690219e+38
1.29990361e+06 	 8.607054e+04 	 1.123136e+09 	
1.29992270e+06 	 8.466700e+04 	 1.118437e+09 	
1.30008953e+06 	 7.318726e+04 	 1.077655e+09 	
1.30025308e+06 	 6.321861e+04 	 1.038193e+09 	
1.30041664e+06 	 5.440682e+04 	 9.992607e+08 	
1.30058019e+06 	 4.664444e+04 	 9.608765e+08 	
1.30071397e+06 	 4.100486e+04 	 9.298999e+08 	
1.30084775e+06 	 3.594855e+04 	 8.993134e+08 	
1.30098153e+06 	 3.142689e+04 	 8.691282e+08 	
1.30111531e+06 	 2.739419e+04 	 8.393557e+08 	
1.30124910e+06 	 2.380754e+04 	 8.100074e+08 	
1.30137818e+06 	 2.073208e+04 	 7.821038e+08 	
1.30150726e+06 	 1.800068e+04 	 7.546172e+08 	
1.30163634e+06 	 1.558178e+04 	 7.275587e+08 	
1.30176542e+06 	 1.344595e+04 	 7.009398e+08 	
1.30187274e+06 	 1.186591e+04 	 6.791505e+08 	
1.30198007e+06 	 1.044791e+04 	 6.576798e+08 	
1.30208739e+06 	 9.178166e+03 	 6.365343e+08 	
1.30219471e+06 	 8.043778e+03 	 6.157211e+08 	
1.30230204e+06 	 7.032698e+03 	 5.952468e+08 	
1.30240935e+06 	 6.133761e+03 	 5.751201e+08 	
1.30251667e+06 	 5.336432e+03 	 5.553461e+08 	
1.30262398e+06 	 4.631013e+03 	 5.359316e+08 	
1.30271295e+06 	 4.109408e+03 	 5.201130e+08 	
1.30280193e+06 	 3.640034e+03 	 5.045500e+08 	
1.30289090e+06 	 3.218443e+03 	 4.892465e+08 	
1.30297987e+06 	 2.840483e+03 	 4.742064e+08 	
1.30306885e+06 	 2.502285e+03 	 4.594331e+08 	
1.30315782e+06 	 2.200256e+03 	 4.449304e+08 	
1.30324946e+06 	 1.923451e+03 	 4.302788e+08 	
1.30334111e+06 	 1.678110e+03 	 4.159217e+08 	
1.30341625e+06 	 1.498243e+03 	 4.043726e+08 	
1.30349138e+06 	 1.335845e+03 	 3.930257e+08 	
1.30356652e+06 	 1.189437e+03 	 3.818828e+08 	
1.30364166e+06 	 1.057640e+03 	 3.709458e+08 	
1.30371680e+06 	 9.391753e+02 	 3.602161e+08 	
1.30379194e+06 	 8.328553e+02 	 3.496953e+08 	
1.30386708e+06 	 7.375800e+02 	 3.393849e+08 	
1.30394221e+06 	 6.523327e+02 	 3.292861e+08 	
1.30402144e+06 	 5.722767e+02 	 3.188687e+08 	
1.30408662e+06 	 5.132717e+02 	 3.104759e+08 	
1.30415180e+06 	 4.599020e+02 	 3.022448e+08 	
1.30421699e+06 	 4.116851e+02 	 2.941756e+08 	
1.30428217e+06 	 3.681739e+02 	 2.862690e+08 	
1.30434735e+06 	 3.289543e+02 	 2.785252e+08 	
1.30441253e+06 	 2.936435e+02 	 2.709445e+08 	
1.30447771e+06 	 2.618883e+02 	 2.635269e+08 	
1.30454290e+06 	 2.333628e+02 	 2.562726e+08 	
1.30460808e+06 	 2.077674e+02 	 2.491814e+08 	
1.30467326e+06 	 1.848265e+02 	 2.422531e+08 	
1.30474225e+06 	 1.631577e+02 	 2.350977e+08 	
1.30479927e+06 	 1.470836e+02 	 2.293209e+08 	
1.30485628e+06 	 1.325180e+02 	 2.236679e+08 	
1.30491330e+06 	 1.193300e+02 	 2.181383e+08 	
1.30497032e+06 	 1.073985e+02 	 2.127316e+08 	
1.30502734e+06 	 9.661225e+01 	 2.074473e+08 	
1.30508436e+06 	 8.686858e+01 	 2.022847e+08 	
1.30514137e+06 	 7.807318e+01 	 1.972432e+08 	
1.30519839e+06 	 7.013943e+01 	 1.923220e+08 	
1.30525541e+06 	 6.298788e+01 	 1.875203e+08 	
1.30531243e+06 	 5.654573e+01 	 1.828371e+08 	
1.30536945e+06 	 5.074635e+01 	 1.782716e+08 	
1.30542646e+06 	 4.552887e+01 	 1.738226e+08 	
1.30548348e+06 	 4.083769e+01 	 1.694892e+08 	
1.30554050e+06 	 3.662210e+01 	 1.652701e+08 	
1.30559752e+06 	 3.283595e+01 	 1.611640e+08 	
1.30565454e+06 	 2.943720e+01 	 1.571698e+08 	
1.30571087e+06 	 2.642207e+01 	 1.533316e+08 	
1.30576721e+06 	 2.371444e+01 	 1.495999e+08 	
1.30582355e+06 	 2.128390e+01 	 1.459733e+08 	
1.30587989e+06 	 1.910290e+01 	 1.424503e+08 	
1.30593623e+06 	 1.714648e+01 	 1.390293e+08 	
1.30599257e+06 	 1.539203e+01 	 1.357088e+08 	
1.30604891e+06 	 1.381911e+01 	 1.324873e+08 	
1.30610525e+06 	 1.240925e+01 	 1.293629e+08 	
1.30616158e+06 	 1.114578e+01 	 1.263341e+08 	
1.30621792e+06 	 1.001367e+01 	 1.233991e+08 	
1.30627426e+06 	 8.999370e+00 	 1.205561e+08 	
1.30633060e+06 	 8.090680e+00 	 1.178034e+08 	
1.30638694e+06 	 7.276626e+00 	 1.151391e+08 	
1.30644328e+06 	 6.547344e+00 	 1.125613e+08 	
1.30649962e+06 	 5.893970e+00 	 1.100683e+08 	
1.30655596e+06 	 5.308549e+00 	 1.076580e+08 	
1.30661229e+06 	 4.783942e+00 	 1.053286e+08 	
1.30667749e+06 	 4.244429e+00 	 1.027316e+08 	
1.30674268e+06 	 3.768987e+00 	 1.002374e+08 	
1.30680787e+06 	 3.349857e+00 	 9.784292e+07 	
1.30687306e+06 	 2.980217e+00 	 9.554517e+07 	
1.30693825e+06 	 2.654067e+00 	 9.334117e+07 	
1.30700344e+06 	 2.366136e+00 	 9.122792e+07 	
1.30706864e+06 	 2.111796e+00 	 8.920245e+07 	
1.30713383e+06 	 1.886982e+00 	 8.726181e+07 	
1.30719902e+06 	 1.688126e+00 	 8.540307e+07 	
1.30726421e+06 	 1.512099e+00 	 8.362333e+07 	
1.30732940e+06 	 1.356154e+00 	 8.191974e+07 	
1.30739459e+06 	 1.217882e+00 	 8.028949e+07 	
1.30745978e+06 	 1.095171e+00 	 7.872980e+07 	
1.30754441e+06 	 9.560701e-01 	 7.680586e+07 	
1.30762904e+06 	 8.365962e-01 	 7.499046e+07 	
1.30771368e+06 	 7.338008e-01 	 7.327795e+07 	
1.30779831e+06 	 6.451945e-01 	 7.166287e+07 	
1.30788294e+06 	 5.686745e-01 	 7.013994e+07 	
1.30796757e+06 	 5.024634e-01 	 6.870407e+07 	
1.30805220e+06 	 4.450578e-01 	 6.735037e+07 	
1.30813683e+06 	 3.951850e-01 	 6.607415e+07 	
1.30822146e+06 	 3.517662e-01 	 6.487093e+07 	
1.30833326e+06 	 3.027690e-01 	 6.338609e+07 	
1.30844506e+06 	 2.617032e-01 	 6.201188e+07 	
1.30855686e+06 	 2.271551e-01 	 6.073958e+07 	
1.30866866e+06 	 1.979803e-01 	 5.956109e+07 	
1.30878046e+06 	 1.732498e-01 	 5.846887e+07 	
1.30889226e+06 	 1.522075e-01 	 5.745595e+07 	
1.30903379e+06 	 1.299088e-01 	 5.627746e+07 	
1.30917531e+06 	 1.115392e-01 	 5.520386e+07 	
1.30931683e+06 	 9.631801e-02 	 5.422441e+07 	
1.30945836e+06 	 8.363375e-02 	 5.332951e+07 	
1.30963102e+06 	 7.090214e-02 	 5.233975e+07 	
1.30980369e+06 	 6.055856e-02 	 5.144928e+07 	
1.30997636e+06 	 5.209004e-02 	 5.064609e+07 	
1.31019137e+06 	 4.358284e-02 	 4.975224e+07 	
1.31040638e+06 	 3.681689e-02 	 4.896032e+07 	
1.31062139e+06 	 3.137996e-02 	 4.825583e+07 	
1.31089232e+06 	 2.595960e-02 	 4.747392e+07 	
1.31116325e+06 	 2.173417e-02 	 4.679144e+07 	
1.31143417e+06 	 1.839606e-02 	 4.619211e+07 	
1.31177871e+06 	 1.509457e-02 	 4.552948e+07 	
1.31212324e+06 	 1.256451e-02 	 4.495848e+07 	
1.31246778e+06 	 1.059348e-02 	 4.446230e+07 	
1.31291312e+06 	 8.641176e-03 	 4.391065e+07 	
1.31335845e+06 	 7.167923e-03 	 4.344028e+07 	
1.31380379e+06 	 6.034048e-03 	 4.303477e+07 	
1.31439265e+06 	 4.900951e-03 	 4.257740e+07 	
1.31498152e+06 	 4.058785e-03 	 4.219056e+07 	
1.31557038e+06 	 3.418152e-03 	 4.185881e+07 	
1.31638155e+06 	 2.761948e-03 	 4.147159e+07 	
1.31719272e+06 	 2.283874e-03 	 4.114639e+07 	
1.31800389e+06 	 1.925753e-03 	 4.086844e+07 	
1.31906259e+06 	 1.579969e-03 	 4.055977e+07 	
1.32012129e+06 	 1.327030e-03 	 4.029762e+07 	
1.32117999e+06 	 1.136666e-03 	 4.007080e+07 	
1.32223868e+06 	 9.899156e-04 	 3.987142e+07 	
1.32381465e+06 	 8.267930e-04 	 3.961352e+07 	
1.32539062e+06 	 7.083245e-04 	 3.939084e+07 	
1.32696659e+06 	 6.195730e-04 	 3.919455e+07 	
1.32926623e+06 	 5.252019e-04 	 3.894327e+07 	
1.33067511e+06 	 4.815637e-04 	 3.880510e+07 	
1.33346016e+06 	 4.163105e-04 	 3.855819e+07 	
1.33577404e+06 	 3.767549e-04 	 3.837329e+07 	
1.33937513e+06 	 3.320876e-04 	 3.811184e+07 	
1.34233772e+06 	 3.055553e-04 	 3.791448e+07 	
1.34704194e+06 	 2.752860e-04 	 3.762431e+07 	
1.35174615e+06 	 2.542240e-04 	 3.735441e+07 	
1.35645036e+06 	 2.388536e-04 	 3.709871e+07 	
1.36363157e+06 	 2.220388e-04 	 3.672742e+07 	
1.36942690e+06 	 2.120442e-04 	 3.643974e+07 	
1.38016632e+06 	 1.981683e-04 	 3.592603e+07 	
1.38331516e+06 	 1.948135e-04 	 3.577910e+07 	
1.39701524e+06 	 1.823221e-04 	 3.515487e+07 	
1.40438296e+06 	 1.765143e-04 	 3.482778e+07 	
1.42501665e+06 	 1.620881e-04 	 3.393862e+07 	
1.43000000e+06 	 1.588908e-04 	 3.372934e+07 	
1.44000000e+06 	 1.527272e-04 	 3.331539e+07 	
1.45000000e+06 	 1.468683e-04 	 3.290921e+07 	
1.46000000e+06 	 1.412841e-04 	 3.251056e+07 	
1.47000000e+06 	 1.359508e-04 	 3.211918e+07 	
1.48000000e+06 	 1.308506e-04 	 3.173489e+07 	
1.49000000e+06 	 1.259710e-04 	 3.135748e+07 	
1.50000000e+06 	 1.213005e-04 	 3.098678e+07 	
1.51000000e+06 	 1.168277e-04 	 3.062262e+07 	
1.52000000e+06 	 1.125427e-04 	 3.026483e+07 	
1.53000000e+06 	 1.084366e-04 	 2.991324e+07 	
1.54000000e+06 	 1.045002e-04 	 2.956771e+07 	
1.55000000e+06 	 1.007260e-04 	 2.922809e+07 	
1.56000000e+06 	 9.710564e-05 	 2.889422e+07 	
1.57000000e+06 	 9.363206e-05 	 2.856597e+07 	
1.58000000e+06 	 9.029840e-05 	 2.824321e+07 	
1.59000000e+06 	 8.709810e-05 	 2.792580e+07 	
1.60000000e+06 	 8.402496e-05 	 2.761362e+07 	
1.61000000e+06 	 8.107333e-05 	 2.730654e+07 	
1.62000000e+06 	 7.823753e-05 	 2.700444e+07 	
1.63000000e+06 	 7.551226e-05 	 2.670721e+07 	
1.64000000e+06 	 7.289249e-05 	 2.641473e+07 	
1.65000000e+06 	 7.037358e-05 	 2.612690e+07 	
1.66000000e+06 	 6.795122e-05 	 2.584361e+07 	
1.67000000e+06 	 6.562084e-05 	 2.556476e+07 	
1.68000000e+06 	 6.337850e-05 	 2.529025e+07 	
1.69000000e+06 	 6.122037e-05 	 2.501999e+07 	
1.70000000e+06 	 5.914273e-05 	 2.475387e+07 	
1.71000000e+06 	 5.714206e-05 	 2.449180e+07 	
1.72000000e+06 	 5.521521e-05 	 2.423371e+07 	
1.73000000e+06 	 5.335890e-05 	 2.397951e+07 	
1.74000000e+06 	 5.157009e-05 	 2.372910e+07 	
1.75000000e+06 	 4.984608e-05 	 2.348241e+07 	
1.76000000e+06 	 4.818395e-05 	 2.323936e+07 	
1.77000000e+06 	 4.658125e-05 	 2.299988e+07 	
1.78000000e+06 	 4.503545e-05 	 2.276388e+07 	
1.79000000e+06 	 4.354432e-05 	 2.253131e+07 	
1.80000000e+06 	 4.210543e-05 	 2.230208e+07 	
1.81000000e+06 	 4.071664e-05 	 2.207613e+07 	
1.82000000e+06 	 3.937600e-05 	 2.185339e+07 	
1.83000000e+06 	 3.808153e-05 	 2.163380e+07 	
1.84000000e+06 	 3.683133e-05 	 2.141729e+07 	
1.85000000e+06 	 3.562362e-05 	 2.120380e+07 	
1.86000000e+06 	 3.445674e-05 	 2.099327e+07 	
1.87000000e+06 	 3.332902e-05 	 2.078565e+07 	
1.88000000e+06 	 3.223898e-05 	 2.058088e+07 	
1.89000000e+06 	 3.118502e-05 	 2.037890e+07 	
1.90000000e+06 	 3.016585e-05 	 2.017965e+07 	
1.91000000e+06 	 2.918001e-05 	 1.998309e+07 	
1.92000000e+06 	 2.822620e-05 	 1.978917e+07 	
1.93000000e+06 	 2.730316e-05 	 1.959783e+07 	
1.94000000e+06 	 2.640978e-05 	 1.940903e+07 	
1.95000000e+06 	 2.554488e-05 	 1.922271e+07 	
1.96000000e+06 	 2.470735e-05 	 1.903884e+07 	
1.97000000e+06 	 2.389614e-05 	 1.885737e+07 	
1.98000000e+06 	 2.311025e-05 	 1.867825e+07 	
2.00000000e+06 	 2.161065e-05 	 1.832690e+07 	
2.00050050e+06 	 2.157431e-05 	 1.831822e+07 	
2.00100100e+06 	 2.153803e-05 	 1.830955e+07 	
2.00150150e+06 	 2.150180e-05 	 1.830088e+07 	
2.00200200e+06 	 2.146562e-05 	 1.829222e+07 	
2.00250250e+06 	 2.142951e-05 	 1.828357e+07 	
2.00300300e+06 	 2.139345e-05 	 1.827492e+07 	
2.00350350e+06 	 2.135744e-05 	 1.826628e+07 	
2.00400400e+06 	 2.132149e-05 	 1.825764e+07 	
2.00450450e+06 	 2.128560e-05 	 1.824901e+07 	
2.00500501e+06 	 2.124976e-05 	 1.824038e+07 	
2.00550551e+06 	 2.121398e-05 	 1.823176e+07 	
2.00600601e+06 	 2.117826e-05 	 1.822314e+07 	
2.00650651e+06 	 2.114258e-05 	 1.821453e+07 	
2.00700701e+06 	 2.110697e-05 	 1.820593e+07 	
2.00750751e+06 	 2.107141e-05 	 1.819733e+07 	
2.00800801e+06 	 2.103590e-05 	 1.818873e+07 	
2.00850851e+06 	 2.100045e-05 	 1.818015e+07 	
2.00900901e+06 	 2.096505e-05 	 1.817156e+07 	
2.00950951e+06 	 2.092970e-05 	 1.816299e+07 	
2.01001001e+06 	 2.089442e-05 	 1.815441e+07 	
2.01051051e+06 	 2.085918e-05 	 1.814585e+07 	
2.01101101e+06 	 2.082400e-05 	 1.813729e+07 	
2.01151151e+06 	 2.078887e-05 	 1.812873e+07 	
2.01201201e+06 	 2.075380e-05 	 1.812018e+07 	
2.01251251e+06 	 2.071878e-05 	 1.811164e+07 	
2.01301301e+06 	 2.068382e-05 	 1.810310e+07 	
2.01351351e+06 	 2.064891e-05 	 1.809457e+07 	
2.01401401e+06 	 2.061405e-05 	 1.808604e+07 	
2.01451451e+06 	 2.057925e-05 	 1.807752e+07 	
2.01501502e+06 	 2.054450e-05 	 1.806900e+07 	
2.01551552e+06 	 2.050980e-05 	 1.806049e+07 	
2.01601602e+06 	 2.047515e-05 	 1.805198e+07 	
2.01651652e+06 	 2.044056e-05 	 1.804348e+07 	
2.01701702e+06 	 2.040603e-05 	 1.803498e+07 	
2.01751752e+06 	 2.037154e-05 	 1.802649e+07 	
2.01801802e+06 	 2.033711e-05 	 1.801801e+07 	
2.01851852e+06 	 2.030273e-05 	 1.800953e+07 	
2.01901902e+06 	 2.026840e-05 	 1.800106e+07 	
2.01951952e+06 	 2.023413e-05 	 1.799259e+07 	
2.02002002e+06 	 2.019991e-05 	 1.798413e+07 	
2.02052052e+06 	 2.016574e-05 	 1.797567e+07 	
2.02102102e+06 	 2.013162e-05 	 1.796722e+07 	
2.02152152e+06 	 2.009755e-05 	 1.795877e+07 	
2.02202202e+06 	 2.006354e-05 	 1.795033e+07 	
2.02252252e+06 	 2.002958e-05 	 1.794189e+07 	
2.02302302e+06 	 1.999567e-05 	 1.793346e+07 	
2.02352352e+06 	 1.996181e-05 	 1.792503e+07 	
2.02402402e+06 	 1.992801e-05 	 1.791661e+07 	
2.02452452e+06 	 1.989425e-05 	 1.790820e+07 	
2.02502503e+06 	 1.986055e-05 	 1.789979e+07 	
2.02552553e+06 	 1.982690e-05 	 1.789139e+07 	
2.02602603e+06 	 1.979330e-05 	 1.788299e+07 	
2.02652653e+06 	 1.975975e-05 	 1.787459e+07 	
2.02702703e+06 	 1.972625e-05 	 1.786621e+07 	
2.02752753e+06 	 1.969280e-05 	 1.785782e+07 	
2.02802803e+06 	 1.965940e-05 	 1.784945e+07 	
2.02852853e+06 	 1.962606e-05 	 1.784107e+07 	
2.02902903e+06 	 1.959276e-05 	 1.783271e+07 	
2.02952953e+06 	 1.955952e-05 	 1.782435e+07 	
2.03003003e+06 	 1.952632e-05 	 1.781599e+07 	
2.03053053e+06 	 1.949318e-05 	 1.780764e+07 	
2.03103103e+06 	 1.946008e-05 	 1.779929e+07 	
2.03153153e+06 	 1.942704e-05 	 1.779095e+07 	
2.03203203e+06 	 1.939405e-05 	 1.778262e+07 	
2.03253253e+06 	 1.936110e-05 	 1.777429e+07 	
2.03303303e+06 	 1.932821e-05 	 1.776596e+07 	
2.03353353e+06 	 1.929536e-05 	 1.775765e+07 	
2.03403403e+06 	 1.926257e-05 	 1.774933e+07 	
2.03453453e+06 	 1.922982e-05 	 1.774102e+07 	
2.03503504e+06 	 1.919713e-05 	 1.773272e+07 	
2.03553554e+06 	 1.916448e-05 	 1.772442e+07 	
2.03603604e+06 	 1.913189e-05 	 1.771613e+07 	
2.03653654e+06 	 1.909934e-05 	 1.770784e+07 	
2.03703704e+06 	 1.906684e-05 	 1.769956e+07 	
2.03753754e+06 	 1.903439e-05 	 1.769128e+07 	
2.03803804e+06 	 1.900199e-05 	 1.768301e+07 	
2.03853854e+06 	 1.896964e-05 	 1.767474e+07 	
2.03903904e+06 	 1.893733e-05 	 1.766648e+07 	
2.03953954e+06 	 1.890508e-05 	 1.765822e+07 	
2.04004004e+06 	 1.887287e-05 	 1.764997e+07 	
2.04054054e+06 	 1.884071e-05 	 1.764173e+07 	
2.04104104e+06 	 1.880860e-05 	 1.763349e+07 	
2.04154154e+06 	 1.877654e-05 	 1.762525e+07 	
2.04204204e+06 	 1.874453e-05 	 1.761702e+07 	
2.04254254e+06 	 1.871256e-05 	 1.760880e+07 	
2.04304304e+06 	 1.868065e-05 	 1.760058e+07 	
2.04354354e+06 	 1.864878e-05 	 1.759236e+07 	
2.04404404e+06 	 1.861696e-05 	 1.758415e+07 	
2.04454454e+06 	 1.858518e-05 	 1.757595e+07 	
2.04504505e+06 	 1.855345e-05 	 1.756775e+07 	
2.04554555e+06 	 1.852178e-05 	 1.755955e+07 	
2.04604605e+06 	 1.849014e-05 	 1.755136e+07 	
2.04654655e+06 	 1.845856e-05 	 1.754318e+07 	
2.04704705e+06 	 1.842702e-05 	 1.753500e+07 	
2.04754755e+06 	 1.839553e-05 	 1.752683e+07 	
2.04804805e+06 	 1.836409e-05 	 1.751866e+07 	
2.04854855e+06 	 1.833269e-05 	 1.751049e+07 	
2.04904905e+06 	 1.830134e-05 	 1.750234e+07 	
2.04954955e+06 	 1.827004e-05 	 1.749418e+07 	
2.05005005e+06 	 1.823878e-05 	 1.748604e+07 	
2.05055055e+06 	 1.820757e-05 	 1.747789e+07 	
2.05105105e+06 	 1.817641e-05 	 1.746975e+07 	
2.05155155e+06 	 1.814530e-05 	 1.746162e+07 	
2.05205205e+06 	 1.811423e-05 	 1.745349e+07 	
2.05255255e+06 	 1.808320e-05 	 1.744537e+07 	
2.05305305e+06 	 1.805222e-05 	 1.743725e+07 	
2.05355355e+06 	 1.802129e-05 	 1.742914e+07 	
2.05405405e+06 	 1.799041e-05 	 1.742103e+07 	
2.05455455e+06 	 1.795957e-05 	 1.741293e+07 	
2.05505506e+06 	 1.792877e-05 	 1.740484e+07 	
2.05555556e+06 	 1.789802e-05 	 1.739674e+07 	
2.05605606e+06 	 1.786732e-05 	 1.738866e+07 	
2.05655656e+06 	 1.783667e-05 	 1.738057e+07 	
2.05705706e+06 	 1.780605e-05 	 1.737250e+07 	
2.05755756e+06 	 1.777549e-05 	 1.736443e+07 	
2.05805806e+06 	 1.774497e-05 	 1.735636e+07 	
2.05855856e+06 	 1.771449e-05 	 1.734830e+07 	
2.05905906e+06 	 1.768406e-05 	 1.734024e+07 	
2.05955956e+06 	 1.765368e-05 	 1.733219e+07 	
2.06006006e+06 	 1.762334e-05 	 1.732414e+07 	
2.06056056e+06 	 1.759304e-05 	 1.731610e+07 	
2.06106106e+06 	 1.756279e-05 	 1.730806e+07 	
2.06156156e+06 	 1.753258e-05 	 1.730003e+07 	
2.06206206e+06 	 1.750242e-05 	 1.729201e+07 	
2.06256256e+06 	 1.747231e-05 	 1.728398e+07 	
2.06306306e+06 	 1.744223e-05 	 1.727597e+07 	
2.06356356e+06 	 1.741221e-05 	 1.726796e+07 	
2.06406406e+06 	 1.738222e-05 	 1.725995e+07 	
2.06456456e+06 	 1.735228e-05 	 1.725195e+07 	
2.06506507e+06 	 1.732239e-05 	 1.724395e+07 	
2.06556557e+06 	 1.729253e-05 	 1.723596e+07 	
2.06606607e+06 	 1.726273e-05 	 1.722797e+07 	
2.06656657e+06 	 1.723296e-05 	 1.721999e+07 	
2.06706707e+06 	 1.720324e-05 	 1.721201e+07 	
2.06756757e+06 	 1.717357e-05 	 1.720404e+07 	
2.06806807e+06 	 1.714393e-05 	 1.719608e+07 	
2.06856857e+06 	 1.711435e-05 	 1.718811e+07 	
2.06906907e+06 	 1.708480e-05 	 1.718016e+07 	
2.06956957e+06 	 1.705530e-05 	 1.717221e+07 	
2.07007007e+06 	 1.702584e-05 	 1.716426e+07 	
2.07057057e+06 	 1.699642e-05 	 1.715632e+07 	
2.07107107e+06 	 1.696705e-05 	 1.714838e+07 	
2.07157157e+06 	 1.693772e-05 	 1.714045e+07 	
2.07207207e+06 	 1.690843e-05 	 1.713252e+07 	
2.07257257e+06 	 1.687919e-05 	 1.712460e+07 	
2.07307307e+06 	 1.684999e-05 	 1.711668e+07 	
2.07357357e+06 	 1.682083e-05 	 1.710877e+07 	
2.07407407e+06 	 1.679171e-05 	 1.710086e+07 	
2.07457457e+06 	 1.676264e-05 	 1.709296e+07 	
2.07507508e+06 	 1.673361e-05 	 1.708506e+07 	
2.07557558e+06 	 1.670462e-05 	 1.707717e+07 	
2.07607608e+06 	 1.667567e-05 	 1.706928e+07 	
2.07657658e+06 	 1.664676e-05 	 1.706140e+07 	
2.07707708e+06 	 1.661790e-05 	 1.705352e+07 	
2.07757758e+06 	 1.658908e-05 	 1.704564e+07 	
2.07807808e+06 	 1.656030e-05 	 1.703778e+07 	
2.07857858e+06 	 1.653156e-05 	 1.702991e+07 	
2.07907908e+06 	 1.650287e-05 	 1.702205e+07 	
2.07957958e+06 	 1.647422e-05 	 1.701420e+07 	
2.08008008e+06 	 1.644560e-05 	 1.700635e+07 	
2.08058058e+06 	 1.641703e-05 	 1.699851e+07 	
2.08108108e+06 	 1.638850e-05 	 1.699067e+07 	
2.08158158e+06 	 1.636002e-05 	 1.698283e+07 	
2.08208208e+06 	 1.633157e-05 	 1.697500e+07 	
2.08258258e+06 	 1.630316e-05 	 1.696718e+07 	
2.08308308e+06 	 1.627480e-05 	 1.695936e+07 	
2.08358358e+06 	 1.624648e-05 	 1.695154e+07 	
2.08408408e+06 	 1.621819e-05 	 1.694373e+07 	
2.08458458e+06 	 1.618995e-05 	 1.693593e+07 	
2.08508509e+06 	 1.616175e-05 	 1.692813e+07 	
2.08558559e+06 	 1.613359e-05 	 1.692033e+07 	
2.08608609e+06 	 1.610547e-05 	 1.691254e+07 	
2.08658659e+06 	 1.607739e-05 	 1.690475e+07 	
2.08708709e+06 	 1.604935e-05 	 1.689697e+07 	
2.08758759e+06 	 1.602136e-05 	 1.688919e+07 	
2.08808809e+06 	 1.599340e-05 	 1.688142e+07 	
2.08858859e+06 	 1.596548e-05 	 1.687366e+07 	
2.08908909e+06 	 1.593760e-05 	 1.686589e+07 	
2.08958959e+06 	 1.590977e-05 	 1.685814e+07 	
2.09009009e+06 	 1.588197e-05 	 1.685038e+07 	
2.09059059e+06 	 1.585421e-05 	 1.684264e+07 	
2.09109109e+06 	 1.582650e-05 	 1.683489e+07 	
2.09159159e+06 	 1.579882e-05 	 1.682715e+07 	
2.09209209e+06 	 1.577118e-05 	 1.681942e+07 	
2.09259259e+06 	 1.574358e-05 	 1.681169e+07 	
2.09309309e+06 	 1.571603e-05 	 1.680397e+07 	
2.09359359e+06 	 1.568851e-05 	 1.679625e+07 	
2.09409409e+06 	 1.566103e-05 	 1.678853e+07 	
2.09459459e+06 	 1.563359e-05 	 1.678082e+07 	
2.09509510e+06 	 1.560619e-05 	 1.677312e+07 	
2.09559560e+06 	 1.557882e-05 	 1.676542e+07 	
2.09609610e+06 	 1.555150e-05 	 1.675772e+07 	
2.09659660e+06 	 1.552422e-05 	 1.675003e+07 	
2.09709710e+06 	 1.549697e-05 	 1.674235e+07 	
2.09759760e+06 	 1.546977e-05 	 1.673466e+07 	
2.09809810e+06 	 1.544260e-05 	 1.672699e+07 	
2.09859860e+06 	 1.541547e-05 	 1.671932e+07 	
2.09909910e+06 	 1.538838e-05 	 1.671165e+07 	
2.09959960e+06 	 1.536133e-05 	 1.670399e+07 	
2.10010010e+06 	 1.533432e-05 	 1.669633e+07 	
2.10060060e+06 	 1.530735e-05 	 1.668867e+07 	
2.10110110e+06 	 1.528041e-05 	 1.668103e+07 	
2.10160160e+06 	 1.525351e-05 	 1.667338e+07 	
2.10210210e+06 	 1.522665e-05 	 1.666574e+07 	
2.10260260e+06 	 1.519983e-05 	 1.665811e+07 	
2.10310310e+06 	 1.517305e-05 	 1.665048e+07 	
2.10360360e+06 	 1.514631e-05 	 1.664285e+07 	
2.10410410e+06 	 1.512037e-05 	 1.663521e+07 	
2.10460460e+06 	 1.509372e-05 	 1.662760e+07 	
2.10510511e+06 	 1.506710e-05 	 1.661999e+07 	
2.10560561e+06 	 1.504052e-05 	 1.661238e+07 	
2.10610611e+06 	 1.501398e-05 	 1.660478e+07 	
2.10660661e+06 	 1.498748e-05 	 1.659718e+07 	
2.10710711e+06 	 1.496101e-05 	 1.658959e+07 	
2.10760761e+06 	 1.493458e-05 	 1.658200e+07 	
2.10810811e+06 	 1.490820e-05 	 1.657441e+07 	
2.10860861e+06 	 1.488184e-05 	 1.656684e+07 	
2.10910911e+06 	 1.485553e-05 	 1.655926e+07 	
2.10960961e+06 	 1.482925e-05 	 1.655169e+07 	
2.11011011e+06 	 1.480301e-05 	 1.654413e+07 	
2.11061061e+06 	 1.477681e-05 	 1.653657e+07 	
2.11111111e+06 	 1.475064e-05 	 1.652901e+07 	
2.11161161e+06 	 1.472451e-05 	 1.652146e+07 	
2.11211211e+06 	 1.469842e-05 	 1.651391e+07 	
2.11261261e+06 	 1.467237e-05 	 1.650637e+07 	
2.11311311e+06 	 1.464635e-05 	 1.649883e+07 	
2.11361361e+06 	 1.462037e-05 	 1.649130e+07 	
2.11411411e+06 	 1.459443e-05 	 1.648377e+07 	
2.11461461e+06 	 1.456852e-05 	 1.647625e+07 	
2.11511512e+06 	 1.454265e-05 	 1.646873e+07 	
2.11561562e+06 	 1.451682e-05 	 1.646121e+07 	
2.11611612e+06 	 1.449102e-05 	 1.645370e+07 	
2.11661662e+06 	 1.446526e-05 	 1.644620e+07 	
2.11711712e+06 	 1.443953e-05 	 1.643870e+07 	
2.11761762e+06 	 1.441385e-05 	 1.643120e+07 	
2.11811812e+06 	 1.438819e-05 	 1.642371e+07 	
2.11861862e+06 	 1.436258e-05 	 1.641622e+07 	
2.11911912e+06 	 1.433700e-05 	 1.640874e+07 	
2.11961962e+06 	 1.431146e-05 	 1.640126e+07 	
2.12012012e+06 	 1.428523e-05 	 1.639380e+07 	
2.12062062e+06 	 1.425975e-05 	 1.638634e+07 	
2.12112112e+06 	 1.423430e-05 	 1.637887e+07 	
2.12162162e+06 	 1.420888e-05 	 1.637141e+07 	
2.12212212e+06 	 1.418350e-05 	 1.636396e+07 	
2.12262262e+06 	 1.415816e-05 	 1.635651e+07 	
2.12312312e+06 	 1.413285e-05 	 1.634906e+07 	
2.12362362e+06 	 1.410758e-05 	 1.634162e+07 	
2.12412412e+06 	 1.408234e-05 	 1.633418e+07 	
2.12462462e+06 	 1.405714e-05 	 1.632675e+07 	
2.12512513e+06 	 1.403198e-05 	 1.631932e+07 	
2.12562563e+06 	 1.400684e-05 	 1.631190e+07 	
2.12612613e+06 	 1.398175e-05 	 1.630448e+07 	
2.12662663e+06 	 1.395668e-05 	 1.629706e+07 	
2.12712713e+06 	 1.393166e-05 	 1.628965e+07 	
2.12762763e+06 	 1.390666e-05 	 1.628225e+07 	
2.12812813e+06 	 1.388171e-05 	 1.627485e+07 	
2.12862863e+06 	 1.385678e-05 	 1.626745e+07 	
2.12912913e+06 	 1.383190e-05 	 1.626006e+07 	
2.12962963e+06 	 1.380704e-05 	 1.625267e+07 	
2.13013013e+06 	 1.378222e-05 	 1.624529e+07 	
2.13063063e+06 	 1.375744e-05 	 1.623791e+07 	
2.13113113e+06 	 1.373269e-05 	 1.623054e+07 	
2.13163163e+06 	 1.370797e-05 	 1.622317e+07 	
2.13213213e+06 	 1.368329e-05 	 1.621580e+07 	
2.13263263e+06 	 1.365864e-05 	 1.620844e+07 	
2.13313313e+06 	 1.363402e-05 	 1.620108e+07 	
2.13363363e+06 	 1.360944e-05 	 1.619373e+07 	
2.13413413e+06 	 1.358490e-05 	 1.618638e+07 	
2.13463463e+06 	 1.356038e-05 	 1.617904e+07 	
2.13513514e+06 	 1.353590e-05 	 1.617170e+07 	
2.13563564e+06 	 1.351146e-05 	 1.616437e+07 	
2.13613614e+06 	 1.348705e-05 	 1.615704e+07 	
2.13663664e+06 	 1.346267e-05 	 1.614971e+07 	
2.13713714e+06 	 1.343764e-05 	 1.614241e+07 	
2.13763764e+06 	 1.341332e-05 	 1.613509e+07 	
2.13813814e+06 	 1.338903e-05 	 1.612778e+07 	
2.13863864e+06 	 1.336477e-05 	 1.612048e+07 	
2.13913914e+06 	 1.334055e-05 	 1.611317e+07 	
2.13963964e+06 	 1.331635e-05 	 1.610587e+07 	
2.14014014e+06 	 1.329219e-05 	 1.609858e+07 	
2.14064064e+06 	 1.326807e-05 	 1.609129e+07 	
2.14114114e+06 	 1.324397e-05 	 1.608401e+07 	
2.14164164e+06 	 1.321991e-05 	 1.607673e+07 	
2.14214214e+06 	 1.319589e-05 	 1.606945e+07 	
2.14264264e+06 	 1.317189e-05 	 1.606218e+07 	
2.14314314e+06 	 1.314793e-05 	 1.605491e+07 	
2.14364364e+06 	 1.312400e-05 	 1.604765e+07 	
2.14414414e+06 	 1.310010e-05 	 1.604039e+07 	
2.14464464e+06 	 1.307623e-05 	 1.603313e+07 	
2.14514515e+06 	 1.305240e-05 	 1.602588e+07 	
2.14564565e+06 	 1.302860e-05 	 1.601864e+07 	
2.14614615e+06 	 1.300483e-05 	 1.601140e+07 	
2.14664665e+06 	 1.298109e-05 	 1.600416e+07 	
2.14714715e+06 	 1.295738e-05 	 1.599693e+07 	
2.14764765e+06 	 1.293371e-05 	 1.598970e+07 	
2.14814815e+06 	 1.291007e-05 	 1.598247e+07 	
2.14864865e+06 	 1.288646e-05 	 1.597525e+07 	
2.14914915e+06 	 1.286288e-05 	 1.596804e+07 	
2.14964965e+06 	 1.283933e-05 	 1.596083e+07 	
2.15015015e+06 	 1.281582e-05 	 1.595362e+07 	
2.15065065e+06 	 1.279233e-05 	 1.594642e+07 	
2.15115115e+06 	 1.276888e-05 	 1.593922e+07 	
2.15165165e+06 	 1.274546e-05 	 1.593203e+07 	
2.15215215e+06 	 1.272207e-05 	 1.592484e+07 	
2.15265265e+06 	 1.269871e-05 	 1.591766e+07 	
2.15315315e+06 	 1.267538e-05 	 1.591047e+07 	
2.15365365e+06 	 1.265272e-05 	 1.590328e+07 	
2.15415415e+06 	 1.262946e-05 	 1.589611e+07 	
2.15465465e+06 	 1.260624e-05 	 1.588894e+07 	
2.15515516e+06 	 1.258305e-05 	 1.588178e+07 	
2.15565566e+06 	 1.255989e-05 	 1.587462e+07 	
2.15615616e+06 	 1.253676e-05 	 1.586746e+07 	
2.15665666e+06 	 1.251366e-05 	 1.586031e+07 	
2.15715716e+06 	 1.249059e-05 	 1.585317e+07 	
2.15765766e+06 	 1.246756e-05 	 1.584602e+07 	
2.15815816e+06 	 1.244455e-05 	 1.583889e+07 	
2.15865866e+06 	 1.242157e-05 	 1.583175e+07 	
2.15915916e+06 	 1.239863e-05 	 1.582462e+07 	
2.15965966e+06 	 1.237571e-05 	 1.581750e+07 	
2.16016016e+06 	 1.235283e-05 	 1.581038e+07 	
2.16066066e+06 	 1.232997e-05 	 1.580326e+07 	
2.16116116e+06 	 1.230715e-05 	 1.579615e+07 	
2.16166166e+06 	 1.228436e-05 	 1.578904e+07 	
2.16216216e+06 	 1.226159e-05 	 1.578194e+07 	
2.16266266e+06 	 1.223886e-05 	 1.577484e+07 	
2.16316316e+06 	 1.221616e-05 	 1.576774e+07 	
2.16366366e+06 	 1.219348e-05 	 1.576065e+07 	
2.16416416e+06 	 1.217084e-05 	 1.575357e+07 	
2.16466466e+06 	 1.214823e-05 	 1.574648e+07 	
2.16516517e+06 	 1.212564e-05 	 1.573941e+07 	
2.16566567e+06 	 1.210309e-05 	 1.573233e+07 	
2.16616617e+06 	 1.208056e-05 	 1.572526e+07 	
2.16666667e+06 	 1.205807e-05 	 1.571820e+07 	
2.16716717e+06 	 1.203560e-05 	 1.571114e+07 	
2.16766767e+06 	 1.201317e-05 	 1.570408e+07 	
2.16816817e+06 	 1.199076e-05 	 1.569703e+07 	
2.16866867e+06 	 1.196838e-05 	 1.568998e+07 	
2.16916917e+06 	 1.194604e-05 	 1.568293e+07 	
2.16966967e+06 	 1.192372e-05 	 1.567589e+07 	
2.17017017e+06 	 1.190143e-05 	 1.566886e+07 	
2.17067067e+06 	 1.187977e-05 	 1.566181e+07 	
2.17117117e+06 	 1.185755e-05 	 1.565478e+07 	
2.17167167e+06 	 1.183536e-05 	 1.564776e+07 	
2.17217217e+06 	 1.181320e-05 	 1.564074e+07 	
2.17267267e+06 	 1.179106e-05 	 1.563372e+07 	
2.17317317e+06 	 1.176896e-05 	 1.562671e+07 	
2.17367367e+06 	 1.174689e-05 	 1.561970e+07 	
2.17417417e+06 	 1.172484e-05 	 1.561270e+07 	
2.17467467e+06 	 1.170282e-05 	 1.560570e+07 	
2.17517518e+06 	 1.168083e-05 	 1.559871e+07 	
2.17567568e+06 	 1.165888e-05 	 1.559172e+07 	
2.17617618e+06 	 1.163694e-05 	 1.558473e+07 	
2.17667668e+06 	 1.161504e-05 	 1.557775e+07 	
2.17717718e+06 	 1.159317e-05 	 1.557077e+07 	
2.17767768e+06 	 1.157132e-05 	 1.556380e+07 	
2.17817818e+06 	 1.154951e-05 	 1.555683e+07 	
2.17867868e+06 	 1.152772e-05 	 1.554987e+07 	
2.17917918e+06 	 1.150596e-05 	 1.554291e+07 	
2.17967968e+06 	 1.148423e-05 	 1.553595e+07 	
2.18018018e+06 	 1.146252e-05 	 1.552900e+07 	
2.18068068e+06 	 1.144085e-05 	 1.552205e+07 	
2.18118118e+06 	 1.141920e-05 	 1.551510e+07 	
2.18168168e+06 	 1.139758e-05 	 1.550816e+07 	
2.18218218e+06 	 1.137599e-05 	 1.550123e+07 	
2.18268268e+06 	 1.135442e-05 	 1.549430e+07 	
2.18318318e+06 	 1.133289e-05 	 1.548737e+07 	
2.18368368e+06 	 1.131138e-05 	 1.548044e+07 	
2.18418418e+06 	 1.128990e-05 	 1.547353e+07 	
2.18468468e+06 	 1.126845e-05 	 1.546661e+07 	
2.18518519e+06 	 1.124702e-05 	 1.545970e+07 	
2.18568569e+06 	 1.122562e-05 	 1.545279e+07 	
2.18618619e+06 	 1.120425e-05 	 1.544589e+07 	
2.18668669e+06 	 1.118291e-05 	 1.543899e+07 	
2.18718719e+06 	 1.116159e-05 	 1.543209e+07 	
2.18768769e+06 	 1.114087e-05 	 1.542519e+07 	
2.18818819e+06 	 1.111962e-05 	 1.541830e+07 	
2.18868869e+06 	 1.109840e-05 	 1.541142e+07 	
2.18918919e+06 	 1.107720e-05 	 1.540454e+07 	
2.18968969e+06 	 1.105603e-05 	 1.539766e+07 	
2.19019019e+06 	 1.103489e-05 	 1.539079e+07 	
2.19069069e+06 	 1.101377e-05 	 1.538393e+07 	
2.19119119e+06 	 1.099269e-05 	 1.537706e+07 	
2.19169169e+06 	 1.097163e-05 	 1.537020e+07 	
2.19219219e+06 	 1.095059e-05 	 1.536335e+07 	
2.19269269e+06 	 1.092959e-05 	 1.535650e+07 	
2.19319319e+06 	 1.090861e-05 	 1.534965e+07 	
2.19369369e+06 	 1.088766e-05 	 1.534281e+07 	
2.19419419e+06 	 1.086673e-05 	 1.533597e+07 	
2.19469469e+06 	 1.084583e-05 	 1.532914e+07 	
2.19519520e+06 	 1.082496e-05 	 1.532231e+07 	
2.19569570e+06 	 1.080411e-05 	 1.531548e+07 	
2.19619620e+06 	 1.078329e-05 	 1.530866e+07 	
2.19669670e+06 	 1.076250e-05 	 1.530184e+07 	
2.19719720e+06 	 1.074173e-05 	 1.529503e+07 	
2.19769770e+06 	 1.072099e-05 	 1.528822e+07 	
2.19819820e+06 	 1.070028e-05 	 1.528142e+07 	
2.19869870e+06 	 1.067959e-05 	 1.527461e+07 	
2.19919920e+06 	 1.065893e-05 	 1.526782e+07 	
2.19969970e+06 	 1.063830e-05 	 1.526102e+07 	
2.20020020e+06 	 1.061769e-05 	 1.525423e+07 	
2.20070070e+06 	 1.059710e-05 	 1.524745e+07 	
2.20120120e+06 	 1.057655e-05 	 1.524067e+07 	
2.20170170e+06 	 1.055602e-05 	 1.523389e+07 	
2.20220220e+06 	 1.053551e-05 	 1.522712e+07 	
2.20270270e+06 	 1.051503e-05 	 1.522035e+07 	
2.20320320e+06 	 1.049458e-05 	 1.521358e+07 	
2.20370370e+06 	 1.047415e-05 	 1.520682e+07 	
2.20420420e+06 	 1.045375e-05 	 1.520006e+07 	
2.20470470e+06 	 1.043390e-05 	 1.519329e+07 	
2.20520521e+06 	 1.041355e-05 	 1.518654e+07 	
2.20570571e+06 	 1.039324e-05 	 1.517979e+07 	
2.20620621e+06 	 1.037295e-05 	 1.517305e+07 	
2.20670671e+06 	 1.035269e-05 	 1.516631e+07 	
2.20720721e+06 	 1.033245e-05 	 1.515958e+07 	
2.20770771e+06 	 1.031223e-05 	 1.515285e+07 	
2.20820821e+06 	 1.029205e-05 	 1.514613e+07 	
2.20870871e+06 	 1.027188e-05 	 1.513940e+07 	
2.20920921e+06 	 1.025175e-05 	 1.513269e+07 	
2.20970971e+06 	 1.023163e-05 	 1.512597e+07 	
2.21021021e+06 	 1.021155e-05 	 1.511926e+07 	
2.21071071e+06 	 1.019149e-05 	 1.511256e+07 	
2.21121121e+06 	 1.017145e-05 	 1.510585e+07 	
2.21171171e+06 	 1.015144e-05 	 1.509916e+07 	
2.21221221e+06 	 1.013145e-05 	 1.509246e+07 	
2.21271271e+06 	 1.011149e-05 	 1.508577e+07 	
2.21321321e+06 	 1.009156e-05 	 1.507908e+07 	
2.21371371e+06 	 1.007164e-05 	 1.507240e+07 	
2.21421421e+06 	 1.005176e-05 	 1.506572e+07 	
2.21471471e+06 	 1.003190e-05 	 1.505905e+07 	
2.21521522e+06 	 1.001206e-05 	 1.505238e+07 	
2.21571572e+06 	 9.992248e-06 	 1.504571e+07 	
2.21621622e+06 	 9.972461e-06 	 1.503905e+07 	
2.21671672e+06 	 9.952698e-06 	 1.503239e+07 	
2.21721722e+06 	 9.932960e-06 	 1.502574e+07 	
2.21771772e+06 	 9.913246e-06 	 1.501909e+07 	
2.21821822e+06 	 9.893557e-06 	 1.501244e+07 	
2.21871872e+06 	 9.873892e-06 	 1.500580e+07 	
2.21921922e+06 	 9.854252e-06 	 1.499916e+07 	
2.21971972e+06 	 9.834635e-06 	 1.499252e+07 	
2.22022022e+06 	 9.815044e-06 	 1.498589e+07 	
2.22072072e+06 	 9.795476e-06 	 1.497926e+07 	
2.22122122e+06 	 9.775933e-06 	 1.497264e+07 	
2.22172172e+06 	 9.756413e-06 	 1.496602e+07 	
2.22222222e+06 	 9.736424e-06 	 1.495942e+07 	
2.22272272e+06 	 9.716944e-06 	 1.495281e+07 	
2.22322322e+06 	 9.697488e-06 	 1.494620e+07 	
2.22372372e+06 	 9.678055e-06 	 1.493960e+07 	
2.22422422e+06 	 9.658647e-06 	 1.493300e+07 	
2.22472472e+06 	 9.639262e-06 	 1.492640e+07 	
2.22522523e+06 	 9.619900e-06 	 1.491981e+07 	
2.22572573e+06 	 9.600562e-06 	 1.491322e+07 	
2.22622623e+06 	 9.581248e-06 	 1.490664e+07 	
2.22672673e+06 	 9.561957e-06 	 1.490006e+07 	
2.22722723e+06 	 9.542690e-06 	 1.489348e+07 	
2.22772773e+06 	 9.523446e-06 	 1.488691e+07 	
2.22822823e+06 	 9.504226e-06 	 1.488034e+07 	
2.22872873e+06 	 9.485028e-06 	 1.487378e+07 	
2.22922923e+06 	 9.465854e-06 	 1.486722e+07 	
2.22972973e+06 	 9.446703e-06 	 1.486066e+07 	
2.23023023e+06 	 9.427576e-06 	 1.485411e+07 	
2.23073073e+06 	 9.408471e-06 	 1.484756e+07 	
2.23123123e+06 	 9.389390e-06 	 1.484101e+07 	
2.23173173e+06 	 9.370331e-06 	 1.483447e+07 	
2.23223223e+06 	 9.351296e-06 	 1.482793e+07 	
2.23273273e+06 	 9.332283e-06 	 1.482140e+07 	
2.23323323e+06 	 9.313293e-06 	 1.481487e+07 	
2.23373373e+06 	 9.294326e-06 	 1.480834e+07 	
2.23423423e+06 	 9.275382e-06 	 1.480182e+07 	
2.23473473e+06 	 9.256460e-06 	 1.479530e+07 	
2.23523524e+06 	 9.237562e-06 	 1.478879e+07 	
2.23573574e+06 	 9.218685e-06 	 1.478228e+07 	
2.23623624e+06 	 9.199832e-06 	 1.477577e+07 	
2.23673674e+06 	 9.181001e-06 	 1.476927e+07 	
2.23723724e+06 	 9.162192e-06 	 1.476277e+07 	
2.23773774e+06 	 9.143406e-06 	 1.475627e+07 	
2.23823824e+06 	 9.124642e-06 	 1.474978e+07 	
2.23873874e+06 	 9.105901e-06 	 1.474329e+07 	
2.23923924e+06 	 9.087181e-06 	 1.473681e+07 	
2.23973974e+06 	 9.068947e-06 	 1.473031e+07 	
2.24024024e+06 	 9.050281e-06 	 1.472383e+07 	
2.24074074e+06 	 9.031636e-06 	 1.471736e+07 	
2.24124124e+06 	 9.013014e-06 	 1.471089e+07 	
2.24174174e+06 	 8.994415e-06 	 1.470442e+07 	
2.24224224e+06 	 8.975837e-06 	 1.469796e+07 	
2.24274274e+06 	 8.957282e-06 	 1.469151e+07 	
2.24324324e+06 	 8.938749e-06 	 1.468505e+07 	
2.24374374e+06 	 8.920237e-06 	 1.467860e+07 	
2.24424424e+06 	 8.901748e-06 	 1.467216e+07 	
2.24474474e+06 	 8.883280e-06 	 1.466571e+07 	
2.24524525e+06 	 8.864835e-06 	 1.465927e+07 	
2.24574575e+06 	 8.846411e-06 	 1.465284e+07 	
2.24624625e+06 	 8.828009e-06 	 1.464641e+07 	
2.24674675e+06 	 8.809629e-06 	 1.463998e+07 	
2.24724725e+06 	 8.791271e-06 	 1.463356e+07 	
2.24774775e+06 	 8.772934e-06 	 1.462714e+07 	
2.24824825e+06 	 8.754619e-06 	 1.462072e+07 	
2.24874875e+06 	 8.736326e-06 	 1.461431e+07 	
2.24924925e+06 	 8.718054e-06 	 1.460790e+07 	
2.24974975e+06 	 8.699803e-06 	 1.460150e+07 	
2.25025025e+06 	 8.681574e-06 	 1.459509e+07 	
2.25075075e+06 	 8.663367e-06 	 1.458870e+07 	
2.25125125e+06 	 8.645181e-06 	 1.458230e+07 	
2.25175175e+06 	 8.627016e-06 	 1.457591e+07 	
2.25225225e+06 	 8.608872e-06 	 1.456953e+07 	
2.25275275e+06 	 8.590750e-06 	 1.456315e+07 	
2.25325325e+06 	 8.572649e-06 	 1.455677e+07 	
2.25375375e+06 	 8.554569e-06 	 1.455039e+07 	
2.25425425e+06 	 8.536510e-06 	 1.454402e+07 	
2.25475475e+06 	 8.518472e-06 	 1.453766e+07 	
2.25525526e+06 	 8.500455e-06 	 1.453129e+07 	
2.25575576e+06 	 8.482460e-06 	 1.452493e+07 	
2.25625626e+06 	 8.464485e-06 	 1.451858e+07 	
2.25675676e+06 	 8.446108e-06 	 1.451224e+07 	
2.25725726e+06 	 8.428168e-06 	 1.450589e+07 	
2.25775776e+06 	 8.410248e-06 	 1.449955e+07 	
2.25825826e+06 	 8.392349e-06 	 1.449321e+07 	
2.25875876e+06 	 8.374470e-06 	 1.448687e+07 	
2.25925926e+06 	 8.356612e-06 	 1.448054e+07 	
2.25975976e+06 	 8.338775e-06 	 1.447421e+07 	
2.26026026e+06 	 8.320958e-06 	 1.446788e+07 	
2.26076076e+06 	 8.303161e-06 	 1.446156e+07 	
2.26126126e+06 	 8.285385e-06 	 1.445524e+07 	
2.26176176e+06 	 8.267629e-06 	 1.444893e+07 	
2.26226226e+06 	 8.249894e-06 	 1.444262e+07 	
2.26276276e+06 	 8.232178e-06 	 1.443631e+07 	
2.26326326e+06 	 8.214483e-06 	 1.443001e+07 	
2.26376376e+06 	 8.196808e-06 	 1.442371e+07 	
2.26426426e+06 	 8.179154e-06 	 1.441741e+07 	
2.26476476e+06 	 8.161519e-06 	 1.441112e+07 	
2.26526527e+06 	 8.143904e-06 	 1.440483e+07 	
2.26576577e+06 	 8.126310e-06 	 1.439854e+07 	
2.26626627e+06 	 8.108735e-06 	 1.439226e+07 	
2.26676677e+06 	 8.091180e-06 	 1.438599e+07 	
2.26726727e+06 	 8.073646e-06 	 1.437971e+07 	
2.26776777e+06 	 8.056131e-06 	 1.437344e+07 	
2.26826827e+06 	 8.038635e-06 	 1.436718e+07 	
2.26876877e+06 	 8.021160e-06 	 1.436091e+07 	
2.26926927e+06 	 8.003704e-06 	 1.435465e+07 	
2.26976977e+06 	 7.986268e-06 	 1.434840e+07 	
2.27027027e+06 	 7.968852e-06 	 1.434215e+07 	
2.27077077e+06 	 7.951455e-06 	 1.433590e+07 	
2.27127127e+06 	 7.934078e-06 	 1.432965e+07 	
2.27177177e+06 	 7.916720e-06 	 1.432341e+07 	
2.27227227e+06 	 7.899382e-06 	 1.431718e+07 	
2.27277277e+06 	 7.882063e-06 	 1.431094e+07 	
2.27327327e+06 	 7.864763e-06 	 1.430471e+07 	
2.27377377e+06 	 7.847483e-06 	 1.429849e+07 	
2.27427427e+06 	 7.830222e-06 	 1.429227e+07 	
2.27477477e+06 	 7.812584e-06 	 1.428607e+07 	
2.27527528e+06 	 7.795355e-06 	 1.427985e+07 	
2.27577578e+06 	 7.778144e-06 	 1.427364e+07 	
2.27627628e+06 	 7.760953e-06 	 1.426743e+07 	
2.27677678e+06 	 7.743781e-06 	 1.426123e+07 	
2.27727728e+06 	 7.726627e-06 	 1.425503e+07 	
2.27777778e+06 	 7.709493e-06 	 1.424883e+07 	
2.27827828e+06 	 7.692377e-06 	 1.424264e+07 	
2.27877878e+06 	 7.675280e-06 	 1.423645e+07 	
2.27927928e+06 	 7.658202e-06 	 1.423027e+07 	
2.27977978e+06 	 7.641143e-06 	 1.422409e+07 	
2.28028028e+06 	 7.624102e-06 	 1.421791e+07 	
2.28078078e+06 	 7.607080e-06 	 1.421173e+07 	
2.28128128e+06 	 7.590077e-06 	 1.420556e+07 	
2.28178178e+06 	 7.573092e-06 	 1.419940e+07 	
2.28228228e+06 	 7.556126e-06 	 1.419323e+07 	
2.28278278e+06 	 7.539178e-06 	 1.418707e+07 	
2.28328328e+06 	 7.522249e-06 	 1.418092e+07 	
2.28378378e+06 	 7.505338e-06 	 1.417476e+07 	
2.28428428e+06 	 7.488445e-06 	 1.416862e+07 	
2.28478478e+06 	 7.471571e-06 	 1.416247e+07 	
2.28528529e+06 	 7.454714e-06 	 1.415633e+07 	
2.28578579e+06 	 7.437877e-06 	 1.415019e+07 	
2.28628629e+06 	 7.421057e-06 	 1.414406e+07 	
2.28678679e+06 	 7.404255e-06 	 1.413793e+07 	
2.28728729e+06 	 7.387472e-06 	 1.413180e+07 	
2.28778779e+06 	 7.370706e-06 	 1.412568e+07 	
2.28828829e+06 	 7.353959e-06 	 1.411956e+07 	
2.28878879e+06 	 7.337230e-06 	 1.411344e+07 	
2.28928929e+06 	 7.320518e-06 	 1.410733e+07 	
2.28978979e+06 	 7.303825e-06 	 1.410122e+07 	
2.29029029e+06 	 7.287149e-06 	 1.409511e+07 	
2.29079079e+06 	 7.270491e-06 	 1.408901e+07 	
2.29129129e+06 	 7.253851e-06 	 1.408292e+07 	
2.29179179e+06 	 7.237228e-06 	 1.407682e+07 	
2.29229229e+06 	 7.220260e-06 	 1.407075e+07 	
2.29279279e+06 	 7.203667e-06 	 1.406466e+07 	
2.29329329e+06 	 7.187091e-06 	 1.405858e+07 	
2.29379379e+06 	 7.170533e-06 	 1.405250e+07 	
2.29429429e+06 	 7.153992e-06 	 1.404642e+07 	
2.29479479e+06 	 7.137468e-06 	 1.404035e+07 	
2.29529530e+06 	 7.120962e-06 	 1.403428e+07 	
2.29579580e+06 	 7.104473e-06 	 1.402822e+07 	
2.29629630e+06 	 7.088001e-06 	 1.402216e+07 	
2.29679680e+06 	 7.071547e-06 	 1.401610e+07 	
2.29729730e+06 	 7.055110e-06 	 1.401004e+07 	
2.29779780e+06 	 7.038690e-06 	 1.400399e+07 	
2.29829830e+06 	 7.022287e-06 	 1.399795e+07 	
2.29879880e+06 	 7.005901e-06 	 1.399190e+07 	
2.29929930e+06 	 6.989532e-06 	 1.398586e+07 	
2.29979980e+06 	 6.973180e-06 	 1.397983e+07 	
2.30030030e+06 	 6.956845e-06 	 1.397380e+07 	
2.30080080e+06 	 6.940526e-06 	 1.396777e+07 	
2.30130130e+06 	 6.924225e-06 	 1.396174e+07 	
2.30180180e+06 	 6.907940e-06 	 1.395572e+07 	
2.30230230e+06 	 6.891673e-06 	 1.394970e+07 	
2.30280280e+06 	 6.875422e-06 	 1.394369e+07 	
2.30330330e+06 	 6.859187e-06 	 1.393768e+07 	
2.30380380e+06 	 6.842970e-06 	 1.393167e+07 	
2.30430430e+06 	 6.826768e-06 	 1.392567e+07 	
2.30480480e+06 	 6.810584e-06 	 1.391967e+07 	
2.30530531e+06 	 6.794416e-06 	 1.391367e+07 	
2.30580581e+06 	 6.778264e-06 	 1.390768e+07 	
2.30630631e+06 	 6.762129e-06 	 1.390169e+07 	
2.30680681e+06 	 6.746010e-06 	 1.389570e+07 	
2.30730731e+06 	 6.729908e-06 	 1.388972e+07 	
2.30780781e+06 	 6.713822e-06 	 1.388374e+07 	
2.30830831e+06 	 6.697752e-06 	 1.387777e+07 	
2.30880881e+06 	 6.681699e-06 	 1.387179e+07 	
2.30930931e+06 	 6.665661e-06 	 1.386583e+07 	
2.30980981e+06 	 6.649640e-06 	 1.385986e+07 	
2.31031031e+06 	 6.633299e-06 	 1.385392e+07 	
2.31081081e+06 	 6.617304e-06 	 1.384796e+07 	
2.31131131e+06 	 6.601325e-06 	 1.384201e+07 	
2.31181181e+06 	 6.585362e-06 	 1.383606e+07 	
2.31231231e+06 	 6.569415e-06 	 1.383012e+07 	
2.31281281e+06 	 6.553484e-06 	 1.382417e+07 	
2.31331331e+06 	 6.537569e-06 	 1.381823e+07 	
2.31381381e+06 	 6.521669e-06 	 1.381230e+07 	
2.31431431e+06 	 6.505785e-06 	 1.380637e+07 	
2.31481481e+06 	 6.489917e-06 	 1.380044e+07 	
2.31531532e+06 	 6.474064e-06 	 1.379452e+07 	
2.31581582e+06 	 6.458227e-06 	 1.378860e+07 	
2.31631632e+06 	 6.442405e-06 	 1.378268e+07 	
2.31681682e+06 	 6.426599e-06 	 1.377676e+07 	
2.31731732e+06 	 6.410808e-06 	 1.377085e+07 	
2.31781782e+06 	 6.395033e-06 	 1.376495e+07 	
2.31831832e+06 	 6.379273e-06 	 1.375905e+07 	
2.31881882e+06 	 6.363528e-06 	 1.375315e+07 	
2.31931932e+06 	 6.347799e-06 	 1.374725e+07 	
2.31981982e+06 	 6.332085e-06 	 1.374136e+07 	
2.32032032e+06 	 6.316386e-06 	 1.373547e+07 	
2.32082082e+06 	 6.300702e-06 	 1.372959e+07 	
2.32132132e+06 	 6.285033e-06 	 1.372370e+07 	
2.32182182e+06 	 6.269380e-06 	 1.371783e+07 	
2.32232232e+06 	 6.253741e-06 	 1.371195e+07 	
2.32282282e+06 	 6.238118e-06 	 1.370608e+07 	
2.32332332e+06 	 6.222509e-06 	 1.370022e+07 	
2.32382382e+06 	 6.206916e-06 	 1.369435e+07 	
2.32432432e+06 	 6.191337e-06 	 1.368849e+07 	
2.32482482e+06 	 6.175773e-06 	 1.368264e+07 	
2.32532533e+06 	 6.160224e-06 	 1.367678e+07 	
2.32582583e+06 	 6.144689e-06 	 1.367093e+07 	
2.32632633e+06 	 6.129170e-06 	 1.366509e+07 	
2.32682683e+06 	 6.113665e-06 	 1.365925e+07 	
2.32732733e+06 	 6.098174e-06 	 1.365341e+07 	
2.32782783e+06 	 6.082699e-06 	 1.364757e+07 	
2.32832833e+06 	 6.066929e-06 	 1.364176e+07 	
2.32882883e+06 	 6.051477e-06 	 1.363593e+07 	
2.32932933e+06 	 6.036039e-06 	 1.363011e+07 	
2.32982983e+06 	 6.020616e-06 	 1.362429e+07 	
2.33033033e+06 	 6.005207e-06 	 1.361847e+07 	
2.33083083e+06 	 5.989813e-06 	 1.361266e+07 	
2.33133133e+06 	 5.974433e-06 	 1.360685e+07 	
2.33183183e+06 	 5.959066e-06 	 1.360105e+07 	
2.33233233e+06 	 5.943714e-06 	 1.359524e+07 	
2.33283283e+06 	 5.928376e-06 	 1.358944e+07 	
2.33333333e+06 	 5.913053e-06 	 1.358365e+07 	
2.33383383e+06 	 5.897743e-06 	 1.357786e+07 	
2.33433433e+06 	 5.882447e-06 	 1.357207e+07 	
2.33483483e+06 	 5.867165e-06 	 1.356629e+07 	
2.33533534e+06 	 5.851897e-06 	 1.356051e+07 	
2.33583584e+06 	 5.836643e-06 	 1.355473e+07 	
2.33633634e+06 	 5.821402e-06 	 1.354896e+07 	
2.33683684e+06 	 5.806176e-06 	 1.354319e+07 	
2.33733734e+06 	 5.790963e-06 	 1.353742e+07 	
2.33783784e+06 	 5.775764e-06 	 1.353166e+07 	
2.33833834e+06 	 5.760578e-06 	 1.352590e+07 	
2.33883884e+06 	 5.745406e-06 	 1.352014e+07 	
2.33933934e+06 	 5.730248e-06 	 1.351439e+07 	
2.33983984e+06 	 5.715103e-06 	 1.350864e+07 	
2.34034034e+06 	 5.699972e-06 	 1.350290e+07 	
2.34084084e+06 	 5.684854e-06 	 1.349716e+07 	
2.34134134e+06 	 5.669749e-06 	 1.349142e+07 	
2.34184184e+06 	 5.654658e-06 	 1.348569e+07 	
2.34234234e+06 	 5.639580e-06 	 1.347996e+07 	
2.34284284e+06 	 5.624516e-06 	 1.347423e+07 	
2.34334334e+06 	 5.609464e-06 	 1.346851e+07 	
2.34384384e+06 	 5.594426e-06 	 1.346279e+07 	
2.34434434e+06 	 5.579401e-06 	 1.345707e+07 	
2.34484484e+06 	 5.564390e-06 	 1.345136e+07 	
2.34534535e+06 	 5.549391e-06 	 1.344565e+07 	
2.34584585e+06 	 5.534405e-06 	 1.343995e+07 	
2.34634635e+06 	 5.519152e-06 	 1.343426e+07 	
2.34684685e+06 	 5.504188e-06 	 1.342856e+07 	
2.34734735e+06 	 5.489236e-06 	 1.342287e+07 	
2.34784785e+06 	 5.474298e-06 	 1.341718e+07 	
2.34834835e+06 	 5.459372e-06 	 1.341149e+07 	
2.34884885e+06 	 5.444458e-06 	 1.340581e+07 	
2.34934935e+06 	 5.429558e-06 	 1.340013e+07 	
2.34984985e+06 	 5.414670e-06 	 1.339446e+07 	
2.35035035e+06 	 5.399795e-06 	 1.338878e+07 	
2.35085085e+06 	 5.384932e-06 	 1.338312e+07 	
2.35135135e+06 	 5.370082e-06 	 1.337745e+07 	
2.35185185e+06 	 5.355244e-06 	 1.337179e+07 	
2.35235235e+06 	 5.340419e-06 	 1.336613e+07 	
2.35285285e+06 	 5.325606e-06 	 1.336048e+07 	
2.35335335e+06 	 5.310805e-06 	 1.335483e+07 	
2.35385385e+06 	 5.296017e-06 	 1.334918e+07 	
2.35435435e+06 	 5.281241e-06 	 1.334354e+07 	
2.35485485e+06 	 5.266478e-06 	 1.333790e+07 	
2.35535536e+06 	 5.251726e-06 	 1.333226e+07 	
2.35585586e+06 	 5.236987e-06 	 1.332663e+07 	
2.35635636e+06 	 5.222260e-06 	 1.332100e+07 	
2.35685686e+06 	 5.207544e-06 	 1.331538e+07 	
2.35735736e+06 	 5.192841e-06 	 1.330976e+07 	
2.35785786e+06 	 5.178150e-06 	 1.330414e+07 	
2.35835836e+06 	 5.163471e-06 	 1.329853e+07 	
2.35885886e+06 	 5.148804e-06 	 1.329292e+07 	
2.35935936e+06 	 5.134148e-06 	 1.328731e+07 	
2.35985986e+06 	 5.119505e-06 	 1.328171e+07 	
2.36036036e+06 	 5.104873e-06 	 1.327611e+07 	
2.36086086e+06 	 5.090253e-06 	 1.327051e+07 	
2.36136136e+06 	 5.075644e-06 	 1.326492e+07 	
2.36186186e+06 	 5.061048e-06 	 1.325933e+07 	
2.36236236e+06 	 5.046463e-06 	 1.325375e+07 	
2.36286286e+06 	 5.031889e-06 	 1.324817e+07 	
2.36336336e+06 	 5.017327e-06 	 1.324259e+07 	
2.36386386e+06 	 5.002777e-06 	 1.323702e+07 	
2.36436436e+06 	 4.988491e-06 	 1.323143e+07 	
2.36486486e+06 	 4.973967e-06 	 1.322587e+07 	
2.36536537e+06 	 4.959456e-06 	 1.322030e+07 	
2.36586587e+06 	 4.944955e-06 	 1.321474e+07 	
2.36636637e+06 	 4.930466e-06 	 1.320919e+07 	
2.36686687e+06 	 4.915988e-06 	 1.320364e+07 	
2.36736737e+06 	 4.901522e-06 	 1.319809e+07 	
2.36786787e+06 	 4.887067e-06 	 1.319255e+07 	
2.36836837e+06 	 4.872623e-06 	 1.318700e+07 	
2.36886887e+06 	 4.858190e-06 	 1.318147e+07 	
2.36936937e+06 	 4.843768e-06 	 1.317594e+07 	
2.36986987e+06 	 4.829358e-06 	 1.317041e+07 	
2.37037037e+06 	 4.814958e-06 	 1.316488e+07 	
2.37087087e+06 	 4.800570e-06 	 1.315936e+07 	
2.37137137e+06 	 4.786193e-06 	 1.315384e+07 	
2.37187187e+06 	 4.771826e-06 	 1.314833e+07 	
2.37237237e+06 	 4.757471e-06 	 1.314282e+07 	
2.37287287e+06 	 4.743126e-06 	 1.313731e+07 	
2.37337337e+06 	 4.728792e-06 	 1.313181e+07 	
2.37387387e+06 	 4.714469e-06 	 1.312631e+07 	
2.37437437e+06 	 4.700157e-06 	 1.312081e+07 	
2.37487487e+06 	 4.685856e-06 	 1.311532e+07 	
2.37537538e+06 	 4.671565e-06 	 1.310983e+07 	
2.37587588e+06 	 4.657285e-06 	 1.310435e+07 	
2.37637638e+06 	 4.643016e-06 	 1.309886e+07 	
2.37687688e+06 	 4.628757e-06 	 1.309339e+07 	
2.37737738e+06 	 4.614509e-06 	 1.308791e+07 	
2.37787788e+06 	 4.600271e-06 	 1.308245e+07 	
2.37837838e+06 	 4.586044e-06 	 1.307698e+07 	
2.37887888e+06 	 4.571827e-06 	 1.307152e+07 	
2.37937938e+06 	 4.557621e-06 	 1.306606e+07 	
2.37987988e+06 	 4.543425e-06 	 1.306061e+07 	
2.38038038e+06 	 4.529239e-06 	 1.305516e+07 	
2.38088088e+06 	 4.515064e-06 	 1.304971e+07 	
2.38138138e+06 	 4.500899e-06 	 1.304427e+07 	
2.38188188e+06 	 4.486744e-06 	 1.303883e+07 	
2.38238238e+06 	 4.472825e-06 	 1.303337e+07 	
2.38288288e+06 	 4.458694e-06 	 1.302794e+07 	
2.38338338e+06 	 4.444574e-06 	 1.302252e+07 	
2.38388388e+06 	 4.430463e-06 	 1.301709e+07 	
2.38438438e+06 	 4.416363e-06 	 1.301167e+07 	
2.38488488e+06 	 4.402273e-06 	 1.300625e+07 	
2.38538539e+06 	 4.388193e-06 	 1.300084e+07 	
2.38588589e+06 	 4.374123e-06 	 1.299543e+07 	
2.38638639e+06 	 4.360063e-06 	 1.299003e+07 	
2.38688689e+06 	 4.346012e-06 	 1.298463e+07 	
2.38738739e+06 	 4.331972e-06 	 1.297923e+07 	
2.38788789e+06 	 4.317942e-06 	 1.297384e+07 	
2.38838839e+06 	 4.303922e-06 	 1.296845e+07 	
2.38888889e+06 	 4.289911e-06 	 1.296306e+07 	
2.38938939e+06 	 4.275911e-06 	 1.295768e+07 	
2.38988989e+06 	 4.261920e-06 	 1.295230e+07 	
2.39039039e+06 	 4.247939e-06 	 1.294693e+07 	
2.39089089e+06 	 4.233967e-06 	 1.294156e+07 	
2.39139139e+06 	 4.220005e-06 	 1.293619e+07 	
2.39189189e+06 	 4.206053e-06 	 1.293083e+07 	
2.39239239e+06 	 4.192111e-06 	 1.292547e+07 	
2.39289289e+06 	 4.178178e-06 	 1.292012e+07 	
2.39339339e+06 	 4.164255e-06 	 1.291477e+07 	
2.39389389e+06 	 4.150341e-06 	 1.290942e+07 	
2.39439439e+06 	 4.136437e-06 	 1.290408e+07 	
2.39489489e+06 	 4.122542e-06 	 1.289874e+07 	
2.39539540e+06 	 4.108657e-06 	 1.289340e+07 	
2.39589590e+06 	 4.094782e-06 	 1.288807e+07 	
2.39639640e+06 	 4.080915e-06 	 1.288275e+07 	
2.39689690e+06 	 4.067058e-06 	 1.287742e+07 	
2.39739740e+06 	 4.053211e-06 	 1.287211e+07 	
2.39789790e+06 	 4.039372e-06 	 1.286679e+07 	
2.39839840e+06 	 4.025543e-06 	 1.286148e+07 	
2.39889890e+06 	 4.011724e-06 	 1.285617e+07 	
2.39939940e+06 	 3.997913e-06 	 1.285087e+07 	
2.39989990e+06 	 3.984112e-06 	 1.284557e+07 	
2.40040040e+06 	 3.970320e-06 	 1.284028e+07 	
2.40090090e+06 	 3.956336e-06 	 1.283500e+07 	
2.40140140e+06 	 3.942559e-06 	 1.282972e+07 	
2.40190190e+06 	 3.928792e-06 	 1.282443e+07 	
2.40240240e+06 	 3.915033e-06 	 1.281916e+07 	
2.40290290e+06 	 3.901283e-06 	 1.281388e+07 	
2.40340340e+06 	 3.887543e-06 	 1.280861e+07 	
2.40390390e+06 	 3.873811e-06 	 1.280335e+07 	
2.40440440e+06 	 3.860089e-06 	 1.279808e+07 	
2.40490490e+06 	 3.846375e-06 	 1.279283e+07 	
2.40540541e+06 	 3.832671e-06 	 1.278757e+07 	
2.40590591e+06 	 3.818975e-06 	 1.278232e+07 	
2.40640641e+06 	 3.805288e-06 	 1.277708e+07 	
2.40690691e+06 	 3.791610e-06 	 1.277184e+07 	
2.40740741e+06 	 3.777941e-06 	 1.276660e+07 	
2.40790791e+06 	 3.764281e-06 	 1.276137e+07 	
2.40840841e+06 	 3.750629e-06 	 1.275614e+07 	
2.40890891e+06 	 3.736987e-06 	 1.275091e+07 	
2.40940941e+06 	 3.723353e-06 	 1.274569e+07 	
2.40990991e+06 	 3.709728e-06 	 1.274048e+07 	
2.41041041e+06 	 3.696111e-06 	 1.273526e+07 	
2.41091091e+06 	 3.682504e-06 	 1.273005e+07 	
2.41141141e+06 	 3.668905e-06 	 1.272485e+07 	
2.41191191e+06 	 3.655315e-06 	 1.271965e+07 	
2.41241241e+06 	 3.641733e-06 	 1.271446e+07 	
2.41291291e+06 	 3.628160e-06 	 1.270927e+07 	
2.41341341e+06 	 3.614596e-06 	 1.270408e+07 	
2.41391391e+06 	 3.601041e-06 	 1.269890e+07 	
2.41441441e+06 	 3.587494e-06 	 1.269372e+07 	
2.41491491e+06 	 3.573956e-06 	 1.268854e+07 	
2.41541542e+06 	 3.560426e-06 	 1.268337e+07 	
2.41591592e+06 	 3.546905e-06 	 1.267821e+07 	
2.41641642e+06 	 3.533392e-06 	 1.267305e+07 	
2.41691692e+06 	 3.519889e-06 	 1.266789e+07 	
2.41741742e+06 	 3.506393e-06 	 1.266274e+07 	
2.41791792e+06 	 3.492907e-06 	 1.265759e+07 	
2.41841842e+06 	 3.479428e-06 	 1.265245e+07 	
2.41891892e+06 	 3.465784e-06 	 1.264732e+07 	
2.41941942e+06 	 3.452320e-06 	 1.264219e+07 	
2.41991992e+06 	 3.438865e-06 	 1.263706e+07 	
2.42042042e+06 	 3.425418e-06 	 1.263193e+07 	
2.42092092e+06 	 3.411980e-06 	 1.262681e+07 	
2.42142142e+06 	 3.398550e-06 	 1.262170e+07 	
2.42192192e+06 	 3.385129e-06 	 1.261658e+07 	
2.42242242e+06 	 3.371716e-06 	 1.261147e+07 	
2.42292292e+06 	 3.358312e-06 	 1.260637e+07 	
2.42342342e+06 	 3.344916e-06 	 1.260127e+07 	
2.42392392e+06 	 3.331529e-06 	 1.259618e+07 	
2.42442442e+06 	 3.318150e-06 	 1.259109e+07 	
2.42492492e+06 	 3.304780e-06 	 1.258600e+07 	
2.42542543e+06 	 3.291418e-06 	 1.258092e+07 	
2.42592593e+06 	 3.278064e-06 	 1.257584e+07 	
2.42642643e+06 	 3.264720e-06 	 1.257077e+07 	
2.42692693e+06 	 3.251383e-06 	 1.256571e+07 	
2.42742743e+06 	 3.238055e-06 	 1.256064e+07 	
2.42792793e+06 	 3.224736e-06 	 1.255559e+07 	
2.42842843e+06 	 3.211425e-06 	 1.255053e+07 	
2.42892893e+06 	 3.198123e-06 	 1.254548e+07 	
2.42942943e+06 	 3.184829e-06 	 1.254044e+07 	
2.42992993e+06 	 3.171543e-06 	 1.253540e+07 	
2.43043043e+06 	 3.158267e-06 	 1.253036e+07 	
2.43093093e+06 	 3.144998e-06 	 1.252533e+07 	
2.43143143e+06 	 3.131739e-06 	 1.252031e+07 	
2.43193193e+06 	 3.118488e-06 	 1.251529e+07 	
2.43243243e+06 	 3.105245e-06 	 1.251027e+07 	
2.43293293e+06 	 3.092012e-06 	 1.250526e+07 	
2.43343343e+06 	 3.078787e-06 	 1.250026e+07 	
2.43393393e+06 	 3.065570e-06 	 1.249525e+07 	
2.43443443e+06 	 3.052362e-06 	 1.249026e+07 	
2.43493493e+06 	 3.039163e-06 	 1.248526e+07 	
2.43543544e+06 	 3.025973e-06 	 1.248028e+07 	
2.43593594e+06 	 3.012791e-06 	 1.247530e+07 	
2.43643644e+06 	 2.999618e-06 	 1.247032e+07 	
2.43693694e+06 	 2.986454e-06 	 1.246535e+07 	
2.43743744e+06 	 2.973450e-06 	 1.246036e+07 	
2.43793794e+06 	 2.960306e-06 	 1.245540e+07 	
2.43843844e+06 	 2.947170e-06 	 1.245044e+07 	
2.43893894e+06 	 2.934044e-06 	 1.244549e+07 	
2.43943944e+06 	 2.920926e-06 	 1.244054e+07 	
2.43993994e+06 	 2.907818e-06 	 1.243560e+07 	
2.44044044e+06 	 2.894718e-06 	 1.243066e+07 	
2.44094094e+06 	 2.881627e-06 	 1.242572e+07 	
2.44144144e+06 	 2.868546e-06 	 1.242080e+07 	
2.44194194e+06 	 2.855474e-06 	 1.241587e+07 	
2.44244244e+06 	 2.842411e-06 	 1.241095e+07 	
2.44294294e+06 	 2.829357e-06 	 1.240604e+07 	
2.44344344e+06 	 2.816312e-06 	 1.240113e+07 	
2.44394394e+06 	 2.803276e-06 	 1.239623e+07 	
2.44444444e+06 	 2.790250e-06 	 1.239133e+07 	
2.44494494e+06 	 2.777233e-06 	 1.238644e+07 	
2.44544545e+06 	 2.764226e-06 	 1.238155e+07 	
2.44594595e+06 	 2.751228e-06 	 1.237667e+07 	
2.44644645e+06 	 2.738240e-06 	 1.237180e+07 	
2.44694695e+06 	 2.725261e-06 	 1.236692e+07 	
2.44744745e+06 	 2.712291e-06 	 1.236206e+07 	
2.44794795e+06 	 2.699332e-06 	 1.235720e+07 	
2.44844845e+06 	 2.686382e-06 	 1.235234e+07 	
2.44894895e+06 	 2.673442e-06 	 1.234749e+07 	
2.44944945e+06 	 2.660511e-06 	 1.234265e+07 	
2.44994995e+06 	 2.647591e-06 	 1.233781e+07 	
2.45045045e+06 	 2.634681e-06 	 1.233297e+07 	
2.45095095e+06 	 2.621780e-06 	 1.232814e+07 	
2.45145145e+06 	 2.608890e-06 	 1.232332e+07 	
2.45195195e+06 	 2.596009e-06 	 1.231850e+07 	
2.45245245e+06 	 2.583139e-06 	 1.231369e+07 	
2.45295295e+06 	 2.570279e-06 	 1.230888e+07 	
2.45345345e+06 	 2.557430e-06 	 1.230408e+07 	
2.45395395e+06 	 2.544591e-06 	 1.229929e+07 	
2.45445445e+06 	 2.531762e-06 	 1.229450e+07 	
2.45495495e+06 	 2.518944e-06 	 1.228971e+07 	
2.45545546e+06 	 2.506264e-06 	 1.228492e+07 	
2.45595596e+06 	 2.493469e-06 	 1.228014e+07 	
2.45645646e+06 	 2.480685e-06 	 1.227537e+07 	
2.45695696e+06 	 2.467911e-06 	 1.227061e+07 	
2.45745746e+06 	 2.455149e-06 	 1.226586e+07 	
2.45795796e+06 	 2.442398e-06 	 1.226110e+07 	
2.45845846e+06 	 2.429658e-06 	 1.225636e+07 	
2.45895896e+06 	 2.416930e-06 	 1.225162e+07 	
2.45945946e+06 	 2.404212e-06 	 1.224689e+07 	
2.45995996e+06 	 2.391506e-06 	 1.224216e+07 	
2.46046046e+06 	 2.378812e-06 	 1.223744e+07 	
2.46096096e+06 	 2.366129e-06 	 1.223272e+07 	
2.46146146e+06 	 2.353458e-06 	 1.222801e+07 	
2.46196196e+06 	 2.340799e-06 	 1.222331e+07 	
2.46246246e+06 	 2.328152e-06 	 1.221861e+07 	
2.46296296e+06 	 2.315517e-06 	 1.221392e+07 	
2.46346346e+06 	 2.302894e-06 	 1.220923e+07 	
2.46396396e+06 	 2.290283e-06 	 1.220455e+07 	
2.46446446e+06 	 2.277684e-06 	 1.219988e+07 	
2.46496496e+06 	 2.265099e-06 	 1.219521e+07 	
2.46546547e+06 	 2.252525e-06 	 1.219055e+07 	
2.46596597e+06 	 2.239965e-06 	 1.218589e+07 	
2.46646647e+06 	 2.227417e-06 	 1.218124e+07 	
2.46696697e+06 	 2.214882e-06 	 1.217660e+07 	
2.46746747e+06 	 2.202361e-06 	 1.217196e+07 	
2.46796797e+06 	 2.189852e-06 	 1.216733e+07 	
2.46846847e+06 	 2.177357e-06 	 1.216271e+07 	
2.46896897e+06 	 2.164876e-06 	 1.215809e+07 	
2.46946947e+06 	 2.152408e-06 	 1.215348e+07 	
2.46996997e+06 	 2.139953e-06 	 1.214887e+07 	
2.47047047e+06 	 2.127513e-06 	 1.214427e+07 	
2.47097097e+06 	 2.115087e-06 	 1.213968e+07 	
2.47147147e+06 	 2.102675e-06 	 1.213509e+07 	
2.47197197e+06 	 2.090277e-06 	 1.213051e+07 	
2.47247247e+06 	 2.077894e-06 	 1.212594e+07 	
2.47297297e+06 	 2.065525e-06 	 1.212137e+07 	
2.47347347e+06 	 2.053068e-06 	 1.211683e+07 	
2.47397397e+06 	 2.040728e-06 	 1.211228e+07 	
2.47447447e+06 	 2.028403e-06 	 1.210773e+07 	
2.47497497e+06 	 2.016093e-06 	 1.210319e+07 	
2.47547548e+06 	 2.003798e-06 	 1.209866e+07 	
2.47597598e+06 	 1.991519e-06 	 1.209413e+07 	
2.47647648e+06 	 1.979256e-06 	 1.208961e+07 	
2.47697698e+06 	 1.967008e-06 	 1.208510e+07 	
2.47747748e+06 	 1.954777e-06 	 1.208060e+07 	
2.47797798e+06 	 1.942562e-06 	 1.207610e+07 	
2.47847848e+06 	 1.930363e-06 	 1.207161e+07 	
2.47897898e+06 	 1.918181e-06 	 1.206712e+07 	
2.47947948e+06 	 1.906016e-06 	 1.206264e+07 	
2.47997998e+06 	 1.893867e-06 	 1.205817e+07 	
2.48048048e+06 	 1.881736e-06 	 1.205371e+07 	
2.48098098e+06 	 1.869622e-06 	 1.204925e+07 	
2.48148148e+06 	 1.857526e-06 	 1.204480e+07 	
2.48198198e+06 	 1.845448e-06 	 1.204036e+07 	
2.48248248e+06 	 1.833387e-06 	 1.203592e+07 	
2.48298298e+06 	 1.821345e-06 	 1.203150e+07 	
2.48348348e+06 	 1.809321e-06 	 1.202708e+07 	
2.48398398e+06 	 1.797315e-06 	 1.202266e+07 	
2.48448448e+06 	 1.785328e-06 	 1.201826e+07 	
2.48498498e+06 	 1.773361e-06 	 1.201386e+07 	
2.48548549e+06 	 1.761412e-06 	 1.200947e+07 	
2.48598599e+06 	 1.749483e-06 	 1.200508e+07 	
2.48648649e+06 	 1.737573e-06 	 1.200071e+07 	
2.48698699e+06 	 1.725683e-06 	 1.199634e+07 	
2.48748749e+06 	 1.713814e-06 	 1.199198e+07 	
2.48798799e+06 	 1.701964e-06 	 1.198762e+07 	
2.48848849e+06 	 1.690136e-06 	 1.198328e+07 	
2.48898899e+06 	 1.678328e-06 	 1.197894e+07 	
2.48948949e+06 	 1.666540e-06 	 1.197461e+07 	
2.48998999e+06 	 1.654775e-06 	 1.197028e+07 	
2.49049049e+06 	 1.643030e-06 	 1.196597e+07 	
2.49099099e+06 	 1.631308e-06 	 1.196166e+07 	
2.49149149e+06 	 1.619526e-06 	 1.195738e+07 	
2.49199199e+06 	 1.607846e-06 	 1.195309e+07 	
2.49249249e+06 	 1.596189e-06 	 1.194880e+07 	
2.49299299e+06 	 1.584555e-06 	 1.194453e+07 	
2.49349349e+06 	 1.572944e-06 	 1.194026e+07 	
2.49399399e+06 	 1.561356e-06 	 1.193600e+07 	
2.49449449e+06 	 1.549791e-06 	 1.193175e+07 	
2.49499499e+06 	 1.538250e-06 	 1.192751e+07 	
2.49549550e+06 	 1.526733e-06 	 1.192327e+07 	
2.49599600e+06 	 1.515241e-06 	 1.191905e+07 	
2.49649650e+06 	 1.503773e-06 	 1.191483e+07 	
2.49699700e+06 	 1.492329e-06 	 1.191062e+07 	
2.49749750e+06 	 1.480911e-06 	 1.190642e+07 	
2.49799800e+06 	 1.469519e-06 	 1.190222e+07 	
2.49849850e+06 	 1.458152e-06 	 1.189804e+07 	
2.49899900e+06 	 1.446811e-06 	 1.189386e+07 	
2.49949950e+06 	 1.435496e-06 	 1.188969e+07 	
2.50000000e+06 	 1.424207e-06 	 1.188553e+07 	
2.51503871e+06 	 1.098891e-06 	 1.176477e+07 	
2.53016788e+06 	 8.049584e-07 	 1.165230e+07 	
2.54538806e+06 	 5.524199e-07 	 1.154944e+07 	
2.56069980e+06 	 3.496967e-07 	 1.145739e+07 	
2.57610364e+06 	 2.007677e-07 	 1.137685e+07 	
2.59160015e+06 	 1.027462e-07 	 1.130781e+07 	
2.60718988e+06 	 4.611658e-08 	 1.124939e+07 	
2.62287338e+06 	 1.790555e-08 	 1.119996e+07 	
2.63865123e+06 	 5.954697e-09 	 1.115708e+07 	
2.65452399e+06 	 1.686286e-09 	 1.111853e+07 	
2.99611415e+06 	 1.000000e-20 	 1.042274e+07 	
3.38166091e+06 	 1.000000e-20 	 9.776691e+06 	
3.81682069e+06 	 1.000000e-20 	 9.174670e+06 	
4.30797782e+06 	 1.000000e-20 	 8.612954e+06 	
4.86233817e+06 	 1.000000e-20 	 8.088264e+06 	
5.48803485e+06 	 1.000000e-20 	 7.597690e+06 	
6.19424761e+06 	 1.000000e-20 	 7.138634e+06 	
6.99133742e+06 	 1.000000e-20 	 6.708760e+06 	
7.89099855e+06 	 1.000000e-20 	 6.305962e+06 	
8.90643011e+06 	 1.000000e-20 	 5.928328e+06 	
1.00525297e+07 	 1.000000e-20 	 5.574117e+06 	
1.13461120e+07 	 1.000000e-20 	 5.241738e+06 	
1.28061554e+07 	 1.000000e-20 	 4.929730e+06 	
1.44540805e+07 	 1.000000e-20 	 4.636750e+06 	
1.63140643e+07 	 1.000000e-20 	 4.361562e+06 	
1.84133950e+07 	 1.000000e-20 	 4.103019e+06 	
2.07828724e+07 	 1.000000e-20 	 3.860062e+06 	
2.34572595e+07 	 1.000000e-20 	 3.631708e+06 	
2.64757927e+07 	 1.000000e-20 	 3.417043e+06 	
2.98827577e+07 	 1.000000e-20 	 3.215215e+06 	
3.37281386e+07 	 1.000000e-20 	 3.025433e+06 	
3.80683519e+07 	 1.000000e-20 	 2.846955e+06 	
4.29670736e+07 	 1.000000e-20 	 2.679092e+06 	
4.84961740e+07 	 1.000000e-20 	 2.521199e+06 	
5.47367715e+07 	 1.000000e-20 	 2.372670e+06 	
6.17804232e+07 	 1.000000e-20 	 2.232941e+06 	
6.97304680e+07 	 1.000000e-20 	 2.101481e+06 	
7.87035425e+07 	 1.000000e-20 	 1.977796e+06 	
8.88312926e+07 	 1.000000e-20 	 1.861418e+06 	
1.00262305e+08 	 1.000000e-20 	 1.751913e+06 	
1.13164285e+08 	 1.000000e-20 	 1.648869e+06 	
1.27726521e+08 	 1.000000e-20 	 1.551903e+06 	
1.44162659e+08 	 1.000000e-20 	 1.460652e+06 	
1.62713837e+08 	 1.000000e-20 	 1.374779e+06 	
1.83652222e+08 	 1.000000e-20 	 1.293964e+06 	
2.07285006e+08 	 1.000000e-20 	 1.217907e+06 	
2.33958910e+08 	 1.000000e-20 	 1.146328e+06 	
2.64065272e+08 	 1.000000e-20 	 1.078961e+06 	
2.98045789e+08 	 1.000000e-20 	 1.015558e+06 	
3.36398997e+08 	 1.000000e-20 	 9.558838e+05 	
3.79687581e+08 	 1.000000e-20 	 8.997197e+05 	
4.28546639e+08 	 1.000000e-20 	 8.468583e+05 	
4.83692991e+08 	 1.000000e-20 	 7.971048e+05 	
5.45935701e+08 	 1.000000e-20 	 7.502763e+05 	
6.16187943e+08 	 1.000000e-20 	 7.062004e+05 	
6.95480403e+08 	 1.000000e-20 	 6.647151e+05 	
7.84976397e+08 	 1.000000e-20 	 6.256679e+05 	
8.85988937e+08 	 1.000000e-20 	 5.889153e+05 	
1.00000000e+09 	 1.000000e-20 	 5.543224e+05 	
