r (cm)        	 rho (g/cm3) 	 T (K)       		 Linf = 2.786093e+38
1.29998530e+06 	 8.364674e+04 	 1.131842e+09 	
1.30005354e+06 	 7.896488e+04 	 1.115431e+09 	
1.30023321e+06 	 6.767200e+04 	 1.072647e+09 	
1.30037999e+06 	 5.947857e+04 	 1.038159e+09 	
1.30052678e+06 	 5.213326e+04 	 1.004104e+09 	
1.30067356e+06 	 4.556545e+04 	 9.704940e+08 	
1.30082035e+06 	 3.970873e+04 	 9.373428e+08 	
1.30096714e+06 	 3.450072e+04 	 9.046637e+08 	
1.30110864e+06 	 3.003954e+04 	 8.736202e+08 	
1.30125015e+06 	 2.607789e+04 	 8.430409e+08 	
1.30139165e+06 	 2.256997e+04 	 8.129386e+08 	
1.30153315e+06 	 1.947304e+04 	 7.833265e+08 	
1.30165071e+06 	 1.718411e+04 	 7.591076e+08 	
1.30176827e+06 	 1.513006e+04 	 7.352442e+08 	
1.30188583e+06 	 1.329094e+04 	 7.117440e+08 	
1.30200339e+06 	 1.164803e+04 	 6.886152e+08 	
1.30212095e+06 	 1.018387e+04 	 6.658657e+08 	
1.30223846e+06 	 8.882674e+03 	 6.435129e+08 	
1.30235597e+06 	 7.728656e+03 	 6.215553e+08 	
1.30247348e+06 	 6.707754e+03 	 6.000008e+08 	
1.30257089e+06 	 5.953069e+03 	 5.824450e+08 	
1.30266830e+06 	 5.273994e+03 	 5.651762e+08 	
1.30276570e+06 	 4.664080e+03 	 5.481989e+08 	
1.30286311e+06 	 4.117312e+03 	 5.315175e+08 	
1.30296052e+06 	 3.628086e+03 	 5.151364e+08 	
1.30305793e+06 	 3.191194e+03 	 4.990598e+08 	
1.30315827e+06 	 2.790766e+03 	 4.828219e+08 	
1.30325861e+06 	 2.435857e+03 	 4.669160e+08 	
1.30334096e+06 	 2.175390e+03 	 4.541116e+08 	
1.30342332e+06 	 1.940240e+03 	 4.415358e+08 	
1.30350568e+06 	 1.728258e+03 	 4.291909e+08 	
1.30358804e+06 	 1.537441e+03 	 4.170788e+08 	
1.30367039e+06 	 1.365930e+03 	 4.052016e+08 	
1.30375275e+06 	 1.212002e+03 	 3.935609e+08 	
1.30383511e+06 	 1.074059e+03 	 3.821585e+08 	
1.30391747e+06 	 9.506256e+02 	 3.709959e+08 	
1.30400299e+06 	 8.363409e+02 	 3.596590e+08 	
1.30408852e+06 	 7.348353e+02 	 3.485835e+08 	
1.30415943e+06 	 6.594463e+02 	 3.396000e+08 	
1.30423034e+06 	 5.912822e+02 	 3.307977e+08 	
1.30430125e+06 	 5.297177e+02 	 3.221770e+08 	
1.30437216e+06 	 4.741740e+02 	 3.137381e+08 	
1.30444307e+06 	 4.241160e+02 	 3.054813e+08 	
1.30451398e+06 	 3.790497e+02 	 2.974068e+08 	
1.30458489e+06 	 3.385199e+02 	 2.895144e+08 	
1.30465580e+06 	 3.021076e+02 	 2.818042e+08 	
1.30472671e+06 	 2.694275e+02 	 2.742757e+08 	
1.30479762e+06 	 2.401264e+02 	 2.669287e+08 	
1.30486064e+06 	 2.166603e+02 	 2.605513e+08 	
1.30492366e+06 	 1.953977e+02 	 2.543164e+08 	
1.30498667e+06 	 1.761459e+02 	 2.482233e+08 	
1.30504969e+06 	 1.587272e+02 	 2.422714e+08 	
1.30511271e+06 	 1.429779e+02 	 2.364601e+08 	
1.30517572e+06 	 1.287476e+02 	 2.307885e+08 	
1.30523874e+06 	 1.158981e+02 	 2.252557e+08 	
1.30530176e+06 	 1.043026e+02 	 2.198607e+08 	
1.30536477e+06 	 9.384509e+01 	 2.146026e+08 	
1.30542779e+06 	 8.441916e+01 	 2.094800e+08 	
1.30549081e+06 	 7.592765e+01 	 2.044919e+08 	
1.30555382e+06 	 6.828183e+01 	 1.996368e+08 	
1.30561684e+06 	 6.140077e+01 	 1.949134e+08 	
1.30567986e+06 	 5.521071e+01 	 1.903202e+08 	
1.30574287e+06 	 4.964457e+01 	 1.858556e+08 	
1.30580589e+06 	 4.464133e+01 	 1.815180e+08 	
1.30586891e+06 	 4.014558e+01 	 1.773057e+08 	
1.30593192e+06 	 3.610708e+01 	 1.732169e+08 	
1.30599645e+06 	 3.239795e+01 	 1.691560e+08 	
1.30606098e+06 	 2.907631e+01 	 1.652207e+08 	
1.30612551e+06 	 2.610223e+01 	 1.614087e+08 	
1.30619004e+06 	 2.343975e+01 	 1.577179e+08 	
1.30625457e+06 	 2.105646e+01 	 1.541460e+08 	
1.30631910e+06 	 1.892323e+01 	 1.506908e+08 	
1.30638362e+06 	 1.701383e+01 	 1.473498e+08 	
1.30644815e+06 	 1.530473e+01 	 1.441208e+08 	
1.30651268e+06 	 1.377481e+01 	 1.410011e+08 	
1.30657721e+06 	 1.240510e+01 	 1.379885e+08 	
1.30664174e+06 	 1.117863e+01 	 1.350803e+08 	
1.30670627e+06 	 1.008018e+01 	 1.322741e+08 	
1.30677080e+06 	 9.096130e+00 	 1.295672e+08 	
1.30683533e+06 	 8.214308e+00 	 1.269572e+08 	
1.30689986e+06 	 7.423818e+00 	 1.244414e+08 	
1.30696438e+06 	 6.714925e+00 	 1.220173e+08 	
1.30702891e+06 	 6.078931e+00 	 1.196823e+08 	
1.30709344e+06 	 5.508073e+00 	 1.174338e+08 	
1.30717292e+06 	 4.884271e+00 	 1.147794e+08 	
1.30725240e+06 	 4.337394e+00 	 1.122476e+08 	
1.30733188e+06 	 3.857520e+00 	 1.098337e+08 	
1.30741136e+06 	 3.436028e+00 	 1.075330e+08 	
1.30749084e+06 	 3.065430e+00 	 1.053409e+08 	
1.30757032e+06 	 2.739224e+00 	 1.032528e+08 	
1.30764980e+06 	 2.451760e+00 	 1.012644e+08 	
1.30772928e+06 	 2.198132e+00 	 9.937134e+07 	
1.30780876e+06 	 1.974077e+00 	 9.756935e+07 	
1.30788824e+06 	 1.775891e+00 	 9.585431e+07 	
1.30796772e+06 	 1.600352e+00 	 9.422222e+07 	
1.30804720e+06 	 1.444660e+00 	 9.266920e+07 	
1.30812668e+06 	 1.306376e+00 	 9.119148e+07 	
1.30820616e+06 	 1.183380e+00 	 8.978543e+07 	
1.30830692e+06 	 1.046552e+00 	 8.810043e+07 	
1.30840768e+06 	 9.281130e-01 	 8.651816e+07 	
1.30850844e+06 	 8.253436e-01 	 8.503213e+07 	
1.30860921e+06 	 7.359548e-01 	 8.363619e+07 	
1.30870997e+06 	 6.580143e-01 	 8.232450e+07 	
1.30881073e+06 	 5.898897e-01 	 8.109158e+07 	
1.30891149e+06 	 5.301988e-01 	 7.993226e+07 	
1.30903918e+06 	 4.648583e-01 	 7.856130e+07 	
1.30916687e+06 	 4.092073e-01 	 7.729155e+07 	
1.30929456e+06 	 3.616257e-01 	 7.611453e+07 	
1.30942225e+06 	 3.207885e-01 	 7.502249e+07 	
1.30954994e+06 	 2.856082e-01 	 7.400830e+07 	
1.30967762e+06 	 2.551896e-01 	 7.306545e+07 	
1.30983052e+06 	 2.240022e-01 	 7.202198e+07 	
1.30998342e+06 	 1.975540e-01 	 7.106303e+07 	
1.31013632e+06 	 1.750149e-01 	 7.018034e+07 	
1.31028922e+06 	 1.557159e-01 	 6.936647e+07 	
1.31044212e+06 	 1.391156e-01 	 6.861481e+07 	
1.31065752e+06 	 1.194750e-01 	 6.765013e+07 	
1.31087292e+06 	 1.033570e-01 	 6.678274e+07 	
1.31108832e+06 	 9.002420e-02 	 6.600023e+07 	
1.31130372e+06 	 7.891178e-02 	 6.529199e+07 	
1.31160439e+06 	 6.630660e-02 	 6.441059e+07 	
1.31190506e+06 	 5.630656e-02 	 6.363565e+07 	
1.31220573e+06 	 4.827752e-02 	 6.295037e+07 	
1.31250639e+06 	 4.175922e-02 	 6.234103e+07 	
1.31289992e+06 	 3.495768e-02 	 6.163973e+07 	
1.31329345e+06 	 2.962682e-02 	 6.102913e+07 	
1.31368698e+06 	 2.538772e-02 	 6.049334e+07 	
1.31421513e+06 	 2.095676e-02 	 5.987018e+07 	
1.31474328e+06 	 1.757141e-02 	 5.933587e+07 	
1.31527143e+06 	 1.493623e-02 	 5.887277e+07 	
1.31599362e+06 	 1.219368e-02 	 5.833091e+07 	
1.31671582e+06 	 1.014851e-02 	 5.787200e+07 	
1.31743802e+06 	 8.587466e-03 	 5.747776e+07 	
1.31847356e+06 	 6.926828e-03 	 5.699931e+07 	
1.31950911e+06 	 5.725533e-03 	 5.659875e+07 	
1.32054465e+06 	 4.830406e-03 	 5.625697e+07 	
1.32185998e+06 	 3.989498e-03 	 5.588694e+07 	
1.32317530e+06 	 3.371863e-03 	 5.557128e+07 	
1.32449063e+06 	 2.905247e-03 	 5.529692e+07 	
1.32636273e+06 	 2.415676e-03 	 5.496009e+07 	
1.32749110e+06 	 2.189944e-03 	 5.478075e+07 	
1.32974327e+06 	 1.844819e-03 	 5.446307e+07 	
1.33161411e+06 	 1.633117e-03 	 5.423089e+07 	
1.33458252e+06 	 1.387610e-03 	 5.390572e+07 	
1.33755094e+06 	 1.214470e-03 	 5.361954e+07 	
1.34051935e+06 	 1.087726e-03 	 5.336164e+07 	
1.34479039e+06 	 9.574150e-04 	 5.302638e+07 	
1.34906142e+06 	 8.662357e-04 	 5.272148e+07 	
1.35333245e+06 	 7.998565e-04 	 5.243832e+07 	
1.36020862e+06 	 7.252497e-04 	 5.201451e+07 	
1.36358069e+06 	 6.982158e-04 	 5.181733e+07 	
1.37209475e+06 	 6.471561e-04 	 5.134160e+07 	
1.37820007e+06 	 6.204717e-04 	 5.101510e+07 	
1.38975610e+06 	 5.828138e-04 	 5.042063e+07 	
1.39730605e+06 	 5.636888e-04 	 5.004489e+07 	
1.41403887e+06 	 5.294235e-04 	 4.923898e+07 	
1.42298359e+06 	 5.138144e-04 	 4.882084e+07 	
1.44846975e+06 	 4.747892e-04 	 4.767025e+07 	
1.46274216e+06 	 4.552304e-04 	 4.704983e+07 	
1.46627425e+06 	 4.505827e-04 	 4.689878e+07 	
1.46662746e+06 	 4.501219e-04 	 4.688372e+07 	
1.46666278e+06 	 4.500758e-04 	 4.688222e+07 	
1.46666631e+06 	 4.500712e-04 	 4.688207e+07 	
1.46666667e+06 	 4.500707e-04 	 4.688205e+07 	
1.49166667e+06 	 4.190912e-04 	 4.584056e+07 	
1.50833333e+06 	 4.000375e-04 	 4.517125e+07 	
1.53333333e+06 	 3.735464e-04 	 4.420262e+07 	
1.55833333e+06 	 3.493228e-04 	 4.327409e+07 	
1.57500000e+06 	 3.343006e-04 	 4.267613e+07 	
1.60000000e+06 	 3.133288e-04 	 4.180917e+07 	
1.62500000e+06 	 2.940519e-04 	 4.097630e+07 	
1.64166667e+06 	 2.820444e-04 	 4.043901e+07 	
1.66666667e+06 	 2.652275e-04 	 3.965873e+07 	
1.68333333e+06 	 2.547384e-04 	 3.915488e+07 	
1.70833333e+06 	 2.399909e-04 	 3.842241e+07 	
1.73333333e+06 	 2.263539e-04 	 3.771663e+07 	
1.75833333e+06 	 2.137081e-04 	 3.703609e+07 	
1.77500000e+06 	 2.057973e-04 	 3.659580e+07 	
1.80000000e+06 	 1.946275e-04 	 3.595451e+07 	
1.82500000e+06 	 1.842350e-04 	 3.533516e+07 	
1.85000000e+06 	 1.745658e-04 	 3.473672e+07 	
1.87500000e+06 	 1.655514e-04 	 3.415813e+07 	
1.90000000e+06 	 1.571366e-04 	 3.359843e+07 	
1.92500000e+06 	 1.492781e-04 	 3.305676e+07 	
1.95000000e+06 	 1.419265e-04 	 3.253226e+07 	
1.97500000e+06 	 1.350446e-04 	 3.202413e+07 	
2.00000000e+06 	 1.285955e-04 	 3.153165e+07 	
2.02500000e+06 	 1.225457e-04 	 3.105412e+07 	
2.05000000e+06 	 1.168652e-04 	 3.059087e+07 	
2.07500000e+06 	 1.115278e-04 	 3.014130e+07 	
2.10000000e+06 	 1.065056e-04 	 2.970480e+07 	
2.12500000e+06 	 1.017782e-04 	 2.928083e+07 	
2.15000000e+06 	 9.732345e-05 	 2.886888e+07 	
2.17500000e+06 	 9.312153e-05 	 2.846843e+07 	
2.20000000e+06 	 8.915597e-05 	 2.807904e+07 	
2.22500000e+06 	 8.541097e-05 	 2.770025e+07 	
2.25000000e+06 	 8.187051e-05 	 2.733166e+07 	
2.27500000e+06 	 7.852128e-05 	 2.697284e+07 	
2.30000000e+06 	 7.535031e-05 	 2.662344e+07 	
2.32500000e+06 	 7.234682e-05 	 2.628310e+07 	
2.35000000e+06 	 6.949918e-05 	 2.595146e+07 	
2.37500000e+06 	 6.679815e-05 	 2.562822e+07 	
2.40000000e+06 	 6.423397e-05 	 2.531305e+07 	
2.42500000e+06 	 6.179843e-05 	 2.500568e+07 	
2.45000000e+06 	 5.948348e-05 	 2.470580e+07 	
2.47500000e+06 	 5.728197e-05 	 2.441318e+07 	
2.50000000e+06 	 5.518706e-05 	 2.412753e+07 	
2.52500000e+06 	 5.319210e-05 	 2.384863e+07 	
2.55000000e+06 	 5.129162e-05 	 2.357624e+07 	
2.57500000e+06 	 4.948015e-05 	 2.331015e+07 	
2.60000000e+06 	 4.775234e-05 	 2.305014e+07 	
2.62500000e+06 	 4.610344e-05 	 2.279600e+07 	
2.65000000e+06 	 4.452918e-05 	 2.254754e+07 	
2.67500000e+06 	 4.302533e-05 	 2.230459e+07 	
2.70000000e+06 	 4.158809e-05 	 2.206696e+07 	
2.72500000e+06 	 4.021380e-05 	 2.183448e+07 	
2.75000000e+06 	 3.889901e-05 	 2.160700e+07 	
2.77500000e+06 	 3.764053e-05 	 2.138434e+07 	
2.80000000e+06 	 3.643551e-05 	 2.116637e+07 	
2.82500000e+06 	 3.528101e-05 	 2.095295e+07 	
2.85000000e+06 	 3.417456e-05 	 2.074392e+07 	
2.87500000e+06 	 3.311369e-05 	 2.053917e+07 	
2.90000000e+06 	 3.209599e-05 	 2.033856e+07 	
2.92500000e+06 	 3.111940e-05 	 2.014197e+07 	
2.95000000e+06 	 3.018180e-05 	 1.994929e+07 	
2.97500000e+06 	 2.928125e-05 	 1.976040e+07 	
3.00000000e+06 	 2.841602e-05 	 1.957519e+07 	
3.02500000e+06 	 2.758434e-05 	 1.939356e+07 	
3.05000000e+06 	 2.678466e-05 	 1.921540e+07 	
3.07500000e+06 	 2.601541e-05 	 1.904063e+07 	
3.10000000e+06 	 2.527519e-05 	 1.886914e+07 	
3.12500000e+06 	 2.456261e-05 	 1.870085e+07 	
3.15000000e+06 	 2.387645e-05 	 1.853567e+07 	
3.17500000e+06 	 2.321547e-05 	 1.837351e+07 	
3.20000000e+06 	 2.257852e-05 	 1.821430e+07 	
3.22500000e+06 	 2.196454e-05 	 1.805796e+07 	
3.25000000e+06 	 2.137248e-05 	 1.790441e+07 	
3.27500000e+06 	 2.080140e-05 	 1.775358e+07 	
3.30000000e+06 	 2.025036e-05 	 1.760539e+07 	
3.32500000e+06 	 1.971849e-05 	 1.745979e+07 	
3.35000000e+06 	 1.920498e-05 	 1.731670e+07 	
3.37500000e+06 	 1.870901e-05 	 1.717607e+07 	
3.40000000e+06 	 1.822988e-05 	 1.703782e+07 	
3.42500000e+06 	 1.776688e-05 	 1.690191e+07 	
3.45000000e+06 	 1.731931e-05 	 1.676827e+07 	
3.47500000e+06 	 1.688654e-05 	 1.663685e+07 	
3.50000000e+06 	 1.646797e-05 	 1.650759e+07 	
3.52500000e+06 	 1.606301e-05 	 1.638045e+07 	
3.55000000e+06 	 1.567112e-05 	 1.625537e+07 	
3.57500000e+06 	 1.529180e-05 	 1.613230e+07 	
3.60000000e+06 	 1.492450e-05 	 1.601120e+07 	
3.62500000e+06 	 1.456879e-05 	 1.589201e+07 	
3.65000000e+06 	 1.422420e-05 	 1.577471e+07 	
3.67500000e+06 	 1.389030e-05 	 1.565923e+07 	
3.70000000e+06 	 1.356667e-05 	 1.554555e+07 	
3.72500000e+06 	 1.325293e-05 	 1.543362e+07 	
3.75000000e+06 	 1.294869e-05 	 1.532339e+07 	
3.77500000e+06 	 1.265361e-05 	 1.521485e+07 	
3.80000000e+06 	 1.236733e-05 	 1.510793e+07 	
3.82500000e+06 	 1.208954e-05 	 1.500262e+07 	
3.85000000e+06 	 1.181991e-05 	 1.489887e+07 	
3.87500000e+06 	 1.155816e-05 	 1.479665e+07 	
3.90000000e+06 	 1.130399e-05 	 1.469592e+07 	
3.92500000e+06 	 1.105713e-05 	 1.459667e+07 	
3.95000000e+06 	 1.081732e-05 	 1.449884e+07 	
3.97500000e+06 	 1.058431e-05 	 1.440243e+07 	
4.00000000e+06 	 1.035786e-05 	 1.430738e+07 	
4.02500000e+06 	 1.013773e-05 	 1.421368e+07 	
4.05000000e+06 	 9.923720e-06 	 1.412130e+07 	
4.07500000e+06 	 9.715602e-06 	 1.403022e+07 	
4.10000000e+06 	 9.513182e-06 	 1.394039e+07 	
4.12500000e+06 	 9.316259e-06 	 1.385181e+07 	
4.15000000e+06 	 9.124652e-06 	 1.376443e+07 	
4.17500000e+06 	 8.938184e-06 	 1.367825e+07 	
4.20000000e+06 	 8.756678e-06 	 1.359324e+07 	
4.22500000e+06 	 8.579970e-06 	 1.350936e+07 	
4.25000000e+06 	 8.407905e-06 	 1.342661e+07 	
4.27500000e+06 	 8.240327e-06 	 1.334495e+07 	
4.30000000e+06 	 8.077094e-06 	 1.326438e+07 	
4.32500000e+06 	 7.918063e-06 	 1.318486e+07 	
4.35000000e+06 	 7.763100e-06 	 1.310637e+07 	
4.37500000e+06 	 7.612075e-06 	 1.302890e+07 	
4.40000000e+06 	 7.464863e-06 	 1.295243e+07 	
4.42500000e+06 	 7.321342e-06 	 1.287694e+07 	
4.45000000e+06 	 7.181400e-06 	 1.280240e+07 	
4.47500000e+06 	 7.044922e-06 	 1.272881e+07 	
4.50000000e+06 	 6.911803e-06 	 1.265614e+07 	
4.52500000e+06 	 6.781940e-06 	 1.258439e+07 	
4.55000000e+06 	 6.655233e-06 	 1.251352e+07 	
4.57500000e+06 	 6.531587e-06 	 1.244352e+07 	
4.60000000e+06 	 6.410907e-06 	 1.237439e+07 	
4.62500000e+06 	 6.293107e-06 	 1.230610e+07 	
4.65000000e+06 	 6.178099e-06 	 1.223864e+07 	
4.67500000e+06 	 6.065802e-06 	 1.217199e+07 	
4.70000000e+06 	 5.956136e-06 	 1.210614e+07 	
4.72500000e+06 	 5.849023e-06 	 1.204108e+07 	
4.75000000e+06 	 5.744389e-06 	 1.197679e+07 	
4.77500000e+06 	 5.642163e-06 	 1.191326e+07 	
4.80000000e+06 	 5.542273e-06 	 1.185047e+07 	
4.82500000e+06 	 5.444656e-06 	 1.178841e+07 	
4.85000000e+06 	 5.349246e-06 	 1.172708e+07 	
4.87500000e+06 	 5.255980e-06 	 1.166645e+07 	
4.90000000e+06 	 5.164797e-06 	 1.160652e+07 	
4.92500000e+06 	 5.075641e-06 	 1.154727e+07 	
4.95000000e+06 	 4.988452e-06 	 1.148870e+07 	
5.00000000e+06 	 4.819771e-06 	 1.137352e+07 	
5.00050050e+06 	 4.818120e-06 	 1.137238e+07 	
5.00100100e+06 	 4.816470e-06 	 1.137124e+07 	
5.00150150e+06 	 4.814820e-06 	 1.137010e+07 	
5.00200200e+06 	 4.813171e-06 	 1.136896e+07 	
5.00250250e+06 	 4.811523e-06 	 1.136782e+07 	
5.00300300e+06 	 4.809875e-06 	 1.136668e+07 	
5.00350350e+06 	 4.808228e-06 	 1.136554e+07 	
5.00400400e+06 	 4.806582e-06 	 1.136441e+07 	
5.00450450e+06 	 4.804937e-06 	 1.136327e+07 	
5.00500501e+06 	 4.803292e-06 	 1.136213e+07 	
5.00550551e+06 	 4.801648e-06 	 1.136099e+07 	
5.00600601e+06 	 4.800005e-06 	 1.135986e+07 	
5.00650651e+06 	 4.798362e-06 	 1.135872e+07 	
5.00700701e+06 	 4.796720e-06 	 1.135758e+07 	
5.00750751e+06 	 4.795079e-06 	 1.135645e+07 	
5.00800801e+06 	 4.793439e-06 	 1.135531e+07 	
5.00850851e+06 	 4.791799e-06 	 1.135418e+07 	
5.00900901e+06 	 4.790160e-06 	 1.135304e+07 	
5.00950951e+06 	 4.788522e-06 	 1.135190e+07 	
5.01001001e+06 	 4.786885e-06 	 1.135077e+07 	
5.01051051e+06 	 4.785248e-06 	 1.134964e+07 	
5.01101101e+06 	 4.783612e-06 	 1.134850e+07 	
5.01151151e+06 	 4.781976e-06 	 1.134737e+07 	
5.01201201e+06 	 4.780342e-06 	 1.134623e+07 	
5.01251251e+06 	 4.778708e-06 	 1.134510e+07 	
5.01301301e+06 	 4.777075e-06 	 1.134397e+07 	
5.01351351e+06 	 4.775442e-06 	 1.134283e+07 	
5.01401401e+06 	 4.773811e-06 	 1.134170e+07 	
5.01451451e+06 	 4.772179e-06 	 1.134057e+07 	
5.01501502e+06 	 4.770549e-06 	 1.133943e+07 	
5.01551552e+06 	 4.768920e-06 	 1.133830e+07 	
5.01601602e+06 	 4.767291e-06 	 1.133717e+07 	
5.01651652e+06 	 4.765662e-06 	 1.133604e+07 	
5.01701702e+06 	 4.764035e-06 	 1.133491e+07 	
5.01751752e+06 	 4.762408e-06 	 1.133378e+07 	
5.01801802e+06 	 4.760782e-06 	 1.133264e+07 	
5.01851852e+06 	 4.759157e-06 	 1.133151e+07 	
5.01901902e+06 	 4.757532e-06 	 1.133038e+07 	
5.01951952e+06 	 4.755908e-06 	 1.132925e+07 	
5.02002002e+06 	 4.754285e-06 	 1.132812e+07 	
5.02052052e+06 	 4.752663e-06 	 1.132699e+07 	
5.02102102e+06 	 4.751041e-06 	 1.132586e+07 	
5.02152152e+06 	 4.749420e-06 	 1.132474e+07 	
5.02202202e+06 	 4.747799e-06 	 1.132361e+07 	
5.02252252e+06 	 4.746180e-06 	 1.132248e+07 	
5.02302302e+06 	 4.744561e-06 	 1.132135e+07 	
5.02352352e+06 	 4.742943e-06 	 1.132022e+07 	
5.02402402e+06 	 4.741325e-06 	 1.131909e+07 	
5.02452452e+06 	 4.739708e-06 	 1.131797e+07 	
5.02502503e+06 	 4.738092e-06 	 1.131684e+07 	
5.02552553e+06 	 4.736477e-06 	 1.131571e+07 	
5.02602603e+06 	 4.734862e-06 	 1.131458e+07 	
5.02652653e+06 	 4.733248e-06 	 1.131346e+07 	
5.02702703e+06 	 4.731635e-06 	 1.131233e+07 	
5.02752753e+06 	 4.730022e-06 	 1.131121e+07 	
5.02802803e+06 	 4.728410e-06 	 1.131008e+07 	
5.02852853e+06 	 4.726799e-06 	 1.130895e+07 	
5.02902903e+06 	 4.725189e-06 	 1.130783e+07 	
5.02952953e+06 	 4.723579e-06 	 1.130670e+07 	
5.03003003e+06 	 4.721970e-06 	 1.130558e+07 	
5.03053053e+06 	 4.720361e-06 	 1.130445e+07 	
5.03103103e+06 	 4.718754e-06 	 1.130333e+07 	
5.03153153e+06 	 4.717147e-06 	 1.130221e+07 	
5.03203203e+06 	 4.715540e-06 	 1.130108e+07 	
5.03253253e+06 	 4.713935e-06 	 1.129996e+07 	
5.03303303e+06 	 4.712330e-06 	 1.129883e+07 	
5.03353353e+06 	 4.710726e-06 	 1.129771e+07 	
5.03403403e+06 	 4.709122e-06 	 1.129659e+07 	
5.03453453e+06 	 4.707520e-06 	 1.129547e+07 	
5.03503504e+06 	 4.705917e-06 	 1.129434e+07 	
5.03553554e+06 	 4.704316e-06 	 1.129322e+07 	
5.03603604e+06 	 4.702715e-06 	 1.129210e+07 	
5.03653654e+06 	 4.701115e-06 	 1.129098e+07 	
5.03703704e+06 	 4.699516e-06 	 1.128986e+07 	
5.03753754e+06 	 4.697918e-06 	 1.128874e+07 	
5.03803804e+06 	 4.696320e-06 	 1.128761e+07 	
5.03853854e+06 	 4.694723e-06 	 1.128649e+07 	
5.03903904e+06 	 4.693126e-06 	 1.128537e+07 	
5.03953954e+06 	 4.691530e-06 	 1.128425e+07 	
5.04004004e+06 	 4.689935e-06 	 1.128313e+07 	
5.04054054e+06 	 4.688341e-06 	 1.128201e+07 	
5.04104104e+06 	 4.686747e-06 	 1.128089e+07 	
5.04154154e+06 	 4.685154e-06 	 1.127978e+07 	
5.04204204e+06 	 4.683562e-06 	 1.127866e+07 	
5.04254254e+06 	 4.681970e-06 	 1.127754e+07 	
5.04304304e+06 	 4.680379e-06 	 1.127642e+07 	
5.04354354e+06 	 4.678789e-06 	 1.127530e+07 	
5.04404404e+06 	 4.677199e-06 	 1.127418e+07 	
5.04454454e+06 	 4.675610e-06 	 1.127307e+07 	
5.04504505e+06 	 4.674022e-06 	 1.127195e+07 	
5.04554555e+06 	 4.672435e-06 	 1.127083e+07 	
5.04604605e+06 	 4.670848e-06 	 1.126971e+07 	
5.04654655e+06 	 4.669262e-06 	 1.126860e+07 	
5.04704705e+06 	 4.667677e-06 	 1.126748e+07 	
5.04754755e+06 	 4.666092e-06 	 1.126637e+07 	
5.04804805e+06 	 4.664508e-06 	 1.126525e+07 	
5.04854855e+06 	 4.662924e-06 	 1.126413e+07 	
5.04904905e+06 	 4.661342e-06 	 1.126302e+07 	
5.04954955e+06 	 4.659760e-06 	 1.126190e+07 	
5.05005005e+06 	 4.658179e-06 	 1.126079e+07 	
5.05055055e+06 	 4.656598e-06 	 1.125967e+07 	
5.05105105e+06 	 4.655018e-06 	 1.125856e+07 	
5.05155155e+06 	 4.653439e-06 	 1.125745e+07 	
5.05205205e+06 	 4.651860e-06 	 1.125633e+07 	
5.05255255e+06 	 4.650283e-06 	 1.125522e+07 	
5.05305305e+06 	 4.648705e-06 	 1.125410e+07 	
5.05355355e+06 	 4.647129e-06 	 1.125299e+07 	
5.05405405e+06 	 4.645553e-06 	 1.125188e+07 	
5.05455455e+06 	 4.643978e-06 	 1.125077e+07 	
5.05505506e+06 	 4.642404e-06 	 1.124965e+07 	
5.05555556e+06 	 4.640830e-06 	 1.124854e+07 	
5.05605606e+06 	 4.639257e-06 	 1.124743e+07 	
5.05655656e+06 	 4.637684e-06 	 1.124632e+07 	
5.05705706e+06 	 4.636113e-06 	 1.124521e+07 	
5.05755756e+06 	 4.634542e-06 	 1.124410e+07 	
5.05805806e+06 	 4.632971e-06 	 1.124298e+07 	
5.05855856e+06 	 4.631402e-06 	 1.124187e+07 	
5.05905906e+06 	 4.629833e-06 	 1.124076e+07 	
5.05955956e+06 	 4.628265e-06 	 1.123965e+07 	
5.06006006e+06 	 4.626697e-06 	 1.123854e+07 	
5.06056056e+06 	 4.625130e-06 	 1.123743e+07 	
5.06106106e+06 	 4.623564e-06 	 1.123632e+07 	
5.06156156e+06 	 4.621998e-06 	 1.123522e+07 	
5.06206206e+06 	 4.620433e-06 	 1.123411e+07 	
5.06256256e+06 	 4.618869e-06 	 1.123300e+07 	
5.06306306e+06 	 4.617306e-06 	 1.123189e+07 	
5.06356356e+06 	 4.615743e-06 	 1.123078e+07 	
5.06406406e+06 	 4.614181e-06 	 1.122967e+07 	
5.06456456e+06 	 4.612619e-06 	 1.122857e+07 	
5.06506507e+06 	 4.611058e-06 	 1.122746e+07 	
5.06556557e+06 	 4.609498e-06 	 1.122635e+07 	
5.06606607e+06 	 4.607939e-06 	 1.122524e+07 	
5.06656657e+06 	 4.606380e-06 	 1.122414e+07 	
5.06706707e+06 	 4.604822e-06 	 1.122303e+07 	
5.06756757e+06 	 4.603264e-06 	 1.122192e+07 	
5.06806807e+06 	 4.601708e-06 	 1.122082e+07 	
5.06856857e+06 	 4.600152e-06 	 1.121971e+07 	
5.06906907e+06 	 4.598596e-06 	 1.121861e+07 	
5.06956957e+06 	 4.597041e-06 	 1.121750e+07 	
5.07007007e+06 	 4.595487e-06 	 1.121640e+07 	
5.07057057e+06 	 4.593934e-06 	 1.121529e+07 	
5.07107107e+06 	 4.592381e-06 	 1.121419e+07 	
5.07157157e+06 	 4.590829e-06 	 1.121308e+07 	
5.07207207e+06 	 4.589278e-06 	 1.121198e+07 	
5.07257257e+06 	 4.587727e-06 	 1.121088e+07 	
5.07307307e+06 	 4.586177e-06 	 1.120977e+07 	
5.07357357e+06 	 4.584627e-06 	 1.120867e+07 	
5.07407407e+06 	 4.583079e-06 	 1.120757e+07 	
5.07457457e+06 	 4.581531e-06 	 1.120646e+07 	
5.07507508e+06 	 4.579983e-06 	 1.120536e+07 	
5.07557558e+06 	 4.578437e-06 	 1.120426e+07 	
5.07607608e+06 	 4.576891e-06 	 1.120316e+07 	
5.07657658e+06 	 4.575345e-06 	 1.120205e+07 	
5.07707708e+06 	 4.573800e-06 	 1.120095e+07 	
5.07757758e+06 	 4.572256e-06 	 1.119985e+07 	
5.07807808e+06 	 4.570713e-06 	 1.119875e+07 	
5.07857858e+06 	 4.569170e-06 	 1.119765e+07 	
5.07907908e+06 	 4.567628e-06 	 1.119655e+07 	
5.07957958e+06 	 4.566087e-06 	 1.119545e+07 	
5.08008008e+06 	 4.564546e-06 	 1.119435e+07 	
5.08058058e+06 	 4.563006e-06 	 1.119325e+07 	
5.08108108e+06 	 4.561467e-06 	 1.119215e+07 	
5.08158158e+06 	 4.559928e-06 	 1.119105e+07 	
5.08208208e+06 	 4.558390e-06 	 1.118995e+07 	
5.08258258e+06 	 4.556853e-06 	 1.118885e+07 	
5.08308308e+06 	 4.555316e-06 	 1.118775e+07 	
5.08358358e+06 	 4.553780e-06 	 1.118665e+07 	
5.08408408e+06 	 4.552244e-06 	 1.118556e+07 	
5.08458458e+06 	 4.550710e-06 	 1.118446e+07 	
5.08508509e+06 	 4.549176e-06 	 1.118336e+07 	
5.08558559e+06 	 4.547642e-06 	 1.118226e+07 	
5.08608609e+06 	 4.546109e-06 	 1.118117e+07 	
5.08658659e+06 	 4.544577e-06 	 1.118007e+07 	
5.08708709e+06 	 4.543046e-06 	 1.117897e+07 	
5.08758759e+06 	 4.541515e-06 	 1.117788e+07 	
5.08808809e+06 	 4.539985e-06 	 1.117678e+07 	
5.08858859e+06 	 4.538455e-06 	 1.117568e+07 	
5.08908909e+06 	 4.536927e-06 	 1.117459e+07 	
5.08958959e+06 	 4.535399e-06 	 1.117349e+07 	
5.09009009e+06 	 4.533871e-06 	 1.117240e+07 	
5.09059059e+06 	 4.532344e-06 	 1.117130e+07 	
5.09109109e+06 	 4.530818e-06 	 1.117021e+07 	
5.09159159e+06 	 4.529293e-06 	 1.116911e+07 	
5.09209209e+06 	 4.527768e-06 	 1.116802e+07 	
5.09259259e+06 	 4.526243e-06 	 1.116692e+07 	
5.09309309e+06 	 4.524720e-06 	 1.116583e+07 	
5.09359359e+06 	 4.523197e-06 	 1.116474e+07 	
5.09409409e+06 	 4.521675e-06 	 1.116364e+07 	
5.09459459e+06 	 4.520153e-06 	 1.116255e+07 	
5.09509510e+06 	 4.518632e-06 	 1.116146e+07 	
5.09559560e+06 	 4.517112e-06 	 1.116036e+07 	
5.09609610e+06 	 4.515592e-06 	 1.115927e+07 	
5.09659660e+06 	 4.514073e-06 	 1.115818e+07 	
5.09709710e+06 	 4.512555e-06 	 1.115709e+07 	
5.09759760e+06 	 4.511038e-06 	 1.115600e+07 	
5.09809810e+06 	 4.509521e-06 	 1.115490e+07 	
5.09859860e+06 	 4.508004e-06 	 1.115381e+07 	
5.09909910e+06 	 4.506488e-06 	 1.115272e+07 	
5.09959960e+06 	 4.504973e-06 	 1.115163e+07 	
5.10010010e+06 	 4.503459e-06 	 1.115054e+07 	
5.10060060e+06 	 4.501945e-06 	 1.114945e+07 	
5.10110110e+06 	 4.500432e-06 	 1.114836e+07 	
5.10160160e+06 	 4.498920e-06 	 1.114727e+07 	
5.10210210e+06 	 4.497408e-06 	 1.114618e+07 	
5.10260260e+06 	 4.495897e-06 	 1.114509e+07 	
5.10310310e+06 	 4.494386e-06 	 1.114400e+07 	
5.10360360e+06 	 4.492876e-06 	 1.114291e+07 	
5.10410410e+06 	 4.491367e-06 	 1.114183e+07 	
5.10460460e+06 	 4.489859e-06 	 1.114074e+07 	
5.10510511e+06 	 4.488351e-06 	 1.113965e+07 	
5.10560561e+06 	 4.486844e-06 	 1.113856e+07 	
5.10610611e+06 	 4.485337e-06 	 1.113747e+07 	
5.10660661e+06 	 4.483831e-06 	 1.113639e+07 	
5.10710711e+06 	 4.482326e-06 	 1.113530e+07 	
5.10760761e+06 	 4.480821e-06 	 1.113421e+07 	
5.10810811e+06 	 4.479317e-06 	 1.113313e+07 	
5.10860861e+06 	 4.477814e-06 	 1.113204e+07 	
5.10910911e+06 	 4.476311e-06 	 1.113095e+07 	
5.10960961e+06 	 4.474809e-06 	 1.112987e+07 	
5.11011011e+06 	 4.473307e-06 	 1.112878e+07 	
5.11061061e+06 	 4.471807e-06 	 1.112770e+07 	
5.11111111e+06 	 4.470306e-06 	 1.112661e+07 	
5.11161161e+06 	 4.468807e-06 	 1.112553e+07 	
5.11211211e+06 	 4.467308e-06 	 1.112444e+07 	
5.11261261e+06 	 4.465810e-06 	 1.112336e+07 	
5.11311311e+06 	 4.464312e-06 	 1.112227e+07 	
5.11361361e+06 	 4.462815e-06 	 1.112119e+07 	
5.11411411e+06 	 4.461319e-06 	 1.112011e+07 	
5.11461461e+06 	 4.459823e-06 	 1.111902e+07 	
5.11511512e+06 	 4.458328e-06 	 1.111794e+07 	
5.11561562e+06 	 4.456834e-06 	 1.111686e+07 	
5.11611612e+06 	 4.455340e-06 	 1.111577e+07 	
5.11661662e+06 	 4.453847e-06 	 1.111469e+07 	
5.11711712e+06 	 4.452355e-06 	 1.111361e+07 	
5.11761762e+06 	 4.450863e-06 	 1.111253e+07 	
5.11811812e+06 	 4.449372e-06 	 1.111144e+07 	
5.11861862e+06 	 4.447881e-06 	 1.111036e+07 	
5.11911912e+06 	 4.446391e-06 	 1.110928e+07 	
5.11961962e+06 	 4.444902e-06 	 1.110820e+07 	
5.12012012e+06 	 4.443413e-06 	 1.110712e+07 	
5.12062062e+06 	 4.441925e-06 	 1.110604e+07 	
5.12112112e+06 	 4.440438e-06 	 1.110496e+07 	
5.12162162e+06 	 4.438951e-06 	 1.110388e+07 	
5.12212212e+06 	 4.437465e-06 	 1.110280e+07 	
5.12262262e+06 	 4.435980e-06 	 1.110172e+07 	
5.12312312e+06 	 4.434495e-06 	 1.110064e+07 	
5.12362362e+06 	 4.433011e-06 	 1.109956e+07 	
5.12412412e+06 	 4.431527e-06 	 1.109848e+07 	
5.12462462e+06 	 4.430044e-06 	 1.109740e+07 	
5.12512513e+06 	 4.428562e-06 	 1.109632e+07 	
5.12562563e+06 	 4.427080e-06 	 1.109524e+07 	
5.12612613e+06 	 4.425599e-06 	 1.109417e+07 	
5.12662663e+06 	 4.424119e-06 	 1.109309e+07 	
5.12712713e+06 	 4.422639e-06 	 1.109201e+07 	
5.12762763e+06 	 4.421160e-06 	 1.109093e+07 	
5.12812813e+06 	 4.419682e-06 	 1.108986e+07 	
5.12862863e+06 	 4.418204e-06 	 1.108878e+07 	
5.12912913e+06 	 4.416727e-06 	 1.108770e+07 	
5.12962963e+06 	 4.415250e-06 	 1.108663e+07 	
5.13013013e+06 	 4.413774e-06 	 1.108555e+07 	
5.13063063e+06 	 4.412299e-06 	 1.108447e+07 	
5.13113113e+06 	 4.410824e-06 	 1.108340e+07 	
5.13163163e+06 	 4.409350e-06 	 1.108232e+07 	
5.13213213e+06 	 4.407877e-06 	 1.108125e+07 	
5.13263263e+06 	 4.406404e-06 	 1.108017e+07 	
5.13313313e+06 	 4.404932e-06 	 1.107910e+07 	
5.13363363e+06 	 4.403460e-06 	 1.107802e+07 	
5.13413413e+06 	 4.401989e-06 	 1.107695e+07 	
5.13463463e+06 	 4.400519e-06 	 1.107588e+07 	
5.13513514e+06 	 4.399049e-06 	 1.107480e+07 	
5.13563564e+06 	 4.397580e-06 	 1.107373e+07 	
5.13613614e+06 	 4.396112e-06 	 1.107265e+07 	
5.13663664e+06 	 4.394644e-06 	 1.107158e+07 	
5.13713714e+06 	 4.393177e-06 	 1.107051e+07 	
5.13763764e+06 	 4.391710e-06 	 1.106944e+07 	
5.13813814e+06 	 4.390245e-06 	 1.106836e+07 	
5.13863864e+06 	 4.388779e-06 	 1.106729e+07 	
5.13913914e+06 	 4.387315e-06 	 1.106622e+07 	
5.13963964e+06 	 4.385851e-06 	 1.106515e+07 	
5.14014014e+06 	 4.384387e-06 	 1.106408e+07 	
5.14064064e+06 	 4.382924e-06 	 1.106301e+07 	
5.14114114e+06 	 4.381462e-06 	 1.106193e+07 	
5.14164164e+06 	 4.380001e-06 	 1.106086e+07 	
5.14214214e+06 	 4.378540e-06 	 1.105979e+07 	
5.14264264e+06 	 4.377079e-06 	 1.105872e+07 	
5.14314314e+06 	 4.375620e-06 	 1.105765e+07 	
5.14364364e+06 	 4.374161e-06 	 1.105658e+07 	
5.14414414e+06 	 4.372702e-06 	 1.105551e+07 	
5.14464464e+06 	 4.371244e-06 	 1.105444e+07 	
5.14514515e+06 	 4.369787e-06 	 1.105337e+07 	
5.14564565e+06 	 4.368331e-06 	 1.105231e+07 	
5.14614615e+06 	 4.366875e-06 	 1.105124e+07 	
5.14664665e+06 	 4.365419e-06 	 1.105017e+07 	
5.14714715e+06 	 4.363965e-06 	 1.104910e+07 	
5.14764765e+06 	 4.362511e-06 	 1.104803e+07 	
5.14814815e+06 	 4.361057e-06 	 1.104696e+07 	
5.14864865e+06 	 4.359604e-06 	 1.104590e+07 	
5.14914915e+06 	 4.358152e-06 	 1.104483e+07 	
5.14964965e+06 	 4.356700e-06 	 1.104376e+07 	
5.15015015e+06 	 4.355249e-06 	 1.104270e+07 	
5.15065065e+06 	 4.353799e-06 	 1.104163e+07 	
5.15115115e+06 	 4.352349e-06 	 1.104056e+07 	
5.15165165e+06 	 4.350900e-06 	 1.103950e+07 	
5.15215215e+06 	 4.349451e-06 	 1.103843e+07 	
5.15265265e+06 	 4.348004e-06 	 1.103736e+07 	
5.15315315e+06 	 4.346556e-06 	 1.103630e+07 	
5.15365365e+06 	 4.345110e-06 	 1.103523e+07 	
5.15415415e+06 	 4.343663e-06 	 1.103417e+07 	
5.15465465e+06 	 4.342218e-06 	 1.103310e+07 	
5.15515516e+06 	 4.340773e-06 	 1.103204e+07 	
5.15565566e+06 	 4.339329e-06 	 1.103098e+07 	
5.15615616e+06 	 4.337885e-06 	 1.102991e+07 	
5.15665666e+06 	 4.336442e-06 	 1.102885e+07 	
5.15715716e+06 	 4.335000e-06 	 1.102778e+07 	
5.15765766e+06 	 4.333558e-06 	 1.102672e+07 	
5.15815816e+06 	 4.332117e-06 	 1.102566e+07 	
5.15865866e+06 	 4.330676e-06 	 1.102460e+07 	
5.15915916e+06 	 4.329236e-06 	 1.102353e+07 	
5.15965966e+06 	 4.327797e-06 	 1.102247e+07 	
5.16016016e+06 	 4.326358e-06 	 1.102141e+07 	
5.16066066e+06 	 4.324920e-06 	 1.102035e+07 	
5.16116116e+06 	 4.323483e-06 	 1.101928e+07 	
5.16166166e+06 	 4.322046e-06 	 1.101822e+07 	
5.16216216e+06 	 4.320609e-06 	 1.101716e+07 	
5.16266266e+06 	 4.319174e-06 	 1.101610e+07 	
5.16316316e+06 	 4.317739e-06 	 1.101504e+07 	
5.16366366e+06 	 4.316304e-06 	 1.101398e+07 	
5.16416416e+06 	 4.314870e-06 	 1.101292e+07 	
5.16466466e+06 	 4.313437e-06 	 1.101186e+07 	
5.16516517e+06 	 4.312004e-06 	 1.101080e+07 	
5.16566567e+06 	 4.310572e-06 	 1.100974e+07 	
5.16616617e+06 	 4.309141e-06 	 1.100868e+07 	
5.16666667e+06 	 4.307710e-06 	 1.100762e+07 	
5.16716717e+06 	 4.306280e-06 	 1.100656e+07 	
5.16766767e+06 	 4.304850e-06 	 1.100550e+07 	
5.16816817e+06 	 4.303421e-06 	 1.100444e+07 	
5.16866867e+06 	 4.301993e-06 	 1.100339e+07 	
5.16916917e+06 	 4.300565e-06 	 1.100233e+07 	
5.16966967e+06 	 4.299138e-06 	 1.100127e+07 	
5.17017017e+06 	 4.297711e-06 	 1.100021e+07 	
5.17067067e+06 	 4.296285e-06 	 1.099916e+07 	
5.17117117e+06 	 4.294860e-06 	 1.099810e+07 	
5.17167167e+06 	 4.293435e-06 	 1.099704e+07 	
5.17217217e+06 	 4.292011e-06 	 1.099598e+07 	
5.17267267e+06 	 4.290587e-06 	 1.099493e+07 	
5.17317317e+06 	 4.289164e-06 	 1.099387e+07 	
5.17367367e+06 	 4.287742e-06 	 1.099282e+07 	
5.17417417e+06 	 4.286320e-06 	 1.099176e+07 	
5.17467467e+06 	 4.284899e-06 	 1.099070e+07 	
5.17517518e+06 	 4.283478e-06 	 1.098965e+07 	
5.17567568e+06 	 4.282058e-06 	 1.098859e+07 	
5.17617618e+06 	 4.280639e-06 	 1.098754e+07 	
5.17667668e+06 	 4.279220e-06 	 1.098648e+07 	
5.17717718e+06 	 4.277802e-06 	 1.098543e+07 	
5.17767768e+06 	 4.276384e-06 	 1.098438e+07 	
5.17817818e+06 	 4.274967e-06 	 1.098332e+07 	
5.17867868e+06 	 4.273551e-06 	 1.098227e+07 	
5.17917918e+06 	 4.272135e-06 	 1.098122e+07 	
5.17967968e+06 	 4.270720e-06 	 1.098016e+07 	
5.18018018e+06 	 4.269305e-06 	 1.097911e+07 	
5.18068068e+06 	 4.267891e-06 	 1.097806e+07 	
5.18118118e+06 	 4.266478e-06 	 1.097700e+07 	
5.18168168e+06 	 4.265065e-06 	 1.097595e+07 	
5.18218218e+06 	 4.263653e-06 	 1.097490e+07 	
5.18268268e+06 	 4.262241e-06 	 1.097385e+07 	
5.18318318e+06 	 4.260830e-06 	 1.097280e+07 	
5.18368368e+06 	 4.259420e-06 	 1.097174e+07 	
5.18418418e+06 	 4.258010e-06 	 1.097069e+07 	
5.18468468e+06 	 4.256601e-06 	 1.096964e+07 	
5.18518519e+06 	 4.255192e-06 	 1.096859e+07 	
5.18568569e+06 	 4.253784e-06 	 1.096754e+07 	
5.18618619e+06 	 4.252377e-06 	 1.096649e+07 	
5.18668669e+06 	 4.250970e-06 	 1.096544e+07 	
5.18718719e+06 	 4.249563e-06 	 1.096439e+07 	
5.18768769e+06 	 4.248158e-06 	 1.096334e+07 	
5.18818819e+06 	 4.246753e-06 	 1.096229e+07 	
5.18868869e+06 	 4.245348e-06 	 1.096124e+07 	
5.18918919e+06 	 4.243944e-06 	 1.096019e+07 	
5.18968969e+06 	 4.242541e-06 	 1.095915e+07 	
5.19019019e+06 	 4.241138e-06 	 1.095810e+07 	
5.19069069e+06 	 4.239736e-06 	 1.095705e+07 	
5.19119119e+06 	 4.238335e-06 	 1.095600e+07 	
5.19169169e+06 	 4.236934e-06 	 1.095495e+07 	
5.19219219e+06 	 4.235533e-06 	 1.095391e+07 	
5.19269269e+06 	 4.234134e-06 	 1.095286e+07 	
5.19319319e+06 	 4.232734e-06 	 1.095181e+07 	
5.19369369e+06 	 4.231336e-06 	 1.095076e+07 	
5.19419419e+06 	 4.229938e-06 	 1.094972e+07 	
5.19469469e+06 	 4.228540e-06 	 1.094867e+07 	
5.19519520e+06 	 4.227144e-06 	 1.094762e+07 	
5.19569570e+06 	 4.225747e-06 	 1.094658e+07 	
5.19619620e+06 	 4.224352e-06 	 1.094553e+07 	
5.19669670e+06 	 4.222957e-06 	 1.094449e+07 	
5.19719720e+06 	 4.221562e-06 	 1.094344e+07 	
5.19769770e+06 	 4.220168e-06 	 1.094240e+07 	
5.19819820e+06 	 4.218775e-06 	 1.094135e+07 	
5.19869870e+06 	 4.217382e-06 	 1.094031e+07 	
5.19919920e+06 	 4.215990e-06 	 1.093926e+07 	
5.19969970e+06 	 4.214599e-06 	 1.093822e+07 	
5.20020020e+06 	 4.213208e-06 	 1.093718e+07 	
5.20070070e+06 	 4.211817e-06 	 1.093613e+07 	
5.20120120e+06 	 4.210427e-06 	 1.093509e+07 	
5.20170170e+06 	 4.209038e-06 	 1.093404e+07 	
5.20220220e+06 	 4.207650e-06 	 1.093300e+07 	
5.20270270e+06 	 4.206262e-06 	 1.093196e+07 	
5.20320320e+06 	 4.204874e-06 	 1.093092e+07 	
5.20370370e+06 	 4.203487e-06 	 1.092987e+07 	
5.20420420e+06 	 4.202101e-06 	 1.092883e+07 	
5.20470470e+06 	 4.200715e-06 	 1.092779e+07 	
5.20520521e+06 	 4.199330e-06 	 1.092675e+07 	
5.20570571e+06 	 4.197946e-06 	 1.092571e+07 	
5.20620621e+06 	 4.196562e-06 	 1.092467e+07 	
5.20670671e+06 	 4.195178e-06 	 1.092362e+07 	
5.20720721e+06 	 4.193795e-06 	 1.092258e+07 	
5.20770771e+06 	 4.192413e-06 	 1.092154e+07 	
5.20820821e+06 	 4.191032e-06 	 1.092050e+07 	
5.20870871e+06 	 4.189651e-06 	 1.091946e+07 	
5.20920921e+06 	 4.188270e-06 	 1.091842e+07 	
5.20970971e+06 	 4.186890e-06 	 1.091738e+07 	
5.21021021e+06 	 4.185511e-06 	 1.091634e+07 	
5.21071071e+06 	 4.184132e-06 	 1.091530e+07 	
5.21121121e+06 	 4.182754e-06 	 1.091427e+07 	
5.21171171e+06 	 4.181376e-06 	 1.091323e+07 	
5.21221221e+06 	 4.179999e-06 	 1.091219e+07 	
5.21271271e+06 	 4.178623e-06 	 1.091115e+07 	
5.21321321e+06 	 4.177247e-06 	 1.091011e+07 	
5.21371371e+06 	 4.175872e-06 	 1.090907e+07 	
5.21421421e+06 	 4.174497e-06 	 1.090804e+07 	
5.21471471e+06 	 4.173123e-06 	 1.090700e+07 	
5.21521522e+06 	 4.171749e-06 	 1.090596e+07 	
5.21571572e+06 	 4.170376e-06 	 1.090492e+07 	
5.21621622e+06 	 4.169004e-06 	 1.090389e+07 	
5.21671672e+06 	 4.167632e-06 	 1.090285e+07 	
5.21721722e+06 	 4.166261e-06 	 1.090182e+07 	
5.21771772e+06 	 4.164890e-06 	 1.090078e+07 	
5.21821822e+06 	 4.163520e-06 	 1.089974e+07 	
5.21871872e+06 	 4.162151e-06 	 1.089871e+07 	
5.21921922e+06 	 4.160782e-06 	 1.089767e+07 	
5.21971972e+06 	 4.159413e-06 	 1.089664e+07 	
5.22022022e+06 	 4.158046e-06 	 1.089560e+07 	
5.22072072e+06 	 4.156678e-06 	 1.089457e+07 	
5.22122122e+06 	 4.155312e-06 	 1.089353e+07 	
5.22172172e+06 	 4.153946e-06 	 1.089250e+07 	
5.22222222e+06 	 4.152580e-06 	 1.089146e+07 	
5.22272272e+06 	 4.151215e-06 	 1.089043e+07 	
5.22322322e+06 	 4.149851e-06 	 1.088940e+07 	
5.22372372e+06 	 4.148487e-06 	 1.088836e+07 	
5.22422422e+06 	 4.147124e-06 	 1.088733e+07 	
5.22472472e+06 	 4.145761e-06 	 1.088630e+07 	
5.22522523e+06 	 4.144399e-06 	 1.088526e+07 	
5.22572573e+06 	 4.143038e-06 	 1.088423e+07 	
5.22622623e+06 	 4.141677e-06 	 1.088320e+07 	
5.22672673e+06 	 4.140316e-06 	 1.088217e+07 	
5.22722723e+06 	 4.138956e-06 	 1.088114e+07 	
5.22772773e+06 	 4.137597e-06 	 1.088010e+07 	
5.22822823e+06 	 4.136238e-06 	 1.087907e+07 	
5.22872873e+06 	 4.134880e-06 	 1.087804e+07 	
5.22922923e+06 	 4.133523e-06 	 1.087701e+07 	
5.22972973e+06 	 4.132166e-06 	 1.087598e+07 	
5.23023023e+06 	 4.130809e-06 	 1.087495e+07 	
5.23073073e+06 	 4.129454e-06 	 1.087392e+07 	
5.23123123e+06 	 4.128098e-06 	 1.087289e+07 	
5.23173173e+06 	 4.126744e-06 	 1.087186e+07 	
5.23223223e+06 	 4.125389e-06 	 1.087083e+07 	
5.23273273e+06 	 4.124036e-06 	 1.086980e+07 	
5.23323323e+06 	 4.122683e-06 	 1.086877e+07 	
5.23373373e+06 	 4.121330e-06 	 1.086774e+07 	
5.23423423e+06 	 4.119979e-06 	 1.086671e+07 	
5.23473473e+06 	 4.118627e-06 	 1.086568e+07 	
5.23523524e+06 	 4.117276e-06 	 1.086466e+07 	
5.23573574e+06 	 4.115926e-06 	 1.086363e+07 	
5.23623624e+06 	 4.114577e-06 	 1.086260e+07 	
5.23673674e+06 	 4.113228e-06 	 1.086157e+07 	
5.23723724e+06 	 4.111879e-06 	 1.086054e+07 	
5.23773774e+06 	 4.110531e-06 	 1.085952e+07 	
5.23823824e+06 	 4.109184e-06 	 1.085849e+07 	
5.23873874e+06 	 4.107837e-06 	 1.085746e+07 	
5.23923924e+06 	 4.106491e-06 	 1.085644e+07 	
5.23973974e+06 	 4.105145e-06 	 1.085541e+07 	
5.24024024e+06 	 4.103800e-06 	 1.085438e+07 	
5.24074074e+06 	 4.102455e-06 	 1.085336e+07 	
5.24124124e+06 	 4.101111e-06 	 1.085233e+07 	
5.24174174e+06 	 4.099768e-06 	 1.085131e+07 	
5.24224224e+06 	 4.098425e-06 	 1.085028e+07 	
5.24274274e+06 	 4.097083e-06 	 1.084926e+07 	
5.24324324e+06 	 4.095741e-06 	 1.084823e+07 	
5.24374374e+06 	 4.094400e-06 	 1.084721e+07 	
5.24424424e+06 	 4.093059e-06 	 1.084618e+07 	
5.24474474e+06 	 4.091719e-06 	 1.084516e+07 	
5.24524525e+06 	 4.090379e-06 	 1.084414e+07 	
5.24574575e+06 	 4.089040e-06 	 1.084311e+07 	
5.24624625e+06 	 4.087702e-06 	 1.084209e+07 	
5.24674675e+06 	 4.086364e-06 	 1.084106e+07 	
5.24724725e+06 	 4.085027e-06 	 1.084004e+07 	
5.24774775e+06 	 4.083690e-06 	 1.083902e+07 	
5.24824825e+06 	 4.082354e-06 	 1.083800e+07 	
5.24874875e+06 	 4.081018e-06 	 1.083697e+07 	
5.24924925e+06 	 4.079683e-06 	 1.083595e+07 	
5.24974975e+06 	 4.078349e-06 	 1.083493e+07 	
5.25025025e+06 	 4.077015e-06 	 1.083391e+07 	
5.25075075e+06 	 4.075681e-06 	 1.083289e+07 	
5.25125125e+06 	 4.074348e-06 	 1.083186e+07 	
5.25175175e+06 	 4.073016e-06 	 1.083084e+07 	
5.25225225e+06 	 4.071684e-06 	 1.082982e+07 	
5.25275275e+06 	 4.070353e-06 	 1.082880e+07 	
5.25325325e+06 	 4.069022e-06 	 1.082778e+07 	
5.25375375e+06 	 4.067692e-06 	 1.082676e+07 	
5.25425425e+06 	 4.066363e-06 	 1.082574e+07 	
5.25475475e+06 	 4.065034e-06 	 1.082472e+07 	
5.25525526e+06 	 4.063705e-06 	 1.082370e+07 	
5.25575576e+06 	 4.062377e-06 	 1.082268e+07 	
5.25625626e+06 	 4.061050e-06 	 1.082166e+07 	
5.25675676e+06 	 4.059723e-06 	 1.082064e+07 	
5.25725726e+06 	 4.058397e-06 	 1.081963e+07 	
5.25775776e+06 	 4.057071e-06 	 1.081861e+07 	
5.25825826e+06 	 4.055746e-06 	 1.081759e+07 	
5.25875876e+06 	 4.054422e-06 	 1.081657e+07 	
5.25925926e+06 	 4.053098e-06 	 1.081555e+07 	
5.25975976e+06 	 4.051774e-06 	 1.081454e+07 	
5.26026026e+06 	 4.050451e-06 	 1.081352e+07 	
5.26076076e+06 	 4.049129e-06 	 1.081250e+07 	
5.26126126e+06 	 4.047807e-06 	 1.081148e+07 	
5.26176176e+06 	 4.046486e-06 	 1.081047e+07 	
5.26226226e+06 	 4.045165e-06 	 1.080945e+07 	
5.26276276e+06 	 4.043845e-06 	 1.080843e+07 	
5.26326326e+06 	 4.042525e-06 	 1.080742e+07 	
5.26376376e+06 	 4.041206e-06 	 1.080640e+07 	
5.26426426e+06 	 4.039887e-06 	 1.080539e+07 	
5.26476476e+06 	 4.038569e-06 	 1.080437e+07 	
5.26526527e+06 	 4.037252e-06 	 1.080336e+07 	
5.26576577e+06 	 4.035935e-06 	 1.080234e+07 	
5.26626627e+06 	 4.034619e-06 	 1.080133e+07 	
5.26676677e+06 	 4.033303e-06 	 1.080031e+07 	
5.26726727e+06 	 4.031988e-06 	 1.079930e+07 	
5.26776777e+06 	 4.030673e-06 	 1.079828e+07 	
5.26826827e+06 	 4.029359e-06 	 1.079727e+07 	
5.26876877e+06 	 4.028045e-06 	 1.079626e+07 	
5.26926927e+06 	 4.026732e-06 	 1.079524e+07 	
5.26976977e+06 	 4.025419e-06 	 1.079423e+07 	
5.27027027e+06 	 4.024107e-06 	 1.079322e+07 	
5.27077077e+06 	 4.022796e-06 	 1.079220e+07 	
5.27127127e+06 	 4.021485e-06 	 1.079119e+07 	
5.27177177e+06 	 4.020175e-06 	 1.079018e+07 	
5.27227227e+06 	 4.018865e-06 	 1.078917e+07 	
5.27277277e+06 	 4.017555e-06 	 1.078815e+07 	
5.27327327e+06 	 4.016247e-06 	 1.078714e+07 	
5.27377377e+06 	 4.014938e-06 	 1.078613e+07 	
5.27427427e+06 	 4.013631e-06 	 1.078512e+07 	
5.27477477e+06 	 4.012324e-06 	 1.078411e+07 	
5.27527528e+06 	 4.011017e-06 	 1.078310e+07 	
5.27577578e+06 	 4.009711e-06 	 1.078209e+07 	
5.27627628e+06 	 4.008405e-06 	 1.078108e+07 	
5.27677678e+06 	 4.007100e-06 	 1.078007e+07 	
5.27727728e+06 	 4.005796e-06 	 1.077906e+07 	
5.27777778e+06 	 4.004492e-06 	 1.077805e+07 	
5.27827828e+06 	 4.003189e-06 	 1.077704e+07 	
5.27877878e+06 	 4.001886e-06 	 1.077603e+07 	
5.27927928e+06 	 4.000583e-06 	 1.077502e+07 	
5.27977978e+06 	 3.999282e-06 	 1.077401e+07 	
5.28028028e+06 	 3.997981e-06 	 1.077300e+07 	
5.28078078e+06 	 3.996680e-06 	 1.077199e+07 	
5.28128128e+06 	 3.995380e-06 	 1.077098e+07 	
5.28178178e+06 	 3.994080e-06 	 1.076997e+07 	
5.28228228e+06 	 3.992781e-06 	 1.076897e+07 	
5.28278278e+06 	 3.991482e-06 	 1.076796e+07 	
5.28328328e+06 	 3.990184e-06 	 1.076695e+07 	
5.28378378e+06 	 3.988887e-06 	 1.076594e+07 	
5.28428428e+06 	 3.987590e-06 	 1.076494e+07 	
5.28478478e+06 	 3.986294e-06 	 1.076393e+07 	
5.28528529e+06 	 3.984998e-06 	 1.076292e+07 	
5.28578579e+06 	 3.983703e-06 	 1.076192e+07 	
5.28628629e+06 	 3.982408e-06 	 1.076091e+07 	
5.28678679e+06 	 3.981113e-06 	 1.075990e+07 	
5.28728729e+06 	 3.979820e-06 	 1.075890e+07 	
5.28778779e+06 	 3.978527e-06 	 1.075789e+07 	
5.28828829e+06 	 3.977234e-06 	 1.075689e+07 	
5.28878879e+06 	 3.975942e-06 	 1.075588e+07 	
5.28928929e+06 	 3.974650e-06 	 1.075488e+07 	
5.28978979e+06 	 3.973359e-06 	 1.075387e+07 	
5.29029029e+06 	 3.972069e-06 	 1.075287e+07 	
5.29079079e+06 	 3.970779e-06 	 1.075186e+07 	
5.29129129e+06 	 3.969489e-06 	 1.075086e+07 	
5.29179179e+06 	 3.968200e-06 	 1.074986e+07 	
5.29229229e+06 	 3.966912e-06 	 1.074885e+07 	
5.29279279e+06 	 3.965624e-06 	 1.074785e+07 	
5.29329329e+06 	 3.964337e-06 	 1.074685e+07 	
5.29379379e+06 	 3.963050e-06 	 1.074584e+07 	
5.29429429e+06 	 3.961764e-06 	 1.074484e+07 	
5.29479479e+06 	 3.960478e-06 	 1.074384e+07 	
5.29529530e+06 	 3.959193e-06 	 1.074283e+07 	
5.29579580e+06 	 3.957908e-06 	 1.074183e+07 	
5.29629630e+06 	 3.956624e-06 	 1.074083e+07 	
5.29679680e+06 	 3.955340e-06 	 1.073983e+07 	
5.29729730e+06 	 3.954057e-06 	 1.073883e+07 	
5.29779780e+06 	 3.952775e-06 	 1.073783e+07 	
5.29829830e+06 	 3.951493e-06 	 1.073682e+07 	
5.29879880e+06 	 3.950211e-06 	 1.073582e+07 	
5.29929930e+06 	 3.948930e-06 	 1.073482e+07 	
5.29979980e+06 	 3.947650e-06 	 1.073382e+07 	
5.30030030e+06 	 3.946370e-06 	 1.073282e+07 	
5.30080080e+06 	 3.945090e-06 	 1.073182e+07 	
5.30130130e+06 	 3.943811e-06 	 1.073082e+07 	
5.30180180e+06 	 3.942533e-06 	 1.072982e+07 	
5.30230230e+06 	 3.941255e-06 	 1.072882e+07 	
5.30280280e+06 	 3.939978e-06 	 1.072782e+07 	
5.30330330e+06 	 3.938701e-06 	 1.072683e+07 	
5.30380380e+06 	 3.937425e-06 	 1.072583e+07 	
5.30430430e+06 	 3.936149e-06 	 1.072483e+07 	
5.30480480e+06 	 3.934874e-06 	 1.072383e+07 	
5.30530531e+06 	 3.933599e-06 	 1.072283e+07 	
5.30580581e+06 	 3.932325e-06 	 1.072183e+07 	
5.30630631e+06 	 3.931051e-06 	 1.072084e+07 	
5.30680681e+06 	 3.929778e-06 	 1.071984e+07 	
5.30730731e+06 	 3.928506e-06 	 1.071884e+07 	
5.30780781e+06 	 3.927234e-06 	 1.071784e+07 	
5.30830831e+06 	 3.925962e-06 	 1.071685e+07 	
5.30880881e+06 	 3.924691e-06 	 1.071585e+07 	
5.30930931e+06 	 3.923421e-06 	 1.071485e+07 	
5.30980981e+06 	 3.922151e-06 	 1.071386e+07 	
5.31031031e+06 	 3.920881e-06 	 1.071286e+07 	
5.31081081e+06 	 3.919612e-06 	 1.071187e+07 	
5.31131131e+06 	 3.918344e-06 	 1.071087e+07 	
5.31181181e+06 	 3.917076e-06 	 1.070987e+07 	
5.31231231e+06 	 3.915809e-06 	 1.070888e+07 	
5.31281281e+06 	 3.914542e-06 	 1.070788e+07 	
5.31331331e+06 	 3.913275e-06 	 1.070689e+07 	
5.31381381e+06 	 3.912010e-06 	 1.070589e+07 	
5.31431431e+06 	 3.910744e-06 	 1.070490e+07 	
5.31481481e+06 	 3.909480e-06 	 1.070391e+07 	
5.31531532e+06 	 3.908215e-06 	 1.070291e+07 	
5.31581582e+06 	 3.906952e-06 	 1.070192e+07 	
5.31631632e+06 	 3.905688e-06 	 1.070093e+07 	
5.31681682e+06 	 3.904426e-06 	 1.069993e+07 	
5.31731732e+06 	 3.903164e-06 	 1.069894e+07 	
5.31781782e+06 	 3.901902e-06 	 1.069795e+07 	
5.31831832e+06 	 3.900641e-06 	 1.069695e+07 	
5.31881882e+06 	 3.899380e-06 	 1.069596e+07 	
5.31931932e+06 	 3.898120e-06 	 1.069497e+07 	
5.31981982e+06 	 3.896860e-06 	 1.069398e+07 	
5.32032032e+06 	 3.895601e-06 	 1.069298e+07 	
5.32082082e+06 	 3.894343e-06 	 1.069199e+07 	
5.32132132e+06 	 3.893085e-06 	 1.069100e+07 	
5.32182182e+06 	 3.891827e-06 	 1.069001e+07 	
5.32232232e+06 	 3.890570e-06 	 1.068902e+07 	
5.32282282e+06 	 3.889314e-06 	 1.068803e+07 	
5.32332332e+06 	 3.888058e-06 	 1.068704e+07 	
5.32382382e+06 	 3.886802e-06 	 1.068605e+07 	
5.32432432e+06 	 3.885547e-06 	 1.068506e+07 	
5.32482482e+06 	 3.884293e-06 	 1.068407e+07 	
5.32532533e+06 	 3.883039e-06 	 1.068308e+07 	
5.32582583e+06 	 3.881786e-06 	 1.068209e+07 	
5.32632633e+06 	 3.880533e-06 	 1.068110e+07 	
5.32682683e+06 	 3.879280e-06 	 1.068011e+07 	
5.32732733e+06 	 3.878028e-06 	 1.067912e+07 	
5.32782783e+06 	 3.876777e-06 	 1.067813e+07 	
5.32832833e+06 	 3.875526e-06 	 1.067714e+07 	
5.32882883e+06 	 3.874276e-06 	 1.067615e+07 	
5.32932933e+06 	 3.873026e-06 	 1.067517e+07 	
5.32982983e+06 	 3.871777e-06 	 1.067418e+07 	
5.33033033e+06 	 3.870528e-06 	 1.067319e+07 	
5.33083083e+06 	 3.869280e-06 	 1.067220e+07 	
5.33133133e+06 	 3.868032e-06 	 1.067122e+07 	
5.33183183e+06 	 3.866785e-06 	 1.067023e+07 	
5.33233233e+06 	 3.865538e-06 	 1.066924e+07 	
5.33283283e+06 	 3.864292e-06 	 1.066826e+07 	
5.33333333e+06 	 3.863046e-06 	 1.066727e+07 	
5.33383383e+06 	 3.861801e-06 	 1.066628e+07 	
5.33433433e+06 	 3.860556e-06 	 1.066530e+07 	
5.33483483e+06 	 3.859312e-06 	 1.066431e+07 	
5.33533534e+06 	 3.858068e-06 	 1.066333e+07 	
5.33583584e+06 	 3.856825e-06 	 1.066234e+07 	
5.33633634e+06 	 3.855582e-06 	 1.066135e+07 	
5.33683684e+06 	 3.854340e-06 	 1.066037e+07 	
5.33733734e+06 	 3.853098e-06 	 1.065938e+07 	
5.33783784e+06 	 3.851857e-06 	 1.065840e+07 	
5.33833834e+06 	 3.850616e-06 	 1.065742e+07 	
5.33883884e+06 	 3.849376e-06 	 1.065643e+07 	
5.33933934e+06 	 3.848136e-06 	 1.065545e+07 	
5.33983984e+06 	 3.846897e-06 	 1.065446e+07 	
5.34034034e+06 	 3.845659e-06 	 1.065348e+07 	
5.34084084e+06 	 3.844420e-06 	 1.065250e+07 	
5.34134134e+06 	 3.843183e-06 	 1.065151e+07 	
5.34184184e+06 	 3.841946e-06 	 1.065053e+07 	
5.34234234e+06 	 3.840709e-06 	 1.064955e+07 	
5.34284284e+06 	 3.839473e-06 	 1.064857e+07 	
5.34334334e+06 	 3.838237e-06 	 1.064758e+07 	
5.34384384e+06 	 3.837002e-06 	 1.064660e+07 	
5.34434434e+06 	 3.835768e-06 	 1.064562e+07 	
5.34484484e+06 	 3.834534e-06 	 1.064464e+07 	
5.34534535e+06 	 3.833300e-06 	 1.064366e+07 	
5.34584585e+06 	 3.832067e-06 	 1.064268e+07 	
5.34634635e+06 	 3.830834e-06 	 1.064169e+07 	
5.34684685e+06 	 3.829602e-06 	 1.064071e+07 	
5.34734735e+06 	 3.828371e-06 	 1.063973e+07 	
5.34784785e+06 	 3.827139e-06 	 1.063875e+07 	
5.34834835e+06 	 3.825909e-06 	 1.063777e+07 	
5.34884885e+06 	 3.824679e-06 	 1.063679e+07 	
5.34934935e+06 	 3.823449e-06 	 1.063581e+07 	
5.34984985e+06 	 3.822220e-06 	 1.063483e+07 	
5.35035035e+06 	 3.820991e-06 	 1.063385e+07 	
5.35085085e+06 	 3.819763e-06 	 1.063287e+07 	
5.35135135e+06 	 3.818536e-06 	 1.063189e+07 	
5.35185185e+06 	 3.817309e-06 	 1.063092e+07 	
5.35235235e+06 	 3.816082e-06 	 1.062994e+07 	
5.35285285e+06 	 3.814856e-06 	 1.062896e+07 	
5.35335335e+06 	 3.813630e-06 	 1.062798e+07 	
5.35385385e+06 	 3.812405e-06 	 1.062700e+07 	
5.35435435e+06 	 3.811181e-06 	 1.062602e+07 	
5.35485485e+06 	 3.809957e-06 	 1.062505e+07 	
5.35535536e+06 	 3.808733e-06 	 1.062407e+07 	
5.35585586e+06 	 3.807510e-06 	 1.062309e+07 	
5.35635636e+06 	 3.806287e-06 	 1.062212e+07 	
5.35685686e+06 	 3.805065e-06 	 1.062114e+07 	
5.35735736e+06 	 3.803843e-06 	 1.062016e+07 	
5.35785786e+06 	 3.802622e-06 	 1.061919e+07 	
5.35835836e+06 	 3.801402e-06 	 1.061821e+07 	
5.35885886e+06 	 3.800182e-06 	 1.061723e+07 	
5.35935936e+06 	 3.798962e-06 	 1.061626e+07 	
5.35985986e+06 	 3.797743e-06 	 1.061528e+07 	
5.36036036e+06 	 3.796524e-06 	 1.061431e+07 	
5.36086086e+06 	 3.795306e-06 	 1.061333e+07 	
5.36136136e+06 	 3.794088e-06 	 1.061236e+07 	
5.36186186e+06 	 3.792871e-06 	 1.061138e+07 	
5.36236236e+06 	 3.791655e-06 	 1.061041e+07 	
5.36286286e+06 	 3.790438e-06 	 1.060943e+07 	
5.36336336e+06 	 3.789223e-06 	 1.060846e+07 	
5.36386386e+06 	 3.788008e-06 	 1.060749e+07 	
5.36436436e+06 	 3.786793e-06 	 1.060651e+07 	
5.36486486e+06 	 3.785579e-06 	 1.060554e+07 	
5.36536537e+06 	 3.784365e-06 	 1.060456e+07 	
5.36586587e+06 	 3.783152e-06 	 1.060359e+07 	
5.36636637e+06 	 3.781939e-06 	 1.060262e+07 	
5.36686687e+06 	 3.780727e-06 	 1.060165e+07 	
5.36736737e+06 	 3.779515e-06 	 1.060067e+07 	
5.36786787e+06 	 3.778304e-06 	 1.059970e+07 	
5.36836837e+06 	 3.777093e-06 	 1.059873e+07 	
5.36886887e+06 	 3.775883e-06 	 1.059776e+07 	
5.36936937e+06 	 3.774673e-06 	 1.059679e+07 	
5.36986987e+06 	 3.773464e-06 	 1.059581e+07 	
5.37037037e+06 	 3.772255e-06 	 1.059484e+07 	
5.37087087e+06 	 3.771047e-06 	 1.059387e+07 	
5.37137137e+06 	 3.769839e-06 	 1.059290e+07 	
5.37187187e+06 	 3.768632e-06 	 1.059193e+07 	
5.37237237e+06 	 3.767425e-06 	 1.059096e+07 	
5.37287287e+06 	 3.766218e-06 	 1.058999e+07 	
5.37337337e+06 	 3.765013e-06 	 1.058902e+07 	
5.37387387e+06 	 3.763807e-06 	 1.058805e+07 	
5.37437437e+06 	 3.762602e-06 	 1.058708e+07 	
5.37487487e+06 	 3.761398e-06 	 1.058611e+07 	
5.37537538e+06 	 3.760194e-06 	 1.058514e+07 	
5.37587588e+06 	 3.758991e-06 	 1.058417e+07 	
5.37637638e+06 	 3.757788e-06 	 1.058320e+07 	
5.37687688e+06 	 3.756585e-06 	 1.058223e+07 	
5.37737738e+06 	 3.755383e-06 	 1.058127e+07 	
5.37787788e+06 	 3.754182e-06 	 1.058030e+07 	
5.37837838e+06 	 3.752981e-06 	 1.057933e+07 	
5.37887888e+06 	 3.751780e-06 	 1.057836e+07 	
5.37937938e+06 	 3.750580e-06 	 1.057739e+07 	
5.37987988e+06 	 3.749381e-06 	 1.057643e+07 	
5.38038038e+06 	 3.748182e-06 	 1.057546e+07 	
5.38088088e+06 	 3.746983e-06 	 1.057449e+07 	
5.38138138e+06 	 3.745785e-06 	 1.057353e+07 	
5.38188188e+06 	 3.744587e-06 	 1.057256e+07 	
5.38238238e+06 	 3.743390e-06 	 1.057159e+07 	
5.38288288e+06 	 3.742194e-06 	 1.057063e+07 	
5.38338338e+06 	 3.740997e-06 	 1.056966e+07 	
5.38388388e+06 	 3.739802e-06 	 1.056869e+07 	
5.38438438e+06 	 3.738607e-06 	 1.056773e+07 	
5.38488488e+06 	 3.737412e-06 	 1.056676e+07 	
5.38538539e+06 	 3.736218e-06 	 1.056580e+07 	
5.38588589e+06 	 3.735024e-06 	 1.056483e+07 	
5.38638639e+06 	 3.733831e-06 	 1.056387e+07 	
5.38688689e+06 	 3.732638e-06 	 1.056290e+07 	
5.38738739e+06 	 3.731446e-06 	 1.056194e+07 	
5.38788789e+06 	 3.730254e-06 	 1.056097e+07 	
5.38838839e+06 	 3.729063e-06 	 1.056001e+07 	
5.38888889e+06 	 3.727872e-06 	 1.055905e+07 	
5.38938939e+06 	 3.726681e-06 	 1.055808e+07 	
5.38988989e+06 	 3.725491e-06 	 1.055712e+07 	
5.39039039e+06 	 3.724302e-06 	 1.055616e+07 	
5.39089089e+06 	 3.723113e-06 	 1.055519e+07 	
5.39139139e+06 	 3.721925e-06 	 1.055423e+07 	
5.39189189e+06 	 3.720737e-06 	 1.055327e+07 	
5.39239239e+06 	 3.719549e-06 	 1.055231e+07 	
5.39289289e+06 	 3.718362e-06 	 1.055134e+07 	
5.39339339e+06 	 3.717176e-06 	 1.055038e+07 	
5.39389389e+06 	 3.715990e-06 	 1.054942e+07 	
5.39439439e+06 	 3.714804e-06 	 1.054846e+07 	
5.39489489e+06 	 3.713619e-06 	 1.054750e+07 	
5.39539540e+06 	 3.712434e-06 	 1.054653e+07 	
5.39589590e+06 	 3.711250e-06 	 1.054557e+07 	
5.39639640e+06 	 3.710067e-06 	 1.054461e+07 	
5.39689690e+06 	 3.708883e-06 	 1.054365e+07 	
5.39739740e+06 	 3.707701e-06 	 1.054269e+07 	
5.39789790e+06 	 3.706518e-06 	 1.054173e+07 	
5.39839840e+06 	 3.705337e-06 	 1.054077e+07 	
5.39889890e+06 	 3.704155e-06 	 1.053981e+07 	
5.39939940e+06 	 3.702975e-06 	 1.053885e+07 	
5.39989990e+06 	 3.701794e-06 	 1.053789e+07 	
5.40040040e+06 	 3.700614e-06 	 1.053693e+07 	
5.40090090e+06 	 3.699435e-06 	 1.053597e+07 	
5.40140140e+06 	 3.698256e-06 	 1.053502e+07 	
5.40190190e+06 	 3.697078e-06 	 1.053406e+07 	
5.40240240e+06 	 3.695900e-06 	 1.053310e+07 	
5.40290290e+06 	 3.694722e-06 	 1.053214e+07 	
5.40340340e+06 	 3.693545e-06 	 1.053118e+07 	
5.40390390e+06 	 3.692369e-06 	 1.053022e+07 	
5.40440440e+06 	 3.691193e-06 	 1.052927e+07 	
5.40490490e+06 	 3.690017e-06 	 1.052831e+07 	
5.40540541e+06 	 3.688842e-06 	 1.052735e+07 	
5.40590591e+06 	 3.687667e-06 	 1.052639e+07 	
5.40640641e+06 	 3.686493e-06 	 1.052544e+07 	
5.40690691e+06 	 3.685320e-06 	 1.052448e+07 	
5.40740741e+06 	 3.684146e-06 	 1.052352e+07 	
5.40790791e+06 	 3.682974e-06 	 1.052257e+07 	
5.40840841e+06 	 3.681801e-06 	 1.052161e+07 	
5.40890891e+06 	 3.680630e-06 	 1.052066e+07 	
5.40940941e+06 	 3.679458e-06 	 1.051970e+07 	
5.40990991e+06 	 3.678287e-06 	 1.051875e+07 	
5.41041041e+06 	 3.677117e-06 	 1.051779e+07 	
5.41091091e+06 	 3.675947e-06 	 1.051684e+07 	
5.41141141e+06 	 3.674778e-06 	 1.051588e+07 	
5.41191191e+06 	 3.673609e-06 	 1.051493e+07 	
5.41241241e+06 	 3.672440e-06 	 1.051397e+07 	
5.41291291e+06 	 3.671272e-06 	 1.051302e+07 	
5.41341341e+06 	 3.670105e-06 	 1.051206e+07 	
5.41391391e+06 	 3.668937e-06 	 1.051111e+07 	
5.41441441e+06 	 3.667771e-06 	 1.051016e+07 	
5.41491491e+06 	 3.666605e-06 	 1.050920e+07 	
5.41541542e+06 	 3.665439e-06 	 1.050825e+07 	
5.41591592e+06 	 3.664274e-06 	 1.050730e+07 	
5.41641642e+06 	 3.663109e-06 	 1.050634e+07 	
5.41691692e+06 	 3.661945e-06 	 1.050539e+07 	
5.41741742e+06 	 3.660781e-06 	 1.050444e+07 	
5.41791792e+06 	 3.659618e-06 	 1.050348e+07 	
5.41841842e+06 	 3.658455e-06 	 1.050253e+07 	
5.41891892e+06 	 3.657292e-06 	 1.050158e+07 	
5.41941942e+06 	 3.656130e-06 	 1.050063e+07 	
5.41991992e+06 	 3.654969e-06 	 1.049968e+07 	
5.42042042e+06 	 3.653808e-06 	 1.049873e+07 	
5.42092092e+06 	 3.652647e-06 	 1.049778e+07 	
5.42142142e+06 	 3.651487e-06 	 1.049682e+07 	
5.42192192e+06 	 3.650327e-06 	 1.049587e+07 	
5.42242242e+06 	 3.649168e-06 	 1.049492e+07 	
5.42292292e+06 	 3.648010e-06 	 1.049397e+07 	
5.42342342e+06 	 3.646851e-06 	 1.049302e+07 	
5.42392392e+06 	 3.645694e-06 	 1.049207e+07 	
5.42442442e+06 	 3.644536e-06 	 1.049112e+07 	
5.42492492e+06 	 3.643379e-06 	 1.049017e+07 	
5.42542543e+06 	 3.642223e-06 	 1.048922e+07 	
5.42592593e+06 	 3.641067e-06 	 1.048827e+07 	
5.42642643e+06 	 3.639912e-06 	 1.048733e+07 	
5.42692693e+06 	 3.638757e-06 	 1.048638e+07 	
5.42742743e+06 	 3.637602e-06 	 1.048543e+07 	
5.42792793e+06 	 3.636448e-06 	 1.048448e+07 	
5.42842843e+06 	 3.635295e-06 	 1.048353e+07 	
5.42892893e+06 	 3.634141e-06 	 1.048258e+07 	
5.42942943e+06 	 3.632989e-06 	 1.048164e+07 	
5.42992993e+06 	 3.631837e-06 	 1.048069e+07 	
5.43043043e+06 	 3.630685e-06 	 1.047974e+07 	
5.43093093e+06 	 3.629533e-06 	 1.047879e+07 	
5.43143143e+06 	 3.628383e-06 	 1.047785e+07 	
5.43193193e+06 	 3.627232e-06 	 1.047690e+07 	
5.43243243e+06 	 3.626082e-06 	 1.047595e+07 	
5.43293293e+06 	 3.624933e-06 	 1.047501e+07 	
5.43343343e+06 	 3.623784e-06 	 1.047406e+07 	
5.43393393e+06 	 3.622635e-06 	 1.047311e+07 	
5.43443443e+06 	 3.621487e-06 	 1.047217e+07 	
5.43493493e+06 	 3.620340e-06 	 1.047122e+07 	
5.43543544e+06 	 3.619193e-06 	 1.047028e+07 	
5.43593594e+06 	 3.618046e-06 	 1.046933e+07 	
5.43643644e+06 	 3.616900e-06 	 1.046839e+07 	
5.43693694e+06 	 3.615754e-06 	 1.046744e+07 	
5.43743744e+06 	 3.614609e-06 	 1.046650e+07 	
5.43793794e+06 	 3.613464e-06 	 1.046555e+07 	
5.43843844e+06 	 3.612319e-06 	 1.046461e+07 	
5.43893894e+06 	 3.611175e-06 	 1.046366e+07 	
5.43943944e+06 	 3.610032e-06 	 1.046272e+07 	
5.43993994e+06 	 3.608889e-06 	 1.046178e+07 	
5.44044044e+06 	 3.607746e-06 	 1.046083e+07 	
5.44094094e+06 	 3.606604e-06 	 1.045989e+07 	
5.44144144e+06 	 3.605462e-06 	 1.045895e+07 	
5.44194194e+06 	 3.604321e-06 	 1.045800e+07 	
5.44244244e+06 	 3.603180e-06 	 1.045706e+07 	
5.44294294e+06 	 3.602040e-06 	 1.045612e+07 	
5.44344344e+06 	 3.600900e-06 	 1.045518e+07 	
5.44394394e+06 	 3.599761e-06 	 1.045423e+07 	
5.44444444e+06 	 3.598622e-06 	 1.045329e+07 	
5.44494494e+06 	 3.597483e-06 	 1.045235e+07 	
5.44544545e+06 	 3.596345e-06 	 1.045141e+07 	
5.44594595e+06 	 3.595208e-06 	 1.045047e+07 	
5.44644645e+06 	 3.594071e-06 	 1.044953e+07 	
5.44694695e+06 	 3.592934e-06 	 1.044858e+07 	
5.44744745e+06 	 3.591798e-06 	 1.044764e+07 	
5.44794795e+06 	 3.590662e-06 	 1.044670e+07 	
5.44844845e+06 	 3.589527e-06 	 1.044576e+07 	
5.44894895e+06 	 3.588392e-06 	 1.044482e+07 	
5.44944945e+06 	 3.587258e-06 	 1.044388e+07 	
5.44994995e+06 	 3.586124e-06 	 1.044294e+07 	
5.45045045e+06 	 3.584990e-06 	 1.044200e+07 	
5.45095095e+06 	 3.583857e-06 	 1.044106e+07 	
5.45145145e+06 	 3.582724e-06 	 1.044012e+07 	
5.45195195e+06 	 3.581592e-06 	 1.043919e+07 	
5.45245245e+06 	 3.580461e-06 	 1.043825e+07 	
5.45295295e+06 	 3.579329e-06 	 1.043731e+07 	
5.45345345e+06 	 3.578199e-06 	 1.043637e+07 	
5.45395395e+06 	 3.577068e-06 	 1.043543e+07 	
5.45445445e+06 	 3.575938e-06 	 1.043449e+07 	
5.45495495e+06 	 3.574809e-06 	 1.043356e+07 	
5.45545546e+06 	 3.573680e-06 	 1.043262e+07 	
5.45595596e+06 	 3.572551e-06 	 1.043168e+07 	
5.45645646e+06 	 3.571423e-06 	 1.043074e+07 	
5.45695696e+06 	 3.570296e-06 	 1.042981e+07 	
5.45745746e+06 	 3.569168e-06 	 1.042887e+07 	
5.45795796e+06 	 3.568042e-06 	 1.042793e+07 	
5.45845846e+06 	 3.566915e-06 	 1.042700e+07 	
5.45895896e+06 	 3.565790e-06 	 1.042606e+07 	
5.45945946e+06 	 3.564664e-06 	 1.042512e+07 	
5.45995996e+06 	 3.563539e-06 	 1.042419e+07 	
5.46046046e+06 	 3.562415e-06 	 1.042325e+07 	
5.46096096e+06 	 3.561291e-06 	 1.042232e+07 	
5.46146146e+06 	 3.560167e-06 	 1.042138e+07 	
5.46196196e+06 	 3.559044e-06 	 1.042044e+07 	
5.46246246e+06 	 3.557921e-06 	 1.041951e+07 	
5.46296296e+06 	 3.556799e-06 	 1.041857e+07 	
5.46346346e+06 	 3.555677e-06 	 1.041764e+07 	
5.46396396e+06 	 3.554556e-06 	 1.041671e+07 	
5.46446446e+06 	 3.553435e-06 	 1.041577e+07 	
5.46496496e+06 	 3.552314e-06 	 1.041484e+07 	
5.46546547e+06 	 3.551194e-06 	 1.041390e+07 	
5.46596597e+06 	 3.550075e-06 	 1.041297e+07 	
5.46646647e+06 	 3.548955e-06 	 1.041204e+07 	
5.46696697e+06 	 3.547837e-06 	 1.041110e+07 	
5.46746747e+06 	 3.546718e-06 	 1.041017e+07 	
5.46796797e+06 	 3.545601e-06 	 1.040924e+07 	
5.46846847e+06 	 3.544483e-06 	 1.040830e+07 	
5.46896897e+06 	 3.543366e-06 	 1.040737e+07 	
5.46946947e+06 	 3.542250e-06 	 1.040644e+07 	
5.46996997e+06 	 3.541134e-06 	 1.040551e+07 	
5.47047047e+06 	 3.540018e-06 	 1.040457e+07 	
5.47097097e+06 	 3.538903e-06 	 1.040364e+07 	
5.47147147e+06 	 3.537788e-06 	 1.040271e+07 	
5.47197197e+06 	 3.536674e-06 	 1.040178e+07 	
5.47247247e+06 	 3.535560e-06 	 1.040085e+07 	
5.47297297e+06 	 3.534447e-06 	 1.039992e+07 	
5.47347347e+06 	 3.533334e-06 	 1.039899e+07 	
5.47397397e+06 	 3.532221e-06 	 1.039806e+07 	
5.47447447e+06 	 3.531109e-06 	 1.039713e+07 	
5.47497497e+06 	 3.529998e-06 	 1.039620e+07 	
5.47547548e+06 	 3.528886e-06 	 1.039527e+07 	
5.47597598e+06 	 3.527776e-06 	 1.039434e+07 	
5.47647648e+06 	 3.526665e-06 	 1.039341e+07 	
5.47697698e+06 	 3.525555e-06 	 1.039248e+07 	
5.47747748e+06 	 3.524446e-06 	 1.039155e+07 	
5.47797798e+06 	 3.523337e-06 	 1.039062e+07 	
5.47847848e+06 	 3.522228e-06 	 1.038969e+07 	
5.47897898e+06 	 3.521120e-06 	 1.038876e+07 	
5.47947948e+06 	 3.520013e-06 	 1.038783e+07 	
5.47997998e+06 	 3.518905e-06 	 1.038690e+07 	
5.48048048e+06 	 3.517798e-06 	 1.038598e+07 	
5.48098098e+06 	 3.516692e-06 	 1.038505e+07 	
5.48148148e+06 	 3.515586e-06 	 1.038412e+07 	
5.48198198e+06 	 3.514481e-06 	 1.038319e+07 	
5.48248248e+06 	 3.513376e-06 	 1.038226e+07 	
5.48298298e+06 	 3.512271e-06 	 1.038134e+07 	
5.48348348e+06 	 3.511167e-06 	 1.038041e+07 	
5.48398398e+06 	 3.510063e-06 	 1.037948e+07 	
5.48448448e+06 	 3.508960e-06 	 1.037856e+07 	
5.48498498e+06 	 3.507857e-06 	 1.037763e+07 	
5.48548549e+06 	 3.506754e-06 	 1.037670e+07 	
5.48598599e+06 	 3.505652e-06 	 1.037578e+07 	
5.48648649e+06 	 3.504551e-06 	 1.037485e+07 	
5.48698699e+06 	 3.503450e-06 	 1.037393e+07 	
5.48748749e+06 	 3.502349e-06 	 1.037300e+07 	
5.48798799e+06 	 3.501249e-06 	 1.037208e+07 	
5.48848849e+06 	 3.500149e-06 	 1.037115e+07 	
5.48898899e+06 	 3.499050e-06 	 1.037023e+07 	
5.48948949e+06 	 3.497951e-06 	 1.036930e+07 	
5.48998999e+06 	 3.496852e-06 	 1.036838e+07 	
5.49049049e+06 	 3.495754e-06 	 1.036745e+07 	
5.49099099e+06 	 3.494656e-06 	 1.036653e+07 	
5.49149149e+06 	 3.493559e-06 	 1.036560e+07 	
5.49199199e+06 	 3.492462e-06 	 1.036468e+07 	
5.49249249e+06 	 3.491366e-06 	 1.036376e+07 	
5.49299299e+06 	 3.490270e-06 	 1.036283e+07 	
5.49349349e+06 	 3.489175e-06 	 1.036191e+07 	
5.49399399e+06 	 3.488080e-06 	 1.036099e+07 	
5.49449449e+06 	 3.486985e-06 	 1.036006e+07 	
5.49499499e+06 	 3.485891e-06 	 1.035914e+07 	
5.49549550e+06 	 3.484797e-06 	 1.035822e+07 	
5.49599600e+06 	 3.483704e-06 	 1.035730e+07 	
5.49649650e+06 	 3.482611e-06 	 1.035637e+07 	
5.49699700e+06 	 3.481518e-06 	 1.035545e+07 	
5.49749750e+06 	 3.480426e-06 	 1.035453e+07 	
5.49799800e+06 	 3.479335e-06 	 1.035361e+07 	
5.49849850e+06 	 3.478244e-06 	 1.035269e+07 	
5.49899900e+06 	 3.477153e-06 	 1.035177e+07 	
5.49949950e+06 	 3.476063e-06 	 1.035084e+07 	
5.50000000e+06 	 3.474973e-06 	 1.034992e+07 	
5.52871991e+06 	 3.413146e-06 	 1.029740e+07 	
5.55758979e+06 	 3.352384e-06 	 1.024520e+07 	
5.58661042e+06 	 3.292664e-06 	 1.019335e+07 	
5.61578259e+06 	 3.234158e-06 	 1.014181e+07 	
5.64510710e+06 	 3.176508e-06 	 1.009061e+07 	
5.67458473e+06 	 3.119852e-06 	 1.003974e+07 	
5.70421628e+06 	 3.064010e-06 	 9.989206e+06 	
5.73400257e+06 	 3.009261e-06 	 9.938985e+06 	
5.76394439e+06 	 2.955452e-06 	 9.889084e+06 	
5.79404257e+06 	 2.902565e-06 	 9.839501e+06 	
5.82429791e+06 	 2.850416e-06 	 9.790250e+06 	
5.85471124e+06 	 2.799295e-06 	 9.741301e+06 	
5.88528338e+06 	 2.749042e-06 	 9.692663e+06 	
5.91601516e+06 	 2.699789e-06 	 9.644322e+06 	
5.94690742e+06 	 2.651256e-06 	 9.596300e+06 	
5.97796099e+06 	 2.603550e-06 	 9.548584e+06 	
6.00917672e+06 	 2.556657e-06 	 9.501171e+06 	
6.04055545e+06 	 2.510414e-06 	 9.454075e+06 	
6.07209803e+06 	 2.465074e-06 	 9.407266e+06 	
6.10380532e+06 	 2.420500e-06 	 9.360755e+06 	
6.13567819e+06 	 2.376803e-06 	 9.314526e+06 	
6.16771748e+06 	 2.333739e-06 	 9.268603e+06 	
6.19992408e+06 	 2.291403e-06 	 9.222971e+06 	
6.23229885e+06 	 2.249779e-06 	 9.177629e+06 	
6.26484268e+06 	 2.208982e-06 	 9.132560e+06 	
6.29755645e+06 	 2.168769e-06 	 9.087789e+06 	
6.33044104e+06 	 2.129235e-06 	 9.043302e+06 	
6.36349735e+06 	 2.090472e-06 	 8.999084e+06 	
6.39672627e+06 	 2.052277e-06 	 8.955156e+06 	
6.43012870e+06 	 2.014727e-06 	 8.911506e+06 	
6.46370556e+06 	 1.977813e-06 	 8.868132e+06 	
6.49745775e+06 	 1.941416e-06 	 8.825046e+06 	
6.53138619e+06 	 1.905719e-06 	 8.782220e+06 	
6.56549179e+06 	 1.870621e-06 	 8.739666e+06 	
6.59977549e+06 	 1.836112e-06 	 8.697380e+06 	
6.63423821e+06 	 1.802285e-06 	 8.655347e+06 	
6.66888088e+06 	 1.768942e-06 	 8.613590e+06 	
6.70370446e+06 	 1.736160e-06 	 8.572097e+06 	
6.73870987e+06 	 1.703844e-06 	 8.530878e+06 	
6.77389808e+06 	 1.672140e-06 	 8.489909e+06 	
6.80927003e+06 	 1.640968e-06 	 8.449197e+06 	
6.84482669e+06 	 1.610317e-06 	 8.408742e+06 	
6.88056902e+06 	 1.580262e-06 	 8.368529e+06 	
6.91649798e+06 	 1.550643e-06 	 8.328580e+06 	
6.95261457e+06 	 1.521520e-06 	 8.288882e+06 	
6.98891974e+06 	 1.492888e-06 	 8.249432e+06 	
7.02541449e+06 	 1.464656e-06 	 8.210244e+06 	
7.06209982e+06 	 1.436965e-06 	 8.171291e+06 	
7.09897670e+06 	 1.409737e-06 	 8.132583e+06 	
7.13604615e+06 	 1.382965e-06 	 8.094117e+06 	
7.17330917e+06 	 1.356566e-06 	 8.055906e+06 	
7.21076677e+06 	 1.330672e-06 	 8.017924e+06 	
7.24841996e+06 	 1.305210e-06 	 7.980180e+06 	
7.28626977e+06 	 1.280173e-06 	 7.942673e+06 	
7.32431723e+06 	 1.255481e-06 	 7.905414e+06 	
7.36256336e+06 	 1.231261e-06 	 7.868379e+06 	
7.40100921e+06 	 1.207444e-06 	 7.831575e+06 	
7.43965581e+06 	 1.184022e-06 	 7.795003e+06 	
7.47850422e+06 	 1.160921e-06 	 7.758674e+06 	
7.51755548e+06 	 1.138260e-06 	 7.722562e+06 	
7.55681067e+06 	 1.115972e-06 	 7.686677e+06 	
7.59627083e+06 	 1.094052e-06 	 7.651017e+06 	
7.63593705e+06 	 1.072557e-06 	 7.615568e+06 	
7.67581040e+06 	 1.051364e-06 	 7.580353e+06 	
7.71589196e+06 	 1.030520e-06 	 7.545359e+06 	
7.75618282e+06 	 1.010071e-06 	 7.510574e+06 	
7.79668407e+06 	 9.899174e-07 	 7.476016e+06 	
7.83739681e+06 	 9.700974e-07 	 7.441675e+06 	
7.87832214e+06 	 9.506053e-07 	 7.407550e+06 	
7.91946118e+06 	 9.314355e-07 	 7.373638e+06 	
7.96081503e+06 	 9.125286e-07 	 7.339953e+06 	
8.00238483e+06 	 8.939787e-07 	 7.306469e+06 	
8.04417170e+06 	 8.757341e-07 	 7.273194e+06 	
8.08617677e+06 	 8.577893e-07 	 7.240129e+06 	
8.12840118e+06 	 8.401888e-07 	 7.207259e+06 	
8.17084608e+06 	 8.228364e-07 	 7.174607e+06 	
8.21351262e+06 	 8.057698e-07 	 7.142160e+06 	
8.25640195e+06 	 7.889842e-07 	 7.109916e+06 	
8.29951525e+06 	 7.725197e-07 	 7.077863e+06 	
8.34285367e+06 	 7.562892e-07 	 7.046022e+06 	
8.38641840e+06 	 7.403269e-07 	 7.014381e+06 	
8.43021061e+06 	 7.246286e-07 	 6.982939e+06 	
8.47423150e+06 	 7.091495e-07 	 6.951707e+06 	
8.51848226e+06 	 6.939601e-07 	 6.920661e+06 	
8.56296408e+06 	 6.790213e-07 	 6.889810e+06 	
8.60767818e+06 	 6.643292e-07 	 6.859154e+06 	
8.65262577e+06 	 6.498435e-07 	 6.828703e+06 	
8.69780807e+06 	 6.356273e-07 	 6.798434e+06 	
8.74322630e+06 	 6.216452e-07 	 6.768357e+06 	
8.78888169e+06 	 6.078937e-07 	 6.738469e+06 	
8.83477549e+06 	 5.943367e-07 	 6.708783e+06 	
8.88090893e+06 	 5.810302e-07 	 6.679275e+06 	
8.92728328e+06 	 5.679425e-07 	 6.649954e+06 	
8.97389978e+06 	 5.550701e-07 	 6.620819e+06 	
9.02075971e+06 	 5.423813e-07 	 6.591881e+06 	
9.06786433e+06 	 5.299250e-07 	 6.563118e+06 	
9.11521492e+06 	 5.176732e-07 	 6.534539e+06 	
9.16281276e+06 	 5.056225e-07 	 6.506143e+06 	
9.21065915e+06 	 4.937945e-07 	 6.477917e+06 	
9.25875539e+06 	 4.821400e-07 	 6.449882e+06 	
9.30710277e+06 	 4.706774e-07 	 6.422027e+06 	
9.35570262e+06 	 4.594038e-07 	 6.394351e+06 	
9.40455624e+06 	 4.483161e-07 	 6.366854e+06 	
9.45366497e+06 	 4.373865e-07 	 6.339547e+06 	
9.50303014e+06 	 4.266583e-07 	 6.312406e+06 	
9.55265308e+06 	 4.161069e-07 	 6.285441e+06 	
9.60253514e+06 	 4.057295e-07 	 6.258652e+06 	
9.65267767e+06 	 3.955450e-07 	 6.232027e+06 	
9.70308204e+06 	 3.855107e-07 	 6.205586e+06 	
9.75374961e+06 	 3.756428e-07 	 6.179318e+06 	
9.80468176e+06 	 3.659387e-07 	 6.153223e+06 	
9.85587986e+06 	 3.564147e-07 	 6.127289e+06 	
9.90734531e+06 	 3.470338e-07 	 6.101537e+06 	
9.95907950e+06 	 3.378099e-07 	 6.075955e+06 	
1.00110838e+07 	 3.287410e-07 	 6.050544e+06 	
1.00633597e+07 	 3.198247e-07 	 6.025303e+06 	
1.01159086e+07 	 3.110408e-07 	 6.000243e+06 	
1.01687319e+07 	 3.024211e-07 	 5.975342e+06 	
1.02218310e+07 	 2.939477e-07 	 5.950610e+06 	
1.02752074e+07 	 2.856187e-07 	 5.926047e+06 	
1.03288624e+07 	 2.774167e-07 	 5.901663e+06 	
1.03827977e+07 	 2.693688e-07 	 5.877437e+06 	
1.04370146e+07 	 2.614596e-07 	 5.853379e+06 	
1.04915147e+07 	 2.536875e-07 	 5.829488e+06 	
1.05462993e+07 	 2.460378e-07 	 5.805777e+06 	
1.06013699e+07 	 2.385334e-07 	 5.782222e+06 	
1.06567282e+07 	 2.311613e-07 	 5.758836e+06 	
1.07123755e+07 	 2.239200e-07 	 5.735616e+06 	
1.07683134e+07 	 2.167973e-07 	 5.712575e+06 	
1.08245434e+07 	 2.098125e-07 	 5.689692e+06 	
1.08810670e+07 	 2.029546e-07 	 5.666976e+06 	
1.09378858e+07 	 1.962226e-07 	 5.644429e+06 	
1.09950013e+07 	 1.896153e-07 	 5.622049e+06 	
1.10524150e+07 	 1.831426e-07 	 5.599825e+06 	
1.11101285e+07 	 1.767836e-07 	 5.577779e+06 	
1.11681434e+07 	 1.705469e-07 	 5.555902e+06 	
1.12264612e+07 	 1.644319e-07 	 5.534194e+06 	
1.12850836e+07 	 1.584288e-07 	 5.512667e+06 	
1.13440121e+07 	 1.525540e-07 	 5.491299e+06 	
1.14032482e+07 	 1.467989e-07 	 5.470101e+06 	
1.14627937e+07 	 1.411632e-07 	 5.449073e+06 	
1.15226502e+07 	 1.356389e-07 	 5.428230e+06 	
1.15828192e+07 	 1.302399e-07 	 5.407547e+06 	
1.16433024e+07 	 1.249592e-07 	 5.387036e+06 	
1.17041014e+07 	 1.197968e-07 	 5.366698e+06 	
1.17652179e+07 	 1.147590e-07 	 5.346520e+06 	
1.18266535e+07 	 1.098338e-07 	 5.326527e+06 	
1.18884100e+07 	 1.050268e-07 	 5.306708e+06 	
1.19504889e+07 	 1.003380e-07 	 5.287063e+06 	
1.20128920e+07 	 9.576213e-08 	 5.267608e+06 	
1.20756209e+07 	 9.130954e-08 	 5.248317e+06 	
1.21386774e+07 	 8.697554e-08 	 5.229201e+06 	
1.22020632e+07 	 8.275606e-08 	 5.210277e+06 	
1.22657799e+07 	 7.865912e-08 	 5.191518e+06 	
1.23298294e+07 	 7.468118e-08 	 5.172938e+06 	
1.23942133e+07 	 7.082239e-08 	 5.154535e+06 	
1.24589334e+07 	 6.707904e-08 	 5.136327e+06 	
1.25239915e+07 	 6.345822e-08 	 5.118285e+06 	
1.25893893e+07 	 5.995664e-08 	 5.100422e+06 	
1.26551286e+07 	 5.657119e-08 	 5.082755e+06 	
1.27212112e+07 	 5.330729e-08 	 5.065254e+06 	
1.27876388e+07 	 5.016209e-08 	 5.047933e+06 	
1.28544133e+07 	 4.713777e-08 	 5.030774e+06 	
1.29215365e+07 	 4.422926e-08 	 5.013806e+06 	
1.29890102e+07 	 4.143811e-08 	 4.997014e+06 	
1.30568363e+07 	 3.876136e-08 	 4.980419e+06 	
1.31250165e+07 	 3.620210e-08 	 4.963983e+06 	
1.31935527e+07 	 3.375574e-08 	 4.947740e+06 	
1.32624468e+07 	 3.142404e-08 	 4.931656e+06 	
1.33317007e+07 	 2.920422e-08 	 4.915743e+06 	
1.34013162e+07 	 2.709295e-08 	 4.900027e+06 	
1.34712952e+07 	 2.509142e-08 	 4.884460e+06 	
1.35416396e+07 	 2.319477e-08 	 4.869092e+06 	
1.36123514e+07 	 2.140331e-08 	 4.853873e+06 	
1.36834324e+07 	 1.971563e-08 	 4.838765e+06 	
1.37548846e+07 	 1.812568e-08 	 4.823854e+06 	
1.38267099e+07 	 1.663230e-08 	 4.809098e+06 	
1.38989102e+07 	 1.523207e-08 	 4.794518e+06 	
1.39714875e+07 	 1.392282e-08 	 4.780077e+06 	
1.40444439e+07 	 1.270136e-08 	 4.765764e+06 	
1.41177812e+07 	 1.156390e-08 	 4.751601e+06 	
1.41915014e+07 	 1.050706e-08 	 4.737590e+06 	
1.42656066e+07 	 9.527809e-09 	 4.723688e+06 	
1.43400988e+07 	 8.621736e-09 	 4.709980e+06 	
1.44149800e+07 	 7.786398e-09 	 4.696338e+06 	
1.44902521e+07 	 7.017319e-09 	 4.682866e+06 	
1.45659174e+07 	 6.311704e-09 	 4.669420e+06 	
1.46419777e+07 	 5.664557e-09 	 4.656287e+06 	
1.47184352e+07 	 5.073759e-09 	 4.643158e+06 	
1.47952919e+07 	 4.535332e-09 	 4.630117e+06 	
1.48725500e+07 	 4.045725e-09 	 4.617197e+06 	
1.49502115e+07 	 3.601684e-09 	 4.604350e+06 	
1.50282786e+07 	 3.200008e-09 	 4.591525e+06 	
1.51067533e+07 	 2.837136e-09 	 4.578986e+06 	
1.51856377e+07 	 2.510561e-09 	 4.566398e+06 	
1.52649341e+07 	 2.217114e-09 	 4.553964e+06 	
1.53446446e+07 	 1.954084e-09 	 4.541674e+06 	
1.54247713e+07 	 1.719067e-09 	 4.529249e+06 	
1.55053164e+07 	 1.509356e-09 	 4.517001e+06 	
1.55862821e+07 	 1.322723e-09 	 4.504825e+06 	
1.56676705e+07 	 1.157045e-09 	 4.492612e+06 	
1.57494840e+07 	 1.010193e-09 	 4.480662e+06 	
1.58317247e+07 	 8.804565e-10 	 4.468518e+06 	
1.59143948e+07 	 7.659469e-10 	 4.456736e+06 	
1.59974966e+07 	 6.652064e-10 	 4.444808e+06 	
1.60810324e+07 	 5.767095e-10 	 4.433026e+06 	
1.61650044e+07 	 4.991600e-10 	 4.421191e+06 	
1.62494148e+07 	 4.313137e-10 	 4.409514e+06 	
1.63342660e+07 	 3.721231e-10 	 4.397516e+06 	
1.77650723e+07 	 1.000000e-20 	 4.214641e+06 	
1.93212106e+07 	 1.000000e-20 	 4.039831e+06 	
2.10136594e+07 	 1.000000e-20 	 3.872391e+06 	
2.28543589e+07 	 1.000000e-20 	 3.711997e+06 	
2.48562952e+07 	 1.000000e-20 	 3.558338e+06 	
2.70335918e+07 	 1.000000e-20 	 3.411121e+06 	
2.94016096e+07 	 1.000000e-20 	 3.270066e+06 	
3.19770548e+07 	 1.000000e-20 	 3.134907e+06 	
3.47780971e+07 	 1.000000e-20 	 3.005389e+06 	
3.78244978e+07 	 1.000000e-20 	 2.881271e+06 	
4.11377491e+07 	 1.000000e-20 	 2.762322e+06 	
4.47412259e+07 	 1.000000e-20 	 2.648321e+06 	
4.86603507e+07 	 1.000000e-20 	 2.539059e+06 	
5.29227726e+07 	 1.000000e-20 	 2.434333e+06 	
5.75585631e+07 	 1.000000e-20 	 2.333952e+06 	
6.26004274e+07 	 1.000000e-20 	 2.237734e+06 	
6.80839357e+07 	 1.000000e-20 	 2.145502e+06 	
7.40477740e+07 	 1.000000e-20 	 2.057089e+06 	
8.05340170e+07 	 1.000000e-20 	 1.972335e+06 	
8.75884249e+07 	 1.000000e-20 	 1.891086e+06 	
9.52607664e+07 	 1.000000e-20 	 1.813197e+06 	
1.03605170e+08 	 1.000000e-20 	 1.738526e+06 	
1.12680504e+08 	 1.000000e-20 	 1.666939e+06 	
1.22550796e+08 	 1.000000e-20 	 1.598309e+06 	
1.33285679e+08 	 1.000000e-20 	 1.532511e+06 	
1.44960889e+08 	 1.000000e-20 	 1.469429e+06 	
1.57658793e+08 	 1.000000e-20 	 1.408948e+06 	
1.71468976e+08 	 1.000000e-20 	 1.350962e+06 	
1.86488866e+08 	 1.000000e-20 	 1.295367e+06 	
2.02824429e+08 	 1.000000e-20 	 1.242064e+06 	
2.20590912e+08 	 1.000000e-20 	 1.190957e+06 	
2.39913658e+08 	 1.000000e-20 	 1.141956e+06 	
2.60928986e+08 	 1.000000e-20 	 1.094974e+06 	
2.83785160e+08 	 1.000000e-20 	 1.049927e+06 	
3.08643429e+08 	 1.000000e-20 	 1.006736e+06 	
3.35679168e+08 	 1.000000e-20 	 9.653227e+05 	
3.65083113e+08 	 1.000000e-20 	 9.256148e+05 	
3.97062707e+08 	 1.000000e-20 	 8.875418e+05 	
4.31843566e+08 	 1.000000e-20 	 8.510360e+05 	
4.69671068e+08 	 1.000000e-20 	 8.160328e+05 	
5.10812085e+08 	 1.000000e-20 	 7.824703e+05 	
5.55556864e+08 	 1.000000e-20 	 7.502890e+05 	
6.04221079e+08 	 1.000000e-20 	 7.194320e+05 	
6.57148055e+08 	 1.000000e-20 	 6.898447e+05 	
7.14711190e+08 	 1.000000e-20 	 6.614748e+05 	
7.77316589e+08 	 1.000000e-20 	 6.342722e+05 	
8.45405932e+08 	 1.000000e-20 	 6.081886e+05 	
9.19459587e+08 	 1.000000e-20 	 5.831782e+05 	
1.00000000e+09 	 1.000000e-20 	 5.591965e+05 	
