r (cm)        	 rho (g/cm3) 	 T (K)       		 Linf = 3.142849e+38
1.00000367e+06 	 1.791972e+05 	 1.375385e+09 	
1.00000909e+06 	 1.772404e+05 	 1.371548e+09 	
1.00007719e+06 	 1.541352e+05 	 1.323678e+09 	
1.00014529e+06 	 1.335699e+05 	 1.276364e+09 	
1.00021339e+06 	 1.153246e+05 	 1.229626e+09 	
1.00027999e+06 	 9.952506e+04 	 1.184492e+09 	
1.00034660e+06 	 8.556514e+04 	 1.139951e+09 	
1.00041320e+06 	 7.327423e+04 	 1.096025e+09 	
1.00046751e+06 	 6.437753e+04 	 1.060685e+09 	
1.00052181e+06 	 5.640273e+04 	 1.025782e+09 	
1.00057611e+06 	 4.927323e+04 	 9.913290e+08 	
1.00063041e+06 	 4.291693e+04 	 9.573405e+08 	
1.00068472e+06 	 3.726608e+04 	 9.238304e+08 	
1.00073833e+06 	 3.231678e+04 	 8.912275e+08 	
1.00079195e+06 	 2.793610e+04 	 8.591194e+08 	
1.00084556e+06 	 2.407064e+04 	 8.275207e+08 	
1.00088994e+06 	 2.122514e+04 	 8.017604e+08 	
1.00093432e+06 	 1.867216e+04 	 7.763680e+08 	
1.00097871e+06 	 1.638691e+04 	 7.513524e+08 	
1.00102309e+06 	 1.434620e+04 	 7.267224e+08 	
1.00106747e+06 	 1.252830e+04 	 7.024869e+08 	
1.00111173e+06 	 1.091698e+04 	 6.787177e+08 	
1.00115599e+06 	 9.488407e+03 	 6.553591e+08 	
1.00120026e+06 	 8.225181e+03 	 6.324201e+08 	
1.00123681e+06 	 7.295284e+03 	 6.138024e+08 	
1.00127335e+06 	 6.458634e+03 	 5.954820e+08 	
1.00130990e+06 	 5.707316e+03 	 5.774640e+08 	
1.00134645e+06 	 5.033939e+03 	 5.597534e+08 	
1.00138300e+06 	 4.431610e+03 	 5.423552e+08 	
1.00141954e+06 	 3.893916e+03 	 5.252743e+08 	
1.00145641e+06 	 3.410939e+03 	 5.083698e+08 	
1.00149328e+06 	 2.982011e+03 	 4.917978e+08 	
1.00153015e+06 	 2.601895e+03 	 4.755630e+08 	
1.00156079e+06 	 2.319652e+03 	 4.623304e+08 	
1.00159143e+06 	 2.065216e+03 	 4.493362e+08 	
1.00162207e+06 	 1.836196e+03 	 4.365829e+08 	
1.00165271e+06 	 1.630368e+03 	 4.240727e+08 	
1.00168335e+06 	 1.445670e+03 	 4.118077e+08 	
1.00171399e+06 	 1.280187e+03 	 3.997900e+08 	
1.00174463e+06 	 1.132152e+03 	 3.880215e+08 	
1.00177642e+06 	 9.952829e+02 	 3.760789e+08 	
1.00180820e+06 	 8.737520e+02 	 3.644081e+08 	
1.00183442e+06 	 7.839468e+02 	 3.549859e+08 	
1.00186064e+06 	 7.027342e+02 	 3.457503e+08 	
1.00188686e+06 	 6.293750e+02 	 3.367022e+08 	
1.00191308e+06 	 5.631842e+02 	 3.278419e+08 	
1.00193930e+06 	 5.035279e+02 	 3.191699e+08 	
1.00196552e+06 	 4.498204e+02 	 3.106865e+08 	
1.00199174e+06 	 4.015215e+02 	 3.023919e+08 	
1.00201796e+06 	 3.581332e+02 	 2.942861e+08 	
1.00204418e+06 	 3.191979e+02 	 2.863691e+08 	
1.00207040e+06 	 2.842950e+02 	 2.786406e+08 	
1.00209816e+06 	 2.513078e+02 	 2.706629e+08 	
1.00212125e+06 	 2.266829e+02 	 2.641876e+08 	
1.00214434e+06 	 2.043766e+02 	 2.578573e+08 	
1.00216743e+06 	 1.841854e+02 	 2.516715e+08 	
1.00219052e+06 	 1.659221e+02 	 2.456296e+08 	
1.00221361e+06 	 1.494140e+02 	 2.397310e+08 	
1.00223670e+06 	 1.345027e+02 	 2.339748e+08 	
1.00225980e+06 	 1.210425e+02 	 2.283600e+08 	
1.00228289e+06 	 1.088997e+02 	 2.228858e+08 	
1.00230598e+06 	 9.795211e+01 	 2.175511e+08 	
1.00232907e+06 	 8.808764e+01 	 2.123546e+08 	
1.00235216e+06 	 7.920398e+01 	 2.072952e+08 	
1.00237525e+06 	 7.120771e+01 	 2.023714e+08 	
1.00239834e+06 	 6.401364e+01 	 1.975820e+08 	
1.00242143e+06 	 5.754417e+01 	 1.929253e+08 	
1.00244452e+06 	 5.172873e+01 	 1.883997e+08 	
1.00246761e+06 	 4.650314e+01 	 1.840037e+08 	
1.00249070e+06 	 4.180918e+01 	 1.797354e+08 	
1.00251411e+06 	 3.753937e+01 	 1.755372e+08 	
1.00253752e+06 	 3.371176e+01 	 1.714664e+08 	
1.00256093e+06 	 3.028135e+01 	 1.675209e+08 	
1.00258433e+06 	 2.720746e+01 	 1.636988e+08 	
1.00260774e+06 	 2.445345e+01 	 1.599977e+08 	
1.00263115e+06 	 2.198625e+01 	 1.564155e+08 	
1.00265455e+06 	 1.977612e+01 	 1.529499e+08 	
1.00267796e+06 	 1.779629e+01 	 1.495985e+08 	
1.00270137e+06 	 1.602269e+01 	 1.463589e+08 	
1.00272478e+06 	 1.443372e+01 	 1.432287e+08 	
1.00274818e+06 	 1.300996e+01 	 1.402055e+08 	
1.00277159e+06 	 1.173403e+01 	 1.372867e+08 	
1.00279500e+06 	 1.059033e+01 	 1.344699e+08 	
1.00281840e+06 	 9.564884e+00 	 1.317524e+08 	
1.00284181e+06 	 8.645191e+00 	 1.291318e+08 	
1.00286522e+06 	 7.820057e+00 	 1.266054e+08 	
1.00288863e+06 	 7.079472e+00 	 1.241708e+08 	
1.00291203e+06 	 6.414487e+00 	 1.218252e+08 	
1.00294105e+06 	 5.683125e+00 	 1.190373e+08 	
1.00297007e+06 	 5.042277e+00 	 1.163774e+08 	
1.00299909e+06 	 4.480256e+00 	 1.138409e+08 	
1.00302811e+06 	 3.986906e+00 	 1.114229e+08 	
1.00305713e+06 	 3.553406e+00 	 1.091187e+08 	
1.00308615e+06 	 3.172092e+00 	 1.069237e+08 	
1.00311516e+06 	 2.836306e+00 	 1.048331e+08 	
1.00314418e+06 	 2.540267e+00 	 1.028427e+08 	
1.00317320e+06 	 2.278950e+00 	 1.009479e+08 	
1.00320222e+06 	 2.047991e+00 	 9.914451e+07 	
1.00323124e+06 	 1.843596e+00 	 9.742835e+07 	
1.00326026e+06 	 1.662465e+00 	 9.579536e+07 	
1.00328928e+06 	 1.501729e+00 	 9.424162e+07 	
1.00331830e+06 	 1.358889e+00 	 9.276335e+07 	
1.00334731e+06 	 1.231770e+00 	 9.135686e+07 	
1.00338405e+06 	 1.090453e+00 	 8.967373e+07 	
1.00342079e+06 	 9.680151e-01 	 8.809317e+07 	
1.00345753e+06 	 8.616796e-01 	 8.660865e+07 	
1.00349427e+06 	 7.691042e-01 	 8.521403e+07 	
1.00353100e+06 	 6.883117e-01 	 8.390347e+07 	
1.00356774e+06 	 6.176301e-01 	 8.267148e+07 	
1.00360448e+06 	 5.556429e-01 	 8.151288e+07 	
1.00365084e+06 	 4.879813e-01 	 8.014806e+07 	
1.00369720e+06 	 4.302515e-01 	 7.888335e+07 	
1.00374356e+06 	 3.808078e-01 	 7.771039e+07 	
1.00378992e+06 	 3.383015e-01 	 7.662153e+07 	
1.00383628e+06 	 3.016242e-01 	 7.560975e+07 	
1.00388264e+06 	 2.698617e-01 	 7.466862e+07 	
1.00393795e+06 	 2.373539e-01 	 7.363013e+07 	
1.00399326e+06 	 2.097219e-01 	 7.267486e+07 	
1.00404857e+06 	 1.861220e-01 	 7.179470e+07 	
1.00410388e+06 	 1.658723e-01 	 7.098244e+07 	
1.00415919e+06 	 1.484194e-01 	 7.023158e+07 	
1.00423768e+06 	 1.275851e-01 	 6.926016e+07 	
1.00431617e+06 	 1.104687e-01 	 6.838632e+07 	
1.00439467e+06 	 9.629532e-02 	 6.759767e+07 	
1.00447316e+06 	 8.447083e-02 	 6.688356e+07 	
1.00456682e+06 	 7.280307e-02 	 6.611645e+07 	
1.00466048e+06 	 6.323475e-02 	 6.542944e+07 	
1.00475414e+06 	 5.531848e-02 	 6.481154e+07 	
1.00484779e+06 	 4.871475e-02 	 6.425354e+07 	
1.00498297e+06 	 4.098452e-02 	 6.353827e+07 	
1.00511815e+06 	 3.487904e-02 	 6.291262e+07 	
1.00525334e+06 	 2.999150e-02 	 6.236142e+07 	
1.00543412e+06 	 2.486455e-02 	 6.171987e+07 	
1.00561491e+06 	 2.091849e-02 	 6.116743e+07 	
1.00579570e+06 	 1.782777e-02 	 6.068691e+07 	
1.00604199e+06 	 1.460209e-02 	 6.012475e+07 	
1.00628828e+06 	 1.218036e-02 	 5.964697e+07 	
1.00653458e+06 	 1.032173e-02 	 5.923543e+07 	
1.00689111e+06 	 8.318132e-03 	 5.873051e+07 	
1.00724764e+06 	 6.865660e-03 	 5.830773e+07 	
1.00760417e+06 	 5.781811e-03 	 5.794713e+07 	
1.00801372e+06 	 4.846601e-03 	 5.759162e+07 	
1.00842328e+06 	 4.140446e-03 	 5.728459e+07 	
1.00883284e+06 	 3.594688e-03 	 5.701533e+07 	
1.00944554e+06 	 2.984051e-03 	 5.666660e+07 	
1.01005825e+06 	 2.540272e-03 	 5.636701e+07 	
1.01067096e+06 	 2.207699e-03 	 5.610429e+07 	
1.01156563e+06 	 1.853825e-03 	 5.576985e+07 	
1.01210567e+06 	 1.692411e-03 	 5.558963e+07 	
1.01319154e+06 	 1.446765e-03 	 5.526402e+07 	
1.01408934e+06 	 1.298706e-03 	 5.502314e+07 	
1.01550959e+06 	 1.129300e-03 	 5.467977e+07 	
1.01652675e+06 	 1.040702e-03 	 5.445498e+07 	
1.01860380e+06 	 9.123885e-04 	 5.403429e+07 	
1.02068085e+06 	 8.277014e-04 	 5.364932e+07 	
1.02275791e+06 	 7.686039e-04 	 5.328818e+07 	
1.02483496e+06 	 7.253680e-04 	 5.294360e+07 	
1.02838125e+06 	 6.732881e-04 	 5.238118e+07 	
1.02988185e+06 	 6.564549e-04 	 5.215026e+07 	
1.03431506e+06 	 6.170709e-04 	 5.148502e+07 	
1.03723095e+06 	 5.964007e-04 	 5.105792e+07 	
1.04332373e+06 	 5.601352e-04 	 5.018505e+07 	
1.04433333e+06 	 5.546763e-04 	 5.004254e+07 	
1.05083333e+06 	 5.221241e-04 	 4.913798e+07 	
1.05733333e+06 	 4.924463e-04 	 4.825356e+07 	
1.06383333e+06 	 4.648428e-04 	 4.738786e+07 	
1.06816667e+06 	 4.474143e-04 	 4.682071e+07 	
1.07466667e+06 	 4.225557e-04 	 4.598441e+07 	
1.08116667e+06 	 3.991497e-04 	 4.516500e+07 	
1.08550000e+06 	 3.843130e-04 	 4.462788e+07 	
1.09200000e+06 	 3.630856e-04 	 4.383549e+07 	
1.09850000e+06 	 3.430710e-04 	 4.305872e+07 	
1.10283333e+06 	 3.303596e-04 	 4.254935e+07 	
1.10933333e+06 	 3.121891e-04 	 4.179766e+07 	
1.11583333e+06 	 2.950387e-04 	 4.106049e+07 	
1.12233333e+06 	 2.788452e-04 	 4.033743e+07 	
1.12666667e+06 	 2.685569e-04 	 3.986306e+07 	
1.13316667e+06 	 2.538261e-04 	 3.916269e+07 	
1.13966667e+06 	 2.399111e-04 	 3.847547e+07 	
1.14616667e+06 	 2.267608e-04 	 3.780105e+07 	
1.15050000e+06 	 2.183908e-04 	 3.735837e+07 	
1.15700000e+06 	 2.064171e-04 	 3.670457e+07 	
1.16350000e+06 	 1.950979e-04 	 3.606273e+07 	
1.17000000e+06 	 1.843826e-04 	 3.543250e+07 	
1.17650000e+06 	 1.742458e-04 	 3.481364e+07 	
1.18300000e+06 	 1.646529e-04 	 3.420586e+07 	
1.18950000e+06 	 1.555721e-04 	 3.360888e+07 	
1.19600000e+06 	 1.469741e-04 	 3.302243e+07 	
1.20250000e+06 	 1.388319e-04 	 3.244628e+07 	
1.20900000e+06 	 1.311167e-04 	 3.188017e+07 	
1.21550000e+06 	 1.238069e-04 	 3.132385e+07 	
1.22200000e+06 	 1.168772e-04 	 3.077711e+07 	
1.22850000e+06 	 1.103073e-04 	 3.023972e+07 	
1.23500000e+06 	 1.040762e-04 	 2.971146e+07 	
1.24150000e+06 	 9.816497e-05 	 2.919213e+07 	
1.24800000e+06 	 9.255460e-05 	 2.868151e+07 	
1.25450000e+06 	 8.722824e-05 	 2.817943e+07 	
1.26100000e+06 	 8.216975e-05 	 2.768568e+07 	
1.26750000e+06 	 7.736365e-05 	 2.720009e+07 	
1.27400000e+06 	 7.279517e-05 	 2.672247e+07 	
1.28050000e+06 	 6.845068e-05 	 2.625266e+07 	
1.28700000e+06 	 6.431699e-05 	 2.579049e+07 	
1.30000000e+06 	 5.663331e-05 	 2.488843e+07 	
1.30050050e+06 	 5.635209e-05 	 2.485428e+07 	
1.30100100e+06 	 5.607190e-05 	 2.482018e+07 	
1.30150150e+06 	 5.579275e-05 	 2.478611e+07 	
1.30200200e+06 	 5.551462e-05 	 2.475209e+07 	
1.30250250e+06 	 5.523751e-05 	 2.471811e+07 	
1.30300300e+06 	 5.496141e-05 	 2.468418e+07 	
1.30350350e+06 	 5.468633e-05 	 2.465029e+07 	
1.30400400e+06 	 5.441225e-05 	 2.461643e+07 	
1.30450450e+06 	 5.413917e-05 	 2.458262e+07 	
1.30500501e+06 	 5.386708e-05 	 2.454886e+07 	
1.30550551e+06 	 5.359599e-05 	 2.451513e+07 	
1.30600601e+06 	 5.332588e-05 	 2.448145e+07 	
1.30650651e+06 	 5.305675e-05 	 2.444780e+07 	
1.30700701e+06 	 5.278860e-05 	 2.441420e+07 	
1.30750751e+06 	 5.252142e-05 	 2.438065e+07 	
1.30800801e+06 	 5.225521e-05 	 2.434713e+07 	
1.30850851e+06 	 5.198996e-05 	 2.431365e+07 	
1.30900901e+06 	 5.172567e-05 	 2.428022e+07 	
1.30950951e+06 	 5.146233e-05 	 2.424683e+07 	
1.31001001e+06 	 5.119994e-05 	 2.421347e+07 	
1.31051051e+06 	 5.093850e-05 	 2.418016e+07 	
1.31101101e+06 	 5.067799e-05 	 2.414690e+07 	
1.31151151e+06 	 5.041842e-05 	 2.411367e+07 	
1.31201201e+06 	 5.015977e-05 	 2.408048e+07 	
1.31251251e+06 	 4.990206e-05 	 2.404734e+07 	
1.31301301e+06 	 4.964526e-05 	 2.401423e+07 	
1.31351351e+06 	 4.938938e-05 	 2.398117e+07 	
1.31401401e+06 	 4.913441e-05 	 2.394814e+07 	
1.31451451e+06 	 4.888035e-05 	 2.391516e+07 	
1.31501502e+06 	 4.862719e-05 	 2.388222e+07 	
1.31551552e+06 	 4.837492e-05 	 2.384932e+07 	
1.31601602e+06 	 4.812355e-05 	 2.381646e+07 	
1.31651652e+06 	 4.787307e-05 	 2.378364e+07 	
1.31701702e+06 	 4.762347e-05 	 2.375086e+07 	
1.31751752e+06 	 4.737475e-05 	 2.371812e+07 	
1.31801802e+06 	 4.712691e-05 	 2.368542e+07 	
1.31851852e+06 	 4.687994e-05 	 2.365277e+07 	
1.31901902e+06 	 4.663383e-05 	 2.362015e+07 	
1.31951952e+06 	 4.638858e-05 	 2.358757e+07 	
1.32002002e+06 	 4.614419e-05 	 2.355503e+07 	
1.32052052e+06 	 4.590066e-05 	 2.352254e+07 	
1.32102102e+06 	 4.565797e-05 	 2.349008e+07 	
1.32152152e+06 	 4.541613e-05 	 2.345766e+07 	
1.32202202e+06 	 4.517513e-05 	 2.342528e+07 	
1.32252252e+06 	 4.493496e-05 	 2.339295e+07 	
1.32302302e+06 	 4.469563e-05 	 2.336065e+07 	
1.32352352e+06 	 4.445712e-05 	 2.332839e+07 	
1.32402402e+06 	 4.421944e-05 	 2.329617e+07 	
1.32452452e+06 	 4.398257e-05 	 2.326399e+07 	
1.32502503e+06 	 4.374652e-05 	 2.323185e+07 	
1.32552553e+06 	 4.351128e-05 	 2.319975e+07 	
1.32602603e+06 	 4.327685e-05 	 2.316769e+07 	
1.32652653e+06 	 4.304322e-05 	 2.313567e+07 	
1.32702703e+06 	 4.281038e-05 	 2.310369e+07 	
1.32752753e+06 	 4.257834e-05 	 2.307175e+07 	
1.32802803e+06 	 4.234709e-05 	 2.303985e+07 	
1.32852853e+06 	 4.211662e-05 	 2.300798e+07 	
1.32902903e+06 	 4.188693e-05 	 2.297616e+07 	
1.32952953e+06 	 4.165802e-05 	 2.294438e+07 	
1.33003003e+06 	 4.142988e-05 	 2.291263e+07 	
1.33053053e+06 	 4.120251e-05 	 2.288092e+07 	
1.33103103e+06 	 4.097590e-05 	 2.284925e+07 	
1.33153153e+06 	 4.075005e-05 	 2.281762e+07 	
1.33203203e+06 	 4.052495e-05 	 2.278603e+07 	
1.33253253e+06 	 4.030273e-05 	 2.275446e+07 	
1.33303303e+06 	 4.007927e-05 	 2.272294e+07 	
1.33353353e+06 	 3.985657e-05 	 2.269147e+07 	
1.33403403e+06 	 3.963461e-05 	 2.266003e+07 	
1.33453453e+06 	 3.941340e-05 	 2.262863e+07 	
1.33503504e+06 	 3.919293e-05 	 2.259727e+07 	
1.33553554e+06 	 3.897319e-05 	 2.256595e+07 	
1.33603604e+06 	 3.875419e-05 	 2.253466e+07 	
1.33653654e+06 	 3.853593e-05 	 2.250342e+07 	
1.33703704e+06 	 3.831839e-05 	 2.247221e+07 	
1.33753754e+06 	 3.809956e-05 	 2.244106e+07 	
1.33803804e+06 	 3.788333e-05 	 2.240994e+07 	
1.33853854e+06 	 3.766782e-05 	 2.237884e+07 	
1.33903904e+06 	 3.745301e-05 	 2.234779e+07 	
1.33953954e+06 	 3.723890e-05 	 2.231677e+07 	
1.34004004e+06 	 3.702550e-05 	 2.228580e+07 	
1.34054054e+06 	 3.681278e-05 	 2.225486e+07 	
1.34104104e+06 	 3.660077e-05 	 2.222396e+07 	
1.34154154e+06 	 3.638944e-05 	 2.219309e+07 	
1.34204204e+06 	 3.617879e-05 	 2.216227e+07 	
1.34254254e+06 	 3.596693e-05 	 2.213150e+07 	
1.34304304e+06 	 3.575752e-05 	 2.210075e+07 	
1.34354354e+06 	 3.554878e-05 	 2.207004e+07 	
1.34404404e+06 	 3.534071e-05 	 2.203937e+07 	
1.34454454e+06 	 3.513329e-05 	 2.200873e+07 	
1.34504505e+06 	 3.492653e-05 	 2.197813e+07 	
1.34554555e+06 	 3.472043e-05 	 2.194757e+07 	
1.34604605e+06 	 3.451497e-05 	 2.191705e+07 	
1.34654655e+06 	 3.431016e-05 	 2.188656e+07 	
1.34704705e+06 	 3.410600e-05 	 2.185611e+07 	
1.34754755e+06 	 3.390067e-05 	 2.182573e+07 	
1.34804805e+06 	 3.369766e-05 	 2.179535e+07 	
1.34854855e+06 	 3.349527e-05 	 2.176502e+07 	
1.34904905e+06 	 3.329351e-05 	 2.173472e+07 	
1.34954955e+06 	 3.309236e-05 	 2.170446e+07 	
1.35005005e+06 	 3.289182e-05 	 2.167424e+07 	
1.35055055e+06 	 3.269189e-05 	 2.164405e+07 	
1.35105105e+06 	 3.249257e-05 	 2.161390e+07 	
1.35155155e+06 	 3.229385e-05 	 2.158379e+07 	
1.35205205e+06 	 3.209572e-05 	 2.155372e+07 	
1.35255255e+06 	 3.189988e-05 	 2.152366e+07 	
1.35305305e+06 	 3.170305e-05 	 2.149366e+07 	
1.35355355e+06 	 3.150681e-05 	 2.146369e+07 	
1.35405405e+06 	 3.131115e-05 	 2.143376e+07 	
1.35455455e+06 	 3.111608e-05 	 2.140387e+07 	
1.35505506e+06 	 3.092160e-05 	 2.137402e+07 	
1.35555556e+06 	 3.072769e-05 	 2.134420e+07 	
1.35605606e+06 	 3.053436e-05 	 2.131442e+07 	
1.35655656e+06 	 3.034159e-05 	 2.128468e+07 	
1.35705706e+06 	 3.014940e-05 	 2.125497e+07 	
1.35755756e+06 	 2.995618e-05 	 2.122532e+07 	
1.35805806e+06 	 2.976501e-05 	 2.119569e+07 	
1.35855856e+06 	 2.957439e-05 	 2.116610e+07 	
1.35905906e+06 	 2.938432e-05 	 2.113654e+07 	
1.35955956e+06 	 2.919479e-05 	 2.110702e+07 	
1.36006006e+06 	 2.900580e-05 	 2.107753e+07 	
1.36056056e+06 	 2.881736e-05 	 2.104808e+07 	
1.36106106e+06 	 2.862944e-05 	 2.101867e+07 	
1.36156156e+06 	 2.844206e-05 	 2.098929e+07 	
1.36206206e+06 	 2.825520e-05 	 2.095995e+07 	
1.36256256e+06 	 2.806737e-05 	 2.093068e+07 	
1.36306306e+06 	 2.788146e-05 	 2.090141e+07 	
1.36356356e+06 	 2.769606e-05 	 2.087218e+07 	
1.36406406e+06 	 2.751116e-05 	 2.084299e+07 	
1.36456456e+06 	 2.732677e-05 	 2.081384e+07 	
1.36506507e+06 	 2.714287e-05 	 2.078472e+07 	
1.36556557e+06 	 2.695947e-05 	 2.075564e+07 	
1.36606607e+06 	 2.677656e-05 	 2.072659e+07 	
1.36656657e+06 	 2.659414e-05 	 2.069758e+07 	
1.36706707e+06 	 2.641219e-05 	 2.066861e+07 	
1.36756757e+06 	 2.622934e-05 	 2.063970e+07 	
1.36806807e+06 	 2.604826e-05 	 2.061080e+07 	
1.36856857e+06 	 2.586765e-05 	 2.058194e+07 	
1.36906907e+06 	 2.568751e-05 	 2.055311e+07 	
1.36956957e+06 	 2.550781e-05 	 2.052432e+07 	
1.37007007e+06 	 2.532857e-05 	 2.049557e+07 	
1.37057057e+06 	 2.514978e-05 	 2.046686e+07 	
1.37107107e+06 	 2.497144e-05 	 2.043818e+07 	
1.37157157e+06 	 2.479353e-05 	 2.040954e+07 	
1.37207207e+06 	 2.461606e-05 	 2.038093e+07 	
1.37257257e+06 	 2.444031e-05 	 2.035234e+07 	
1.37307307e+06 	 2.426378e-05 	 2.032381e+07 	
1.37357357e+06 	 2.408768e-05 	 2.029531e+07 	
1.37407407e+06 	 2.391200e-05 	 2.026685e+07 	
1.37457457e+06 	 2.373674e-05 	 2.023843e+07 	
1.37507508e+06 	 2.356189e-05 	 2.021004e+07 	
1.37557558e+06 	 2.338745e-05 	 2.018169e+07 	
1.37607608e+06 	 2.321342e-05 	 2.015338e+07 	
1.37657658e+06 	 2.303979e-05 	 2.012510e+07 	
1.37707708e+06 	 2.286656e-05 	 2.009687e+07 	
1.37757758e+06 	 2.269493e-05 	 2.006864e+07 	
1.37807808e+06 	 2.252255e-05 	 2.004047e+07 	
1.37857858e+06 	 2.235057e-05 	 2.001234e+07 	
1.37907908e+06 	 2.217897e-05 	 1.998425e+07 	
1.37957958e+06 	 2.200775e-05 	 1.995619e+07 	
1.38008008e+06 	 2.183690e-05 	 1.992817e+07 	
1.38058058e+06 	 2.166643e-05 	 1.990019e+07 	
1.38108108e+06 	 2.149633e-05 	 1.987224e+07 	
1.38158158e+06 	 2.132659e-05 	 1.984434e+07 	
1.38208208e+06 	 2.115721e-05 	 1.981646e+07 	
1.38258258e+06 	 2.098707e-05 	 1.978865e+07 	
1.38308308e+06 	 2.081833e-05 	 1.976086e+07 	
1.38358358e+06 	 2.064993e-05 	 1.973310e+07 	
1.38408408e+06 	 2.048187e-05 	 1.970538e+07 	
1.38458458e+06 	 2.031414e-05 	 1.967770e+07 	
1.38508509e+06 	 2.014674e-05 	 1.965005e+07 	
1.38558559e+06 	 1.997966e-05 	 1.962244e+07 	
1.38608609e+06 	 1.981291e-05 	 1.959487e+07 	
1.38658659e+06 	 1.964647e-05 	 1.956734e+07 	
1.38708709e+06 	 1.948034e-05 	 1.953985e+07 	
1.38758759e+06 	 1.931349e-05 	 1.951242e+07 	
1.38808809e+06 	 1.914790e-05 	 1.948500e+07 	
1.38858859e+06 	 1.898261e-05 	 1.945762e+07 	
1.38908909e+06 	 1.881760e-05 	 1.943029e+07 	
1.38958959e+06 	 1.865288e-05 	 1.940299e+07 	
1.39009009e+06 	 1.848843e-05 	 1.937573e+07 	
1.39059059e+06 	 1.832426e-05 	 1.934850e+07 	
1.39109109e+06 	 1.816036e-05 	 1.932132e+07 	
1.39159159e+06 	 1.799672e-05 	 1.929418e+07 	
1.39209209e+06 	 1.783333e-05 	 1.926708e+07 	
1.39259259e+06 	 1.766926e-05 	 1.924004e+07 	
1.39309309e+06 	 1.750631e-05 	 1.921301e+07 	
1.39359359e+06 	 1.734361e-05 	 1.918603e+07 	
1.39409409e+06 	 1.718114e-05 	 1.915909e+07 	
1.39459459e+06 	 1.701890e-05 	 1.913219e+07 	
1.39509510e+06 	 1.685687e-05 	 1.910533e+07 	
1.39559560e+06 	 1.669507e-05 	 1.907851e+07 	
1.39609610e+06 	 1.653348e-05 	 1.905173e+07 	
1.39659660e+06 	 1.637209e-05 	 1.902500e+07 	
1.39709710e+06 	 1.621090e-05 	 1.899831e+07 	
1.39759760e+06 	 1.605077e-05 	 1.897163e+07 	
1.39809810e+06 	 1.589001e-05 	 1.894502e+07 	
1.39859860e+06 	 1.572945e-05 	 1.891845e+07 	
1.39909910e+06 	 1.556906e-05 	 1.889193e+07 	
1.39959960e+06 	 1.540885e-05 	 1.886545e+07 	
1.40010010e+06 	 1.524881e-05 	 1.883901e+07 	
1.40060060e+06 	 1.508894e-05 	 1.881262e+07 	
1.40110110e+06 	 1.492922e-05 	 1.878627e+07 	
1.40160160e+06 	 1.476965e-05 	 1.875996e+07 	
1.40210210e+06 	 1.460950e-05 	 1.873372e+07 	
1.40260260e+06 	 1.445018e-05 	 1.870751e+07 	
1.40310310e+06 	 1.429100e-05 	 1.868135e+07 	
1.40360360e+06 	 1.413194e-05 	 1.865523e+07 	
1.40410410e+06 	 1.397301e-05 	 1.862916e+07 	
1.40460460e+06 	 1.381419e-05 	 1.860313e+07 	
1.40510511e+06 	 1.365549e-05 	 1.857716e+07 	
1.40560561e+06 	 1.349689e-05 	 1.855123e+07 	
1.40610611e+06 	 1.333840e-05 	 1.852535e+07 	
1.40660661e+06 	 1.318000e-05 	 1.849952e+07 	
1.40710711e+06 	 1.302104e-05 	 1.847377e+07 	
1.40760761e+06 	 1.286278e-05 	 1.844804e+07 	
1.40810811e+06 	 1.270460e-05 	 1.842237e+07 	
1.40860861e+06 	 1.254650e-05 	 1.839675e+07 	
1.40910911e+06 	 1.238847e-05 	 1.837118e+07 	
1.40960961e+06 	 1.223051e-05 	 1.834567e+07 	
1.41011011e+06 	 1.207261e-05 	 1.832022e+07 	
1.41061061e+06 	 1.191476e-05 	 1.829481e+07 	
1.41111111e+06 	 1.175698e-05 	 1.826947e+07 	
1.41161161e+06 	 1.159924e-05 	 1.824418e+07 	
1.41211211e+06 	 1.144097e-05 	 1.821898e+07 	
1.41261261e+06 	 1.128329e-05 	 1.819381e+07 	
1.41311311e+06 	 1.112566e-05 	 1.816871e+07 	
1.41361361e+06 	 1.096806e-05 	 1.814366e+07 	
1.41411411e+06 	 1.081051e-05 	 1.811868e+07 	
1.41461461e+06 	 1.065299e-05 	 1.809377e+07 	
1.41511512e+06 	 1.049550e-05 	 1.806892e+07 	
1.41561562e+06 	 1.033805e-05 	 1.804413e+07 	
1.41611612e+06 	 1.018064e-05 	 1.801941e+07 	
1.41661662e+06 	 1.002326e-05 	 1.799477e+07 	
1.41711712e+06 	 9.865416e-06 	 1.797021e+07 	
1.41761762e+06 	 9.708093e-06 	 1.794571e+07 	
1.41811812e+06 	 9.550812e-06 	 1.792128e+07 	
1.41861862e+06 	 9.393579e-06 	 1.789693e+07 	
1.41911912e+06 	 9.236398e-06 	 1.787266e+07 	
1.41961962e+06 	 9.079274e-06 	 1.784846e+07 	
1.42012012e+06 	 8.922215e-06 	 1.782435e+07 	
1.42062062e+06 	 8.765229e-06 	 1.780031e+07 	
1.42112112e+06 	 8.608324e-06 	 1.777637e+07 	
1.42162162e+06 	 8.451511e-06 	 1.775250e+07 	
1.42212212e+06 	 8.295239e-06 	 1.772871e+07 	
1.42262262e+06 	 8.138669e-06 	 1.770503e+07 	
1.42312312e+06 	 7.982231e-06 	 1.768144e+07 	
1.42362362e+06 	 7.825942e-06 	 1.765794e+07 	
1.42412412e+06 	 7.669817e-06 	 1.763455e+07 	
1.42462462e+06 	 7.513878e-06 	 1.761125e+07 	
1.42512513e+06 	 7.358144e-06 	 1.758806e+07 	
1.42562563e+06 	 7.202639e-06 	 1.756497e+07 	
1.42612613e+06 	 7.047388e-06 	 1.754199e+07 	
1.42662663e+06 	 6.892073e-06 	 1.751915e+07 	
1.42712713e+06 	 6.737395e-06 	 1.749640e+07 	
1.42762763e+06 	 6.583057e-06 	 1.747376e+07 	
1.42812813e+06 	 6.429094e-06 	 1.745125e+07 	
1.42862863e+06 	 6.275540e-06 	 1.742886e+07 	
1.42912913e+06 	 6.122435e-06 	 1.740660e+07 	
1.42962963e+06 	 5.969820e-06 	 1.738447e+07 	
1.43013013e+06 	 5.817738e-06 	 1.736248e+07 	
1.43063063e+06 	 5.666236e-06 	 1.734062e+07 	
1.43113113e+06 	 5.515363e-06 	 1.731890e+07 	
1.43163163e+06 	 5.365445e-06 	 1.729731e+07 	
1.43213213e+06 	 5.216001e-06 	 1.727589e+07 	
1.43263263e+06 	 5.067350e-06 	 1.725462e+07 	
1.43313313e+06 	 4.919554e-06 	 1.723351e+07 	
1.43363363e+06 	 4.772675e-06 	 1.721256e+07 	
1.43413413e+06 	 4.626780e-06 	 1.719178e+07 	
1.43463463e+06 	 4.481939e-06 	 1.717117e+07 	
1.43513514e+06 	 4.338222e-06 	 1.715073e+07 	
1.43563564e+06 	 4.195704e-06 	 1.713048e+07 	
1.43613614e+06 	 4.054464e-06 	 1.711040e+07 	
1.43663664e+06 	 3.914373e-06 	 1.709054e+07 	
1.43713714e+06 	 3.775920e-06 	 1.707086e+07 	
1.43763764e+06 	 3.638990e-06 	 1.705137e+07 	
1.43813814e+06 	 3.503668e-06 	 1.703209e+07 	
1.43863864e+06 	 3.370044e-06 	 1.701301e+07 	
1.43913914e+06 	 3.238206e-06 	 1.699415e+07 	
1.43963964e+06 	 3.108245e-06 	 1.697551e+07 	
1.44014014e+06 	 2.980252e-06 	 1.695709e+07 	
1.44064064e+06 	 2.854320e-06 	 1.693890e+07 	
1.44114114e+06 	 2.730401e-06 	 1.692096e+07 	
1.44164164e+06 	 2.608862e-06 	 1.690324e+07 	
1.44214214e+06 	 2.489658e-06 	 1.688577e+07 	
1.44264264e+06 	 2.372879e-06 	 1.686854e+07 	
1.44314314e+06 	 2.258613e-06 	 1.685156e+07 	
1.44364364e+06 	 2.146947e-06 	 1.683484e+07 	
1.44414414e+06 	 2.037962e-06 	 1.681839e+07 	
1.44464464e+06 	 1.931739e-06 	 1.680220e+07 	
1.44514515e+06 	 1.828354e-06 	 1.678627e+07 	
1.44564565e+06 	 1.727876e-06 	 1.677063e+07 	
1.44614615e+06 	 1.630286e-06 	 1.675528e+07 	
1.44664665e+06 	 1.535818e-06 	 1.674019e+07 	
1.44714715e+06 	 1.444439e-06 	 1.672539e+07 	
1.44764765e+06 	 1.356197e-06 	 1.671087e+07 	
1.44814815e+06 	 1.271133e-06 	 1.669664e+07 	
1.44864865e+06 	 1.189280e-06 	 1.668271e+07 	
1.44914915e+06 	 1.110662e-06 	 1.666907e+07 	
1.44964965e+06 	 1.035297e-06 	 1.665572e+07 	
1.45015015e+06 	 9.631917e-07 	 1.664268e+07 	
1.45065065e+06 	 8.942971e-07 	 1.662995e+07 	
1.45115115e+06 	 8.286990e-07 	 1.661751e+07 	
1.45165165e+06 	 7.663305e-07 	 1.660536e+07 	
1.45215215e+06 	 7.071629e-07 	 1.659351e+07 	
1.45265265e+06 	 6.511589e-07 	 1.658197e+07 	
1.45315315e+06 	 5.982719e-07 	 1.657072e+07 	
1.45365365e+06 	 5.484470e-07 	 1.655977e+07 	
1.45415415e+06 	 5.016207e-07 	 1.654911e+07 	
1.45465465e+06 	 4.576981e-07 	 1.653877e+07 	
1.45515516e+06 	 4.166482e-07 	 1.652871e+07 	
1.45565566e+06 	 3.783616e-07 	 1.651892e+07 	
1.45615616e+06 	 3.427465e-07 	 1.650943e+07 	
1.45665666e+06 	 3.097058e-07 	 1.650021e+07 	
1.45715716e+06 	 2.791373e-07 	 1.649128e+07 	
1.45765766e+06 	 2.509349e-07 	 1.648261e+07 	
1.45815816e+06 	 2.249894e-07 	 1.647421e+07 	
1.45865866e+06 	 2.011997e-07 	 1.646605e+07 	
1.45915916e+06 	 1.794305e-07 	 1.645816e+07 	
1.45965966e+06 	 1.595786e-07 	 1.645053e+07 	
1.46016016e+06 	 1.415295e-07 	 1.644314e+07 	
1.46066066e+06 	 1.251696e-07 	 1.643599e+07 	
1.46116116e+06 	 1.103865e-07 	 1.642907e+07 	
1.46166166e+06 	 9.706491e-08 	 1.642242e+07 	
1.46216216e+06 	 8.510734e-08 	 1.641594e+07 	
1.46266266e+06 	 7.440424e-08 	 1.640968e+07 	
1.46316316e+06 	 6.485482e-08 	 1.640362e+07 	
1.46366366e+06 	 5.636240e-08 	 1.639776e+07 	
1.46416416e+06 	 4.883726e-08 	 1.639205e+07 	
1.46466466e+06 	 4.218675e-08 	 1.638654e+07 	
1.46516517e+06 	 3.633070e-08 	 1.638122e+07 	
1.46566567e+06 	 3.119145e-08 	 1.637605e+07 	
1.46616617e+06 	 2.669788e-08 	 1.637098e+07 	
1.46666667e+06 	 2.277971e-08 	 1.636610e+07 	
1.46716717e+06 	 1.937593e-08 	 1.636136e+07 	
1.46766767e+06 	 1.642820e-08 	 1.635682e+07 	
1.46816817e+06 	 1.388563e-08 	 1.635235e+07 	
1.46866867e+06 	 1.169885e-08 	 1.634809e+07 	
1.46916917e+06 	 9.825470e-09 	 1.634391e+07 	
1.46966967e+06 	 8.226172e-09 	 1.633973e+07 	
1.47017017e+06 	 6.864857e-09 	 1.633578e+07 	
1.47067067e+06 	 5.711039e-09 	 1.633167e+07 	
1.47117117e+06 	 4.735530e-09 	 1.632788e+07 	
1.47167167e+06 	 3.914340e-09 	 1.632391e+07 	
1.47217217e+06 	 3.224982e-09 	 1.632021e+07 	
1.47267267e+06 	 2.648604e-09 	 1.631636e+07 	
1.47317317e+06 	 2.168294e-09 	 1.631237e+07 	
1.47367367e+06 	 1.769165e-09 	 1.630919e+07 	
1.47417417e+06 	 1.439029e-09 	 1.630526e+07 	
1.47467467e+06 	 1.166623e-09 	 1.630216e+07 	
1.47517518e+06 	 9.428361e-10 	 1.629823e+07 	
1.47567568e+06 	 7.594635e-10 	 1.629526e+07 	
1.47617618e+06 	 6.098296e-10 	 1.629172e+07 	
1.47667668e+06 	 4.880976e-10 	 1.628845e+07 	
1.47717718e+06 	 3.894254e-10 	 1.628494e+07 	
1.47767768e+06 	 3.097021e-10 	 1.628171e+07 	
1.47817818e+06 	 2.455184e-10 	 1.627830e+07 	
1.68844712e+06 	 1.000000e-20 	 1.505077e+07 	
1.92862656e+06 	 1.000000e-20 	 1.394276e+07 	
2.20297120e+06 	 1.000000e-20 	 1.293644e+07 	
2.51634102e+06 	 1.000000e-20 	 1.201804e+07 	
2.87428730e+06 	 1.000000e-20 	 1.117660e+07 	
3.28315097e+06 	 1.000000e-20 	 1.040319e+07 	
3.75017497e+06 	 1.000000e-20 	 9.690432e+06 	
4.28363254e+06 	 1.000000e-20 	 9.032123e+06 	
4.89297376e+06 	 1.000000e-20 	 8.422980e+06 	
5.58899299e+06 	 1.000000e-20 	 7.858453e+06 	
6.38402006e+06 	 1.000000e-20 	 7.334584e+06 	
7.29213870e+06 	 1.000000e-20 	 6.847898e+06 	
8.32943605e+06 	 1.000000e-20 	 6.395323e+06 	
9.51428762e+06 	 1.000000e-20 	 5.974122e+06 	
1.08676828e+07 	 1.000000e-20 	 5.581844e+06 	
1.24135967e+07 	 1.000000e-20 	 5.216279e+06 	
1.41794149e+07 	 1.000000e-20 	 4.875430e+06 	
1.61964184e+07 	 1.000000e-20 	 4.557482e+06 	
1.85003381e+07 	 1.000000e-20 	 4.260778e+06 	
2.11319874e+07 	 1.000000e-20 	 3.983806e+06 	
2.41379854e+07 	 1.000000e-20 	 3.725177e+06 	
2.75715828e+07 	 1.000000e-20 	 3.483612e+06 	
3.14936050e+07 	 1.000000e-20 	 3.257937e+06 	
3.59735298e+07 	 1.000000e-20 	 3.047064e+06 	
4.10907182e+07 	 1.000000e-20 	 2.849989e+06 	
4.69358200e+07 	 1.000000e-20 	 2.665783e+06 	
5.36123801e+07 	 1.000000e-20 	 2.493582e+06 	
6.12386722e+07 	 1.000000e-20 	 2.332586e+06 	
6.99497946e+07 	 1.000000e-20 	 2.182052e+06 	
7.99000629e+07 	 1.000000e-20 	 2.041286e+06 	
9.12657441e+07 	 1.000000e-20 	 1.909646e+06 	
1.04248179e+08 	 1.000000e-20 	 1.786531e+06 	
1.19077348e+08 	 1.000000e-20 	 1.671384e+06 	
1.36015948e+08 	 1.000000e-20 	 1.563682e+06 	
1.55364042e+08 	 1.000000e-20 	 1.462940e+06 	
1.77464377e+08 	 1.000000e-20 	 1.368706e+06 	
2.02708456e+08 	 1.000000e-20 	 1.280554e+06 	
2.31543473e+08 	 1.000000e-20 	 1.198091e+06 	
2.64480235e+08 	 1.000000e-20 	 1.120947e+06 	
3.02102208e+08 	 1.000000e-20 	 1.048778e+06 	
3.45075859e+08 	 1.000000e-20 	 9.812611e+05 	
3.94162456e+08 	 1.000000e-20 	 9.180956e+05 	
4.50231558e+08 	 1.000000e-20 	 8.590003e+05 	
5.14276419e+08 	 1.000000e-20 	 8.037120e+05 	
5.87431578e+08 	 1.000000e-20 	 7.519850e+05 	
6.70992965e+08 	 1.000000e-20 	 7.035894e+05 	
7.66440851e+08 	 1.000000e-20 	 6.583102e+05 	
8.75466076e+08 	 1.000000e-20 	 6.159464e+05 	
1.00000000e+09 	 1.000000e-20 	 5.763100e+05 	
