r (cm)        	 rho (g/cm3) 	 T (K)       		 Linf = 3.449328e+38
9.99985548e+05 	 1.669955e+05 	 1.403786e+09 	
1.00005658e+06 	 1.456128e+05 	 1.356360e+09 	
1.00013230e+06 	 1.253870e+05 	 1.306482e+09 	
1.00020802e+06 	 1.075707e+05 	 1.257331e+09 	
1.00026998e+06 	 9.462197e+04 	 1.217671e+09 	
1.00033195e+06 	 8.301272e+04 	 1.178532e+09 	
1.00039391e+06 	 7.263097e+04 	 1.139928e+09 	
1.00045587e+06 	 6.337143e+04 	 1.101876e+09 	
1.00051784e+06 	 5.513527e+04 	 1.064393e+09 	
1.00057920e+06 	 4.789697e+04 	 1.027851e+09 	
1.00064056e+06 	 4.148751e+04 	 9.919008e+08 	
1.00070192e+06 	 3.582862e+04 	 9.565578e+08 	
1.00075194e+06 	 3.171981e+04 	 9.282058e+08 	
1.00080196e+06 	 2.802449e+04 	 9.002788e+08 	
1.00085199e+06 	 2.470807e+04 	 8.727863e+08 	
1.00090201e+06 	 2.173809e+04 	 8.457380e+08 	
1.00095204e+06 	 1.908423e+04 	 8.191437e+08 	
1.00100206e+06 	 1.671816e+04 	 7.930132e+08 	
1.00105220e+06 	 1.460892e+04 	 7.672975e+08 	
1.00110234e+06 	 1.273762e+04 	 7.420672e+08 	
1.00115248e+06 	 1.108138e+04 	 7.173320e+08 	
1.00119363e+06 	 9.867739e+03 	 6.974065e+08 	
1.00123479e+06 	 8.773822e+03 	 6.778263e+08 	
1.00127594e+06 	 7.789467e+03 	 6.585965e+08 	
1.00131709e+06 	 6.905199e+03 	 6.397221e+08 	
1.00135825e+06 	 6.112195e+03 	 6.212079e+08 	
1.00139940e+06 	 5.402258e+03 	 6.030588e+08 	
1.00144056e+06 	 4.767784e+03 	 5.852792e+08 	
1.00148310e+06 	 4.183758e+03 	 5.672930e+08 	
1.00152564e+06 	 3.665682e+03 	 5.497109e+08 	
1.00156068e+06 	 3.283863e+03 	 5.355375e+08 	
1.00159571e+06 	 2.938890e+03 	 5.216433e+08 	
1.00163075e+06 	 2.627598e+03 	 5.080303e+08 	
1.00166578e+06 	 2.347050e+03 	 4.947004e+08 	
1.00170082e+06 	 2.094523e+03 	 4.816553e+08 	
1.00173585e+06 	 1.867499e+03 	 4.688965e+08 	
1.00177089e+06 	 1.663650e+03 	 4.564253e+08 	
1.00180592e+06 	 1.480831e+03 	 4.442428e+08 	
1.00184096e+06 	 1.317066e+03 	 4.323498e+08 	
1.00187800e+06 	 1.162626e+03 	 4.200905e+08 	
1.00190872e+06 	 1.047785e+03 	 4.101725e+08 	
1.00193943e+06 	 9.438113e+02 	 4.004777e+08 	
1.00197015e+06 	 8.497560e+02 	 3.910062e+08 	
1.00200086e+06 	 7.647417e+02 	 3.817576e+08 	
1.00203157e+06 	 6.879598e+02 	 3.727314e+08 	
1.00206229e+06 	 6.186659e+02 	 3.639271e+08 	
1.00209300e+06 	 5.561754e+02 	 3.553440e+08 	
1.00212371e+06 	 4.998600e+02 	 3.469809e+08 	
1.00215443e+06 	 4.491435e+02 	 3.388367e+08 	
1.00218514e+06 	 4.034983e+02 	 3.309102e+08 	
1.00221585e+06 	 3.624420e+02 	 3.231999e+08 	
1.00224657e+06 	 3.255339e+02 	 3.157039e+08 	
1.00227728e+06 	 2.923724e+02 	 3.084205e+08 	
1.00230800e+06 	 2.625915e+02 	 3.013476e+08 	
1.00233808e+06 	 2.363816e+02 	 2.946226e+08 	
1.00236815e+06 	 2.128104e+02 	 2.880951e+08 	
1.00239823e+06 	 1.916194e+02 	 2.817626e+08 	
1.00242831e+06 	 1.725739e+02 	 2.756227e+08 	
1.00245839e+06 	 1.554608e+02 	 2.696725e+08 	
1.00248847e+06 	 1.400872e+02 	 2.639092e+08 	
1.00251855e+06 	 1.262785e+02 	 2.583299e+08 	
1.00254863e+06 	 1.138766e+02 	 2.529314e+08 	
1.00257871e+06 	 1.027389e+02 	 2.477104e+08 	
1.00260879e+06 	 9.273658e+01 	 2.426635e+08 	
1.00263887e+06 	 8.375364e+01 	 2.377874e+08 	
1.00266895e+06 	 7.568545e+01 	 2.330785e+08 	
1.00269903e+06 	 6.843788e+01 	 2.285330e+08 	
1.00272911e+06 	 6.192626e+01 	 2.241474e+08 	
1.00275919e+06 	 5.607451e+01 	 2.199176e+08 	
1.00278927e+06 	 5.081428e+01 	 2.158400e+08 	
1.00281935e+06 	 4.608424e+01 	 2.119106e+08 	
1.00284943e+06 	 4.182936e+01 	 2.081255e+08 	
1.00287951e+06 	 3.800031e+01 	 2.044807e+08 	
1.00290959e+06 	 3.455290e+01 	 2.009721e+08 	
1.00294630e+06 	 3.080518e+01 	 1.968688e+08 	
1.00298301e+06 	 2.750349e+01 	 1.929553e+08 	
1.00301972e+06 	 2.459216e+01 	 1.892244e+08 	
1.00305643e+06 	 2.202257e+01 	 1.856688e+08 	
1.00309315e+06 	 1.975230e+01 	 1.822816e+08 	
1.00312986e+06 	 1.774432e+01 	 1.790556e+08 	
1.00316657e+06 	 1.596631e+01 	 1.759840e+08 	
1.00320328e+06 	 1.439007e+01 	 1.730601e+08 	
1.00323999e+06 	 1.299097e+01 	 1.702771e+08 	
1.00327671e+06 	 1.174752e+01 	 1.676287e+08 	
1.00331342e+06 	 1.064095e+01 	 1.651086e+08 	
1.00335013e+06 	 9.654870e+00 	 1.627108e+08 	
1.00338684e+06 	 8.774946e+00 	 1.604292e+08 	
1.00342355e+06 	 7.988646e+00 	 1.582583e+08 	
1.00346027e+06 	 7.285008e+00 	 1.561925e+08 	
1.00349698e+06 	 6.654432e+00 	 1.542266e+08 	
1.00353369e+06 	 6.088508e+00 	 1.523555e+08 	
1.00357040e+06 	 5.579860e+00 	 1.505744e+08 	
1.00360711e+06 	 5.122017e+00 	 1.488786e+08 	
1.00365379e+06 	 4.604424e+00 	 1.468389e+08 	
1.00370046e+06 	 4.149708e+00 	 1.449213e+08 	
1.00374713e+06 	 3.749275e+00 	 1.431178e+08 	
1.00379381e+06 	 3.395804e+00 	 1.414206e+08 	
1.00384048e+06 	 3.083049e+00 	 1.398226e+08 	
1.00388715e+06 	 2.805672e+00 	 1.383173e+08 	
1.00393383e+06 	 2.559099e+00 	 1.368983e+08 	
1.00398050e+06 	 2.339409e+00 	 1.355598e+08 	
1.00402717e+06 	 2.143228e+00 	 1.342966e+08 	
1.00408521e+06 	 1.927715e+00 	 1.328229e+08 	
1.00414326e+06 	 1.739350e+00 	 1.314487e+08 	
1.00420130e+06 	 1.574173e+00 	 1.301659e+08 	
1.00425934e+06 	 1.428863e+00 	 1.289671e+08 	
1.00431738e+06 	 1.300633e+00 	 1.278455e+08 	
1.00437542e+06 	 1.187130e+00 	 1.267948e+08 	
1.00443346e+06 	 1.086367e+00 	 1.258095e+08 	
1.00449151e+06 	 9.966572e-01 	 1.248845e+08 	
1.00456736e+06 	 8.937192e-01 	 1.237585e+08 	
1.00464322e+06 	 8.045585e-01 	 1.227181e+08 	
1.00471908e+06 	 7.269919e-01 	 1.217548e+08 	
1.00479493e+06 	 6.592274e-01 	 1.208612e+08 	
1.00487079e+06 	 5.997877e-01 	 1.200308e+08 	
1.00494665e+06 	 5.474488e-01 	 1.192576e+08 	
1.00504379e+06 	 4.891869e-01 	 1.183429e+08 	
1.00514093e+06 	 4.391645e-01 	 1.175038e+08 	
1.00523806e+06 	 3.959821e-01 	 1.167321e+08 	
1.00533520e+06 	 3.585120e-01 	 1.160204e+08 	
1.00543234e+06 	 3.258400e-01 	 1.153624e+08 	
1.00555065e+06 	 2.914593e-01 	 1.146256e+08 	
1.00566896e+06 	 2.620119e-01 	 1.139516e+08 	
1.00578726e+06 	 2.366376e-01 	 1.133330e+08 	
1.00590557e+06 	 2.146493e-01 	 1.127635e+08 	
1.00602388e+06 	 1.954942e-01 	 1.122376e+08 	
1.00619724e+06 	 1.716285e-01 	 1.115361e+08 	
1.00637060e+06 	 1.517950e-01 	 1.109058e+08 	
1.00654395e+06 	 1.351623e-01 	 1.103363e+08 	
1.00671731e+06 	 1.210971e-01 	 1.098193e+08 	
1.00692592e+06 	 1.068932e-01 	 1.092568e+08 	
1.00713454e+06 	 9.505848e-02 	 1.087502e+08 	
1.00734315e+06 	 8.510610e-02 	 1.082913e+08 	
1.00755176e+06 	 7.666573e-02 	 1.078734e+08 	
1.00785946e+06 	 6.638927e-02 	 1.073203e+08 	
1.00816716e+06 	 5.811501e-02 	 1.068305e+08 	
1.00847486e+06 	 5.136238e-02 	 1.063929e+08 	
1.00890803e+06 	 4.378658e-02 	 1.058490e+08 	
1.00934121e+06 	 3.787776e-02 	 1.053733e+08 	
1.00977439e+06 	 3.318451e-02 	 1.049523e+08 	
1.01027229e+06 	 2.889468e-02 	 1.045228e+08 	
1.01077019e+06 	 2.548062e-02 	 1.041403e+08 	
1.01126809e+06 	 2.271996e-02 	 1.037961e+08 	
1.01202969e+06 	 1.941899e-02 	 1.033287e+08 	
1.01279129e+06 	 1.691475e-02 	 1.029174e+08 	
1.01369476e+06 	 1.465575e-02 	 1.024855e+08 	
1.01459823e+06 	 1.293546e-02 	 1.021005e+08 	
1.01550170e+06 	 1.159476e-02 	 1.017519e+08 	
1.01688249e+06 	 1.005249e-02 	 1.012731e+08 	
1.01773378e+06 	 9.319307e-03 	 1.010033e+08 	
1.01949131e+06 	 8.161908e-03 	 1.004928e+08 	
1.02095038e+06 	 7.456241e-03 	 1.001054e+08 	
1.02333530e+06 	 6.621888e-03 	 9.952356e+07 	
1.02473309e+06 	 6.258523e-03 	 9.920487e+07 	
1.02779489e+06 	 5.670372e-03 	 9.854818e+07 	
1.03025984e+06 	 5.335126e-03 	 9.805007e+07 	
1.03441557e+06 	 4.936527e-03 	 9.725263e+07 	
1.03753070e+06 	 4.723096e-03 	 9.667981e+07 	
1.04363465e+06 	 4.422577e-03 	 9.559949e+07 	
1.04558922e+06 	 4.346967e-03 	 9.526252e+07 	
1.05345776e+06 	 4.098041e-03 	 9.393876e+07 	
1.05787994e+06 	 3.982208e-03 	 9.321385e+07 	
1.06964900e+06 	 3.715717e-03 	 9.133887e+07 	
1.07663768e+06 	 3.574578e-03 	 9.025873e+07 	
1.07966380e+06 	 3.516188e-03 	 8.979818e+07 	
1.07996641e+06 	 3.510430e-03 	 8.975235e+07 	
1.07999667e+06 	 3.509855e-03 	 8.974777e+07 	
1.07999970e+06 	 3.509797e-03 	 8.974731e+07 	
1.08000000e+06 	 3.509791e-03 	 8.974727e+07 	
1.09000000e+06 	 3.326908e-03 	 8.825622e+07 	
1.10500000e+06 	 3.075543e-03 	 8.609996e+07 	
1.11500000e+06 	 2.921233e-03 	 8.471317e+07 	
1.12500000e+06 	 2.776401e-03 	 8.336495e+07 	
1.14000000e+06 	 2.575567e-03 	 8.141159e+07 	
1.15000000e+06 	 2.451551e-03 	 8.015314e+07 	
1.16500000e+06 	 2.279129e-03 	 7.832785e+07 	
1.17500000e+06 	 2.172382e-03 	 7.715063e+07 	
1.19000000e+06 	 2.023700e-03 	 7.544144e+07 	
1.20000000e+06 	 1.931448e-03 	 7.433800e+07 	
1.21000000e+06 	 1.844407e-03 	 7.326223e+07 	
1.22500000e+06 	 1.722628e-03 	 7.169812e+07 	
1.23500000e+06 	 1.646931e-03 	 7.068707e+07 	
1.25000000e+06 	 1.540900e-03 	 6.921582e+07 	
1.26000000e+06 	 1.474883e-03 	 6.826399e+07 	
1.27500000e+06 	 1.382190e-03 	 6.687772e+07 	
1.28500000e+06 	 1.324382e-03 	 6.598013e+07 	
1.30000000e+06 	 1.243107e-03 	 6.467185e+07 	
1.31000000e+06 	 1.192254e-03 	 6.382405e+07 	
1.32500000e+06 	 1.120766e-03 	 6.258750e+07 	
1.33500000e+06 	 1.075975e-03 	 6.178561e+07 	
1.35000000e+06 	 1.012837e-03 	 6.061512e+07 	
1.36500000e+06 	 9.541956e-04 	 5.948187e+07 	
1.37500000e+06 	 9.173593e-04 	 5.874615e+07 	
1.39000000e+06 	 8.653468e-04 	 5.767115e+07 	
1.40500000e+06 	 8.168891e-04 	 5.662902e+07 	
1.41500000e+06 	 7.864002e-04 	 5.595180e+07 	
1.43000000e+06 	 7.432676e-04 	 5.496132e+07 	
1.44000000e+06 	 7.160838e-04 	 5.431726e+07 	
1.45500000e+06 	 6.775693e-04 	 5.337473e+07 	
1.47000000e+06 	 6.415327e-04 	 5.245934e+07 	
1.48000000e+06 	 6.187855e-04 	 5.186360e+07 	
1.49500000e+06 	 5.865000e-04 	 5.099102e+07 	
1.51000000e+06 	 5.562157e-04 	 5.014270e+07 	
1.52500000e+06 	 5.278263e-04 	 4.931771e+07 	
1.53500000e+06 	 5.098809e-04 	 4.878023e+07 	
1.55000000e+06 	 4.842939e-04 	 4.799203e+07 	
1.56500000e+06 	 4.602561e-04 	 4.722481e+07 	
1.58000000e+06 	 4.376582e-04 	 4.647775e+07 	
1.59000000e+06 	 4.233159e-04 	 4.599050e+07 	
1.60500000e+06 	 4.028736e-04 	 4.527534e+07 	
1.62000000e+06 	 3.836129e-04 	 4.457838e+07 	
1.63500000e+06 	 3.654622e-04 	 4.389898e+07 	
1.65000000e+06 	 3.483306e-04 	 4.323645e+07 	
1.66500000e+06 	 3.321540e-04 	 4.259021e+07 	
1.68000000e+06 	 3.168660e-04 	 4.195967e+07 	
1.69500000e+06 	 3.024199e-04 	 4.134429e+07 	
1.71000000e+06 	 2.887636e-04 	 4.074357e+07 	
1.72500000e+06 	 2.758386e-04 	 4.015698e+07 	
1.74000000e+06 	 2.636007e-04 	 3.958404e+07 	
1.75500000e+06 	 2.520078e-04 	 3.902429e+07 	
1.77000000e+06 	 2.410178e-04 	 3.847730e+07 	
1.78500000e+06 	 2.305997e-04 	 3.794266e+07 	
1.80000000e+06 	 2.207129e-04 	 3.741995e+07 	
1.81500000e+06 	 2.113293e-04 	 3.690880e+07 	
1.83000000e+06 	 2.024196e-04 	 3.640885e+07 	
1.84500000e+06 	 1.939523e-04 	 3.591972e+07 	
1.86000000e+06 	 1.859053e-04 	 3.544109e+07 	
1.87500000e+06 	 1.782510e-04 	 3.497263e+07 	
1.89000000e+06 	 1.709692e-04 	 3.451404e+07 	
1.90500000e+06 	 1.640390e-04 	 3.406501e+07 	
1.92000000e+06 	 1.574387e-04 	 3.362525e+07 	
1.93500000e+06 	 1.511519e-04 	 3.319449e+07 	
1.95000000e+06 	 1.451600e-04 	 3.277247e+07 	
1.96500000e+06 	 1.394471e-04 	 3.235892e+07 	
1.98000000e+06 	 1.339983e-04 	 3.195361e+07 	
1.99500000e+06 	 1.287987e-04 	 3.155630e+07 	
2.01000000e+06 	 1.238363e-04 	 3.116676e+07 	
2.02500000e+06 	 1.190970e-04 	 3.078477e+07 	
2.04000000e+06 	 1.145699e-04 	 3.041012e+07 	
2.05500000e+06 	 1.102442e-04 	 3.004261e+07 	
2.07000000e+06 	 1.061096e-04 	 2.968204e+07 	
2.08500000e+06 	 1.021555e-04 	 2.932823e+07 	
2.10000000e+06 	 9.837301e-05 	 2.898099e+07 	
2.11500000e+06 	 9.475351e-05 	 2.864015e+07 	
2.13000000e+06 	 9.128832e-05 	 2.830554e+07 	
2.14500000e+06 	 8.797046e-05 	 2.797698e+07 	
2.16000000e+06 	 8.479277e-05 	 2.765434e+07 	
2.17500000e+06 	 8.174762e-05 	 2.733745e+07 	
2.19000000e+06 	 7.882911e-05 	 2.702616e+07 	
2.20500000e+06 	 7.603116e-05 	 2.672034e+07 	
2.22000000e+06 	 7.334762e-05 	 2.641984e+07 	
2.23500000e+06 	 7.077325e-05 	 2.612454e+07 	
2.25000000e+06 	 6.830288e-05 	 2.583430e+07 	
2.26500000e+06 	 6.593136e-05 	 2.554899e+07 	
2.28000000e+06 	 6.365440e-05 	 2.526851e+07 	
2.29500000e+06 	 6.146765e-05 	 2.499273e+07 	
2.31000000e+06 	 5.936664e-05 	 2.472153e+07 	
2.32500000e+06 	 5.734782e-05 	 2.445481e+07 	
2.34000000e+06 	 5.540705e-05 	 2.419247e+07 	
2.35500000e+06 	 5.354109e-05 	 2.393439e+07 	
2.37000000e+06 	 5.174665e-05 	 2.368049e+07 	
2.38500000e+06 	 5.002024e-05 	 2.343065e+07 	
2.40000000e+06 	 4.835908e-05 	 2.318480e+07 	
2.41500000e+06 	 4.676033e-05 	 2.294284e+07 	
2.43000000e+06 	 4.522103e-05 	 2.270467e+07 	
2.44500000e+06 	 4.373879e-05 	 2.247022e+07 	
2.46000000e+06 	 4.231115e-05 	 2.223941e+07 	
2.47500000e+06 	 4.093562e-05 	 2.201214e+07 	
2.49000000e+06 	 3.961011e-05 	 2.178834e+07 	
2.50500000e+06 	 3.833248e-05 	 2.156795e+07 	
2.52000000e+06 	 3.710063e-05 	 2.135087e+07 	
2.53500000e+06 	 3.591277e-05 	 2.113705e+07 	
2.55000000e+06 	 3.476691e-05 	 2.092641e+07 	
2.56500000e+06 	 3.366149e-05 	 2.071888e+07 	
2.58000000e+06 	 3.259473e-05 	 2.051440e+07 	
2.59500000e+06 	 3.156501e-05 	 2.031291e+07 	
2.61000000e+06 	 3.057084e-05 	 2.011433e+07 	
2.62500000e+06 	 2.961088e-05 	 1.991862e+07 	
2.64000000e+06 	 2.868370e-05 	 1.972570e+07 	
2.65500000e+06 	 2.778792e-05 	 1.953554e+07 	
2.67000000e+06 	 2.692237e-05 	 1.934806e+07 	
2.68500000e+06 	 2.608586e-05 	 1.916322e+07 	
2.70000000e+06 	 2.527716e-05 	 1.898096e+07 	
2.71500000e+06 	 2.449524e-05 	 1.880123e+07 	
2.73000000e+06 	 2.373908e-05 	 1.862398e+07 	
2.74500000e+06 	 2.300759e-05 	 1.844916e+07 	
2.76000000e+06 	 2.229989e-05 	 1.827672e+07 	
2.77500000e+06 	 2.161508e-05 	 1.810663e+07 	
2.79000000e+06 	 2.095224e-05 	 1.793882e+07 	
2.80500000e+06 	 2.031053e-05 	 1.777327e+07 	
2.82000000e+06 	 1.968912e-05 	 1.760992e+07 	
2.83500000e+06 	 1.908726e-05 	 1.744873e+07 	
2.85000000e+06 	 1.850429e-05 	 1.728967e+07 	
2.86500000e+06 	 1.793945e-05 	 1.713269e+07 	
2.88000000e+06 	 1.739199e-05 	 1.697776e+07 	
2.89500000e+06 	 1.686138e-05 	 1.682483e+07 	
2.91000000e+06 	 1.634697e-05 	 1.667387e+07 	
2.92500000e+06 	 1.584817e-05 	 1.652485e+07 	
2.94000000e+06 	 1.536439e-05 	 1.637773e+07 	
2.95500000e+06 	 1.489502e-05 	 1.623248e+07 	
2.97000000e+06 	 1.443963e-05 	 1.608905e+07 	
3.00000000e+06 	 1.356869e-05 	 1.580757e+07 	
3.00050050e+06 	 1.355460e-05 	 1.580293e+07 	
3.00100100e+06 	 1.354052e-05 	 1.579830e+07 	
3.00150150e+06 	 1.352645e-05 	 1.579367e+07 	
3.00200200e+06 	 1.351239e-05 	 1.578904e+07 	
3.00250250e+06 	 1.349835e-05 	 1.578441e+07 	
3.00300300e+06 	 1.348432e-05 	 1.577978e+07 	
3.00350350e+06 	 1.347031e-05 	 1.577516e+07 	
3.00400400e+06 	 1.345631e-05 	 1.577053e+07 	
3.00450450e+06 	 1.344233e-05 	 1.576591e+07 	
3.00500501e+06 	 1.342835e-05 	 1.576129e+07 	
3.00550551e+06 	 1.341440e-05 	 1.575668e+07 	
3.00600601e+06 	 1.340045e-05 	 1.575206e+07 	
3.00650651e+06 	 1.338652e-05 	 1.574745e+07 	
3.00700701e+06 	 1.337260e-05 	 1.574284e+07 	
3.00750751e+06 	 1.335870e-05 	 1.573823e+07 	
3.00800801e+06 	 1.334481e-05 	 1.573362e+07 	
3.00850851e+06 	 1.333093e-05 	 1.572901e+07 	
3.00900901e+06 	 1.331707e-05 	 1.572441e+07 	
3.00950951e+06 	 1.330322e-05 	 1.571981e+07 	
3.01001001e+06 	 1.328939e-05 	 1.571521e+07 	
3.01051051e+06 	 1.327557e-05 	 1.571061e+07 	
3.01101101e+06 	 1.326176e-05 	 1.570601e+07 	
3.01151151e+06 	 1.324796e-05 	 1.570142e+07 	
3.01201201e+06 	 1.323418e-05 	 1.569683e+07 	
3.01251251e+06 	 1.322041e-05 	 1.569224e+07 	
3.01301301e+06 	 1.320666e-05 	 1.568765e+07 	
3.01351351e+06 	 1.319292e-05 	 1.568306e+07 	
3.01401401e+06 	 1.317919e-05 	 1.567848e+07 	
3.01451451e+06 	 1.316548e-05 	 1.567389e+07 	
3.01501502e+06 	 1.315178e-05 	 1.566931e+07 	
3.01551552e+06 	 1.313809e-05 	 1.566473e+07 	
3.01601602e+06 	 1.312441e-05 	 1.566016e+07 	
3.01651652e+06 	 1.311075e-05 	 1.565558e+07 	
3.01701702e+06 	 1.309711e-05 	 1.565101e+07 	
3.01751752e+06 	 1.308347e-05 	 1.564644e+07 	
3.01801802e+06 	 1.306985e-05 	 1.564187e+07 	
3.01851852e+06 	 1.305625e-05 	 1.563730e+07 	
3.01901902e+06 	 1.304265e-05 	 1.563274e+07 	
3.01951952e+06 	 1.302907e-05 	 1.562817e+07 	
3.02002002e+06 	 1.301550e-05 	 1.562361e+07 	
3.02052052e+06 	 1.300195e-05 	 1.561905e+07 	
3.02102102e+06 	 1.298841e-05 	 1.561449e+07 	
3.02152152e+06 	 1.297488e-05 	 1.560994e+07 	
3.02202202e+06 	 1.296137e-05 	 1.560538e+07 	
3.02252252e+06 	 1.294787e-05 	 1.560083e+07 	
3.02302302e+06 	 1.293438e-05 	 1.559628e+07 	
3.02352352e+06 	 1.292090e-05 	 1.559173e+07 	
3.02402402e+06 	 1.290744e-05 	 1.558718e+07 	
3.02452452e+06 	 1.289399e-05 	 1.558264e+07 	
3.02502503e+06 	 1.288056e-05 	 1.557809e+07 	
3.02552553e+06 	 1.286713e-05 	 1.557355e+07 	
3.02602603e+06 	 1.285372e-05 	 1.556901e+07 	
3.02652653e+06 	 1.284033e-05 	 1.556448e+07 	
3.02702703e+06 	 1.282694e-05 	 1.555994e+07 	
3.02752753e+06 	 1.281357e-05 	 1.555541e+07 	
3.02802803e+06 	 1.280022e-05 	 1.555088e+07 	
3.02852853e+06 	 1.278687e-05 	 1.554635e+07 	
3.02902903e+06 	 1.277354e-05 	 1.554182e+07 	
3.02952953e+06 	 1.276022e-05 	 1.553729e+07 	
3.03003003e+06 	 1.274692e-05 	 1.553277e+07 	
3.03053053e+06 	 1.273362e-05 	 1.552824e+07 	
3.03103103e+06 	 1.272034e-05 	 1.552372e+07 	
3.03153153e+06 	 1.270708e-05 	 1.551920e+07 	
3.03203203e+06 	 1.269382e-05 	 1.551469e+07 	
3.03253253e+06 	 1.268058e-05 	 1.551017e+07 	
3.03303303e+06 	 1.266735e-05 	 1.550566e+07 	
3.03353353e+06 	 1.265414e-05 	 1.550115e+07 	
3.03403403e+06 	 1.264094e-05 	 1.549664e+07 	
3.03453453e+06 	 1.262775e-05 	 1.549213e+07 	
3.03503504e+06 	 1.261457e-05 	 1.548763e+07 	
3.03553554e+06 	 1.260141e-05 	 1.548312e+07 	
3.03603604e+06 	 1.258825e-05 	 1.547862e+07 	
3.03653654e+06 	 1.257512e-05 	 1.547412e+07 	
3.03703704e+06 	 1.256199e-05 	 1.546962e+07 	
3.03753754e+06 	 1.254888e-05 	 1.546513e+07 	
3.03803804e+06 	 1.253578e-05 	 1.546063e+07 	
3.03853854e+06 	 1.252269e-05 	 1.545614e+07 	
3.03903904e+06 	 1.250961e-05 	 1.545165e+07 	
3.03953954e+06 	 1.249655e-05 	 1.544716e+07 	
3.04004004e+06 	 1.248350e-05 	 1.544267e+07 	
3.04054054e+06 	 1.247046e-05 	 1.543819e+07 	
3.04104104e+06 	 1.245744e-05 	 1.543370e+07 	
3.04154154e+06 	 1.244443e-05 	 1.542922e+07 	
3.04204204e+06 	 1.243143e-05 	 1.542474e+07 	
3.04254254e+06 	 1.241844e-05 	 1.542026e+07 	
3.04304304e+06 	 1.240546e-05 	 1.541579e+07 	
3.04354354e+06 	 1.239250e-05 	 1.541131e+07 	
3.04404404e+06 	 1.237955e-05 	 1.540684e+07 	
3.04454454e+06 	 1.236662e-05 	 1.540237e+07 	
3.04504505e+06 	 1.235369e-05 	 1.539790e+07 	
3.04554555e+06 	 1.234078e-05 	 1.539343e+07 	
3.04604605e+06 	 1.232788e-05 	 1.538897e+07 	
3.04654655e+06 	 1.231500e-05 	 1.538451e+07 	
3.04704705e+06 	 1.230212e-05 	 1.538004e+07 	
3.04754755e+06 	 1.228926e-05 	 1.537558e+07 	
3.04804805e+06 	 1.227641e-05 	 1.537113e+07 	
3.04854855e+06 	 1.226357e-05 	 1.536667e+07 	
3.04904905e+06 	 1.225075e-05 	 1.536222e+07 	
3.04954955e+06 	 1.223793e-05 	 1.535776e+07 	
3.05005005e+06 	 1.222513e-05 	 1.535331e+07 	
3.05055055e+06 	 1.221235e-05 	 1.534887e+07 	
3.05105105e+06 	 1.219957e-05 	 1.534442e+07 	
3.05155155e+06 	 1.218681e-05 	 1.533997e+07 	
3.05205205e+06 	 1.217405e-05 	 1.533553e+07 	
3.05255255e+06 	 1.216131e-05 	 1.533109e+07 	
3.05305305e+06 	 1.214859e-05 	 1.532665e+07 	
3.05355355e+06 	 1.213587e-05 	 1.532221e+07 	
3.05405405e+06 	 1.212317e-05 	 1.531778e+07 	
3.05455455e+06 	 1.211048e-05 	 1.531334e+07 	
3.05505506e+06 	 1.209780e-05 	 1.530891e+07 	
3.05555556e+06 	 1.208513e-05 	 1.530448e+07 	
3.05605606e+06 	 1.207248e-05 	 1.530005e+07 	
3.05655656e+06 	 1.205984e-05 	 1.529562e+07 	
3.05705706e+06 	 1.204721e-05 	 1.529120e+07 	
3.05755756e+06 	 1.203459e-05 	 1.528678e+07 	
3.05805806e+06 	 1.202198e-05 	 1.528235e+07 	
3.05855856e+06 	 1.200939e-05 	 1.527793e+07 	
3.05905906e+06 	 1.199681e-05 	 1.527352e+07 	
3.05955956e+06 	 1.198424e-05 	 1.526910e+07 	
3.06006006e+06 	 1.197168e-05 	 1.526469e+07 	
3.06056056e+06 	 1.195913e-05 	 1.526027e+07 	
3.06106106e+06 	 1.194660e-05 	 1.525586e+07 	
3.06156156e+06 	 1.193408e-05 	 1.525145e+07 	
3.06206206e+06 	 1.192157e-05 	 1.524705e+07 	
3.06256256e+06 	 1.190907e-05 	 1.524264e+07 	
3.06306306e+06 	 1.189658e-05 	 1.523824e+07 	
3.06356356e+06 	 1.188411e-05 	 1.523384e+07 	
3.06406406e+06 	 1.187165e-05 	 1.522944e+07 	
3.06456456e+06 	 1.185919e-05 	 1.522504e+07 	
3.06506507e+06 	 1.184676e-05 	 1.522064e+07 	
3.06556557e+06 	 1.183433e-05 	 1.521625e+07 	
3.06606607e+06 	 1.182191e-05 	 1.521186e+07 	
3.06656657e+06 	 1.180951e-05 	 1.520747e+07 	
3.06706707e+06 	 1.179712e-05 	 1.520308e+07 	
3.06756757e+06 	 1.178474e-05 	 1.519869e+07 	
3.06806807e+06 	 1.177237e-05 	 1.519430e+07 	
3.06856857e+06 	 1.176002e-05 	 1.518992e+07 	
3.06906907e+06 	 1.174767e-05 	 1.518554e+07 	
3.06956957e+06 	 1.173534e-05 	 1.518116e+07 	
3.07007007e+06 	 1.172302e-05 	 1.517678e+07 	
3.07057057e+06 	 1.171071e-05 	 1.517240e+07 	
3.07107107e+06 	 1.169841e-05 	 1.516803e+07 	
3.07157157e+06 	 1.168613e-05 	 1.516365e+07 	
3.07207207e+06 	 1.167385e-05 	 1.515928e+07 	
3.07257257e+06 	 1.166159e-05 	 1.515491e+07 	
3.07307307e+06 	 1.164934e-05 	 1.515055e+07 	
3.07357357e+06 	 1.163710e-05 	 1.514618e+07 	
3.07407407e+06 	 1.162487e-05 	 1.514182e+07 	
3.07457457e+06 	 1.161266e-05 	 1.513745e+07 	
3.07507508e+06 	 1.160045e-05 	 1.513309e+07 	
3.07557558e+06 	 1.158826e-05 	 1.512873e+07 	
3.07607608e+06 	 1.157608e-05 	 1.512438e+07 	
3.07657658e+06 	 1.156391e-05 	 1.512002e+07 	
3.07707708e+06 	 1.155175e-05 	 1.511567e+07 	
3.07757758e+06 	 1.153961e-05 	 1.511132e+07 	
3.07807808e+06 	 1.152747e-05 	 1.510697e+07 	
3.07857858e+06 	 1.151535e-05 	 1.510262e+07 	
3.07907908e+06 	 1.150324e-05 	 1.509827e+07 	
3.07957958e+06 	 1.149114e-05 	 1.509393e+07 	
3.08008008e+06 	 1.147905e-05 	 1.508959e+07 	
3.08058058e+06 	 1.146697e-05 	 1.508524e+07 	
3.08108108e+06 	 1.145491e-05 	 1.508091e+07 	
3.08158158e+06 	 1.144285e-05 	 1.507657e+07 	
3.08208208e+06 	 1.143081e-05 	 1.507223e+07 	
3.08258258e+06 	 1.141878e-05 	 1.506790e+07 	
3.08308308e+06 	 1.140676e-05 	 1.506357e+07 	
3.08358358e+06 	 1.139475e-05 	 1.505923e+07 	
3.08408408e+06 	 1.138275e-05 	 1.505491e+07 	
3.08458458e+06 	 1.137077e-05 	 1.505058e+07 	
3.08508509e+06 	 1.135879e-05 	 1.504625e+07 	
3.08558559e+06 	 1.134683e-05 	 1.504193e+07 	
3.08608609e+06 	 1.133487e-05 	 1.503761e+07 	
3.08658659e+06 	 1.132293e-05 	 1.503329e+07 	
3.08708709e+06 	 1.131100e-05 	 1.502897e+07 	
3.08758759e+06 	 1.129909e-05 	 1.502465e+07 	
3.08808809e+06 	 1.128718e-05 	 1.502034e+07 	
3.08858859e+06 	 1.127528e-05 	 1.501603e+07 	
3.08908909e+06 	 1.126340e-05 	 1.501171e+07 	
3.08958959e+06 	 1.125153e-05 	 1.500740e+07 	
3.09009009e+06 	 1.123966e-05 	 1.500310e+07 	
3.09059059e+06 	 1.122781e-05 	 1.499879e+07 	
3.09109109e+06 	 1.121597e-05 	 1.499449e+07 	
3.09159159e+06 	 1.120414e-05 	 1.499018e+07 	
3.09209209e+06 	 1.119233e-05 	 1.498588e+07 	
3.09259259e+06 	 1.118052e-05 	 1.498158e+07 	
3.09309309e+06 	 1.116873e-05 	 1.497729e+07 	
3.09359359e+06 	 1.115694e-05 	 1.497299e+07 	
3.09409409e+06 	 1.114517e-05 	 1.496870e+07 	
3.09459459e+06 	 1.113341e-05 	 1.496441e+07 	
3.09509510e+06 	 1.112166e-05 	 1.496012e+07 	
3.09559560e+06 	 1.110992e-05 	 1.495583e+07 	
3.09609610e+06 	 1.109819e-05 	 1.495154e+07 	
3.09659660e+06 	 1.108647e-05 	 1.494725e+07 	
3.09709710e+06 	 1.107476e-05 	 1.494297e+07 	
3.09759760e+06 	 1.106307e-05 	 1.493869e+07 	
3.09809810e+06 	 1.105138e-05 	 1.493441e+07 	
3.09859860e+06 	 1.103971e-05 	 1.493013e+07 	
3.09909910e+06 	 1.102805e-05 	 1.492585e+07 	
3.09959960e+06 	 1.101640e-05 	 1.492158e+07 	
3.10010010e+06 	 1.100476e-05 	 1.491731e+07 	
3.10060060e+06 	 1.099313e-05 	 1.491304e+07 	
3.10110110e+06 	 1.098151e-05 	 1.490877e+07 	
3.10160160e+06 	 1.096990e-05 	 1.490450e+07 	
3.10210210e+06 	 1.095830e-05 	 1.490023e+07 	
3.10260260e+06 	 1.094672e-05 	 1.489597e+07 	
3.10310310e+06 	 1.093514e-05 	 1.489170e+07 	
3.10360360e+06 	 1.092358e-05 	 1.488744e+07 	
3.10410410e+06 	 1.091202e-05 	 1.488318e+07 	
3.10460460e+06 	 1.090048e-05 	 1.487893e+07 	
3.10510511e+06 	 1.088895e-05 	 1.487467e+07 	
3.10560561e+06 	 1.087743e-05 	 1.487042e+07 	
3.10610611e+06 	 1.086592e-05 	 1.486616e+07 	
3.10660661e+06 	 1.085442e-05 	 1.486191e+07 	
3.10710711e+06 	 1.084293e-05 	 1.485766e+07 	
3.10760761e+06 	 1.083145e-05 	 1.485342e+07 	
3.10810811e+06 	 1.081998e-05 	 1.484917e+07 	
3.10860861e+06 	 1.080852e-05 	 1.484493e+07 	
3.10910911e+06 	 1.079708e-05 	 1.484069e+07 	
3.10960961e+06 	 1.078564e-05 	 1.483644e+07 	
3.11011011e+06 	 1.077422e-05 	 1.483221e+07 	
3.11061061e+06 	 1.076280e-05 	 1.482797e+07 	
3.11111111e+06 	 1.075140e-05 	 1.482373e+07 	
3.11161161e+06 	 1.074001e-05 	 1.481950e+07 	
3.11211211e+06 	 1.072863e-05 	 1.481527e+07 	
3.11261261e+06 	 1.071725e-05 	 1.481104e+07 	
3.11311311e+06 	 1.070589e-05 	 1.480681e+07 	
3.11361361e+06 	 1.069454e-05 	 1.480258e+07 	
3.11411411e+06 	 1.068320e-05 	 1.479836e+07 	
3.11461461e+06 	 1.067187e-05 	 1.479413e+07 	
3.11511512e+06 	 1.066056e-05 	 1.478991e+07 	
3.11561562e+06 	 1.064925e-05 	 1.478569e+07 	
3.11611612e+06 	 1.063795e-05 	 1.478147e+07 	
3.11661662e+06 	 1.062666e-05 	 1.477726e+07 	
3.11711712e+06 	 1.061539e-05 	 1.477304e+07 	
3.11761762e+06 	 1.060412e-05 	 1.476883e+07 	
3.11811812e+06 	 1.059287e-05 	 1.476462e+07 	
3.11861862e+06 	 1.058162e-05 	 1.476041e+07 	
3.11911912e+06 	 1.057039e-05 	 1.475620e+07 	
3.11961962e+06 	 1.055916e-05 	 1.475199e+07 	
3.12012012e+06 	 1.054795e-05 	 1.474779e+07 	
3.12062062e+06 	 1.053674e-05 	 1.474358e+07 	
3.12112112e+06 	 1.052555e-05 	 1.473938e+07 	
3.12162162e+06 	 1.051437e-05 	 1.473518e+07 	
3.12212212e+06 	 1.050320e-05 	 1.473099e+07 	
3.12262262e+06 	 1.049203e-05 	 1.472679e+07 	
3.12312312e+06 	 1.048088e-05 	 1.472259e+07 	
3.12362362e+06 	 1.046974e-05 	 1.471840e+07 	
3.12412412e+06 	 1.045861e-05 	 1.471421e+07 	
3.12462462e+06 	 1.044749e-05 	 1.471002e+07 	
3.12512513e+06 	 1.043638e-05 	 1.470583e+07 	
3.12562563e+06 	 1.042528e-05 	 1.470165e+07 	
3.12612613e+06 	 1.041419e-05 	 1.469746e+07 	
3.12662663e+06 	 1.040311e-05 	 1.469328e+07 	
3.12712713e+06 	 1.039204e-05 	 1.468910e+07 	
3.12762763e+06 	 1.038098e-05 	 1.468492e+07 	
3.12812813e+06 	 1.036993e-05 	 1.468074e+07 	
3.12862863e+06 	 1.035889e-05 	 1.467656e+07 	
3.12912913e+06 	 1.034786e-05 	 1.467239e+07 	
3.12962963e+06 	 1.033684e-05 	 1.466822e+07 	
3.13013013e+06 	 1.032584e-05 	 1.466404e+07 	
3.13063063e+06 	 1.031484e-05 	 1.465987e+07 	
3.13113113e+06 	 1.030385e-05 	 1.465571e+07 	
3.13163163e+06 	 1.029287e-05 	 1.465154e+07 	
3.13213213e+06 	 1.028190e-05 	 1.464738e+07 	
3.13263263e+06 	 1.027094e-05 	 1.464321e+07 	
3.13313313e+06 	 1.026000e-05 	 1.463905e+07 	
3.13363363e+06 	 1.024906e-05 	 1.463489e+07 	
3.13413413e+06 	 1.023813e-05 	 1.463073e+07 	
3.13463463e+06 	 1.022721e-05 	 1.462658e+07 	
3.13513514e+06 	 1.021631e-05 	 1.462242e+07 	
3.13563564e+06 	 1.020541e-05 	 1.461827e+07 	
3.13613614e+06 	 1.019452e-05 	 1.461412e+07 	
3.13663664e+06 	 1.018364e-05 	 1.460997e+07 	
3.13713714e+06 	 1.017278e-05 	 1.460582e+07 	
3.13763764e+06 	 1.016192e-05 	 1.460167e+07 	
3.13813814e+06 	 1.015107e-05 	 1.459753e+07 	
3.13863864e+06 	 1.014023e-05 	 1.459339e+07 	
3.13913914e+06 	 1.012940e-05 	 1.458925e+07 	
3.13963964e+06 	 1.011859e-05 	 1.458511e+07 	
3.14014014e+06 	 1.010778e-05 	 1.458097e+07 	
3.14064064e+06 	 1.009698e-05 	 1.457683e+07 	
3.14114114e+06 	 1.008619e-05 	 1.457270e+07 	
3.14164164e+06 	 1.007541e-05 	 1.456856e+07 	
3.14214214e+06 	 1.006464e-05 	 1.456443e+07 	
3.14264264e+06 	 1.005388e-05 	 1.456030e+07 	
3.14314314e+06 	 1.004313e-05 	 1.455617e+07 	
3.14364364e+06 	 1.003240e-05 	 1.455205e+07 	
3.14414414e+06 	 1.002167e-05 	 1.454792e+07 	
3.14464464e+06 	 1.001095e-05 	 1.454380e+07 	
3.14514515e+06 	 1.000024e-05 	 1.453968e+07 	
3.14564565e+06 	 9.989535e-06 	 1.453556e+07 	
3.14614615e+06 	 9.978845e-06 	 1.453144e+07 	
3.14664665e+06 	 9.968164e-06 	 1.452732e+07 	
3.14714715e+06 	 9.957493e-06 	 1.452321e+07 	
3.14764765e+06 	 9.946832e-06 	 1.451909e+07 	
3.14814815e+06 	 9.936180e-06 	 1.451498e+07 	
3.14864865e+06 	 9.925538e-06 	 1.451087e+07 	
3.14914915e+06 	 9.914906e-06 	 1.450676e+07 	
3.14964965e+06 	 9.904283e-06 	 1.450266e+07 	
3.15015015e+06 	 9.893670e-06 	 1.449855e+07 	
3.15065065e+06 	 9.883067e-06 	 1.449445e+07 	
3.15115115e+06 	 9.872474e-06 	 1.449035e+07 	
3.15165165e+06 	 9.861890e-06 	 1.448624e+07 	
3.15215215e+06 	 9.851315e-06 	 1.448215e+07 	
3.15265265e+06 	 9.840750e-06 	 1.447805e+07 	
3.15315315e+06 	 9.830195e-06 	 1.447395e+07 	
3.15365365e+06 	 9.819650e-06 	 1.446986e+07 	
3.15415415e+06 	 9.809114e-06 	 1.446577e+07 	
3.15465465e+06 	 9.798587e-06 	 1.446168e+07 	
3.15515516e+06 	 9.788070e-06 	 1.445759e+07 	
3.15565566e+06 	 9.777563e-06 	 1.445350e+07 	
3.15615616e+06 	 9.767065e-06 	 1.444941e+07 	
3.15665666e+06 	 9.756577e-06 	 1.444533e+07 	
3.15715716e+06 	 9.746098e-06 	 1.444125e+07 	
3.15765766e+06 	 9.735629e-06 	 1.443717e+07 	
3.15815816e+06 	 9.725169e-06 	 1.443309e+07 	
3.15865866e+06 	 9.714719e-06 	 1.442901e+07 	
3.15915916e+06 	 9.704278e-06 	 1.442493e+07 	
3.15965966e+06 	 9.693847e-06 	 1.442086e+07 	
3.16016016e+06 	 9.683425e-06 	 1.441679e+07 	
3.16066066e+06 	 9.673012e-06 	 1.441272e+07 	
3.16116116e+06 	 9.662609e-06 	 1.440865e+07 	
3.16166166e+06 	 9.652215e-06 	 1.440458e+07 	
3.16216216e+06 	 9.641831e-06 	 1.440051e+07 	
3.16266266e+06 	 9.631456e-06 	 1.439645e+07 	
3.16316316e+06 	 9.621091e-06 	 1.439238e+07 	
3.16366366e+06 	 9.610735e-06 	 1.438832e+07 	
3.16416416e+06 	 9.600388e-06 	 1.438426e+07 	
3.16466466e+06 	 9.590050e-06 	 1.438020e+07 	
3.16516517e+06 	 9.579722e-06 	 1.437615e+07 	
3.16566567e+06 	 9.569403e-06 	 1.437209e+07 	
3.16616617e+06 	 9.559094e-06 	 1.436804e+07 	
3.16666667e+06 	 9.548794e-06 	 1.436399e+07 	
3.16716717e+06 	 9.538503e-06 	 1.435994e+07 	
3.16766767e+06 	 9.528221e-06 	 1.435589e+07 	
3.16816817e+06 	 9.517949e-06 	 1.435184e+07 	
3.16866867e+06 	 9.507686e-06 	 1.434779e+07 	
3.16916917e+06 	 9.497432e-06 	 1.434375e+07 	
3.16966967e+06 	 9.487663e-06 	 1.433969e+07 	
3.17017017e+06 	 9.477433e-06 	 1.433565e+07 	
3.17067067e+06 	 9.467212e-06 	 1.433161e+07 	
3.17117117e+06 	 9.457001e-06 	 1.432757e+07 	
3.17167167e+06 	 9.446799e-06 	 1.432354e+07 	
3.17217217e+06 	 9.436606e-06 	 1.431950e+07 	
3.17267267e+06 	 9.426422e-06 	 1.431547e+07 	
3.17317317e+06 	 9.416248e-06 	 1.431144e+07 	
3.17367367e+06 	 9.406083e-06 	 1.430741e+07 	
3.17417417e+06 	 9.395927e-06 	 1.430338e+07 	
3.17467467e+06 	 9.385780e-06 	 1.429935e+07 	
3.17517518e+06 	 9.375642e-06 	 1.429533e+07 	
3.17567568e+06 	 9.365514e-06 	 1.429131e+07 	
3.17617618e+06 	 9.355394e-06 	 1.428728e+07 	
3.17667668e+06 	 9.345284e-06 	 1.428326e+07 	
3.17717718e+06 	 9.335183e-06 	 1.427924e+07 	
3.17767768e+06 	 9.325091e-06 	 1.427523e+07 	
3.17817818e+06 	 9.315008e-06 	 1.427121e+07 	
3.17867868e+06 	 9.304934e-06 	 1.426720e+07 	
3.17917918e+06 	 9.294870e-06 	 1.426319e+07 	
3.17967968e+06 	 9.284814e-06 	 1.425918e+07 	
3.18018018e+06 	 9.274768e-06 	 1.425517e+07 	
3.18068068e+06 	 9.264730e-06 	 1.425116e+07 	
3.18118118e+06 	 9.254702e-06 	 1.424715e+07 	
3.18168168e+06 	 9.244682e-06 	 1.424315e+07 	
3.18218218e+06 	 9.234672e-06 	 1.423915e+07 	
3.18268268e+06 	 9.224671e-06 	 1.423514e+07 	
3.18318318e+06 	 9.214678e-06 	 1.423114e+07 	
3.18368368e+06 	 9.204695e-06 	 1.422715e+07 	
3.18418418e+06 	 9.194721e-06 	 1.422315e+07 	
3.18468468e+06 	 9.184755e-06 	 1.421915e+07 	
3.18518519e+06 	 9.174799e-06 	 1.421516e+07 	
3.18568569e+06 	 9.164851e-06 	 1.421117e+07 	
3.18618619e+06 	 9.154913e-06 	 1.420718e+07 	
3.18668669e+06 	 9.144983e-06 	 1.420319e+07 	
3.18718719e+06 	 9.135063e-06 	 1.419920e+07 	
3.18768769e+06 	 9.125151e-06 	 1.419522e+07 	
3.18818819e+06 	 9.115248e-06 	 1.419123e+07 	
3.18868869e+06 	 9.105354e-06 	 1.418725e+07 	
3.18918919e+06 	 9.095469e-06 	 1.418327e+07 	
3.18968969e+06 	 9.085593e-06 	 1.417929e+07 	
3.19019019e+06 	 9.075726e-06 	 1.417531e+07 	
3.19069069e+06 	 9.065867e-06 	 1.417134e+07 	
3.19119119e+06 	 9.056018e-06 	 1.416736e+07 	
3.19169169e+06 	 9.046177e-06 	 1.416339e+07 	
3.19219219e+06 	 9.036345e-06 	 1.415942e+07 	
3.19269269e+06 	 9.026522e-06 	 1.415545e+07 	
3.19319319e+06 	 9.016707e-06 	 1.415148e+07 	
3.19369369e+06 	 9.006902e-06 	 1.414751e+07 	
3.19419419e+06 	 8.997105e-06 	 1.414355e+07 	
3.19469469e+06 	 8.987317e-06 	 1.413958e+07 	
3.19519520e+06 	 8.977538e-06 	 1.413562e+07 	
3.19569570e+06 	 8.967768e-06 	 1.413166e+07 	
3.19619620e+06 	 8.958006e-06 	 1.412770e+07 	
3.19669670e+06 	 8.948253e-06 	 1.412374e+07 	
3.19719720e+06 	 8.938509e-06 	 1.411979e+07 	
3.19769770e+06 	 8.928773e-06 	 1.411583e+07 	
3.19819820e+06 	 8.918597e-06 	 1.411190e+07 	
3.19869870e+06 	 8.908874e-06 	 1.410794e+07 	
3.19919920e+06 	 8.899160e-06 	 1.410400e+07 	
3.19969970e+06 	 8.889454e-06 	 1.410005e+07 	
3.20020020e+06 	 8.879757e-06 	 1.409610e+07 	
3.20070070e+06 	 8.870069e-06 	 1.409216e+07 	
3.20120120e+06 	 8.860389e-06 	 1.408821e+07 	
3.20170170e+06 	 8.850717e-06 	 1.408427e+07 	
3.20220220e+06 	 8.841054e-06 	 1.408033e+07 	
3.20270270e+06 	 8.831400e-06 	 1.407639e+07 	
3.20320320e+06 	 8.821755e-06 	 1.407245e+07 	
3.20370370e+06 	 8.812117e-06 	 1.406852e+07 	
3.20420420e+06 	 8.802489e-06 	 1.406458e+07 	
3.20470470e+06 	 8.792869e-06 	 1.406065e+07 	
3.20520521e+06 	 8.783257e-06 	 1.405672e+07 	
3.20570571e+06 	 8.773654e-06 	 1.405279e+07 	
3.20620621e+06 	 8.764059e-06 	 1.404886e+07 	
3.20670671e+06 	 8.754473e-06 	 1.404494e+07 	
3.20720721e+06 	 8.744896e-06 	 1.404101e+07 	
3.20770771e+06 	 8.735327e-06 	 1.403709e+07 	
3.20820821e+06 	 8.725766e-06 	 1.403317e+07 	
3.20870871e+06 	 8.716214e-06 	 1.402925e+07 	
3.20920921e+06 	 8.706670e-06 	 1.402533e+07 	
3.20970971e+06 	 8.697134e-06 	 1.402141e+07 	
3.21021021e+06 	 8.687607e-06 	 1.401749e+07 	
3.21071071e+06 	 8.678089e-06 	 1.401358e+07 	
3.21121121e+06 	 8.668578e-06 	 1.400967e+07 	
3.21171171e+06 	 8.659077e-06 	 1.400576e+07 	
3.21221221e+06 	 8.649583e-06 	 1.400185e+07 	
3.21271271e+06 	 8.640098e-06 	 1.399794e+07 	
3.21321321e+06 	 8.630621e-06 	 1.399403e+07 	
3.21371371e+06 	 8.621153e-06 	 1.399013e+07 	
3.21421421e+06 	 8.611693e-06 	 1.398622e+07 	
3.21471471e+06 	 8.602241e-06 	 1.398232e+07 	
3.21521522e+06 	 8.592797e-06 	 1.397842e+07 	
3.21571572e+06 	 8.583362e-06 	 1.397452e+07 	
3.21621622e+06 	 8.573936e-06 	 1.397062e+07 	
3.21671672e+06 	 8.564517e-06 	 1.396673e+07 	
3.21721722e+06 	 8.555107e-06 	 1.396283e+07 	
3.21771772e+06 	 8.545705e-06 	 1.395894e+07 	
3.21821822e+06 	 8.536311e-06 	 1.395505e+07 	
3.21871872e+06 	 8.526925e-06 	 1.395116e+07 	
3.21921922e+06 	 8.517548e-06 	 1.394727e+07 	
3.21971972e+06 	 8.508179e-06 	 1.394338e+07 	
3.22022022e+06 	 8.498818e-06 	 1.393950e+07 	
3.22072072e+06 	 8.489465e-06 	 1.393561e+07 	
3.22122122e+06 	 8.480121e-06 	 1.393173e+07 	
3.22172172e+06 	 8.470785e-06 	 1.392785e+07 	
3.22222222e+06 	 8.461457e-06 	 1.392397e+07 	
3.22272272e+06 	 8.452137e-06 	 1.392009e+07 	
3.22322322e+06 	 8.442825e-06 	 1.391622e+07 	
3.22372372e+06 	 8.433521e-06 	 1.391234e+07 	
3.22422422e+06 	 8.424226e-06 	 1.390847e+07 	
3.22472472e+06 	 8.414939e-06 	 1.390460e+07 	
3.22522523e+06 	 8.405659e-06 	 1.390073e+07 	
3.22572573e+06 	 8.396388e-06 	 1.389686e+07 	
3.22622623e+06 	 8.387125e-06 	 1.389299e+07 	
3.22672673e+06 	 8.377870e-06 	 1.388913e+07 	
3.22722723e+06 	 8.368200e-06 	 1.388528e+07 	
3.22772773e+06 	 8.358957e-06 	 1.388142e+07 	
3.22822823e+06 	 8.349721e-06 	 1.387756e+07 	
3.22872873e+06 	 8.340493e-06 	 1.387370e+07 	
3.22922923e+06 	 8.331274e-06 	 1.386984e+07 	
3.22972973e+06 	 8.322062e-06 	 1.386598e+07 	
3.23023023e+06 	 8.312859e-06 	 1.386213e+07 	
3.23073073e+06 	 8.303663e-06 	 1.385827e+07 	
3.23123123e+06 	 8.294475e-06 	 1.385442e+07 	
3.23173173e+06 	 8.285295e-06 	 1.385057e+07 	
3.23223223e+06 	 8.276124e-06 	 1.384672e+07 	
3.23273273e+06 	 8.266960e-06 	 1.384287e+07 	
3.23323323e+06 	 8.257804e-06 	 1.383903e+07 	
3.23373373e+06 	 8.248656e-06 	 1.383518e+07 	
3.23423423e+06 	 8.239515e-06 	 1.383134e+07 	
3.23473473e+06 	 8.230383e-06 	 1.382750e+07 	
3.23523524e+06 	 8.221259e-06 	 1.382366e+07 	
3.23573574e+06 	 8.212142e-06 	 1.381982e+07 	
3.23623624e+06 	 8.203033e-06 	 1.381598e+07 	
3.23673674e+06 	 8.193932e-06 	 1.381215e+07 	
3.23723724e+06 	 8.184839e-06 	 1.380831e+07 	
3.23773774e+06 	 8.175754e-06 	 1.380448e+07 	
3.23823824e+06 	 8.166677e-06 	 1.380065e+07 	
3.23873874e+06 	 8.157607e-06 	 1.379682e+07 	
3.23923924e+06 	 8.148545e-06 	 1.379299e+07 	
3.23973974e+06 	 8.139491e-06 	 1.378917e+07 	
3.24024024e+06 	 8.130445e-06 	 1.378534e+07 	
3.24074074e+06 	 8.121406e-06 	 1.378152e+07 	
3.24124124e+06 	 8.112376e-06 	 1.377769e+07 	
3.24174174e+06 	 8.103353e-06 	 1.377387e+07 	
3.24224224e+06 	 8.094337e-06 	 1.377005e+07 	
3.24274274e+06 	 8.085330e-06 	 1.376624e+07 	
3.24324324e+06 	 8.076330e-06 	 1.376242e+07 	
3.24374374e+06 	 8.067338e-06 	 1.375861e+07 	
3.24424424e+06 	 8.058353e-06 	 1.375479e+07 	
3.24474474e+06 	 8.049377e-06 	 1.375098e+07 	
3.24524525e+06 	 8.040408e-06 	 1.374717e+07 	
3.24574575e+06 	 8.031446e-06 	 1.374336e+07 	
3.24624625e+06 	 8.022492e-06 	 1.373955e+07 	
3.24674675e+06 	 8.013546e-06 	 1.373575e+07 	
3.24724725e+06 	 8.004608e-06 	 1.373194e+07 	
3.24774775e+06 	 7.995677e-06 	 1.372814e+07 	
3.24824825e+06 	 7.986754e-06 	 1.372434e+07 	
3.24874875e+06 	 7.977838e-06 	 1.372054e+07 	
3.24924925e+06 	 7.968930e-06 	 1.371674e+07 	
3.24974975e+06 	 7.960030e-06 	 1.371294e+07 	
3.25025025e+06 	 7.951137e-06 	 1.370915e+07 	
3.25075075e+06 	 7.942251e-06 	 1.370535e+07 	
3.25125125e+06 	 7.933374e-06 	 1.370156e+07 	
3.25175175e+06 	 7.924503e-06 	 1.369777e+07 	
3.25225225e+06 	 7.915641e-06 	 1.369398e+07 	
3.25275275e+06 	 7.906786e-06 	 1.369019e+07 	
3.25325325e+06 	 7.897938e-06 	 1.368641e+07 	
3.25375375e+06 	 7.889098e-06 	 1.368262e+07 	
3.25425425e+06 	 7.880265e-06 	 1.367884e+07 	
3.25475475e+06 	 7.871440e-06 	 1.367505e+07 	
3.25525526e+06 	 7.863018e-06 	 1.367126e+07 	
3.25575576e+06 	 7.854213e-06 	 1.366748e+07 	
3.25625626e+06 	 7.845414e-06 	 1.366370e+07 	
3.25675676e+06 	 7.836624e-06 	 1.365992e+07 	
3.25725726e+06 	 7.827840e-06 	 1.365615e+07 	
3.25775776e+06 	 7.819065e-06 	 1.365237e+07 	
3.25825826e+06 	 7.810296e-06 	 1.364860e+07 	
3.25875876e+06 	 7.801535e-06 	 1.364483e+07 	
3.25925926e+06 	 7.792782e-06 	 1.364106e+07 	
3.25975976e+06 	 7.784036e-06 	 1.363729e+07 	
3.26026026e+06 	 7.775297e-06 	 1.363353e+07 	
3.26076076e+06 	 7.766566e-06 	 1.362976e+07 	
3.26126126e+06 	 7.757843e-06 	 1.362600e+07 	
3.26176176e+06 	 7.749126e-06 	 1.362224e+07 	
3.26226226e+06 	 7.740417e-06 	 1.361847e+07 	
3.26276276e+06 	 7.731716e-06 	 1.361472e+07 	
3.26326326e+06 	 7.723022e-06 	 1.361096e+07 	
3.26376376e+06 	 7.714335e-06 	 1.360720e+07 	
3.26426426e+06 	 7.705656e-06 	 1.360345e+07 	
3.26476476e+06 	 7.696984e-06 	 1.359969e+07 	
3.26526527e+06 	 7.688319e-06 	 1.359594e+07 	
3.26576577e+06 	 7.679662e-06 	 1.359219e+07 	
3.26626627e+06 	 7.671012e-06 	 1.358844e+07 	
3.26676677e+06 	 7.662369e-06 	 1.358469e+07 	
3.26726727e+06 	 7.653733e-06 	 1.358095e+07 	
3.26776777e+06 	 7.645105e-06 	 1.357720e+07 	
3.26826827e+06 	 7.636485e-06 	 1.357346e+07 	
3.26876877e+06 	 7.627871e-06 	 1.356972e+07 	
3.26926927e+06 	 7.619265e-06 	 1.356598e+07 	
3.26976977e+06 	 7.610666e-06 	 1.356224e+07 	
3.27027027e+06 	 7.602074e-06 	 1.355850e+07 	
3.27077077e+06 	 7.593489e-06 	 1.355476e+07 	
3.27127127e+06 	 7.584912e-06 	 1.355103e+07 	
3.27177177e+06 	 7.576342e-06 	 1.354730e+07 	
3.27227227e+06 	 7.567779e-06 	 1.354356e+07 	
3.27277277e+06 	 7.559224e-06 	 1.353983e+07 	
3.27327327e+06 	 7.550675e-06 	 1.353610e+07 	
3.27377377e+06 	 7.542134e-06 	 1.353238e+07 	
3.27427427e+06 	 7.533600e-06 	 1.352865e+07 	
3.27477477e+06 	 7.525073e-06 	 1.352493e+07 	
3.27527528e+06 	 7.516553e-06 	 1.352120e+07 	
3.27577578e+06 	 7.508041e-06 	 1.351748e+07 	
3.27627628e+06 	 7.499535e-06 	 1.351376e+07 	
3.27677678e+06 	 7.491037e-06 	 1.351004e+07 	
3.27727728e+06 	 7.482546e-06 	 1.350633e+07 	
3.27777778e+06 	 7.474062e-06 	 1.350261e+07 	
3.27827828e+06 	 7.465585e-06 	 1.349889e+07 	
3.27877878e+06 	 7.457115e-06 	 1.349518e+07 	
3.27927928e+06 	 7.448652e-06 	 1.349147e+07 	
3.27977978e+06 	 7.440197e-06 	 1.348776e+07 	
3.28028028e+06 	 7.431748e-06 	 1.348405e+07 	
3.28078078e+06 	 7.423307e-06 	 1.348034e+07 	
3.28128128e+06 	 7.414872e-06 	 1.347664e+07 	
3.28178178e+06 	 7.406445e-06 	 1.347293e+07 	
3.28228228e+06 	 7.398024e-06 	 1.346923e+07 	
3.28278278e+06 	 7.389611e-06 	 1.346553e+07 	
3.28328328e+06 	 7.381205e-06 	 1.346183e+07 	
3.28378378e+06 	 7.373175e-06 	 1.345811e+07 	
3.28428428e+06 	 7.364787e-06 	 1.345441e+07 	
3.28478478e+06 	 7.356406e-06 	 1.345072e+07 	
3.28528529e+06 	 7.348031e-06 	 1.344702e+07 	
3.28578579e+06 	 7.339664e-06 	 1.344333e+07 	
3.28628629e+06 	 7.331304e-06 	 1.343964e+07 	
3.28678679e+06 	 7.322951e-06 	 1.343595e+07 	
3.28728729e+06 	 7.314605e-06 	 1.343226e+07 	
3.28778779e+06 	 7.306266e-06 	 1.342857e+07 	
3.28828829e+06 	 7.297933e-06 	 1.342488e+07 	
3.28878879e+06 	 7.289608e-06 	 1.342120e+07 	
3.28928929e+06 	 7.281290e-06 	 1.341751e+07 	
3.28978979e+06 	 7.272979e-06 	 1.341383e+07 	
3.29029029e+06 	 7.264674e-06 	 1.341015e+07 	
3.29079079e+06 	 7.256377e-06 	 1.340647e+07 	
3.29129129e+06 	 7.248086e-06 	 1.340279e+07 	
3.29179179e+06 	 7.239803e-06 	 1.339912e+07 	
3.29229229e+06 	 7.231526e-06 	 1.339544e+07 	
3.29279279e+06 	 7.223256e-06 	 1.339177e+07 	
3.29329329e+06 	 7.214994e-06 	 1.338810e+07 	
3.29379379e+06 	 7.206738e-06 	 1.338443e+07 	
3.29429429e+06 	 7.198488e-06 	 1.338076e+07 	
3.29479479e+06 	 7.190246e-06 	 1.337709e+07 	
3.29529530e+06 	 7.182011e-06 	 1.337342e+07 	
3.29579580e+06 	 7.173782e-06 	 1.336976e+07 	
3.29629630e+06 	 7.165561e-06 	 1.336609e+07 	
3.29679680e+06 	 7.157346e-06 	 1.336243e+07 	
3.29729730e+06 	 7.149138e-06 	 1.335877e+07 	
3.29779780e+06 	 7.140937e-06 	 1.335511e+07 	
3.29829830e+06 	 7.132743e-06 	 1.335145e+07 	
3.29879880e+06 	 7.124555e-06 	 1.334779e+07 	
3.29929930e+06 	 7.116374e-06 	 1.334414e+07 	
3.29979980e+06 	 7.108200e-06 	 1.334048e+07 	
3.30030030e+06 	 7.100033e-06 	 1.333683e+07 	
3.30080080e+06 	 7.091873e-06 	 1.333318e+07 	
3.30130130e+06 	 7.083719e-06 	 1.332953e+07 	
3.30180180e+06 	 7.075572e-06 	 1.332588e+07 	
3.30230230e+06 	 7.067432e-06 	 1.332224e+07 	
3.30280280e+06 	 7.059299e-06 	 1.331859e+07 	
3.30330330e+06 	 7.051172e-06 	 1.331495e+07 	
3.30380380e+06 	 7.043052e-06 	 1.331130e+07 	
3.30430430e+06 	 7.034939e-06 	 1.330766e+07 	
3.30480480e+06 	 7.026833e-06 	 1.330402e+07 	
3.30530531e+06 	 7.018733e-06 	 1.330038e+07 	
3.30580581e+06 	 7.010640e-06 	 1.329674e+07 	
3.30630631e+06 	 7.002554e-06 	 1.329311e+07 	
3.30680681e+06 	 6.994474e-06 	 1.328947e+07 	
3.30730731e+06 	 6.986401e-06 	 1.328584e+07 	
3.30780781e+06 	 6.978335e-06 	 1.328221e+07 	
3.30830831e+06 	 6.970275e-06 	 1.327858e+07 	
3.30880881e+06 	 6.962222e-06 	 1.327495e+07 	
3.30930931e+06 	 6.954175e-06 	 1.327132e+07 	
3.30980981e+06 	 6.946136e-06 	 1.326770e+07 	
3.31031031e+06 	 6.938103e-06 	 1.326407e+07 	
3.31081081e+06 	 6.930076e-06 	 1.326045e+07 	
3.31131131e+06 	 6.922056e-06 	 1.325683e+07 	
3.31181181e+06 	 6.914043e-06 	 1.325320e+07 	
3.31231231e+06 	 6.906036e-06 	 1.324959e+07 	
3.31281281e+06 	 6.897690e-06 	 1.324598e+07 	
3.31331331e+06 	 6.889692e-06 	 1.324237e+07 	
3.31381381e+06 	 6.881701e-06 	 1.323875e+07 	
3.31431431e+06 	 6.873717e-06 	 1.323514e+07 	
3.31481481e+06 	 6.865739e-06 	 1.323153e+07 	
3.31531532e+06 	 6.857768e-06 	 1.322792e+07 	
3.31581582e+06 	 6.849803e-06 	 1.322431e+07 	
3.31631632e+06 	 6.841845e-06 	 1.322070e+07 	
3.31681682e+06 	 6.833893e-06 	 1.321709e+07 	
3.31731732e+06 	 6.825948e-06 	 1.321349e+07 	
3.31781782e+06 	 6.818009e-06 	 1.320988e+07 	
3.31831832e+06 	 6.810077e-06 	 1.320628e+07 	
3.31881882e+06 	 6.802151e-06 	 1.320268e+07 	
3.31931932e+06 	 6.794231e-06 	 1.319908e+07 	
3.31981982e+06 	 6.786318e-06 	 1.319548e+07 	
3.32032032e+06 	 6.778412e-06 	 1.319188e+07 	
3.32082082e+06 	 6.770512e-06 	 1.318829e+07 	
3.32132132e+06 	 6.762618e-06 	 1.318469e+07 	
3.32182182e+06 	 6.754730e-06 	 1.318110e+07 	
3.32232232e+06 	 6.746849e-06 	 1.317751e+07 	
3.32282282e+06 	 6.738975e-06 	 1.317392e+07 	
3.32332332e+06 	 6.731106e-06 	 1.317033e+07 	
3.32382382e+06 	 6.723245e-06 	 1.316674e+07 	
3.32432432e+06 	 6.715389e-06 	 1.316316e+07 	
3.32482482e+06 	 6.707540e-06 	 1.315957e+07 	
3.32532533e+06 	 6.699697e-06 	 1.315599e+07 	
3.32582583e+06 	 6.691861e-06 	 1.315240e+07 	
3.32632633e+06 	 6.684030e-06 	 1.314882e+07 	
3.32682683e+06 	 6.676207e-06 	 1.314524e+07 	
3.32732733e+06 	 6.668389e-06 	 1.314167e+07 	
3.32782783e+06 	 6.660578e-06 	 1.313809e+07 	
3.32832833e+06 	 6.652773e-06 	 1.313452e+07 	
3.32882883e+06 	 6.644974e-06 	 1.313094e+07 	
3.32932933e+06 	 6.637182e-06 	 1.312737e+07 	
3.32982983e+06 	 6.629396e-06 	 1.312380e+07 	
3.33033033e+06 	 6.621616e-06 	 1.312023e+07 	
3.33083083e+06 	 6.613842e-06 	 1.311666e+07 	
3.33133133e+06 	 6.606075e-06 	 1.311309e+07 	
3.33183183e+06 	 6.598314e-06 	 1.310953e+07 	
3.33233233e+06 	 6.590559e-06 	 1.310596e+07 	
3.33283283e+06 	 6.582810e-06 	 1.310240e+07 	
3.33333333e+06 	 6.575068e-06 	 1.309884e+07 	
3.33383383e+06 	 6.567332e-06 	 1.309528e+07 	
3.33433433e+06 	 6.559602e-06 	 1.309172e+07 	
3.33483483e+06 	 6.551878e-06 	 1.308816e+07 	
3.33533534e+06 	 6.544160e-06 	 1.308460e+07 	
3.33583584e+06 	 6.536449e-06 	 1.308105e+07 	
3.33633634e+06 	 6.528744e-06 	 1.307750e+07 	
3.33683684e+06 	 6.521044e-06 	 1.307394e+07 	
3.33733734e+06 	 6.513352e-06 	 1.307039e+07 	
3.33783784e+06 	 6.505665e-06 	 1.306684e+07 	
3.33833834e+06 	 6.497984e-06 	 1.306330e+07 	
3.33883884e+06 	 6.490309e-06 	 1.305975e+07 	
3.33933934e+06 	 6.482641e-06 	 1.305620e+07 	
3.33983984e+06 	 6.474979e-06 	 1.305266e+07 	
3.34034034e+06 	 6.467322e-06 	 1.304912e+07 	
3.34084084e+06 	 6.459672e-06 	 1.304558e+07 	
3.34134134e+06 	 6.452028e-06 	 1.304204e+07 	
3.34184184e+06 	 6.444390e-06 	 1.303850e+07 	
3.34234234e+06 	 6.437084e-06 	 1.303494e+07 	
3.34284284e+06 	 6.429461e-06 	 1.303141e+07 	
3.34334334e+06 	 6.421845e-06 	 1.302787e+07 	
3.34384384e+06 	 6.414235e-06 	 1.302434e+07 	
3.34434434e+06 	 6.406631e-06 	 1.302081e+07 	
3.34484484e+06 	 6.399033e-06 	 1.301728e+07 	
3.34534535e+06 	 6.391441e-06 	 1.301375e+07 	
3.34584585e+06 	 6.383855e-06 	 1.301022e+07 	
3.34634635e+06 	 6.376275e-06 	 1.300669e+07 	
3.34684685e+06 	 6.368701e-06 	 1.300317e+07 	
3.34734735e+06 	 6.361133e-06 	 1.299964e+07 	
3.34784785e+06 	 6.353572e-06 	 1.299612e+07 	
3.34834835e+06 	 6.346016e-06 	 1.299260e+07 	
3.34884885e+06 	 6.338466e-06 	 1.298908e+07 	
3.34934935e+06 	 6.330923e-06 	 1.298556e+07 	
3.34984985e+06 	 6.323385e-06 	 1.298204e+07 	
3.35035035e+06 	 6.315853e-06 	 1.297852e+07 	
3.35085085e+06 	 6.308327e-06 	 1.297501e+07 	
3.35135135e+06 	 6.300808e-06 	 1.297150e+07 	
3.35185185e+06 	 6.293294e-06 	 1.296798e+07 	
3.35235235e+06 	 6.285786e-06 	 1.296447e+07 	
3.35285285e+06 	 6.278284e-06 	 1.296096e+07 	
3.35335335e+06 	 6.270788e-06 	 1.295746e+07 	
3.35385385e+06 	 6.263298e-06 	 1.295395e+07 	
3.35435435e+06 	 6.255814e-06 	 1.295044e+07 	
3.35485485e+06 	 6.248336e-06 	 1.294694e+07 	
3.35535536e+06 	 6.240863e-06 	 1.294344e+07 	
3.35585586e+06 	 6.233397e-06 	 1.293994e+07 	
3.35635636e+06 	 6.225937e-06 	 1.293644e+07 	
3.35685686e+06 	 6.218482e-06 	 1.293294e+07 	
3.35735736e+06 	 6.211034e-06 	 1.292944e+07 	
3.35785786e+06 	 6.203591e-06 	 1.292594e+07 	
3.35835836e+06 	 6.196154e-06 	 1.292245e+07 	
3.35885886e+06 	 6.188723e-06 	 1.291895e+07 	
3.35935936e+06 	 6.181298e-06 	 1.291546e+07 	
3.35985986e+06 	 6.173878e-06 	 1.291197e+07 	
3.36036036e+06 	 6.166465e-06 	 1.290848e+07 	
3.36086086e+06 	 6.159057e-06 	 1.290499e+07 	
3.36136136e+06 	 6.151655e-06 	 1.290151e+07 	
3.36186186e+06 	 6.144259e-06 	 1.289802e+07 	
3.36236236e+06 	 6.136869e-06 	 1.289454e+07 	
3.36286286e+06 	 6.129485e-06 	 1.289105e+07 	
3.36336336e+06 	 6.122106e-06 	 1.288757e+07 	
3.36386386e+06 	 6.114733e-06 	 1.288409e+07 	
3.36436436e+06 	 6.107366e-06 	 1.288061e+07 	
3.36486486e+06 	 6.100005e-06 	 1.287713e+07 	
3.36536537e+06 	 6.092650e-06 	 1.287366e+07 	
3.36586587e+06 	 6.085300e-06 	 1.287018e+07 	
3.36636637e+06 	 6.077956e-06 	 1.286671e+07 	
3.36686687e+06 	 6.070618e-06 	 1.286324e+07 	
3.36736737e+06 	 6.063285e-06 	 1.285977e+07 	
3.36786787e+06 	 6.055958e-06 	 1.285630e+07 	
3.36836837e+06 	 6.048637e-06 	 1.285283e+07 	
3.36886887e+06 	 6.041322e-06 	 1.284936e+07 	
3.36936937e+06 	 6.034013e-06 	 1.284590e+07 	
3.36986987e+06 	 6.026709e-06 	 1.284243e+07 	
3.37037037e+06 	 6.019411e-06 	 1.283897e+07 	
3.37087087e+06 	 6.012118e-06 	 1.283551e+07 	
3.37137137e+06 	 6.004831e-06 	 1.283204e+07 	
3.37187187e+06 	 5.997247e-06 	 1.282860e+07 	
3.37237237e+06 	 5.989968e-06 	 1.282514e+07 	
3.37287287e+06 	 5.982695e-06 	 1.282169e+07 	
3.37337337e+06 	 5.975428e-06 	 1.281823e+07 	
3.37387387e+06 	 5.968166e-06 	 1.281478e+07 	
3.37437437e+06 	 5.960910e-06 	 1.281133e+07 	
3.37487487e+06 	 5.953660e-06 	 1.280787e+07 	
3.37537538e+06 	 5.946415e-06 	 1.280442e+07 	
3.37587588e+06 	 5.939175e-06 	 1.280098e+07 	
3.37637638e+06 	 5.931941e-06 	 1.279753e+07 	
3.37687688e+06 	 5.924713e-06 	 1.279408e+07 	
3.37737738e+06 	 5.917491e-06 	 1.279064e+07 	
3.37787788e+06 	 5.910273e-06 	 1.278719e+07 	
3.37837838e+06 	 5.903062e-06 	 1.278375e+07 	
3.37887888e+06 	 5.895856e-06 	 1.278031e+07 	
3.37937938e+06 	 5.888655e-06 	 1.277687e+07 	
3.37987988e+06 	 5.881460e-06 	 1.277343e+07 	
3.38038038e+06 	 5.874271e-06 	 1.277000e+07 	
3.38088088e+06 	 5.867087e-06 	 1.276656e+07 	
3.38138138e+06 	 5.859909e-06 	 1.276313e+07 	
3.38188188e+06 	 5.852736e-06 	 1.275969e+07 	
3.38238238e+06 	 5.845568e-06 	 1.275626e+07 	
3.38288288e+06 	 5.838406e-06 	 1.275283e+07 	
3.38338338e+06 	 5.831250e-06 	 1.274940e+07 	
3.38388388e+06 	 5.824099e-06 	 1.274597e+07 	
3.38438438e+06 	 5.816953e-06 	 1.274255e+07 	
3.38488488e+06 	 5.809813e-06 	 1.273912e+07 	
3.38538539e+06 	 5.802678e-06 	 1.273570e+07 	
3.38588589e+06 	 5.795549e-06 	 1.273228e+07 	
3.38638639e+06 	 5.788425e-06 	 1.272886e+07 	
3.38688689e+06 	 5.781307e-06 	 1.272544e+07 	
3.38738739e+06 	 5.774194e-06 	 1.272202e+07 	
3.38788789e+06 	 5.767086e-06 	 1.271860e+07 	
3.38838839e+06 	 5.759984e-06 	 1.271518e+07 	
3.38888889e+06 	 5.752888e-06 	 1.271177e+07 	
3.38938939e+06 	 5.745796e-06 	 1.270835e+07 	
3.38988989e+06 	 5.738710e-06 	 1.270494e+07 	
3.39039039e+06 	 5.731630e-06 	 1.270153e+07 	
3.39089089e+06 	 5.724554e-06 	 1.269812e+07 	
3.39139139e+06 	 5.717484e-06 	 1.269471e+07 	
3.39189189e+06 	 5.710420e-06 	 1.269131e+07 	
3.39239239e+06 	 5.703361e-06 	 1.268790e+07 	
3.39289289e+06 	 5.696307e-06 	 1.268450e+07 	
3.39339339e+06 	 5.689258e-06 	 1.268109e+07 	
3.39389389e+06 	 5.682215e-06 	 1.267769e+07 	
3.39439439e+06 	 5.675177e-06 	 1.267429e+07 	
3.39489489e+06 	 5.668145e-06 	 1.267089e+07 	
3.39539540e+06 	 5.661117e-06 	 1.266749e+07 	
3.39589590e+06 	 5.654095e-06 	 1.266410e+07 	
3.39639640e+06 	 5.647079e-06 	 1.266070e+07 	
3.39689690e+06 	 5.640067e-06 	 1.265731e+07 	
3.39739740e+06 	 5.633061e-06 	 1.265391e+07 	
3.39789790e+06 	 5.626060e-06 	 1.265052e+07 	
3.39839840e+06 	 5.619064e-06 	 1.264713e+07 	
3.39889890e+06 	 5.612074e-06 	 1.264374e+07 	
3.39939940e+06 	 5.605089e-06 	 1.264035e+07 	
3.39989990e+06 	 5.598109e-06 	 1.263697e+07 	
3.40040040e+06 	 5.591134e-06 	 1.263358e+07 	
3.40090090e+06 	 5.584165e-06 	 1.263020e+07 	
3.40140140e+06 	 5.577481e-06 	 1.262680e+07 	
3.40190190e+06 	 5.570524e-06 	 1.262342e+07 	
3.40240240e+06 	 5.563574e-06 	 1.262004e+07 	
3.40290290e+06 	 5.556628e-06 	 1.261666e+07 	
3.40340340e+06 	 5.549687e-06 	 1.261328e+07 	
3.40390390e+06 	 5.542752e-06 	 1.260990e+07 	
3.40440440e+06 	 5.535822e-06 	 1.260653e+07 	
3.40490490e+06 	 5.528897e-06 	 1.260315e+07 	
3.40540541e+06 	 5.521977e-06 	 1.259978e+07 	
3.40590591e+06 	 5.515063e-06 	 1.259641e+07 	
3.40640641e+06 	 5.508153e-06 	 1.259304e+07 	
3.40690691e+06 	 5.501249e-06 	 1.258967e+07 	
3.40740741e+06 	 5.494350e-06 	 1.258630e+07 	
3.40790791e+06 	 5.487456e-06 	 1.258294e+07 	
3.40840841e+06 	 5.480567e-06 	 1.257957e+07 	
3.40890891e+06 	 5.473684e-06 	 1.257621e+07 	
3.40940941e+06 	 5.466805e-06 	 1.257285e+07 	
3.40990991e+06 	 5.459932e-06 	 1.256949e+07 	
3.41041041e+06 	 5.453063e-06 	 1.256613e+07 	
3.41091091e+06 	 5.446200e-06 	 1.256277e+07 	
3.41141141e+06 	 5.439342e-06 	 1.255941e+07 	
3.41191191e+06 	 5.432489e-06 	 1.255605e+07 	
3.41241241e+06 	 5.425641e-06 	 1.255270e+07 	
3.41291291e+06 	 5.418798e-06 	 1.254934e+07 	
3.41341341e+06 	 5.411961e-06 	 1.254599e+07 	
3.41391391e+06 	 5.405128e-06 	 1.254264e+07 	
3.41441441e+06 	 5.398300e-06 	 1.253929e+07 	
3.41491491e+06 	 5.391478e-06 	 1.253594e+07 	
3.41541542e+06 	 5.384660e-06 	 1.253260e+07 	
3.41591592e+06 	 5.377848e-06 	 1.252925e+07 	
3.41641642e+06 	 5.371040e-06 	 1.252591e+07 	
3.41691692e+06 	 5.364238e-06 	 1.252256e+07 	
3.41741742e+06 	 5.357440e-06 	 1.251922e+07 	
3.41791792e+06 	 5.350648e-06 	 1.251588e+07 	
3.41841842e+06 	 5.343861e-06 	 1.251254e+07 	
3.41891892e+06 	 5.337078e-06 	 1.250920e+07 	
3.41941942e+06 	 5.330301e-06 	 1.250586e+07 	
3.41991992e+06 	 5.323528e-06 	 1.250253e+07 	
3.42042042e+06 	 5.316761e-06 	 1.249919e+07 	
3.42092092e+06 	 5.309998e-06 	 1.249586e+07 	
3.42142142e+06 	 5.303241e-06 	 1.249253e+07 	
3.42192192e+06 	 5.296488e-06 	 1.248920e+07 	
3.42242242e+06 	 5.289741e-06 	 1.248587e+07 	
3.42292292e+06 	 5.282998e-06 	 1.248254e+07 	
3.42342342e+06 	 5.276260e-06 	 1.247921e+07 	
3.42392392e+06 	 5.269527e-06 	 1.247589e+07 	
3.42442442e+06 	 5.262799e-06 	 1.247256e+07 	
3.42492492e+06 	 5.256076e-06 	 1.246924e+07 	
3.42542543e+06 	 5.249358e-06 	 1.246592e+07 	
3.42592593e+06 	 5.242645e-06 	 1.246260e+07 	
3.42642643e+06 	 5.235937e-06 	 1.245928e+07 	
3.42692693e+06 	 5.229233e-06 	 1.245596e+07 	
3.42742743e+06 	 5.222535e-06 	 1.245264e+07 	
3.42792793e+06 	 5.215841e-06 	 1.244932e+07 	
3.42842843e+06 	 5.209152e-06 	 1.244601e+07 	
3.42892893e+06 	 5.202468e-06 	 1.244270e+07 	
3.42942943e+06 	 5.195789e-06 	 1.243938e+07 	
3.42992993e+06 	 5.189115e-06 	 1.243607e+07 	
3.43043043e+06 	 5.182446e-06 	 1.243276e+07 	
3.43093093e+06 	 5.175781e-06 	 1.242946e+07 	
3.43143143e+06 	 5.169381e-06 	 1.242613e+07 	
3.43193193e+06 	 5.162729e-06 	 1.242283e+07 	
3.43243243e+06 	 5.156081e-06 	 1.241952e+07 	
3.43293293e+06 	 5.149439e-06 	 1.241622e+07 	
3.43343343e+06 	 5.142801e-06 	 1.241292e+07 	
3.43393393e+06 	 5.136168e-06 	 1.240962e+07 	
3.43443443e+06 	 5.129540e-06 	 1.240632e+07 	
3.43493493e+06 	 5.122916e-06 	 1.240302e+07 	
3.43543544e+06 	 5.116298e-06 	 1.239972e+07 	
3.43593594e+06 	 5.109684e-06 	 1.239642e+07 	
3.43643644e+06 	 5.103075e-06 	 1.239313e+07 	
3.43693694e+06 	 5.096471e-06 	 1.238984e+07 	
3.43743744e+06 	 5.089871e-06 	 1.238654e+07 	
3.43793794e+06 	 5.083277e-06 	 1.238325e+07 	
3.43843844e+06 	 5.076687e-06 	 1.237996e+07 	
3.43893894e+06 	 5.070101e-06 	 1.237668e+07 	
3.43943944e+06 	 5.063521e-06 	 1.237339e+07 	
3.43993994e+06 	 5.056945e-06 	 1.237010e+07 	
3.44044044e+06 	 5.050374e-06 	 1.236682e+07 	
3.44094094e+06 	 5.043808e-06 	 1.236353e+07 	
3.44144144e+06 	 5.037247e-06 	 1.236025e+07 	
3.44194194e+06 	 5.030690e-06 	 1.235697e+07 	
3.44244244e+06 	 5.024138e-06 	 1.235369e+07 	
3.44294294e+06 	 5.017590e-06 	 1.235041e+07 	
3.44344344e+06 	 5.011047e-06 	 1.234713e+07 	
3.44394394e+06 	 5.004509e-06 	 1.234386e+07 	
3.44444444e+06 	 4.997976e-06 	 1.234058e+07 	
3.44494494e+06 	 4.991447e-06 	 1.233731e+07 	
3.44544545e+06 	 4.984923e-06 	 1.233404e+07 	
3.44594595e+06 	 4.978404e-06 	 1.233077e+07 	
3.44644645e+06 	 4.971889e-06 	 1.232750e+07 	
3.44694695e+06 	 4.965379e-06 	 1.232423e+07 	
3.44744745e+06 	 4.958874e-06 	 1.232096e+07 	
3.44794795e+06 	 4.952373e-06 	 1.231769e+07 	
3.44844845e+06 	 4.945877e-06 	 1.231443e+07 	
3.44894895e+06 	 4.939385e-06 	 1.231117e+07 	
3.44944945e+06 	 4.932898e-06 	 1.230790e+07 	
3.44994995e+06 	 4.926416e-06 	 1.230464e+07 	
3.45045045e+06 	 4.919938e-06 	 1.230138e+07 	
3.45095095e+06 	 4.913465e-06 	 1.229812e+07 	
3.45145145e+06 	 4.906996e-06 	 1.229487e+07 	
3.45195195e+06 	 4.900532e-06 	 1.229161e+07 	
3.45245245e+06 	 4.894073e-06 	 1.228836e+07 	
3.45295295e+06 	 4.887618e-06 	 1.228510e+07 	
3.45345345e+06 	 4.881168e-06 	 1.228185e+07 	
3.45395395e+06 	 4.874722e-06 	 1.227860e+07 	
3.45445445e+06 	 4.868281e-06 	 1.227535e+07 	
3.45495495e+06 	 4.861844e-06 	 1.227210e+07 	
3.45545546e+06 	 4.855412e-06 	 1.226885e+07 	
3.45595596e+06 	 4.848984e-06 	 1.226560e+07 	
3.45645646e+06 	 4.842561e-06 	 1.226236e+07 	
3.45695696e+06 	 4.836142e-06 	 1.225911e+07 	
3.45745746e+06 	 4.829728e-06 	 1.225587e+07 	
3.45795796e+06 	 4.823319e-06 	 1.225263e+07 	
3.45845846e+06 	 4.816914e-06 	 1.224939e+07 	
3.45895896e+06 	 4.810513e-06 	 1.224615e+07 	
3.45945946e+06 	 4.804117e-06 	 1.224291e+07 	
3.45995996e+06 	 4.797725e-06 	 1.223968e+07 	
3.46046046e+06 	 4.791338e-06 	 1.223644e+07 	
3.46096096e+06 	 4.784956e-06 	 1.223321e+07 	
3.46146146e+06 	 4.778816e-06 	 1.222996e+07 	
3.46196196e+06 	 4.772445e-06 	 1.222673e+07 	
3.46246246e+06 	 4.766078e-06 	 1.222350e+07 	
3.46296296e+06 	 4.759715e-06 	 1.222027e+07 	
3.46346346e+06 	 4.753357e-06 	 1.221704e+07 	
3.46396396e+06 	 4.747004e-06 	 1.221381e+07 	
3.46446446e+06 	 4.740655e-06 	 1.221059e+07 	
3.46496496e+06 	 4.734310e-06 	 1.220736e+07 	
3.46546547e+06 	 4.727970e-06 	 1.220414e+07 	
3.46596597e+06 	 4.721634e-06 	 1.220092e+07 	
3.46646647e+06 	 4.715303e-06 	 1.219769e+07 	
3.46696697e+06 	 4.708976e-06 	 1.219448e+07 	
3.46746747e+06 	 4.702653e-06 	 1.219126e+07 	
3.46796797e+06 	 4.696335e-06 	 1.218804e+07 	
3.46846847e+06 	 4.690021e-06 	 1.218482e+07 	
3.46896897e+06 	 4.683712e-06 	 1.218161e+07 	
3.46946947e+06 	 4.677406e-06 	 1.217840e+07 	
3.46996997e+06 	 4.671106e-06 	 1.217518e+07 	
3.47047047e+06 	 4.664810e-06 	 1.217197e+07 	
3.47097097e+06 	 4.658518e-06 	 1.216876e+07 	
3.47147147e+06 	 4.652230e-06 	 1.216555e+07 	
3.47197197e+06 	 4.645947e-06 	 1.216235e+07 	
3.47247247e+06 	 4.639668e-06 	 1.215914e+07 	
3.47297297e+06 	 4.633393e-06 	 1.215593e+07 	
3.47347347e+06 	 4.627123e-06 	 1.215273e+07 	
3.47397397e+06 	 4.620857e-06 	 1.214953e+07 	
3.47447447e+06 	 4.614595e-06 	 1.214633e+07 	
3.47497497e+06 	 4.608338e-06 	 1.214313e+07 	
3.47547548e+06 	 4.602085e-06 	 1.213993e+07 	
3.47597598e+06 	 4.595836e-06 	 1.213673e+07 	
3.47647648e+06 	 4.589592e-06 	 1.213353e+07 	
3.47697698e+06 	 4.583352e-06 	 1.213034e+07 	
3.47747748e+06 	 4.577116e-06 	 1.212714e+07 	
3.47797798e+06 	 4.570884e-06 	 1.212395e+07 	
3.47847848e+06 	 4.564657e-06 	 1.212076e+07 	
3.47897898e+06 	 4.558434e-06 	 1.211757e+07 	
3.47947948e+06 	 4.552215e-06 	 1.211438e+07 	
3.47997998e+06 	 4.546001e-06 	 1.211119e+07 	
3.48048048e+06 	 4.539790e-06 	 1.210800e+07 	
3.48098098e+06 	 4.533584e-06 	 1.210482e+07 	
3.48148148e+06 	 4.527382e-06 	 1.210163e+07 	
3.48198198e+06 	 4.521185e-06 	 1.209845e+07 	
3.48248248e+06 	 4.514991e-06 	 1.209527e+07 	
3.48298298e+06 	 4.508802e-06 	 1.209209e+07 	
3.48348348e+06 	 4.502617e-06 	 1.208891e+07 	
3.48398398e+06 	 4.496436e-06 	 1.208573e+07 	
3.48448448e+06 	 4.490260e-06 	 1.208255e+07 	
3.48498498e+06 	 4.484087e-06 	 1.207938e+07 	
3.48548549e+06 	 4.477919e-06 	 1.207620e+07 	
3.48598599e+06 	 4.471755e-06 	 1.207303e+07 	
3.48648649e+06 	 4.465595e-06 	 1.206986e+07 	
3.48698699e+06 	 4.459440e-06 	 1.206669e+07 	
3.48748749e+06 	 4.453288e-06 	 1.206352e+07 	
3.48798799e+06 	 4.447141e-06 	 1.206035e+07 	
3.48848849e+06 	 4.440997e-06 	 1.205718e+07 	
3.48898899e+06 	 4.434858e-06 	 1.205401e+07 	
3.48948949e+06 	 4.428723e-06 	 1.205085e+07 	
3.48998999e+06 	 4.422592e-06 	 1.204768e+07 	
3.49049049e+06 	 4.416465e-06 	 1.204452e+07 	
3.49099099e+06 	 4.410343e-06 	 1.204136e+07 	
3.49149149e+06 	 4.404224e-06 	 1.203820e+07 	
3.49199199e+06 	 4.398330e-06 	 1.203502e+07 	
3.49249249e+06 	 4.392222e-06 	 1.203187e+07 	
3.49299299e+06 	 4.386118e-06 	 1.202871e+07 	
3.49349349e+06 	 4.380018e-06 	 1.202555e+07 	
3.49399399e+06 	 4.373922e-06 	 1.202240e+07 	
3.49449449e+06 	 4.367830e-06 	 1.201925e+07 	
3.49499499e+06 	 4.361743e-06 	 1.201609e+07 	
3.49549550e+06 	 4.355659e-06 	 1.201294e+07 	
3.49599600e+06 	 4.349579e-06 	 1.200979e+07 	
3.49649650e+06 	 4.343504e-06 	 1.200665e+07 	
3.49699700e+06 	 4.337433e-06 	 1.200350e+07 	
3.49749750e+06 	 4.331365e-06 	 1.200035e+07 	
3.49799800e+06 	 4.325302e-06 	 1.199721e+07 	
3.49849850e+06 	 4.319243e-06 	 1.199406e+07 	
3.49899900e+06 	 4.313188e-06 	 1.199092e+07 	
3.49949950e+06 	 4.307136e-06 	 1.198778e+07 	
3.50000000e+06 	 4.301089e-06 	 1.198464e+07 	
3.51986847e+06 	 4.064222e-06 	 1.186095e+07 	
3.53984972e+06 	 3.831896e-06 	 1.173847e+07 	
3.55994440e+06 	 3.604059e-06 	 1.161718e+07 	
3.58015316e+06 	 3.380343e-06 	 1.149713e+07 	
3.60047663e+06 	 3.160360e-06 	 1.137836e+07 	
3.62091547e+06 	 2.944011e-06 	 1.126090e+07 	
3.64147034e+06 	 2.730951e-06 	 1.114482e+07 	
3.66214189e+06 	 2.521189e-06 	 1.103016e+07 	
3.68293079e+06 	 2.314101e-06 	 1.091707e+07 	
3.70383770e+06 	 2.109721e-06 	 1.080566e+07 	
3.72486329e+06 	 1.908198e-06 	 1.069605e+07 	
3.74600824e+06 	 1.709327e-06 	 1.058851e+07 	
3.76727322e+06 	 1.513584e-06 	 1.048326e+07 	
3.78865892e+06 	 1.321761e-06 	 1.038059e+07 	
3.81016602e+06 	 1.134717e-06 	 1.028095e+07 	
3.83179521e+06 	 9.541623e-07 	 1.018477e+07 	
3.85354718e+06 	 7.822326e-07 	 1.009264e+07 	
3.87542263e+06 	 6.218894e-07 	 1.000511e+07 	
3.89742226e+06 	 4.763221e-07 	 9.922869e+06 	
3.91954677e+06 	 3.488323e-07 	 9.846549e+06 	
3.94179688e+06 	 2.422305e-07 	 9.776678e+06 	
3.96417330e+06 	 1.580304e-07 	 9.713669e+06 	
3.98667674e+06 	 9.597278e-08 	 9.657569e+06 	
4.00930793e+06 	 5.376091e-08 	 9.608173e+06 	
4.03206758e+06 	 2.754883e-08 	 9.564883e+06 	
4.05495644e+06 	 1.282463e-08 	 9.526772e+06 	
4.07797523e+06 	 5.395095e-09 	 9.492822e+06 	
4.10112469e+06 	 2.044516e-09 	 9.461487e+06 	
4.12440557e+06 	 6.968295e-10 	 9.431960e+06 	
4.61346743e+06 	 1.000000e-20 	 8.891065e+06 	
5.16052105e+06 	 1.000000e-20 	 8.384684e+06 	
5.77244293e+06 	 1.000000e-20 	 7.909514e+06 	
6.45692501e+06 	 1.000000e-20 	 7.463234e+06 	
7.22257129e+06 	 1.000000e-20 	 7.043764e+06 	
8.07900602e+06 	 1.000000e-20 	 6.649225e+06 	
9.03699468e+06 	 1.000000e-20 	 6.277913e+06 	
1.01085793e+07 	 1.000000e-20 	 5.928279e+06 	
1.13072297e+07 	 1.000000e-20 	 5.598904e+06 	
1.26480132e+07 	 1.000000e-20 	 5.288488e+06 	
1.41477835e+07 	 1.000000e-20 	 4.995834e+06 	
1.58253928e+07 	 1.000000e-20 	 4.719837e+06 	
1.77019290e+07 	 1.000000e-20 	 4.459476e+06 	
1.98009802e+07 	 1.000000e-20 	 4.213804e+06 	
2.21489317e+07 	 1.000000e-20 	 3.981940e+06 	
2.47752975e+07 	 1.000000e-20 	 3.763065e+06 	
2.77130913e+07 	 1.000000e-20 	 3.556415e+06 	
3.09992415e+07 	 1.000000e-20 	 3.361276e+06 	
3.46750553e+07 	 1.000000e-20 	 3.176982e+06 	
3.87867380e+07 	 1.000000e-20 	 3.002909e+06 	
4.33859739e+07 	 1.000000e-20 	 2.838471e+06 	
4.85305760e+07 	 1.000000e-20 	 2.683120e+06 	
5.42852123e+07 	 1.000000e-20 	 2.536341e+06 	
6.07222192e+07 	 1.000000e-20 	 2.397650e+06 	
6.79225105e+07 	 1.000000e-20 	 2.266593e+06 	
7.59765946e+07 	 1.000000e-20 	 2.142740e+06 	
8.49857123e+07 	 1.000000e-20 	 2.025691e+06 	
9.50631089e+07 	 1.000000e-20 	 1.915065e+06 	
1.06335458e+08 	 1.000000e-20 	 1.810506e+06 	
1.18944455e+08 	 1.000000e-20 	 1.711677e+06 	
1.33048596e+08 	 1.000000e-20 	 1.618260e+06 	
1.48825172e+08 	 1.000000e-20 	 1.529957e+06 	
1.66472494e+08 	 1.000000e-20 	 1.446485e+06 	
1.86212393e+08 	 1.000000e-20 	 1.367578e+06 	
2.08293000e+08 	 1.000000e-20 	 1.292984e+06 	
2.32991872e+08 	 1.000000e-20 	 1.222467e+06 	
2.60619474e+08 	 1.000000e-20 	 1.155802e+06 	
2.91523090e+08 	 1.000000e-20 	 1.092779e+06 	
3.26091181e+08 	 1.000000e-20 	 1.033196e+06 	
3.64758271e+08 	 1.000000e-20 	 9.768659e+05 	
4.08010409e+08 	 1.000000e-20 	 9.236103e+05 	
4.56391280e+08 	 1.000000e-20 	 8.732609e+05 	
5.10509035e+08 	 1.000000e-20 	 8.256585e+05 	
5.71043940e+08 	 1.000000e-20 	 7.806530e+05 	
6.38756925e+08 	 1.000000e-20 	 7.381024e+05 	
7.14499150e+08 	 1.000000e-20 	 6.978724e+05 	
7.99222701e+08 	 1.000000e-20 	 6.598364e+05 	
8.93992562e+08 	 1.000000e-20 	 6.238745e+05 	
1.00000000e+09 	 1.000000e-20 	 5.898735e+05 	
