r (cm)        	 rho (g/cm3) 	 T (K)       		 Linf = 3.534688e+38
9.99926934e+05 	 1.637352e+05 	 1.411344e+09 	
9.99988613e+05 	 1.456745e+05 	 1.370727e+09 	
1.00006768e+06 	 1.249939e+05 	 1.319347e+09 	
1.00013239e+06 	 1.099599e+05 	 1.277881e+09 	
1.00019710e+06 	 9.648103e+04 	 1.236964e+09 	
1.00026182e+06 	 8.442729e+04 	 1.196612e+09 	
1.00032653e+06 	 7.367633e+04 	 1.156840e+09 	
1.00039124e+06 	 6.411335e+04 	 1.117668e+09 	
1.00045534e+06 	 5.570700e+04 	 1.079477e+09 	
1.00051943e+06 	 4.826309e+04 	 1.041909e+09 	
1.00058353e+06 	 4.169065e+04 	 1.004982e+09 	
1.00063582e+06 	 3.691568e+04 	 9.753472e+08 	
1.00068810e+06 	 3.262129e+04 	 9.461609e+08 	
1.00074039e+06 	 2.876719e+04 	 9.174335e+08 	
1.00079267e+06 	 2.531565e+04 	 8.891753e+08 	
1.00084496e+06 	 2.223136e+04 	 8.613967e+08 	
1.00089724e+06 	 1.948141e+04 	 8.341080e+08 	
1.00094967e+06 	 1.702882e+04 	 8.072473e+08 	
1.00100210e+06 	 1.485282e+04 	 7.808998e+08 	
1.00105452e+06 	 1.292676e+04 	 7.550759e+08 	
1.00109761e+06 	 1.151366e+04 	 7.342534e+08 	
1.00114069e+06 	 1.024000e+04 	 7.137969e+08 	
1.00118378e+06 	 9.093914e+03 	 6.937117e+08 	
1.00122686e+06 	 8.064354e+03 	 6.740032e+08 	
1.00126994e+06 	 7.141025e+03 	 6.546766e+08 	
1.00131303e+06 	 6.314368e+03 	 6.357368e+08 	
1.00135611e+06 	 5.575518e+03 	 6.171885e+08 	
1.00140067e+06 	 4.895037e+03 	 5.984225e+08 	
1.00144523e+06 	 4.291338e+03 	 5.800849e+08 	
1.00148201e+06 	 3.845321e+03 	 5.652718e+08 	
1.00151880e+06 	 3.442388e+03 	 5.507560e+08 	
1.00155559e+06 	 3.078826e+03 	 5.365397e+08 	
1.00159237e+06 	 2.751189e+03 	 5.226247e+08 	
1.00162916e+06 	 2.456284e+03 	 5.090130e+08 	
1.00166594e+06 	 2.191160e+03 	 4.957058e+08 	
1.00170273e+06 	 1.953091e+03 	 4.827046e+08 	
1.00173952e+06 	 1.739564e+03 	 4.700103e+08 	
1.00177630e+06 	 1.548269e+03 	 4.576238e+08 	
1.00181521e+06 	 1.367787e+03 	 4.448587e+08 	
1.00184738e+06 	 1.233905e+03 	 4.345646e+08 	
1.00187955e+06 	 1.112634e+03 	 4.245063e+08 	
1.00191172e+06 	 1.002875e+03 	 4.146837e+08 	
1.00194389e+06 	 9.036099e+02 	 4.050963e+08 	
1.00197606e+06 	 8.139015e+02 	 3.957435e+08 	
1.00200823e+06 	 7.328873e+02 	 3.866246e+08 	
1.00204040e+06 	 6.597743e+02 	 3.777386e+08 	
1.00207257e+06 	 5.938346e+02 	 3.690843e+08 	
1.00210473e+06 	 5.344007e+02 	 3.606604e+08 	
1.00213690e+06 	 4.808617e+02 	 3.524653e+08 	
1.00216907e+06 	 4.326588e+02 	 3.444973e+08 	
1.00220124e+06 	 3.892820e+02 	 3.367544e+08 	
1.00223341e+06 	 3.502659e+02 	 3.292345e+08 	
1.00226558e+06 	 3.151867e+02 	 3.219353e+08 	
1.00229775e+06 	 2.836591e+02 	 3.148542e+08 	
1.00232992e+06 	 2.553326e+02 	 3.079885e+08 	
1.00236244e+06 	 2.296269e+02 	 3.012641e+08 	
1.00239496e+06 	 2.065701e+02 	 2.947536e+08 	
1.00242748e+06 	 1.858934e+02 	 2.884539e+08 	
1.00246000e+06 	 1.673534e+02 	 2.823615e+08 	
1.00249252e+06 	 1.507308e+02 	 2.764725e+08 	
1.00252504e+06 	 1.358279e+02 	 2.707834e+08 	
1.00255756e+06 	 1.224664e+02 	 2.652901e+08 	
1.00259008e+06 	 1.104861e+02 	 2.599885e+08 	
1.00262260e+06 	 9.974281e+01 	 2.548745e+08 	
1.00265512e+06 	 9.010717e+01 	 2.499438e+08 	
1.00268764e+06 	 8.146298e+01 	 2.451919e+08 	
1.00272016e+06 	 7.370607e+01 	 2.406146e+08 	
1.00275268e+06 	 6.674306e+01 	 2.362071e+08 	
1.00278520e+06 	 6.049032e+01 	 2.319650e+08 	
1.00281772e+06 	 5.487299e+01 	 2.278835e+08 	
1.00285024e+06 	 4.982411e+01 	 2.239582e+08 	
1.00288276e+06 	 4.528379e+01 	 2.201842e+08 	
1.00291528e+06 	 4.119848e+01 	 2.165570e+08 	
1.00294780e+06 	 3.752037e+01 	 2.130719e+08 	
1.00298032e+06 	 3.420671e+01 	 2.097242e+08 	
1.00302187e+06 	 3.044311e+01 	 2.056397e+08 	
1.00306342e+06 	 2.714244e+01 	 2.017625e+08 	
1.00310497e+06 	 2.424413e+01 	 1.980833e+08 	
1.00314652e+06 	 2.169573e+01 	 1.945930e+08 	
1.00318807e+06 	 1.945190e+01 	 1.912824e+08 	
1.00322962e+06 	 1.747338e+01 	 1.881430e+08 	
1.00327117e+06 	 1.572621e+01 	 1.851661e+08 	
1.00331272e+06 	 1.418097e+01 	 1.823436e+08 	
1.00335427e+06 	 1.281217e+01 	 1.796676e+08 	
1.00339582e+06 	 1.159773e+01 	 1.771302e+08 	
1.00343737e+06 	 1.051847e+01 	 1.747242e+08 	
1.00347891e+06 	 9.557773e+00 	 1.724425e+08 	
1.00352046e+06 	 8.701185e+00 	 1.702783e+08 	
1.00356201e+06 	 7.936141e+00 	 1.682252e+08 	
1.00360356e+06 	 7.251704e+00 	 1.662770e+08 	
1.00364511e+06 	 6.638346e+00 	 1.644279e+08 	
1.00368666e+06 	 6.087756e+00 	 1.626723e+08 	
1.00372821e+06 	 5.592676e+00 	 1.610049e+08 	
1.00376976e+06 	 5.146762e+00 	 1.594208e+08 	
1.00382349e+06 	 4.634053e+00 	 1.574879e+08 	
1.00387722e+06 	 4.184000e+00 	 1.556767e+08 	
1.00393095e+06 	 3.787863e+00 	 1.539784e+08 	
1.00398468e+06 	 3.438240e+00 	 1.523847e+08 	
1.00403841e+06 	 3.128849e+00 	 1.508879e+08 	
1.00409215e+06 	 2.854345e+00 	 1.494810e+08 	
1.00414588e+06 	 2.610171e+00 	 1.481575e+08 	
1.00419961e+06 	 2.392429e+00 	 1.469114e+08 	
1.00425334e+06 	 2.197783e+00 	 1.457371e+08 	
1.00432134e+06 	 1.980113e+00 	 1.443459e+08 	
1.00438935e+06 	 1.789963e+00 	 1.430521e+08 	
1.00445735e+06 	 1.623250e+00 	 1.418472e+08 	
1.00452535e+06 	 1.476575e+00 	 1.407235e+08 	
1.00459336e+06 	 1.347091e+00 	 1.396741e+08 	
1.00466136e+06 	 1.232410e+00 	 1.386925e+08 	
1.00472937e+06 	 1.130519e+00 	 1.377732e+08 	
1.00479737e+06 	 1.039716e+00 	 1.369110e+08 	
1.00488679e+06 	 9.347868e-01 	 1.358564e+08 	
1.00497622e+06 	 8.438232e-01 	 1.348831e+08 	
1.00506565e+06 	 7.646010e-01 	 1.339829e+08 	
1.00515507e+06 	 6.953001e-01 	 1.331485e+08 	
1.00524450e+06 	 6.344231e-01 	 1.323734e+08 	
1.00533393e+06 	 5.807321e-01 	 1.316520e+08 	
1.00544906e+06 	 5.205481e-01 	 1.307941e+08 	
1.00556419e+06 	 4.687937e-01 	 1.300074e+08 	
1.00567933e+06 	 4.240379e-01 	 1.292839e+08 	
1.00579446e+06 	 3.851293e-01 	 1.286165e+08 	
1.00590960e+06 	 3.511357e-01 	 1.279992e+08 	
1.00605004e+06 	 3.152314e-01 	 1.273064e+08 	
1.00619048e+06 	 2.844062e-01 	 1.266722e+08 	
1.00633092e+06 	 2.577799e-01 	 1.260895e+08 	
1.00647135e+06 	 2.346496e-01 	 1.255523e+08 	
1.00661179e+06 	 2.144491e-01 	 1.250557e+08 	
1.00681728e+06 	 1.892381e-01 	 1.243929e+08 	
1.00702276e+06 	 1.682046e-01 	 1.237958e+08 	
1.00722825e+06 	 1.504978e-01 	 1.232549e+08 	
1.00743373e+06 	 1.354684e-01 	 1.227625e+08 	
1.00768089e+06 	 1.202366e-01 	 1.222254e+08 	
1.00792804e+06 	 1.074908e-01 	 1.217398e+08 	
1.00817520e+06 	 9.672787e-02 	 1.212984e+08 	
1.00842235e+06 	 8.756388e-02 	 1.208949e+08 	
1.00878496e+06 	 7.640855e-02 	 1.203612e+08 	
1.00914756e+06 	 6.736971e-02 	 1.198856e+08 	
1.00951016e+06 	 5.994972e-02 	 1.194583e+08 	
1.01001702e+06 	 5.162375e-02 	 1.189270e+08 	
1.01052389e+06 	 4.507409e-02 	 1.184584e+08 	
1.01103075e+06 	 3.983172e-02 	 1.180401e+08 	
1.01161601e+06 	 3.498479e-02 	 1.176080e+08 	
1.01220127e+06 	 3.110340e-02 	 1.172200e+08 	
1.01278654e+06 	 2.794725e-02 	 1.168681e+08 	
1.01366057e+06 	 2.422822e-02 	 1.163965e+08 	
1.01453460e+06 	 2.137116e-02 	 1.159763e+08 	
1.01570090e+06 	 1.848484e-02 	 1.154767e+08 	
1.01686721e+06 	 1.632818e-02 	 1.150306e+08 	
1.01825615e+06 	 1.440187e-02 	 1.145520e+08 	
1.01964509e+06 	 1.295373e-02 	 1.141169e+08 	
1.02103403e+06 	 1.183726e-02 	 1.137151e+08 	
1.02322078e+06 	 1.053534e-02 	 1.131333e+08 	
1.02451812e+06 	 9.947882e-03 	 1.128108e+08 	
1.02733666e+06 	 8.986192e-03 	 1.121530e+08 	
1.02963192e+06 	 8.421268e-03 	 1.116502e+08 	
1.03352933e+06 	 7.738800e-03 	 1.108437e+08 	
1.03574334e+06 	 7.453474e-03 	 1.104052e+08 	
1.04079730e+06 	 6.970683e-03 	 1.094421e+08 	
1.04475851e+06 	 6.695811e-03 	 1.087146e+08 	
1.05155710e+06 	 6.340423e-03 	 1.075057e+08 	
1.05835569e+06 	 6.065688e-03 	 1.063348e+08 	
1.07001545e+06 	 5.682966e-03 	 1.043948e+08 	
1.07557236e+06 	 5.521928e-03 	 1.034963e+08 	
1.08112927e+06 	 5.369687e-03 	 1.026131e+08 	
1.08439015e+06 	 5.283706e-03 	 1.021017e+08 	
1.09154110e+06 	 5.102532e-03 	 1.009975e+08 	
1.09465414e+06 	 5.026508e-03 	 1.005239e+08 	
1.09496545e+06 	 5.018994e-03 	 1.004768e+08 	
1.09499658e+06 	 5.018244e-03 	 1.004721e+08 	
1.09499969e+06 	 5.018169e-03 	 1.004716e+08 	
1.09500000e+06 	 5.018277e-03 	 1.004716e+08 	
1.11500000e+06 	 4.565967e-03 	 9.753113e+07 	
1.13500000e+06 	 4.165666e-03 	 9.475101e+07 	
1.15000000e+06 	 3.894694e-03 	 9.276336e+07 	
1.17000000e+06 	 3.568139e-03 	 9.023409e+07 	
1.19000000e+06 	 3.275768e-03 	 8.783326e+07 	
1.21000000e+06 	 3.013730e-03 	 8.555161e+07 	
1.23000000e+06 	 2.778099e-03 	 8.338055e+07 	
1.25000000e+06 	 2.565643e-03 	 8.131234e+07 	
1.27000000e+06 	 2.373656e-03 	 7.933995e+07 	
1.29000000e+06 	 2.199855e-03 	 7.745701e+07 	
1.31000000e+06 	 2.042118e-03 	 7.565765e+07 	
1.33000000e+06 	 1.898684e-03 	 7.393651e+07 	
1.35000000e+06 	 1.767960e-03 	 7.228867e+07 	
1.37000000e+06 	 1.648653e-03 	 7.070965e+07 	
1.39000000e+06 	 1.539493e-03 	 6.919525e+07 	
1.41000000e+06 	 1.439506e-03 	 6.774169e+07 	
1.43000000e+06 	 1.347723e-03 	 6.634542e+07 	
1.45000000e+06 	 1.263392e-03 	 6.500320e+07 	
1.47000000e+06 	 1.185702e-03 	 6.371195e+07 	
1.49000000e+06 	 1.114101e-03 	 6.246894e+07 	
1.51000000e+06 	 1.047932e-03 	 6.127148e+07 	
1.54000000e+06 	 9.579734e-04 	 5.955562e+07 	
1.56000000e+06 	 9.034588e-04 	 5.846197e+07 	
1.58000000e+06 	 8.529163e-04 	 5.740618e+07 	
1.61000000e+06 	 7.836876e-04 	 5.588925e+07 	
1.63000000e+06 	 7.415312e-04 	 5.491998e+07 	
1.65000000e+06 	 7.022703e-04 	 5.398245e+07 	
1.68000000e+06 	 6.482698e-04 	 5.263235e+07 	
1.70000000e+06 	 6.152230e-04 	 5.176774e+07 	
1.72000000e+06 	 5.843183e-04 	 5.092998e+07 	
1.75000000e+06 	 5.416348e-04 	 4.972106e+07 	
1.77000000e+06 	 5.153867e-04 	 4.894528e+07 	
1.79000000e+06 	 4.907844e-04 	 4.819246e+07 	
1.82000000e+06 	 4.566231e-04 	 4.710401e+07 	
1.85000000e+06 	 4.254692e-04 	 4.606184e+07 	
1.87000000e+06 	 4.062102e-04 	 4.539136e+07 	
1.90000000e+06 	 3.794021e-04 	 4.442017e+07 	
1.92000000e+06 	 3.628065e-04 	 4.379467e+07 	
1.95000000e+06 	 3.396093e-04 	 4.288755e+07 	
1.98000000e+06 	 3.182950e-04 	 4.201594e+07 	
2.00000000e+06 	 3.050417e-04 	 4.145360e+07 	
2.03000000e+06 	 2.864633e-04 	 4.063677e+07 	
2.06000000e+06 	 2.693345e-04 	 3.985044e+07 	
2.08000000e+06 	 2.586461e-04 	 3.934234e+07 	
2.11000000e+06 	 2.436201e-04 	 3.860322e+07 	
2.14000000e+06 	 2.297045e-04 	 3.789044e+07 	
2.16000000e+06 	 2.209870e-04 	 3.742920e+07 	
2.19000000e+06 	 2.087095e-04 	 3.675738e+07 	
2.22000000e+06 	 1.973081e-04 	 3.610850e+07 	
2.25000000e+06 	 1.866978e-04 	 3.548142e+07 	
2.28000000e+06 	 1.768140e-04 	 3.487507e+07 	
2.31000000e+06 	 1.675977e-04 	 3.428846e+07 	
2.34000000e+06 	 1.589929e-04 	 3.372067e+07 	
2.37000000e+06 	 1.509557e-04 	 3.317084e+07 	
2.40000000e+06 	 1.434356e-04 	 3.263812e+07 	
2.43000000e+06 	 1.363964e-04 	 3.212177e+07 	
2.46000000e+06 	 1.297984e-04 	 3.162104e+07 	
2.49000000e+06 	 1.236078e-04 	 3.113525e+07 	
2.52000000e+06 	 1.177953e-04 	 3.066375e+07 	
2.55000000e+06 	 1.123329e-04 	 3.020595e+07 	
2.58000000e+06 	 1.071961e-04 	 2.976126e+07 	
2.61000000e+06 	 1.023597e-04 	 2.932913e+07 	
2.64000000e+06 	 9.780192e-05 	 2.890906e+07 	
2.67000000e+06 	 9.350445e-05 	 2.850055e+07 	
2.70000000e+06 	 8.945028e-05 	 2.810316e+07 	
2.73000000e+06 	 8.562103e-05 	 2.771643e+07 	
2.76000000e+06 	 8.200187e-05 	 2.733995e+07 	
2.79000000e+06 	 7.857851e-05 	 2.697332e+07 	
2.82000000e+06 	 7.533916e-05 	 2.661618e+07 	
2.85000000e+06 	 7.227110e-05 	 2.626817e+07 	
2.88000000e+06 	 6.936318e-05 	 2.592895e+07 	
2.91000000e+06 	 6.660588e-05 	 2.559820e+07 	
2.94000000e+06 	 6.398906e-05 	 2.527561e+07 	
2.97000000e+06 	 6.150464e-05 	 2.496088e+07 	
3.00000000e+06 	 5.914386e-05 	 2.465375e+07 	
3.03000000e+06 	 5.689982e-05 	 2.435394e+07 	
3.06000000e+06 	 5.476509e-05 	 2.406120e+07 	
3.09000000e+06 	 5.273327e-05 	 2.377529e+07 	
3.12000000e+06 	 5.079826e-05 	 2.349598e+07 	
3.15000000e+06 	 4.895469e-05 	 2.322305e+07 	
3.18000000e+06 	 4.719703e-05 	 2.295628e+07 	
3.21000000e+06 	 4.552066e-05 	 2.269547e+07 	
3.24000000e+06 	 4.392083e-05 	 2.244043e+07 	
3.27000000e+06 	 4.239322e-05 	 2.219098e+07 	
3.30000000e+06 	 4.093407e-05 	 2.194693e+07 	
3.33000000e+06 	 3.953947e-05 	 2.170812e+07 	
3.36000000e+06 	 3.820598e-05 	 2.147438e+07 	
3.39000000e+06 	 3.693030e-05 	 2.124556e+07 	
3.42000000e+06 	 3.570947e-05 	 2.102151e+07 	
3.45000000e+06 	 3.454050e-05 	 2.080207e+07 	
3.48000000e+06 	 3.342082e-05 	 2.058712e+07 	
3.51000000e+06 	 3.234780e-05 	 2.037652e+07 	
3.54000000e+06 	 3.131908e-05 	 2.017014e+07 	
3.57000000e+06 	 3.033242e-05 	 1.996786e+07 	
3.60000000e+06 	 2.938576e-05 	 1.976955e+07 	
3.63000000e+06 	 2.847710e-05 	 1.957512e+07 	
3.66000000e+06 	 2.760455e-05 	 1.938444e+07 	
3.69000000e+06 	 2.676637e-05 	 1.919742e+07 	
3.72000000e+06 	 2.596090e-05 	 1.901394e+07 	
3.75000000e+06 	 2.518660e-05 	 1.883392e+07 	
3.78000000e+06 	 2.444198e-05 	 1.865725e+07 	
3.81000000e+06 	 2.372564e-05 	 1.848385e+07 	
3.84000000e+06 	 2.303627e-05 	 1.831362e+07 	
3.87000000e+06 	 2.237261e-05 	 1.814649e+07 	
3.90000000e+06 	 2.173353e-05 	 1.798237e+07 	
3.93000000e+06 	 2.111787e-05 	 1.782119e+07 	
3.96000000e+06 	 2.052460e-05 	 1.766286e+07 	
3.99000000e+06 	 1.995271e-05 	 1.750731e+07 	
4.02000000e+06 	 1.940128e-05 	 1.735447e+07 	
4.05000000e+06 	 1.886939e-05 	 1.720428e+07 	
4.08000000e+06 	 1.835619e-05 	 1.705666e+07 	
4.11000000e+06 	 1.786088e-05 	 1.691155e+07 	
4.14000000e+06 	 1.738269e-05 	 1.676890e+07 	
4.17000000e+06 	 1.692091e-05 	 1.662863e+07 	
4.20000000e+06 	 1.647483e-05 	 1.649070e+07 	
4.23000000e+06 	 1.604380e-05 	 1.635503e+07 	
4.26000000e+06 	 1.562721e-05 	 1.622159e+07 	
4.29000000e+06 	 1.522444e-05 	 1.609032e+07 	
4.32000000e+06 	 1.483495e-05 	 1.596116e+07 	
4.35000000e+06 	 1.445818e-05 	 1.583407e+07 	
4.38000000e+06 	 1.409364e-05 	 1.570899e+07 	
4.41000000e+06 	 1.374084e-05 	 1.558589e+07 	
4.44000000e+06 	 1.339930e-05 	 1.546471e+07 	
4.47000000e+06 	 1.306858e-05 	 1.534542e+07 	
4.50000000e+06 	 1.274828e-05 	 1.522796e+07 	
4.53000000e+06 	 1.243797e-05 	 1.511230e+07 	
4.56000000e+06 	 1.213728e-05 	 1.499840e+07 	
4.59000000e+06 	 1.184584e-05 	 1.488622e+07 	
4.62000000e+06 	 1.156330e-05 	 1.477572e+07 	
4.65000000e+06 	 1.128933e-05 	 1.466687e+07 	
4.68000000e+06 	 1.102360e-05 	 1.455962e+07 	
4.71000000e+06 	 1.076581e-05 	 1.445395e+07 	
4.74000000e+06 	 1.051566e-05 	 1.434982e+07 	
4.77000000e+06 	 1.027289e-05 	 1.424719e+07 	
4.80000000e+06 	 1.003721e-05 	 1.414605e+07 	
4.83000000e+06 	 9.808381e-06 	 1.404634e+07 	
4.86000000e+06 	 9.586146e-06 	 1.394806e+07 	
4.89000000e+06 	 9.370278e-06 	 1.385115e+07 	
4.92000000e+06 	 9.160547e-06 	 1.375561e+07 	
4.95000000e+06 	 8.956741e-06 	 1.366139e+07 	
4.98000000e+06 	 8.758651e-06 	 1.356848e+07 	
5.01000000e+06 	 8.566081e-06 	 1.347684e+07 	
5.04000000e+06 	 8.378840e-06 	 1.338646e+07 	
5.07000000e+06 	 8.196747e-06 	 1.329730e+07 	
5.10000000e+06 	 8.019624e-06 	 1.320934e+07 	
5.13000000e+06 	 7.847308e-06 	 1.312256e+07 	
5.16000000e+06 	 7.679635e-06 	 1.303693e+07 	
5.19000000e+06 	 7.516451e-06 	 1.295244e+07 	
5.22000000e+06 	 7.357606e-06 	 1.286906e+07 	
5.25000000e+06 	 7.202960e-06 	 1.278676e+07 	
5.28000000e+06 	 7.052374e-06 	 1.270554e+07 	
5.31000000e+06 	 6.905717e-06 	 1.262536e+07 	
5.34000000e+06 	 6.762861e-06 	 1.254621e+07 	
5.37000000e+06 	 6.623685e-06 	 1.246808e+07 	
5.40000000e+06 	 6.488072e-06 	 1.239093e+07 	
5.43000000e+06 	 6.355908e-06 	 1.231475e+07 	
5.46000000e+06 	 6.227085e-06 	 1.223953e+07 	
5.49000000e+06 	 6.101499e-06 	 1.216525e+07 	
5.52000000e+06 	 5.979048e-06 	 1.209188e+07 	
5.55000000e+06 	 5.859636e-06 	 1.201942e+07 	
5.58000000e+06 	 5.743169e-06 	 1.194785e+07 	
5.61000000e+06 	 5.629557e-06 	 1.187714e+07 	
5.64000000e+06 	 5.518713e-06 	 1.180730e+07 	
5.67000000e+06 	 5.410555e-06 	 1.173829e+07 	
5.70000000e+06 	 5.305001e-06 	 1.167011e+07 	
5.73000000e+06 	 5.201973e-06 	 1.160274e+07 	
5.76000000e+06 	 5.101397e-06 	 1.153617e+07 	
5.79000000e+06 	 5.003199e-06 	 1.147039e+07 	
5.82000000e+06 	 4.907311e-06 	 1.140537e+07 	
5.85000000e+06 	 4.813665e-06 	 1.134111e+07 	
5.88000000e+06 	 4.722195e-06 	 1.127759e+07 	
5.91000000e+06 	 4.632840e-06 	 1.121481e+07 	
5.94000000e+06 	 4.545538e-06 	 1.115274e+07 	
6.00000000e+06 	 4.376859e-06 	 1.103072e+07 	
6.00050050e+06 	 4.375484e-06 	 1.102972e+07 	
6.00100100e+06 	 4.374110e-06 	 1.102871e+07 	
6.00150150e+06 	 4.372737e-06 	 1.102771e+07 	
6.00200200e+06 	 4.371363e-06 	 1.102670e+07 	
6.00250250e+06 	 4.369991e-06 	 1.102569e+07 	
6.00300300e+06 	 4.368619e-06 	 1.102469e+07 	
6.00350350e+06 	 4.367247e-06 	 1.102368e+07 	
6.00400400e+06 	 4.365876e-06 	 1.102268e+07 	
6.00450450e+06 	 4.364505e-06 	 1.102167e+07 	
6.00500501e+06 	 4.363135e-06 	 1.102067e+07 	
6.00550551e+06 	 4.361766e-06 	 1.101967e+07 	
6.00600601e+06 	 4.360397e-06 	 1.101866e+07 	
6.00650651e+06 	 4.359028e-06 	 1.101766e+07 	
6.00700701e+06 	 4.357660e-06 	 1.101665e+07 	
6.00750751e+06 	 4.356293e-06 	 1.101565e+07 	
6.00800801e+06 	 4.354926e-06 	 1.101465e+07 	
6.00850851e+06 	 4.353559e-06 	 1.101364e+07 	
6.00900901e+06 	 4.352193e-06 	 1.101264e+07 	
6.00950951e+06 	 4.350828e-06 	 1.101164e+07 	
6.01001001e+06 	 4.349463e-06 	 1.101064e+07 	
6.01051051e+06 	 4.348099e-06 	 1.100963e+07 	
6.01101101e+06 	 4.346735e-06 	 1.100863e+07 	
6.01151151e+06 	 4.345372e-06 	 1.100763e+07 	
6.01201201e+06 	 4.344009e-06 	 1.100663e+07 	
6.01251251e+06 	 4.342647e-06 	 1.100563e+07 	
6.01301301e+06 	 4.341285e-06 	 1.100462e+07 	
6.01351351e+06 	 4.339924e-06 	 1.100362e+07 	
6.01401401e+06 	 4.338563e-06 	 1.100262e+07 	
6.01451451e+06 	 4.337203e-06 	 1.100162e+07 	
6.01501502e+06 	 4.335843e-06 	 1.100062e+07 	
6.01551552e+06 	 4.334484e-06 	 1.099962e+07 	
6.01601602e+06 	 4.333125e-06 	 1.099862e+07 	
6.01651652e+06 	 4.331767e-06 	 1.099762e+07 	
6.01701702e+06 	 4.330410e-06 	 1.099662e+07 	
6.01751752e+06 	 4.329053e-06 	 1.099562e+07 	
6.01801802e+06 	 4.327696e-06 	 1.099462e+07 	
6.01851852e+06 	 4.326340e-06 	 1.099362e+07 	
6.01901902e+06 	 4.324984e-06 	 1.099262e+07 	
6.01951952e+06 	 4.323629e-06 	 1.099162e+07 	
6.02002002e+06 	 4.322275e-06 	 1.099062e+07 	
6.02052052e+06 	 4.320921e-06 	 1.098962e+07 	
6.02102102e+06 	 4.319567e-06 	 1.098863e+07 	
6.02152152e+06 	 4.318214e-06 	 1.098763e+07 	
6.02202202e+06 	 4.316862e-06 	 1.098663e+07 	
6.02252252e+06 	 4.315510e-06 	 1.098563e+07 	
6.02302302e+06 	 4.314159e-06 	 1.098463e+07 	
6.02352352e+06 	 4.312808e-06 	 1.098364e+07 	
6.02402402e+06 	 4.311457e-06 	 1.098264e+07 	
6.02452452e+06 	 4.310107e-06 	 1.098164e+07 	
6.02502503e+06 	 4.308758e-06 	 1.098064e+07 	
6.02552553e+06 	 4.307409e-06 	 1.097965e+07 	
6.02602603e+06 	 4.306061e-06 	 1.097865e+07 	
6.02652653e+06 	 4.304713e-06 	 1.097766e+07 	
6.02702703e+06 	 4.303365e-06 	 1.097666e+07 	
6.02752753e+06 	 4.302019e-06 	 1.097566e+07 	
6.02802803e+06 	 4.300672e-06 	 1.097467e+07 	
6.02852853e+06 	 4.299327e-06 	 1.097367e+07 	
6.02902903e+06 	 4.297981e-06 	 1.097268e+07 	
6.02952953e+06 	 4.296636e-06 	 1.097168e+07 	
6.03003003e+06 	 4.295292e-06 	 1.097069e+07 	
6.03053053e+06 	 4.293948e-06 	 1.096969e+07 	
6.03103103e+06 	 4.292605e-06 	 1.096870e+07 	
6.03153153e+06 	 4.291262e-06 	 1.096770e+07 	
6.03203203e+06 	 4.289920e-06 	 1.096671e+07 	
6.03253253e+06 	 4.288578e-06 	 1.096571e+07 	
6.03303303e+06 	 4.287237e-06 	 1.096472e+07 	
6.03353353e+06 	 4.285896e-06 	 1.096373e+07 	
6.03403403e+06 	 4.284556e-06 	 1.096273e+07 	
6.03453453e+06 	 4.283217e-06 	 1.096174e+07 	
6.03503504e+06 	 4.281877e-06 	 1.096075e+07 	
6.03553554e+06 	 4.280539e-06 	 1.095975e+07 	
6.03603604e+06 	 4.279200e-06 	 1.095876e+07 	
6.03653654e+06 	 4.277863e-06 	 1.095777e+07 	
6.03703704e+06 	 4.276526e-06 	 1.095677e+07 	
6.03753754e+06 	 4.275189e-06 	 1.095578e+07 	
6.03803804e+06 	 4.273853e-06 	 1.095479e+07 	
6.03853854e+06 	 4.272517e-06 	 1.095380e+07 	
6.03903904e+06 	 4.271182e-06 	 1.095281e+07 	
6.03953954e+06 	 4.269847e-06 	 1.095182e+07 	
6.04004004e+06 	 4.268513e-06 	 1.095082e+07 	
6.04054054e+06 	 4.267180e-06 	 1.094983e+07 	
6.04104104e+06 	 4.265846e-06 	 1.094884e+07 	
6.04154154e+06 	 4.264514e-06 	 1.094785e+07 	
6.04204204e+06 	 4.263182e-06 	 1.094686e+07 	
6.04254254e+06 	 4.261850e-06 	 1.094587e+07 	
6.04304304e+06 	 4.260519e-06 	 1.094488e+07 	
6.04354354e+06 	 4.259188e-06 	 1.094389e+07 	
6.04404404e+06 	 4.257858e-06 	 1.094290e+07 	
6.04454454e+06 	 4.256529e-06 	 1.094191e+07 	
6.04504505e+06 	 4.255200e-06 	 1.094092e+07 	
6.04554555e+06 	 4.253871e-06 	 1.093993e+07 	
6.04604605e+06 	 4.252543e-06 	 1.093894e+07 	
6.04654655e+06 	 4.251215e-06 	 1.093795e+07 	
6.04704705e+06 	 4.249888e-06 	 1.093696e+07 	
6.04754755e+06 	 4.248562e-06 	 1.093598e+07 	
6.04804805e+06 	 4.247236e-06 	 1.093499e+07 	
6.04854855e+06 	 4.245910e-06 	 1.093400e+07 	
6.04904905e+06 	 4.244585e-06 	 1.093301e+07 	
6.04954955e+06 	 4.243260e-06 	 1.093202e+07 	
6.05005005e+06 	 4.241936e-06 	 1.093104e+07 	
6.05055055e+06 	 4.240613e-06 	 1.093005e+07 	
6.05105105e+06 	 4.239289e-06 	 1.092906e+07 	
6.05155155e+06 	 4.237967e-06 	 1.092807e+07 	
6.05205205e+06 	 4.236645e-06 	 1.092709e+07 	
6.05255255e+06 	 4.235323e-06 	 1.092610e+07 	
6.05305305e+06 	 4.234002e-06 	 1.092511e+07 	
6.05355355e+06 	 4.232682e-06 	 1.092413e+07 	
6.05405405e+06 	 4.231361e-06 	 1.092314e+07 	
6.05455455e+06 	 4.230042e-06 	 1.092216e+07 	
6.05505506e+06 	 4.228723e-06 	 1.092117e+07 	
6.05555556e+06 	 4.227404e-06 	 1.092018e+07 	
6.05605606e+06 	 4.226086e-06 	 1.091920e+07 	
6.05655656e+06 	 4.224768e-06 	 1.091821e+07 	
6.05705706e+06 	 4.223451e-06 	 1.091723e+07 	
6.05755756e+06 	 4.222135e-06 	 1.091624e+07 	
6.05805806e+06 	 4.220819e-06 	 1.091526e+07 	
6.05855856e+06 	 4.219503e-06 	 1.091427e+07 	
6.05905906e+06 	 4.218188e-06 	 1.091329e+07 	
6.05955956e+06 	 4.216873e-06 	 1.091231e+07 	
6.06006006e+06 	 4.215559e-06 	 1.091132e+07 	
6.06056056e+06 	 4.214245e-06 	 1.091034e+07 	
6.06106106e+06 	 4.212932e-06 	 1.090936e+07 	
6.06156156e+06 	 4.211620e-06 	 1.090837e+07 	
6.06206206e+06 	 4.210308e-06 	 1.090739e+07 	
6.06256256e+06 	 4.208996e-06 	 1.090641e+07 	
6.06306306e+06 	 4.207685e-06 	 1.090542e+07 	
6.06356356e+06 	 4.206374e-06 	 1.090444e+07 	
6.06406406e+06 	 4.205064e-06 	 1.090346e+07 	
6.06456456e+06 	 4.203754e-06 	 1.090248e+07 	
6.06506507e+06 	 4.202445e-06 	 1.090149e+07 	
6.06556557e+06 	 4.201136e-06 	 1.090051e+07 	
6.06606607e+06 	 4.199828e-06 	 1.089953e+07 	
6.06656657e+06 	 4.198520e-06 	 1.089855e+07 	
6.06706707e+06 	 4.197213e-06 	 1.089757e+07 	
6.06756757e+06 	 4.195906e-06 	 1.089659e+07 	
6.06806807e+06 	 4.194600e-06 	 1.089560e+07 	
6.06856857e+06 	 4.193294e-06 	 1.089462e+07 	
6.06906907e+06 	 4.191989e-06 	 1.089364e+07 	
6.06956957e+06 	 4.190684e-06 	 1.089266e+07 	
6.07007007e+06 	 4.189380e-06 	 1.089168e+07 	
6.07057057e+06 	 4.188076e-06 	 1.089070e+07 	
6.07107107e+06 	 4.186773e-06 	 1.088972e+07 	
6.07157157e+06 	 4.185470e-06 	 1.088874e+07 	
6.07207207e+06 	 4.184168e-06 	 1.088776e+07 	
6.07257257e+06 	 4.182866e-06 	 1.088678e+07 	
6.07307307e+06 	 4.181565e-06 	 1.088580e+07 	
6.07357357e+06 	 4.180264e-06 	 1.088483e+07 	
6.07407407e+06 	 4.178964e-06 	 1.088385e+07 	
6.07457457e+06 	 4.177664e-06 	 1.088287e+07 	
6.07507508e+06 	 4.176364e-06 	 1.088189e+07 	
6.07557558e+06 	 4.175065e-06 	 1.088091e+07 	
6.07607608e+06 	 4.173767e-06 	 1.087993e+07 	
6.07657658e+06 	 4.172469e-06 	 1.087896e+07 	
6.07707708e+06 	 4.171172e-06 	 1.087798e+07 	
6.07757758e+06 	 4.169875e-06 	 1.087700e+07 	
6.07807808e+06 	 4.168578e-06 	 1.087602e+07 	
6.07857858e+06 	 4.167282e-06 	 1.087505e+07 	
6.07907908e+06 	 4.165987e-06 	 1.087407e+07 	
6.07957958e+06 	 4.164692e-06 	 1.087309e+07 	
6.08008008e+06 	 4.163397e-06 	 1.087212e+07 	
6.08058058e+06 	 4.162103e-06 	 1.087114e+07 	
6.08108108e+06 	 4.160810e-06 	 1.087016e+07 	
6.08158158e+06 	 4.159517e-06 	 1.086919e+07 	
6.08208208e+06 	 4.158224e-06 	 1.086821e+07 	
6.08258258e+06 	 4.156932e-06 	 1.086724e+07 	
6.08308308e+06 	 4.155640e-06 	 1.086626e+07 	
6.08358358e+06 	 4.154349e-06 	 1.086528e+07 	
6.08408408e+06 	 4.153059e-06 	 1.086431e+07 	
6.08458458e+06 	 4.151768e-06 	 1.086333e+07 	
6.08508509e+06 	 4.150479e-06 	 1.086236e+07 	
6.08558559e+06 	 4.149190e-06 	 1.086139e+07 	
6.08608609e+06 	 4.147901e-06 	 1.086041e+07 	
6.08658659e+06 	 4.146613e-06 	 1.085944e+07 	
6.08708709e+06 	 4.145325e-06 	 1.085846e+07 	
6.08758759e+06 	 4.144038e-06 	 1.085749e+07 	
6.08808809e+06 	 4.142751e-06 	 1.085652e+07 	
6.08858859e+06 	 4.141465e-06 	 1.085554e+07 	
6.08908909e+06 	 4.140179e-06 	 1.085457e+07 	
6.08958959e+06 	 4.138894e-06 	 1.085360e+07 	
6.09009009e+06 	 4.137609e-06 	 1.085262e+07 	
6.09059059e+06 	 4.136324e-06 	 1.085165e+07 	
6.09109109e+06 	 4.135040e-06 	 1.085068e+07 	
6.09159159e+06 	 4.133757e-06 	 1.084970e+07 	
6.09209209e+06 	 4.132474e-06 	 1.084873e+07 	
6.09259259e+06 	 4.131192e-06 	 1.084776e+07 	
6.09309309e+06 	 4.129910e-06 	 1.084679e+07 	
6.09359359e+06 	 4.128628e-06 	 1.084582e+07 	
6.09409409e+06 	 4.127347e-06 	 1.084485e+07 	
6.09459459e+06 	 4.126067e-06 	 1.084387e+07 	
6.09509510e+06 	 4.124787e-06 	 1.084290e+07 	
6.09559560e+06 	 4.123507e-06 	 1.084193e+07 	
6.09609610e+06 	 4.122228e-06 	 1.084096e+07 	
6.09659660e+06 	 4.120949e-06 	 1.083999e+07 	
6.09709710e+06 	 4.119671e-06 	 1.083902e+07 	
6.09759760e+06 	 4.118394e-06 	 1.083805e+07 	
6.09809810e+06 	 4.117117e-06 	 1.083708e+07 	
6.09859860e+06 	 4.115840e-06 	 1.083611e+07 	
6.09909910e+06 	 4.114564e-06 	 1.083514e+07 	
6.09959960e+06 	 4.113288e-06 	 1.083417e+07 	
6.10010010e+06 	 4.112013e-06 	 1.083320e+07 	
6.10060060e+06 	 4.110738e-06 	 1.083223e+07 	
6.10110110e+06 	 4.109464e-06 	 1.083126e+07 	
6.10160160e+06 	 4.108190e-06 	 1.083029e+07 	
6.10210210e+06 	 4.106916e-06 	 1.082933e+07 	
6.10260260e+06 	 4.105644e-06 	 1.082836e+07 	
6.10310310e+06 	 4.104371e-06 	 1.082739e+07 	
6.10360360e+06 	 4.103099e-06 	 1.082642e+07 	
6.10410410e+06 	 4.101828e-06 	 1.082545e+07 	
6.10460460e+06 	 4.100557e-06 	 1.082449e+07 	
6.10510511e+06 	 4.099286e-06 	 1.082352e+07 	
6.10560561e+06 	 4.098016e-06 	 1.082255e+07 	
6.10610611e+06 	 4.096747e-06 	 1.082158e+07 	
6.10660661e+06 	 4.095478e-06 	 1.082062e+07 	
6.10710711e+06 	 4.094209e-06 	 1.081965e+07 	
6.10760761e+06 	 4.092941e-06 	 1.081868e+07 	
6.10810811e+06 	 4.091673e-06 	 1.081772e+07 	
6.10860861e+06 	 4.090406e-06 	 1.081675e+07 	
6.10910911e+06 	 4.089139e-06 	 1.081578e+07 	
6.10960961e+06 	 4.087873e-06 	 1.081482e+07 	
6.11011011e+06 	 4.086607e-06 	 1.081385e+07 	
6.11061061e+06 	 4.085342e-06 	 1.081289e+07 	
6.11111111e+06 	 4.084077e-06 	 1.081192e+07 	
6.11161161e+06 	 4.082813e-06 	 1.081096e+07 	
6.11211211e+06 	 4.081549e-06 	 1.080999e+07 	
6.11261261e+06 	 4.080286e-06 	 1.080903e+07 	
6.11311311e+06 	 4.079023e-06 	 1.080806e+07 	
6.11361361e+06 	 4.077760e-06 	 1.080710e+07 	
6.11411411e+06 	 4.076498e-06 	 1.080613e+07 	
6.11461461e+06 	 4.075237e-06 	 1.080517e+07 	
6.11511512e+06 	 4.073976e-06 	 1.080420e+07 	
6.11561562e+06 	 4.072715e-06 	 1.080324e+07 	
6.11611612e+06 	 4.071455e-06 	 1.080228e+07 	
6.11661662e+06 	 4.070196e-06 	 1.080131e+07 	
6.11711712e+06 	 4.068936e-06 	 1.080035e+07 	
6.11761762e+06 	 4.067678e-06 	 1.079939e+07 	
6.11811812e+06 	 4.066419e-06 	 1.079842e+07 	
6.11861862e+06 	 4.065162e-06 	 1.079746e+07 	
6.11911912e+06 	 4.063904e-06 	 1.079650e+07 	
6.11961962e+06 	 4.062648e-06 	 1.079554e+07 	
6.12012012e+06 	 4.061391e-06 	 1.079457e+07 	
6.12062062e+06 	 4.060135e-06 	 1.079361e+07 	
6.12112112e+06 	 4.058880e-06 	 1.079265e+07 	
6.12162162e+06 	 4.057625e-06 	 1.079169e+07 	
6.12212212e+06 	 4.056371e-06 	 1.079073e+07 	
6.12262262e+06 	 4.055117e-06 	 1.078977e+07 	
6.12312312e+06 	 4.053863e-06 	 1.078881e+07 	
6.12362362e+06 	 4.052610e-06 	 1.078784e+07 	
6.12412412e+06 	 4.051357e-06 	 1.078688e+07 	
6.12462462e+06 	 4.050105e-06 	 1.078592e+07 	
6.12512513e+06 	 4.048854e-06 	 1.078496e+07 	
6.12562563e+06 	 4.047602e-06 	 1.078400e+07 	
6.12612613e+06 	 4.046352e-06 	 1.078304e+07 	
6.12662663e+06 	 4.045101e-06 	 1.078208e+07 	
6.12712713e+06 	 4.043851e-06 	 1.078112e+07 	
6.12762763e+06 	 4.042602e-06 	 1.078016e+07 	
6.12812813e+06 	 4.041353e-06 	 1.077920e+07 	
6.12862863e+06 	 4.040105e-06 	 1.077824e+07 	
6.12912913e+06 	 4.038857e-06 	 1.077729e+07 	
6.12962963e+06 	 4.037609e-06 	 1.077633e+07 	
6.13013013e+06 	 4.036362e-06 	 1.077537e+07 	
6.13063063e+06 	 4.035116e-06 	 1.077441e+07 	
6.13113113e+06 	 4.033870e-06 	 1.077345e+07 	
6.13163163e+06 	 4.032624e-06 	 1.077249e+07 	
6.13213213e+06 	 4.031379e-06 	 1.077154e+07 	
6.13263263e+06 	 4.030134e-06 	 1.077058e+07 	
6.13313313e+06 	 4.028890e-06 	 1.076962e+07 	
6.13363363e+06 	 4.027646e-06 	 1.076866e+07 	
6.13413413e+06 	 4.026403e-06 	 1.076771e+07 	
6.13463463e+06 	 4.025160e-06 	 1.076675e+07 	
6.13513514e+06 	 4.023918e-06 	 1.076579e+07 	
6.13563564e+06 	 4.022676e-06 	 1.076484e+07 	
6.13613614e+06 	 4.021434e-06 	 1.076388e+07 	
6.13663664e+06 	 4.020193e-06 	 1.076292e+07 	
6.13713714e+06 	 4.018953e-06 	 1.076197e+07 	
6.13763764e+06 	 4.017713e-06 	 1.076101e+07 	
6.13813814e+06 	 4.016473e-06 	 1.076005e+07 	
6.13863864e+06 	 4.015234e-06 	 1.075910e+07 	
6.13913914e+06 	 4.013995e-06 	 1.075814e+07 	
6.13963964e+06 	 4.012757e-06 	 1.075719e+07 	
6.14014014e+06 	 4.011519e-06 	 1.075623e+07 	
6.14064064e+06 	 4.010282e-06 	 1.075528e+07 	
6.14114114e+06 	 4.009045e-06 	 1.075432e+07 	
6.14164164e+06 	 4.007808e-06 	 1.075337e+07 	
6.14214214e+06 	 4.006572e-06 	 1.075241e+07 	
6.14264264e+06 	 4.005337e-06 	 1.075146e+07 	
6.14314314e+06 	 4.004102e-06 	 1.075051e+07 	
6.14364364e+06 	 4.002867e-06 	 1.074955e+07 	
6.14414414e+06 	 4.001633e-06 	 1.074860e+07 	
6.14464464e+06 	 4.000400e-06 	 1.074765e+07 	
6.14514515e+06 	 3.999166e-06 	 1.074669e+07 	
6.14564565e+06 	 3.997934e-06 	 1.074574e+07 	
6.14614615e+06 	 3.996701e-06 	 1.074479e+07 	
6.14664665e+06 	 3.995470e-06 	 1.074383e+07 	
6.14714715e+06 	 3.994238e-06 	 1.074288e+07 	
6.14764765e+06 	 3.993007e-06 	 1.074193e+07 	
6.14814815e+06 	 3.991777e-06 	 1.074098e+07 	
6.14864865e+06 	 3.990547e-06 	 1.074002e+07 	
6.14914915e+06 	 3.989317e-06 	 1.073907e+07 	
6.14964965e+06 	 3.988088e-06 	 1.073812e+07 	
6.15015015e+06 	 3.986859e-06 	 1.073717e+07 	
6.15065065e+06 	 3.985631e-06 	 1.073622e+07 	
6.15115115e+06 	 3.984404e-06 	 1.073527e+07 	
6.15165165e+06 	 3.983176e-06 	 1.073431e+07 	
6.15215215e+06 	 3.981949e-06 	 1.073336e+07 	
6.15265265e+06 	 3.980723e-06 	 1.073241e+07 	
6.15315315e+06 	 3.979497e-06 	 1.073146e+07 	
6.15365365e+06 	 3.978272e-06 	 1.073051e+07 	
6.15415415e+06 	 3.977047e-06 	 1.072956e+07 	
6.15465465e+06 	 3.975822e-06 	 1.072861e+07 	
6.15515516e+06 	 3.974598e-06 	 1.072766e+07 	
6.15565566e+06 	 3.973374e-06 	 1.072671e+07 	
6.15615616e+06 	 3.972151e-06 	 1.072576e+07 	
6.15665666e+06 	 3.970928e-06 	 1.072481e+07 	
6.15715716e+06 	 3.969706e-06 	 1.072387e+07 	
6.15765766e+06 	 3.968484e-06 	 1.072292e+07 	
6.15815816e+06 	 3.967263e-06 	 1.072197e+07 	
6.15865866e+06 	 3.966042e-06 	 1.072102e+07 	
6.15915916e+06 	 3.964822e-06 	 1.072007e+07 	
6.15965966e+06 	 3.963602e-06 	 1.071912e+07 	
6.16016016e+06 	 3.962382e-06 	 1.071817e+07 	
6.16066066e+06 	 3.961163e-06 	 1.071723e+07 	
6.16116116e+06 	 3.959944e-06 	 1.071628e+07 	
6.16166166e+06 	 3.958726e-06 	 1.071533e+07 	
6.16216216e+06 	 3.957508e-06 	 1.071438e+07 	
6.16266266e+06 	 3.956291e-06 	 1.071344e+07 	
6.16316316e+06 	 3.955074e-06 	 1.071249e+07 	
6.16366366e+06 	 3.953858e-06 	 1.071154e+07 	
6.16416416e+06 	 3.952642e-06 	 1.071060e+07 	
6.16466466e+06 	 3.951426e-06 	 1.070965e+07 	
6.16516517e+06 	 3.950211e-06 	 1.070870e+07 	
6.16566567e+06 	 3.948996e-06 	 1.070776e+07 	
6.16616617e+06 	 3.947782e-06 	 1.070681e+07 	
6.16666667e+06 	 3.946568e-06 	 1.070587e+07 	
6.16716717e+06 	 3.945355e-06 	 1.070492e+07 	
6.16766767e+06 	 3.944142e-06 	 1.070397e+07 	
6.16816817e+06 	 3.942930e-06 	 1.070303e+07 	
6.16866867e+06 	 3.941718e-06 	 1.070208e+07 	
6.16916917e+06 	 3.940507e-06 	 1.070114e+07 	
6.16966967e+06 	 3.939296e-06 	 1.070019e+07 	
6.17017017e+06 	 3.938085e-06 	 1.069925e+07 	
6.17067067e+06 	 3.936875e-06 	 1.069830e+07 	
6.17117117e+06 	 3.935665e-06 	 1.069736e+07 	
6.17167167e+06 	 3.934456e-06 	 1.069642e+07 	
6.17217217e+06 	 3.933247e-06 	 1.069547e+07 	
6.17267267e+06 	 3.932039e-06 	 1.069453e+07 	
6.17317317e+06 	 3.930831e-06 	 1.069359e+07 	
6.17367367e+06 	 3.929623e-06 	 1.069264e+07 	
6.17417417e+06 	 3.928416e-06 	 1.069170e+07 	
6.17467467e+06 	 3.927210e-06 	 1.069076e+07 	
6.17517518e+06 	 3.926003e-06 	 1.068981e+07 	
6.17567568e+06 	 3.924798e-06 	 1.068887e+07 	
6.17617618e+06 	 3.923592e-06 	 1.068793e+07 	
6.17667668e+06 	 3.922388e-06 	 1.068699e+07 	
6.17717718e+06 	 3.921183e-06 	 1.068604e+07 	
6.17767768e+06 	 3.919979e-06 	 1.068510e+07 	
6.17817818e+06 	 3.918776e-06 	 1.068416e+07 	
6.17867868e+06 	 3.917573e-06 	 1.068322e+07 	
6.17917918e+06 	 3.916370e-06 	 1.068228e+07 	
6.17967968e+06 	 3.915168e-06 	 1.068134e+07 	
6.18018018e+06 	 3.913966e-06 	 1.068039e+07 	
6.18068068e+06 	 3.912765e-06 	 1.067945e+07 	
6.18118118e+06 	 3.911564e-06 	 1.067851e+07 	
6.18168168e+06 	 3.910364e-06 	 1.067757e+07 	
6.18218218e+06 	 3.909164e-06 	 1.067663e+07 	
6.18268268e+06 	 3.907965e-06 	 1.067569e+07 	
6.18318318e+06 	 3.906766e-06 	 1.067475e+07 	
6.18368368e+06 	 3.905567e-06 	 1.067381e+07 	
6.18418418e+06 	 3.904369e-06 	 1.067287e+07 	
6.18468468e+06 	 3.903171e-06 	 1.067193e+07 	
6.18518519e+06 	 3.901974e-06 	 1.067099e+07 	
6.18568569e+06 	 3.900777e-06 	 1.067005e+07 	
6.18618619e+06 	 3.899580e-06 	 1.066911e+07 	
6.18668669e+06 	 3.898384e-06 	 1.066818e+07 	
6.18718719e+06 	 3.897189e-06 	 1.066724e+07 	
6.18768769e+06 	 3.895994e-06 	 1.066630e+07 	
6.18818819e+06 	 3.894799e-06 	 1.066536e+07 	
6.18868869e+06 	 3.893605e-06 	 1.066442e+07 	
6.18918919e+06 	 3.892411e-06 	 1.066348e+07 	
6.18968969e+06 	 3.891218e-06 	 1.066255e+07 	
6.19019019e+06 	 3.890025e-06 	 1.066161e+07 	
6.19069069e+06 	 3.888833e-06 	 1.066067e+07 	
6.19119119e+06 	 3.887641e-06 	 1.065973e+07 	
6.19169169e+06 	 3.886449e-06 	 1.065880e+07 	
6.19219219e+06 	 3.885258e-06 	 1.065786e+07 	
6.19269269e+06 	 3.884067e-06 	 1.065692e+07 	
6.19319319e+06 	 3.882877e-06 	 1.065599e+07 	
6.19369369e+06 	 3.881687e-06 	 1.065505e+07 	
6.19419419e+06 	 3.880498e-06 	 1.065411e+07 	
6.19469469e+06 	 3.879309e-06 	 1.065318e+07 	
6.19519520e+06 	 3.878120e-06 	 1.065224e+07 	
6.19569570e+06 	 3.876932e-06 	 1.065130e+07 	
6.19619620e+06 	 3.875744e-06 	 1.065037e+07 	
6.19669670e+06 	 3.874557e-06 	 1.064943e+07 	
6.19719720e+06 	 3.873371e-06 	 1.064850e+07 	
6.19769770e+06 	 3.872184e-06 	 1.064756e+07 	
6.19819820e+06 	 3.870998e-06 	 1.064663e+07 	
6.19869870e+06 	 3.869813e-06 	 1.064569e+07 	
6.19919920e+06 	 3.868628e-06 	 1.064476e+07 	
6.19969970e+06 	 3.867443e-06 	 1.064382e+07 	
6.20020020e+06 	 3.866259e-06 	 1.064289e+07 	
6.20070070e+06 	 3.865075e-06 	 1.064196e+07 	
6.20120120e+06 	 3.863892e-06 	 1.064102e+07 	
6.20170170e+06 	 3.862709e-06 	 1.064009e+07 	
6.20220220e+06 	 3.861527e-06 	 1.063915e+07 	
6.20270270e+06 	 3.860345e-06 	 1.063822e+07 	
6.20320320e+06 	 3.859163e-06 	 1.063729e+07 	
6.20370370e+06 	 3.857982e-06 	 1.063636e+07 	
6.20420420e+06 	 3.856801e-06 	 1.063542e+07 	
6.20470470e+06 	 3.855621e-06 	 1.063449e+07 	
6.20520521e+06 	 3.854441e-06 	 1.063356e+07 	
6.20570571e+06 	 3.853262e-06 	 1.063262e+07 	
6.20620621e+06 	 3.852083e-06 	 1.063169e+07 	
6.20670671e+06 	 3.850905e-06 	 1.063076e+07 	
6.20720721e+06 	 3.849726e-06 	 1.062983e+07 	
6.20770771e+06 	 3.848549e-06 	 1.062890e+07 	
6.20820821e+06 	 3.847372e-06 	 1.062797e+07 	
6.20870871e+06 	 3.846195e-06 	 1.062703e+07 	
6.20920921e+06 	 3.845018e-06 	 1.062610e+07 	
6.20970971e+06 	 3.843843e-06 	 1.062517e+07 	
6.21021021e+06 	 3.842667e-06 	 1.062424e+07 	
6.21071071e+06 	 3.841492e-06 	 1.062331e+07 	
6.21121121e+06 	 3.840317e-06 	 1.062238e+07 	
6.21171171e+06 	 3.839143e-06 	 1.062145e+07 	
6.21221221e+06 	 3.837969e-06 	 1.062052e+07 	
6.21271271e+06 	 3.836796e-06 	 1.061959e+07 	
6.21321321e+06 	 3.835623e-06 	 1.061866e+07 	
6.21371371e+06 	 3.834451e-06 	 1.061773e+07 	
6.21421421e+06 	 3.833279e-06 	 1.061680e+07 	
6.21471471e+06 	 3.832107e-06 	 1.061587e+07 	
6.21521522e+06 	 3.830936e-06 	 1.061494e+07 	
6.21571572e+06 	 3.829765e-06 	 1.061401e+07 	
6.21621622e+06 	 3.828595e-06 	 1.061308e+07 	
6.21671672e+06 	 3.827425e-06 	 1.061216e+07 	
6.21721722e+06 	 3.826255e-06 	 1.061123e+07 	
6.21771772e+06 	 3.825086e-06 	 1.061030e+07 	
6.21821822e+06 	 3.823918e-06 	 1.060937e+07 	
6.21871872e+06 	 3.822749e-06 	 1.060844e+07 	
6.21921922e+06 	 3.821582e-06 	 1.060751e+07 	
6.21971972e+06 	 3.820414e-06 	 1.060659e+07 	
6.22022022e+06 	 3.819247e-06 	 1.060566e+07 	
6.22072072e+06 	 3.818081e-06 	 1.060473e+07 	
6.22122122e+06 	 3.816915e-06 	 1.060380e+07 	
6.22172172e+06 	 3.815749e-06 	 1.060288e+07 	
6.22222222e+06 	 3.814584e-06 	 1.060195e+07 	
6.22272272e+06 	 3.813419e-06 	 1.060102e+07 	
6.22322322e+06 	 3.812255e-06 	 1.060010e+07 	
6.22372372e+06 	 3.811091e-06 	 1.059917e+07 	
6.22422422e+06 	 3.809927e-06 	 1.059825e+07 	
6.22472472e+06 	 3.808764e-06 	 1.059732e+07 	
6.22522523e+06 	 3.807602e-06 	 1.059639e+07 	
6.22572573e+06 	 3.806439e-06 	 1.059547e+07 	
6.22622623e+06 	 3.805277e-06 	 1.059454e+07 	
6.22672673e+06 	 3.804116e-06 	 1.059362e+07 	
6.22722723e+06 	 3.802955e-06 	 1.059269e+07 	
6.22772773e+06 	 3.801795e-06 	 1.059177e+07 	
6.22822823e+06 	 3.800635e-06 	 1.059084e+07 	
6.22872873e+06 	 3.799475e-06 	 1.058992e+07 	
6.22922923e+06 	 3.798316e-06 	 1.058899e+07 	
6.22972973e+06 	 3.797157e-06 	 1.058807e+07 	
6.23023023e+06 	 3.795998e-06 	 1.058715e+07 	
6.23073073e+06 	 3.794840e-06 	 1.058622e+07 	
6.23123123e+06 	 3.793683e-06 	 1.058530e+07 	
6.23173173e+06 	 3.792526e-06 	 1.058437e+07 	
6.23223223e+06 	 3.791369e-06 	 1.058345e+07 	
6.23273273e+06 	 3.790213e-06 	 1.058253e+07 	
6.23323323e+06 	 3.789057e-06 	 1.058160e+07 	
6.23373373e+06 	 3.787901e-06 	 1.058068e+07 	
6.23423423e+06 	 3.786746e-06 	 1.057976e+07 	
6.23473473e+06 	 3.785592e-06 	 1.057884e+07 	
6.23523524e+06 	 3.784437e-06 	 1.057791e+07 	
6.23573574e+06 	 3.783284e-06 	 1.057699e+07 	
6.23623624e+06 	 3.782130e-06 	 1.057607e+07 	
6.23673674e+06 	 3.780977e-06 	 1.057515e+07 	
6.23723724e+06 	 3.779825e-06 	 1.057423e+07 	
6.23773774e+06 	 3.778673e-06 	 1.057330e+07 	
6.23823824e+06 	 3.777521e-06 	 1.057238e+07 	
6.23873874e+06 	 3.776370e-06 	 1.057146e+07 	
6.23923924e+06 	 3.775219e-06 	 1.057054e+07 	
6.23973974e+06 	 3.774068e-06 	 1.056962e+07 	
6.24024024e+06 	 3.772918e-06 	 1.056870e+07 	
6.24074074e+06 	 3.771769e-06 	 1.056778e+07 	
6.24124124e+06 	 3.770620e-06 	 1.056686e+07 	
6.24174174e+06 	 3.769471e-06 	 1.056594e+07 	
6.24224224e+06 	 3.768323e-06 	 1.056502e+07 	
6.24274274e+06 	 3.767175e-06 	 1.056410e+07 	
6.24324324e+06 	 3.766027e-06 	 1.056318e+07 	
6.24374374e+06 	 3.764880e-06 	 1.056226e+07 	
6.24424424e+06 	 3.763734e-06 	 1.056134e+07 	
6.24474474e+06 	 3.762587e-06 	 1.056042e+07 	
6.24524525e+06 	 3.761442e-06 	 1.055950e+07 	
6.24574575e+06 	 3.760296e-06 	 1.055858e+07 	
6.24624625e+06 	 3.759151e-06 	 1.055766e+07 	
6.24674675e+06 	 3.758007e-06 	 1.055674e+07 	
6.24724725e+06 	 3.756862e-06 	 1.055583e+07 	
6.24774775e+06 	 3.755719e-06 	 1.055491e+07 	
6.24824825e+06 	 3.754575e-06 	 1.055399e+07 	
6.24874875e+06 	 3.753433e-06 	 1.055307e+07 	
6.24924925e+06 	 3.752290e-06 	 1.055215e+07 	
6.24974975e+06 	 3.751148e-06 	 1.055124e+07 	
6.25025025e+06 	 3.750006e-06 	 1.055032e+07 	
6.25075075e+06 	 3.748865e-06 	 1.054940e+07 	
6.25125125e+06 	 3.747724e-06 	 1.054848e+07 	
6.25175175e+06 	 3.746584e-06 	 1.054757e+07 	
6.25225225e+06 	 3.745444e-06 	 1.054665e+07 	
6.25275275e+06 	 3.744304e-06 	 1.054573e+07 	
6.25325325e+06 	 3.743165e-06 	 1.054482e+07 	
6.25375375e+06 	 3.742026e-06 	 1.054390e+07 	
6.25425425e+06 	 3.740888e-06 	 1.054299e+07 	
6.25475475e+06 	 3.739750e-06 	 1.054207e+07 	
6.25525526e+06 	 3.738613e-06 	 1.054115e+07 	
6.25575576e+06 	 3.737475e-06 	 1.054024e+07 	
6.25625626e+06 	 3.736339e-06 	 1.053932e+07 	
6.25675676e+06 	 3.735203e-06 	 1.053841e+07 	
6.25725726e+06 	 3.734067e-06 	 1.053749e+07 	
6.25775776e+06 	 3.732931e-06 	 1.053658e+07 	
6.25825826e+06 	 3.731796e-06 	 1.053566e+07 	
6.25875876e+06 	 3.730662e-06 	 1.053475e+07 	
6.25925926e+06 	 3.729527e-06 	 1.053383e+07 	
6.25975976e+06 	 3.728394e-06 	 1.053292e+07 	
6.26026026e+06 	 3.727260e-06 	 1.053201e+07 	
6.26076076e+06 	 3.726127e-06 	 1.053109e+07 	
6.26126126e+06 	 3.724995e-06 	 1.053018e+07 	
6.26176176e+06 	 3.723863e-06 	 1.052926e+07 	
6.26226226e+06 	 3.722731e-06 	 1.052835e+07 	
6.26276276e+06 	 3.721599e-06 	 1.052744e+07 	
6.26326326e+06 	 3.720469e-06 	 1.052652e+07 	
6.26376376e+06 	 3.719338e-06 	 1.052561e+07 	
6.26426426e+06 	 3.718208e-06 	 1.052470e+07 	
6.26476476e+06 	 3.717078e-06 	 1.052379e+07 	
6.26526527e+06 	 3.715949e-06 	 1.052287e+07 	
6.26576577e+06 	 3.714820e-06 	 1.052196e+07 	
6.26626627e+06 	 3.713692e-06 	 1.052105e+07 	
6.26676677e+06 	 3.712564e-06 	 1.052014e+07 	
6.26726727e+06 	 3.711436e-06 	 1.051923e+07 	
6.26776777e+06 	 3.710309e-06 	 1.051831e+07 	
6.26826827e+06 	 3.709182e-06 	 1.051740e+07 	
6.26876877e+06 	 3.708055e-06 	 1.051649e+07 	
6.26926927e+06 	 3.706929e-06 	 1.051558e+07 	
6.26976977e+06 	 3.705804e-06 	 1.051467e+07 	
6.27027027e+06 	 3.704679e-06 	 1.051376e+07 	
6.27077077e+06 	 3.703554e-06 	 1.051285e+07 	
6.27127127e+06 	 3.702430e-06 	 1.051194e+07 	
6.27177177e+06 	 3.701306e-06 	 1.051103e+07 	
6.27227227e+06 	 3.700182e-06 	 1.051012e+07 	
6.27277277e+06 	 3.699059e-06 	 1.050921e+07 	
6.27327327e+06 	 3.697936e-06 	 1.050830e+07 	
6.27377377e+06 	 3.696814e-06 	 1.050739e+07 	
6.27427427e+06 	 3.695692e-06 	 1.050648e+07 	
6.27477477e+06 	 3.694570e-06 	 1.050557e+07 	
6.27527528e+06 	 3.693449e-06 	 1.050466e+07 	
6.27577578e+06 	 3.692328e-06 	 1.050375e+07 	
6.27627628e+06 	 3.691208e-06 	 1.050284e+07 	
6.27677678e+06 	 3.690088e-06 	 1.050193e+07 	
6.27727728e+06 	 3.688969e-06 	 1.050103e+07 	
6.27777778e+06 	 3.687850e-06 	 1.050012e+07 	
6.27827828e+06 	 3.686731e-06 	 1.049921e+07 	
6.27877878e+06 	 3.685613e-06 	 1.049830e+07 	
6.27927928e+06 	 3.684495e-06 	 1.049739e+07 	
6.27977978e+06 	 3.683377e-06 	 1.049649e+07 	
6.28028028e+06 	 3.682260e-06 	 1.049558e+07 	
6.28078078e+06 	 3.681143e-06 	 1.049467e+07 	
6.28128128e+06 	 3.680027e-06 	 1.049376e+07 	
6.28178178e+06 	 3.678911e-06 	 1.049286e+07 	
6.28228228e+06 	 3.677796e-06 	 1.049195e+07 	
6.28278278e+06 	 3.676681e-06 	 1.049104e+07 	
6.28328328e+06 	 3.675566e-06 	 1.049014e+07 	
6.28378378e+06 	 3.674452e-06 	 1.048923e+07 	
6.28428428e+06 	 3.673338e-06 	 1.048832e+07 	
6.28478478e+06 	 3.672225e-06 	 1.048742e+07 	
6.28528529e+06 	 3.671112e-06 	 1.048651e+07 	
6.28578579e+06 	 3.669999e-06 	 1.048561e+07 	
6.28628629e+06 	 3.668887e-06 	 1.048470e+07 	
6.28678679e+06 	 3.667775e-06 	 1.048379e+07 	
6.28728729e+06 	 3.666663e-06 	 1.048289e+07 	
6.28778779e+06 	 3.665552e-06 	 1.048198e+07 	
6.28828829e+06 	 3.664442e-06 	 1.048108e+07 	
6.28878879e+06 	 3.663331e-06 	 1.048018e+07 	
6.28928929e+06 	 3.662222e-06 	 1.047927e+07 	
6.28978979e+06 	 3.661112e-06 	 1.047837e+07 	
6.29029029e+06 	 3.660003e-06 	 1.047746e+07 	
6.29079079e+06 	 3.658895e-06 	 1.047656e+07 	
6.29129129e+06 	 3.657786e-06 	 1.047565e+07 	
6.29179179e+06 	 3.656678e-06 	 1.047475e+07 	
6.29229229e+06 	 3.655571e-06 	 1.047385e+07 	
6.29279279e+06 	 3.654464e-06 	 1.047294e+07 	
6.29329329e+06 	 3.653357e-06 	 1.047204e+07 	
6.29379379e+06 	 3.652251e-06 	 1.047114e+07 	
6.29429429e+06 	 3.651145e-06 	 1.047023e+07 	
6.29479479e+06 	 3.650040e-06 	 1.046933e+07 	
6.29529530e+06 	 3.648935e-06 	 1.046843e+07 	
6.29579580e+06 	 3.647830e-06 	 1.046753e+07 	
6.29629630e+06 	 3.646726e-06 	 1.046662e+07 	
6.29679680e+06 	 3.645622e-06 	 1.046572e+07 	
6.29729730e+06 	 3.644519e-06 	 1.046482e+07 	
6.29779780e+06 	 3.643416e-06 	 1.046392e+07 	
6.29829830e+06 	 3.642313e-06 	 1.046302e+07 	
6.29879880e+06 	 3.641211e-06 	 1.046211e+07 	
6.29929930e+06 	 3.640109e-06 	 1.046121e+07 	
6.29979980e+06 	 3.639007e-06 	 1.046031e+07 	
6.30030030e+06 	 3.637906e-06 	 1.045941e+07 	
6.30080080e+06 	 3.636806e-06 	 1.045851e+07 	
6.30130130e+06 	 3.635705e-06 	 1.045761e+07 	
6.30180180e+06 	 3.634606e-06 	 1.045671e+07 	
6.30230230e+06 	 3.633506e-06 	 1.045581e+07 	
6.30280280e+06 	 3.632407e-06 	 1.045491e+07 	
6.30330330e+06 	 3.631308e-06 	 1.045401e+07 	
6.30380380e+06 	 3.630210e-06 	 1.045311e+07 	
6.30430430e+06 	 3.629112e-06 	 1.045221e+07 	
6.30480480e+06 	 3.628015e-06 	 1.045131e+07 	
6.30530531e+06 	 3.626918e-06 	 1.045041e+07 	
6.30580581e+06 	 3.625821e-06 	 1.044951e+07 	
6.30630631e+06 	 3.624725e-06 	 1.044861e+07 	
6.30680681e+06 	 3.623629e-06 	 1.044771e+07 	
6.30730731e+06 	 3.622533e-06 	 1.044681e+07 	
6.30780781e+06 	 3.621438e-06 	 1.044592e+07 	
6.30830831e+06 	 3.620343e-06 	 1.044502e+07 	
6.30880881e+06 	 3.619249e-06 	 1.044412e+07 	
6.30930931e+06 	 3.618155e-06 	 1.044322e+07 	
6.30980981e+06 	 3.617061e-06 	 1.044232e+07 	
6.31031031e+06 	 3.615968e-06 	 1.044143e+07 	
6.31081081e+06 	 3.614875e-06 	 1.044053e+07 	
6.31131131e+06 	 3.613783e-06 	 1.043963e+07 	
6.31181181e+06 	 3.612691e-06 	 1.043873e+07 	
6.31231231e+06 	 3.611600e-06 	 1.043784e+07 	
6.31281281e+06 	 3.610508e-06 	 1.043694e+07 	
6.31331331e+06 	 3.609418e-06 	 1.043604e+07 	
6.31381381e+06 	 3.608327e-06 	 1.043515e+07 	
6.31431431e+06 	 3.607237e-06 	 1.043425e+07 	
6.31481481e+06 	 3.606147e-06 	 1.043335e+07 	
6.31531532e+06 	 3.605058e-06 	 1.043246e+07 	
6.31581582e+06 	 3.603969e-06 	 1.043156e+07 	
6.31631632e+06 	 3.602881e-06 	 1.043066e+07 	
6.31681682e+06 	 3.601793e-06 	 1.042977e+07 	
6.31731732e+06 	 3.600705e-06 	 1.042887e+07 	
6.31781782e+06 	 3.599618e-06 	 1.042798e+07 	
6.31831832e+06 	 3.598531e-06 	 1.042708e+07 	
6.31881882e+06 	 3.597445e-06 	 1.042619e+07 	
6.31931932e+06 	 3.596358e-06 	 1.042529e+07 	
6.31981982e+06 	 3.595273e-06 	 1.042440e+07 	
6.32032032e+06 	 3.594187e-06 	 1.042350e+07 	
6.32082082e+06 	 3.593103e-06 	 1.042261e+07 	
6.32132132e+06 	 3.592018e-06 	 1.042172e+07 	
6.32182182e+06 	 3.590934e-06 	 1.042082e+07 	
6.32232232e+06 	 3.589850e-06 	 1.041993e+07 	
6.32282282e+06 	 3.588767e-06 	 1.041903e+07 	
6.32332332e+06 	 3.587684e-06 	 1.041814e+07 	
6.32382382e+06 	 3.586601e-06 	 1.041725e+07 	
6.32432432e+06 	 3.585519e-06 	 1.041635e+07 	
6.32482482e+06 	 3.584437e-06 	 1.041546e+07 	
6.32532533e+06 	 3.583356e-06 	 1.041457e+07 	
6.32582583e+06 	 3.582275e-06 	 1.041367e+07 	
6.32632633e+06 	 3.581194e-06 	 1.041278e+07 	
6.32682683e+06 	 3.580114e-06 	 1.041189e+07 	
6.32732733e+06 	 3.579034e-06 	 1.041100e+07 	
6.32782783e+06 	 3.577954e-06 	 1.041010e+07 	
6.32832833e+06 	 3.576875e-06 	 1.040921e+07 	
6.32882883e+06 	 3.575796e-06 	 1.040832e+07 	
6.32932933e+06 	 3.574718e-06 	 1.040743e+07 	
6.32982983e+06 	 3.573640e-06 	 1.040654e+07 	
6.33033033e+06 	 3.572563e-06 	 1.040565e+07 	
6.33083083e+06 	 3.571485e-06 	 1.040476e+07 	
6.33133133e+06 	 3.570409e-06 	 1.040386e+07 	
6.33183183e+06 	 3.569332e-06 	 1.040297e+07 	
6.33233233e+06 	 3.568256e-06 	 1.040208e+07 	
6.33283283e+06 	 3.567181e-06 	 1.040119e+07 	
6.33333333e+06 	 3.566105e-06 	 1.040030e+07 	
6.33383383e+06 	 3.565030e-06 	 1.039941e+07 	
6.33433433e+06 	 3.563956e-06 	 1.039852e+07 	
6.33483483e+06 	 3.562882e-06 	 1.039763e+07 	
6.33533534e+06 	 3.561808e-06 	 1.039674e+07 	
6.33583584e+06 	 3.560735e-06 	 1.039585e+07 	
6.33633634e+06 	 3.559662e-06 	 1.039496e+07 	
6.33683684e+06 	 3.558589e-06 	 1.039407e+07 	
6.33733734e+06 	 3.557517e-06 	 1.039318e+07 	
6.33783784e+06 	 3.556445e-06 	 1.039230e+07 	
6.33833834e+06 	 3.555374e-06 	 1.039141e+07 	
6.33883884e+06 	 3.554303e-06 	 1.039052e+07 	
6.33933934e+06 	 3.553232e-06 	 1.038963e+07 	
6.33983984e+06 	 3.552162e-06 	 1.038874e+07 	
6.34034034e+06 	 3.551092e-06 	 1.038785e+07 	
6.34084084e+06 	 3.550023e-06 	 1.038696e+07 	
6.34134134e+06 	 3.548954e-06 	 1.038608e+07 	
6.34184184e+06 	 3.547885e-06 	 1.038519e+07 	
6.34234234e+06 	 3.546817e-06 	 1.038430e+07 	
6.34284284e+06 	 3.545749e-06 	 1.038341e+07 	
6.34334334e+06 	 3.544681e-06 	 1.038253e+07 	
6.34384384e+06 	 3.543614e-06 	 1.038164e+07 	
6.34434434e+06 	 3.542547e-06 	 1.038075e+07 	
6.34484484e+06 	 3.541481e-06 	 1.037987e+07 	
6.34534535e+06 	 3.540415e-06 	 1.037898e+07 	
6.34584585e+06 	 3.539349e-06 	 1.037809e+07 	
6.34634635e+06 	 3.538284e-06 	 1.037721e+07 	
6.34684685e+06 	 3.537219e-06 	 1.037632e+07 	
6.34734735e+06 	 3.536154e-06 	 1.037543e+07 	
6.34784785e+06 	 3.535090e-06 	 1.037455e+07 	
6.34834835e+06 	 3.534026e-06 	 1.037366e+07 	
6.34884885e+06 	 3.532963e-06 	 1.037278e+07 	
6.34934935e+06 	 3.531900e-06 	 1.037189e+07 	
6.34984985e+06 	 3.530837e-06 	 1.037101e+07 	
6.35035035e+06 	 3.529775e-06 	 1.037012e+07 	
6.35085085e+06 	 3.528713e-06 	 1.036924e+07 	
6.35135135e+06 	 3.527652e-06 	 1.036835e+07 	
6.35185185e+06 	 3.526591e-06 	 1.036747e+07 	
6.35235235e+06 	 3.525530e-06 	 1.036658e+07 	
6.35285285e+06 	 3.524469e-06 	 1.036570e+07 	
6.35335335e+06 	 3.523410e-06 	 1.036482e+07 	
6.35385385e+06 	 3.522350e-06 	 1.036393e+07 	
6.35435435e+06 	 3.521291e-06 	 1.036305e+07 	
6.35485485e+06 	 3.520232e-06 	 1.036216e+07 	
6.35535536e+06 	 3.519173e-06 	 1.036128e+07 	
6.35585586e+06 	 3.518115e-06 	 1.036040e+07 	
6.35635636e+06 	 3.517058e-06 	 1.035951e+07 	
6.35685686e+06 	 3.516000e-06 	 1.035863e+07 	
6.35735736e+06 	 3.514943e-06 	 1.035775e+07 	
6.35785786e+06 	 3.513887e-06 	 1.035687e+07 	
6.35835836e+06 	 3.512831e-06 	 1.035598e+07 	
6.35885886e+06 	 3.511775e-06 	 1.035510e+07 	
6.35935936e+06 	 3.510719e-06 	 1.035422e+07 	
6.35985986e+06 	 3.509664e-06 	 1.035334e+07 	
6.36036036e+06 	 3.508610e-06 	 1.035246e+07 	
6.36086086e+06 	 3.507555e-06 	 1.035157e+07 	
6.36136136e+06 	 3.506501e-06 	 1.035069e+07 	
6.36186186e+06 	 3.505448e-06 	 1.034981e+07 	
6.36236236e+06 	 3.504395e-06 	 1.034893e+07 	
6.36286286e+06 	 3.503342e-06 	 1.034805e+07 	
6.36336336e+06 	 3.502289e-06 	 1.034717e+07 	
6.36386386e+06 	 3.501237e-06 	 1.034629e+07 	
6.36436436e+06 	 3.500186e-06 	 1.034541e+07 	
6.36486486e+06 	 3.499134e-06 	 1.034453e+07 	
6.36536537e+06 	 3.498083e-06 	 1.034365e+07 	
6.36586587e+06 	 3.497033e-06 	 1.034277e+07 	
6.36636637e+06 	 3.495983e-06 	 1.034189e+07 	
6.36686687e+06 	 3.494933e-06 	 1.034101e+07 	
6.36736737e+06 	 3.493883e-06 	 1.034013e+07 	
6.36786787e+06 	 3.492834e-06 	 1.033925e+07 	
6.36836837e+06 	 3.491785e-06 	 1.033837e+07 	
6.36886887e+06 	 3.490737e-06 	 1.033749e+07 	
6.36936937e+06 	 3.489689e-06 	 1.033661e+07 	
6.36986987e+06 	 3.488642e-06 	 1.033573e+07 	
6.37037037e+06 	 3.487594e-06 	 1.033485e+07 	
6.37087087e+06 	 3.486548e-06 	 1.033397e+07 	
6.37137137e+06 	 3.485501e-06 	 1.033309e+07 	
6.37187187e+06 	 3.484455e-06 	 1.033222e+07 	
6.37237237e+06 	 3.483409e-06 	 1.033134e+07 	
6.37287287e+06 	 3.482364e-06 	 1.033046e+07 	
6.37337337e+06 	 3.481319e-06 	 1.032958e+07 	
6.37387387e+06 	 3.480274e-06 	 1.032870e+07 	
6.37437437e+06 	 3.479230e-06 	 1.032783e+07 	
6.37487487e+06 	 3.478186e-06 	 1.032695e+07 	
6.37537538e+06 	 3.477143e-06 	 1.032607e+07 	
6.37587588e+06 	 3.476100e-06 	 1.032520e+07 	
6.37637638e+06 	 3.475057e-06 	 1.032432e+07 	
6.37687688e+06 	 3.474015e-06 	 1.032344e+07 	
6.37737738e+06 	 3.472973e-06 	 1.032257e+07 	
6.37787788e+06 	 3.471931e-06 	 1.032169e+07 	
6.37837838e+06 	 3.470890e-06 	 1.032081e+07 	
6.37887888e+06 	 3.469849e-06 	 1.031994e+07 	
6.37937938e+06 	 3.468808e-06 	 1.031906e+07 	
6.37987988e+06 	 3.467768e-06 	 1.031818e+07 	
6.38038038e+06 	 3.466728e-06 	 1.031731e+07 	
6.38088088e+06 	 3.465689e-06 	 1.031643e+07 	
6.38138138e+06 	 3.464650e-06 	 1.031556e+07 	
6.38188188e+06 	 3.463611e-06 	 1.031468e+07 	
6.38238238e+06 	 3.462573e-06 	 1.031381e+07 	
6.38288288e+06 	 3.461535e-06 	 1.031293e+07 	
6.38338338e+06 	 3.460497e-06 	 1.031206e+07 	
6.38388388e+06 	 3.459460e-06 	 1.031118e+07 	
6.38438438e+06 	 3.458423e-06 	 1.031031e+07 	
6.38488488e+06 	 3.457387e-06 	 1.030944e+07 	
6.38538539e+06 	 3.456351e-06 	 1.030856e+07 	
6.38588589e+06 	 3.455315e-06 	 1.030769e+07 	
6.38638639e+06 	 3.454279e-06 	 1.030681e+07 	
6.38688689e+06 	 3.453244e-06 	 1.030594e+07 	
6.38738739e+06 	 3.452210e-06 	 1.030507e+07 	
6.38788789e+06 	 3.451176e-06 	 1.030419e+07 	
6.38838839e+06 	 3.450142e-06 	 1.030332e+07 	
6.38888889e+06 	 3.449108e-06 	 1.030245e+07 	
6.38938939e+06 	 3.448075e-06 	 1.030157e+07 	
6.38988989e+06 	 3.447042e-06 	 1.030070e+07 	
6.39039039e+06 	 3.446010e-06 	 1.029983e+07 	
6.39089089e+06 	 3.444978e-06 	 1.029896e+07 	
6.39139139e+06 	 3.443946e-06 	 1.029808e+07 	
6.39189189e+06 	 3.442915e-06 	 1.029721e+07 	
6.39239239e+06 	 3.441884e-06 	 1.029634e+07 	
6.39289289e+06 	 3.440853e-06 	 1.029547e+07 	
6.39339339e+06 	 3.439823e-06 	 1.029460e+07 	
6.39389389e+06 	 3.438793e-06 	 1.029373e+07 	
6.39439439e+06 	 3.437763e-06 	 1.029285e+07 	
6.39489489e+06 	 3.436734e-06 	 1.029198e+07 	
6.39539540e+06 	 3.435705e-06 	 1.029111e+07 	
6.39589590e+06 	 3.434677e-06 	 1.029024e+07 	
6.39639640e+06 	 3.433649e-06 	 1.028937e+07 	
6.39689690e+06 	 3.432621e-06 	 1.028850e+07 	
6.39739740e+06 	 3.431594e-06 	 1.028763e+07 	
6.39789790e+06 	 3.430567e-06 	 1.028676e+07 	
6.39839840e+06 	 3.429540e-06 	 1.028589e+07 	
6.39889890e+06 	 3.428514e-06 	 1.028502e+07 	
6.39939940e+06 	 3.427488e-06 	 1.028415e+07 	
6.39989990e+06 	 3.426463e-06 	 1.028328e+07 	
6.40040040e+06 	 3.425438e-06 	 1.028241e+07 	
6.40090090e+06 	 3.424413e-06 	 1.028154e+07 	
6.40140140e+06 	 3.423388e-06 	 1.028067e+07 	
6.40190190e+06 	 3.422364e-06 	 1.027980e+07 	
6.40240240e+06 	 3.421341e-06 	 1.027893e+07 	
6.40290290e+06 	 3.420317e-06 	 1.027807e+07 	
6.40340340e+06 	 3.419294e-06 	 1.027720e+07 	
6.40390390e+06 	 3.418272e-06 	 1.027633e+07 	
6.40440440e+06 	 3.417249e-06 	 1.027546e+07 	
6.40490490e+06 	 3.416227e-06 	 1.027459e+07 	
6.40540541e+06 	 3.415206e-06 	 1.027373e+07 	
6.40590591e+06 	 3.414185e-06 	 1.027286e+07 	
6.40640641e+06 	 3.413164e-06 	 1.027199e+07 	
6.40690691e+06 	 3.412144e-06 	 1.027112e+07 	
6.40740741e+06 	 3.411123e-06 	 1.027026e+07 	
6.40790791e+06 	 3.410104e-06 	 1.026939e+07 	
6.40840841e+06 	 3.409084e-06 	 1.026852e+07 	
6.40890891e+06 	 3.408065e-06 	 1.026765e+07 	
6.40940941e+06 	 3.407047e-06 	 1.026679e+07 	
6.40990991e+06 	 3.406028e-06 	 1.026592e+07 	
6.41041041e+06 	 3.405011e-06 	 1.026505e+07 	
6.41091091e+06 	 3.403993e-06 	 1.026419e+07 	
6.41141141e+06 	 3.402976e-06 	 1.026332e+07 	
6.41191191e+06 	 3.401959e-06 	 1.026246e+07 	
6.41241241e+06 	 3.400942e-06 	 1.026159e+07 	
6.41291291e+06 	 3.399926e-06 	 1.026073e+07 	
6.41341341e+06 	 3.398911e-06 	 1.025986e+07 	
6.41391391e+06 	 3.397895e-06 	 1.025899e+07 	
6.41441441e+06 	 3.396880e-06 	 1.025813e+07 	
6.41491491e+06 	 3.395865e-06 	 1.025726e+07 	
6.41541542e+06 	 3.394851e-06 	 1.025640e+07 	
6.41591592e+06 	 3.393837e-06 	 1.025553e+07 	
6.41641642e+06 	 3.392823e-06 	 1.025467e+07 	
6.41691692e+06 	 3.391810e-06 	 1.025381e+07 	
6.41741742e+06 	 3.390797e-06 	 1.025294e+07 	
6.41791792e+06 	 3.389785e-06 	 1.025208e+07 	
6.41841842e+06 	 3.388773e-06 	 1.025121e+07 	
6.41891892e+06 	 3.387761e-06 	 1.025035e+07 	
6.41941942e+06 	 3.386749e-06 	 1.024949e+07 	
6.41991992e+06 	 3.385738e-06 	 1.024862e+07 	
6.42042042e+06 	 3.384727e-06 	 1.024776e+07 	
6.42092092e+06 	 3.383717e-06 	 1.024690e+07 	
6.42142142e+06 	 3.382707e-06 	 1.024603e+07 	
6.42192192e+06 	 3.381697e-06 	 1.024517e+07 	
6.42242242e+06 	 3.380688e-06 	 1.024431e+07 	
6.42292292e+06 	 3.379679e-06 	 1.024344e+07 	
6.42342342e+06 	 3.378670e-06 	 1.024258e+07 	
6.42392392e+06 	 3.377662e-06 	 1.024172e+07 	
6.42442442e+06 	 3.376654e-06 	 1.024086e+07 	
6.42492492e+06 	 3.375646e-06 	 1.024000e+07 	
6.42542543e+06 	 3.374639e-06 	 1.023913e+07 	
6.42592593e+06 	 3.373632e-06 	 1.023827e+07 	
6.42642643e+06 	 3.372626e-06 	 1.023741e+07 	
6.42692693e+06 	 3.371620e-06 	 1.023655e+07 	
6.42742743e+06 	 3.370614e-06 	 1.023569e+07 	
6.42792793e+06 	 3.369609e-06 	 1.023483e+07 	
6.42842843e+06 	 3.368604e-06 	 1.023397e+07 	
6.42892893e+06 	 3.367599e-06 	 1.023311e+07 	
6.42942943e+06 	 3.366594e-06 	 1.023225e+07 	
6.42992993e+06 	 3.365590e-06 	 1.023138e+07 	
6.43043043e+06 	 3.364587e-06 	 1.023052e+07 	
6.43093093e+06 	 3.363583e-06 	 1.022966e+07 	
6.43143143e+06 	 3.362580e-06 	 1.022880e+07 	
6.43193193e+06 	 3.361578e-06 	 1.022794e+07 	
6.43243243e+06 	 3.360576e-06 	 1.022709e+07 	
6.43293293e+06 	 3.359574e-06 	 1.022623e+07 	
6.43343343e+06 	 3.358572e-06 	 1.022537e+07 	
6.43393393e+06 	 3.357571e-06 	 1.022451e+07 	
6.43443443e+06 	 3.356570e-06 	 1.022365e+07 	
6.43493493e+06 	 3.355570e-06 	 1.022279e+07 	
6.43543544e+06 	 3.354570e-06 	 1.022193e+07 	
6.43593594e+06 	 3.353570e-06 	 1.022107e+07 	
6.43643644e+06 	 3.352570e-06 	 1.022021e+07 	
6.43693694e+06 	 3.351571e-06 	 1.021935e+07 	
6.43743744e+06 	 3.350572e-06 	 1.021850e+07 	
6.43793794e+06 	 3.349574e-06 	 1.021764e+07 	
6.43843844e+06 	 3.348576e-06 	 1.021678e+07 	
6.43893894e+06 	 3.347578e-06 	 1.021592e+07 	
6.43943944e+06 	 3.346581e-06 	 1.021507e+07 	
6.43993994e+06 	 3.345584e-06 	 1.021421e+07 	
6.44044044e+06 	 3.344587e-06 	 1.021335e+07 	
6.44094094e+06 	 3.343591e-06 	 1.021249e+07 	
6.44144144e+06 	 3.342595e-06 	 1.021164e+07 	
6.44194194e+06 	 3.341600e-06 	 1.021078e+07 	
6.44244244e+06 	 3.340604e-06 	 1.020992e+07 	
6.44294294e+06 	 3.339610e-06 	 1.020907e+07 	
6.44344344e+06 	 3.338615e-06 	 1.020821e+07 	
6.44394394e+06 	 3.337621e-06 	 1.020735e+07 	
6.44444444e+06 	 3.336627e-06 	 1.020650e+07 	
6.44494494e+06 	 3.335634e-06 	 1.020564e+07 	
6.44544545e+06 	 3.334640e-06 	 1.020479e+07 	
6.44594595e+06 	 3.333648e-06 	 1.020393e+07 	
6.44644645e+06 	 3.332655e-06 	 1.020308e+07 	
6.44694695e+06 	 3.331663e-06 	 1.020222e+07 	
6.44744745e+06 	 3.330671e-06 	 1.020136e+07 	
6.44794795e+06 	 3.329680e-06 	 1.020051e+07 	
6.44844845e+06 	 3.328689e-06 	 1.019965e+07 	
6.44894895e+06 	 3.327698e-06 	 1.019880e+07 	
6.44944945e+06 	 3.326708e-06 	 1.019795e+07 	
6.44994995e+06 	 3.325718e-06 	 1.019709e+07 	
6.45045045e+06 	 3.324728e-06 	 1.019624e+07 	
6.45095095e+06 	 3.323739e-06 	 1.019538e+07 	
6.45145145e+06 	 3.322750e-06 	 1.019453e+07 	
6.45195195e+06 	 3.321761e-06 	 1.019368e+07 	
6.45245245e+06 	 3.320773e-06 	 1.019282e+07 	
6.45295295e+06 	 3.319785e-06 	 1.019197e+07 	
6.45345345e+06 	 3.318798e-06 	 1.019111e+07 	
6.45395395e+06 	 3.317810e-06 	 1.019026e+07 	
6.45445445e+06 	 3.316823e-06 	 1.018941e+07 	
6.45495495e+06 	 3.315837e-06 	 1.018856e+07 	
6.45545546e+06 	 3.314851e-06 	 1.018770e+07 	
6.45595596e+06 	 3.313865e-06 	 1.018685e+07 	
6.45645646e+06 	 3.312879e-06 	 1.018600e+07 	
6.45695696e+06 	 3.311894e-06 	 1.018515e+07 	
6.45745746e+06 	 3.310909e-06 	 1.018429e+07 	
6.45795796e+06 	 3.309925e-06 	 1.018344e+07 	
6.45845846e+06 	 3.308941e-06 	 1.018259e+07 	
6.45895896e+06 	 3.307957e-06 	 1.018174e+07 	
6.45945946e+06 	 3.306974e-06 	 1.018089e+07 	
6.45995996e+06 	 3.305991e-06 	 1.018003e+07 	
6.46046046e+06 	 3.305008e-06 	 1.017918e+07 	
6.46096096e+06 	 3.304025e-06 	 1.017833e+07 	
6.46146146e+06 	 3.303043e-06 	 1.017748e+07 	
6.46196196e+06 	 3.302062e-06 	 1.017663e+07 	
6.46246246e+06 	 3.301080e-06 	 1.017578e+07 	
6.46296296e+06 	 3.300099e-06 	 1.017493e+07 	
6.46346346e+06 	 3.299119e-06 	 1.017408e+07 	
6.46396396e+06 	 3.298138e-06 	 1.017323e+07 	
6.46446446e+06 	 3.297158e-06 	 1.017238e+07 	
6.46496496e+06 	 3.296179e-06 	 1.017153e+07 	
6.46546547e+06 	 3.295199e-06 	 1.017068e+07 	
6.46596597e+06 	 3.294220e-06 	 1.016983e+07 	
6.46646647e+06 	 3.293242e-06 	 1.016898e+07 	
6.46696697e+06 	 3.292263e-06 	 1.016813e+07 	
6.46746747e+06 	 3.291285e-06 	 1.016728e+07 	
6.46796797e+06 	 3.290308e-06 	 1.016643e+07 	
6.46846847e+06 	 3.289331e-06 	 1.016558e+07 	
6.46896897e+06 	 3.288354e-06 	 1.016473e+07 	
6.46946947e+06 	 3.287377e-06 	 1.016389e+07 	
6.46996997e+06 	 3.286401e-06 	 1.016304e+07 	
6.47047047e+06 	 3.285425e-06 	 1.016219e+07 	
6.47097097e+06 	 3.284449e-06 	 1.016134e+07 	
6.47147147e+06 	 3.283474e-06 	 1.016049e+07 	
6.47197197e+06 	 3.282499e-06 	 1.015964e+07 	
6.47247247e+06 	 3.281525e-06 	 1.015880e+07 	
6.47297297e+06 	 3.280551e-06 	 1.015795e+07 	
6.47347347e+06 	 3.279577e-06 	 1.015710e+07 	
6.47397397e+06 	 3.278603e-06 	 1.015626e+07 	
6.47447447e+06 	 3.277630e-06 	 1.015541e+07 	
6.47497497e+06 	 3.276657e-06 	 1.015456e+07 	
6.47547548e+06 	 3.275685e-06 	 1.015371e+07 	
6.47597598e+06 	 3.274713e-06 	 1.015287e+07 	
6.47647648e+06 	 3.273741e-06 	 1.015202e+07 	
6.47697698e+06 	 3.272769e-06 	 1.015117e+07 	
6.47747748e+06 	 3.271798e-06 	 1.015033e+07 	
6.47797798e+06 	 3.270827e-06 	 1.014948e+07 	
6.47847848e+06 	 3.269857e-06 	 1.014864e+07 	
6.47897898e+06 	 3.268887e-06 	 1.014779e+07 	
6.47947948e+06 	 3.267917e-06 	 1.014694e+07 	
6.47997998e+06 	 3.266948e-06 	 1.014610e+07 	
6.48048048e+06 	 3.265978e-06 	 1.014525e+07 	
6.48098098e+06 	 3.265010e-06 	 1.014441e+07 	
6.48148148e+06 	 3.264041e-06 	 1.014356e+07 	
6.48198198e+06 	 3.263073e-06 	 1.014272e+07 	
6.48248248e+06 	 3.262105e-06 	 1.014187e+07 	
6.48298298e+06 	 3.261138e-06 	 1.014103e+07 	
6.48348348e+06 	 3.260171e-06 	 1.014019e+07 	
6.48398398e+06 	 3.259204e-06 	 1.013934e+07 	
6.48448448e+06 	 3.258238e-06 	 1.013850e+07 	
6.48498498e+06 	 3.257272e-06 	 1.013765e+07 	
6.48548549e+06 	 3.256306e-06 	 1.013681e+07 	
6.48598599e+06 	 3.255340e-06 	 1.013597e+07 	
6.48648649e+06 	 3.254375e-06 	 1.013512e+07 	
6.48698699e+06 	 3.253411e-06 	 1.013428e+07 	
6.48748749e+06 	 3.252446e-06 	 1.013343e+07 	
6.48798799e+06 	 3.251482e-06 	 1.013259e+07 	
6.48848849e+06 	 3.250519e-06 	 1.013175e+07 	
6.48898899e+06 	 3.249555e-06 	 1.013091e+07 	
6.48948949e+06 	 3.248592e-06 	 1.013006e+07 	
6.48998999e+06 	 3.247629e-06 	 1.012922e+07 	
6.49049049e+06 	 3.246667e-06 	 1.012838e+07 	
6.49099099e+06 	 3.245705e-06 	 1.012754e+07 	
6.49149149e+06 	 3.244743e-06 	 1.012669e+07 	
6.49199199e+06 	 3.243782e-06 	 1.012585e+07 	
6.49249249e+06 	 3.242821e-06 	 1.012501e+07 	
6.49299299e+06 	 3.241860e-06 	 1.012417e+07 	
6.49349349e+06 	 3.240900e-06 	 1.012333e+07 	
6.49399399e+06 	 3.239940e-06 	 1.012249e+07 	
6.49449449e+06 	 3.238980e-06 	 1.012164e+07 	
6.49499499e+06 	 3.238021e-06 	 1.012080e+07 	
6.49549550e+06 	 3.237062e-06 	 1.011996e+07 	
6.49599600e+06 	 3.236103e-06 	 1.011912e+07 	
6.49649650e+06 	 3.235145e-06 	 1.011828e+07 	
6.49699700e+06 	 3.234187e-06 	 1.011744e+07 	
6.49749750e+06 	 3.233229e-06 	 1.011660e+07 	
6.49799800e+06 	 3.232271e-06 	 1.011576e+07 	
6.49849850e+06 	 3.231314e-06 	 1.011492e+07 	
6.49899900e+06 	 3.230358e-06 	 1.011408e+07 	
6.49949950e+06 	 3.229401e-06 	 1.011324e+07 	
6.50000000e+06 	 3.228445e-06 	 1.011240e+07 	
6.53284919e+06 	 3.166418e-06 	 1.005761e+07 	
6.56586439e+06 	 3.105478e-06 	 1.000317e+07 	
6.59904644e+06 	 3.045605e-06 	 9.949072e+06 	
6.63239618e+06 	 2.986780e-06 	 9.895317e+06 	
6.66591446e+06 	 2.929142e-06 	 9.841886e+06 	
6.69960213e+06 	 2.872386e-06 	 9.788804e+06 	
6.73346005e+06 	 2.816626e-06 	 9.736057e+06 	
6.76748909e+06 	 2.761701e-06 	 9.683657e+06 	
6.80169009e+06 	 2.707850e-06 	 9.631575e+06 	
6.83606393e+06 	 2.654938e-06 	 9.579822e+06 	
6.87061150e+06 	 2.602946e-06 	 9.528395e+06 	
6.90533365e+06 	 2.552014e-06 	 9.477277e+06 	
6.94023128e+06 	 2.501847e-06 	 9.426492e+06 	
6.97530528e+06 	 2.452558e-06 	 9.376026e+06 	
7.01055653e+06 	 2.403995e-06 	 9.325892e+06 	
7.04598593e+06 	 2.356391e-06 	 9.276061e+06 	
7.08159437e+06 	 2.309616e-06 	 9.226543e+06 	
7.11738278e+06 	 2.263536e-06 	 9.177349e+06 	
7.15335205e+06 	 2.218355e-06 	 9.128452e+06 	
7.18950310e+06 	 2.173959e-06 	 9.079863e+06 	
7.22583684e+06 	 2.130228e-06 	 9.031590e+06 	
7.26235421e+06 	 2.087340e-06 	 8.983611e+06 	
7.29905612e+06 	 2.045194e-06 	 8.935932e+06 	
7.33594351e+06 	 2.003778e-06 	 8.888551e+06 	
7.37301733e+06 	 1.962966e-06 	 8.841483e+06 	
7.41027850e+06 	 1.922950e-06 	 8.794697e+06 	
7.44772799e+06 	 1.883622e-06 	 8.748205e+06 	
7.48536673e+06 	 1.844875e-06 	 8.702017e+06 	
7.52319568e+06 	 1.806872e-06 	 8.656108e+06 	
7.56121582e+06 	 1.769521e-06 	 8.610486e+06 	
7.59942810e+06 	 1.732810e-06 	 8.565151e+06 	
7.63783349e+06 	 1.696627e-06 	 8.520114e+06 	
7.67643297e+06 	 1.661143e-06 	 8.475348e+06 	
7.71522752e+06 	 1.626265e-06 	 8.430862e+06 	
7.75421813e+06 	 1.591893e-06 	 8.386669e+06 	
7.79340579e+06 	 1.558175e-06 	 8.342743e+06 	
7.83279149e+06 	 1.525027e-06 	 8.299092e+06 	
7.87237623e+06 	 1.492365e-06 	 8.255728e+06 	
7.91216103e+06 	 1.460312e-06 	 8.212627e+06 	
7.95214689e+06 	 1.428796e-06 	 8.169797e+06 	
7.99233482e+06 	 1.397807e-06 	 8.127237e+06 	
8.03272585e+06 	 1.367410e-06 	 8.084933e+06 	
8.07332101e+06 	 1.337458e-06 	 8.042906e+06 	
8.11412132e+06 	 1.308005e-06 	 8.001144e+06 	
8.15512783e+06 	 1.279105e-06 	 7.959634e+06 	
8.19634158e+06 	 1.250632e-06 	 7.918396e+06 	
8.23776360e+06 	 1.222631e-06 	 7.877419e+06 	
8.27939496e+06 	 1.195094e-06 	 7.836700e+06 	
8.32123672e+06 	 1.168075e-06 	 7.796227e+06 	
8.36328993e+06 	 1.141449e-06 	 7.756020e+06 	
8.40555566e+06 	 1.115262e-06 	 7.716068e+06 	
8.44803500e+06 	 1.089505e-06 	 7.676370e+06 	
8.49072901e+06 	 1.064233e-06 	 7.636910e+06 	
8.53363879e+06 	 1.039323e-06 	 7.597712e+06 	
8.57676542e+06 	 1.014820e-06 	 7.558764e+06 	
8.62011001e+06 	 9.907704e-07 	 7.520052e+06 	
8.66367364e+06 	 9.670682e-07 	 7.481597e+06 	
8.70745743e+06 	 9.437517e-07 	 7.443387e+06 	
8.75146249e+06 	 9.208134e-07 	 7.405423e+06 	
8.79568995e+06 	 8.982988e-07 	 7.367688e+06 	
8.84014091e+06 	 8.761046e-07 	 7.330207e+06 	
8.88481652e+06 	 8.542686e-07 	 7.292967e+06 	
8.92971791e+06 	 8.328276e-07 	 7.255956e+06 	
8.97484621e+06 	 8.116953e-07 	 7.219194e+06 	
9.02020258e+06 	 7.909024e-07 	 7.182670e+06 	
9.06578817e+06 	 7.704423e-07 	 7.146383e+06 	
9.11160414e+06 	 7.503512e-07 	 7.110320e+06 	
9.15765165e+06 	 7.305457e-07 	 7.074504e+06 	
9.20393187e+06 	 7.110560e-07 	 7.038922e+06 	
9.25044597e+06 	 6.918762e-07 	 7.003574e+06 	
9.29719515e+06 	 6.729600e-07 	 6.968473e+06 	
9.34418058e+06 	 6.543760e-07 	 6.933595e+06 	
9.39140347e+06 	 6.360843e-07 	 6.898950e+06 	
9.43886500e+06 	 6.181124e-07 	 6.864525e+06 	
9.48656639e+06 	 6.003946e-07 	 6.830343e+06 	
9.53450886e+06 	 5.829539e-07 	 6.796393e+06 	
9.58269361e+06 	 5.657855e-07 	 6.762675e+06 	
9.63112187e+06 	 5.489157e-07 	 6.729176e+06 	
9.67979488e+06 	 5.322828e-07 	 6.695919e+06 	
9.72871386e+06 	 5.159089e-07 	 6.662895e+06 	
9.77788007e+06 	 4.997648e-07 	 6.630113e+06 	
9.82729475e+06 	 4.838924e-07 	 6.597556e+06 	
9.87695916e+06 	 4.682663e-07 	 6.565232e+06 	
9.92687456e+06 	 4.528828e-07 	 6.533143e+06 	
9.97704221e+06 	 4.377150e-07 	 6.501300e+06 	
1.00274634e+07 	 4.228025e-07 	 6.469685e+06 	
1.00781394e+07 	 4.081222e-07 	 6.438307e+06 	
1.01290715e+07 	 3.936713e-07 	 6.407169e+06 	
1.01802610e+07 	 3.794253e-07 	 6.376285e+06 	
1.02317092e+07 	 3.654221e-07 	 6.345634e+06 	
1.02834174e+07 	 3.516409e-07 	 6.315228e+06 	
1.03353870e+07 	 3.380629e-07 	 6.285082e+06 	
1.03876191e+07 	 3.247184e-07 	 6.255177e+06 	
1.04401153e+07 	 3.115916e-07 	 6.225526e+06 	
1.04928767e+07 	 2.986820e-07 	 6.196133e+06 	
1.05459048e+07 	 2.860052e-07 	 6.166989e+06 	
1.05992008e+07 	 2.735328e-07 	 6.138119e+06 	
1.06527662e+07 	 2.612793e-07 	 6.109518e+06 	
1.07066023e+07 	 2.492461e-07 	 6.081190e+06 	
1.07607105e+07 	 2.374494e-07 	 6.053127e+06 	
1.08150922e+07 	 2.258660e-07 	 6.025357e+06 	
1.08697486e+07 	 2.145113e-07 	 5.997876e+06 	
1.09246813e+07 	 2.033785e-07 	 5.970701e+06 	
1.09798916e+07 	 1.924924e-07 	 5.943817e+06 	
1.10353809e+07 	 1.818488e-07 	 5.917239e+06 	
1.10911506e+07 	 1.714537e-07 	 5.890975e+06 	
1.11472022e+07 	 1.613234e-07 	 5.865017e+06 	
1.12035371e+07 	 1.514472e-07 	 5.839399e+06 	
1.12601566e+07 	 1.418413e-07 	 5.814116e+06 	
1.13170623e+07 	 1.325065e-07 	 5.789188e+06 	
1.13742556e+07 	 1.234655e-07 	 5.764600e+06 	
1.14317379e+07 	 1.147206e-07 	 5.740371e+06 	
1.14895107e+07 	 1.062869e-07 	 5.716493e+06 	
1.15475755e+07 	 9.816300e-08 	 5.693000e+06 	
1.16059338e+07 	 9.036294e-08 	 5.669887e+06 	
1.16645869e+07 	 8.289996e-08 	 5.647145e+06 	
1.17235365e+07 	 7.577409e-08 	 5.624807e+06 	
1.17827840e+07 	 6.899661e-08 	 5.602866e+06 	
1.18423309e+07 	 6.257042e-08 	 5.581344e+06 	
1.19021787e+07 	 5.650721e-08 	 5.560216e+06 	
1.19623290e+07 	 5.080765e-08 	 5.539495e+06 	
1.20227833e+07 	 4.547076e-08 	 5.519207e+06 	
1.20835431e+07 	 4.050203e-08 	 5.499312e+06 	
1.21446099e+07 	 3.589476e-08 	 5.479849e+06 	
1.22059854e+07 	 3.164876e-08 	 5.460776e+06 	
1.22676711e+07 	 2.775401e-08 	 5.442132e+06 	
1.23296685e+07 	 2.420495e-08 	 5.423866e+06 	
1.23919792e+07 	 2.098684e-08 	 5.406048e+06 	
1.24546048e+07 	 1.809065e-08 	 5.388586e+06 	
1.25175469e+07 	 1.550087e-08 	 5.371460e+06 	
1.25808071e+07 	 1.319877e-08 	 5.354736e+06 	
1.26443870e+07 	 1.116805e-08 	 5.338320e+06 	
1.27082882e+07 	 9.388188e-09 	 5.322294e+06 	
1.27725123e+07 	 7.840899e-09 	 5.306498e+06 	
1.28370610e+07 	 6.504419e-09 	 5.291105e+06 	
1.29019360e+07 	 5.360083e-09 	 5.275827e+06 	
1.29671387e+07 	 4.386862e-09 	 5.260844e+06 	
1.30326710e+07 	 3.565472e-09 	 5.246238e+06 	
1.30985345e+07 	 2.878024e-09 	 5.231811e+06 	
1.31647309e+07 	 2.307174e-09 	 5.217512e+06 	
1.32312618e+07 	 1.836629e-09 	 5.203615e+06 	
1.32981289e+07 	 1.452183e-09 	 5.189504e+06 	
1.33653339e+07 	 1.140200e-09 	 5.175855e+06 	
1.34328786e+07 	 8.891982e-10 	 5.162080e+06 	
1.35007646e+07 	 6.887150e-10 	 5.148575e+06 	
1.35689937e+07 	 5.298517e-10 	 5.135118e+06 	
1.36375676e+07 	 4.049363e-10 	 5.121532e+06 	
1.48868739e+07 	 1.000000e-20 	 4.898256e+06 	
1.62506263e+07 	 1.000000e-20 	 4.685400e+06 	
1.77393089e+07 	 1.000000e-20 	 4.482027e+06 	
1.93643664e+07 	 1.000000e-20 	 4.287683e+06 	
2.11382916e+07 	 1.000000e-20 	 4.101943e+06 	
2.30747220e+07 	 1.000000e-20 	 3.924404e+06 	
2.51885444e+07 	 1.000000e-20 	 3.754684e+06 	
2.74960092e+07 	 1.000000e-20 	 3.592421e+06 	
3.00148556e+07 	 1.000000e-20 	 3.437274e+06 	
3.27644477e+07 	 1.000000e-20 	 3.288917e+06 	
3.57659237e+07 	 1.000000e-20 	 3.147043e+06 	
3.90423580e+07 	 1.000000e-20 	 3.011357e+06 	
4.26189389e+07 	 1.000000e-20 	 2.881581e+06 	
4.65231622e+07 	 1.000000e-20 	 2.757451e+06 	
5.07850424e+07 	 1.000000e-20 	 2.638715e+06 	
5.54373438e+07 	 1.000000e-20 	 2.525131e+06 	
6.05158318e+07 	 1.000000e-20 	 2.416472e+06 	
6.60595484e+07 	 1.000000e-20 	 2.312520e+06 	
7.21111122e+07 	 1.000000e-20 	 2.213067e+06 	
7.87170459e+07 	 1.000000e-20 	 2.117914e+06 	
8.59281340e+07 	 1.000000e-20 	 2.026874e+06 	
9.37998134e+07 	 1.000000e-20 	 1.939765e+06 	
1.02392599e+08 	 1.000000e-20 	 1.856416e+06 	
1.11772551e+08 	 1.000000e-20 	 1.776662e+06 	
1.22011778e+08 	 1.000000e-20 	 1.700347e+06 	
1.33188997e+08 	 1.000000e-20 	 1.627321e+06 	
1.45390136e+08 	 1.000000e-20 	 1.557440e+06 	
1.58708993e+08 	 1.000000e-20 	 1.490568e+06 	
1.73247960e+08 	 1.000000e-20 	 1.426575e+06 	
1.89118808e+08 	 1.000000e-20 	 1.365336e+06 	
2.06443549e+08 	 1.000000e-20 	 1.306731e+06 	
2.25355369e+08 	 1.000000e-20 	 1.250646e+06 	
2.45999658e+08 	 1.000000e-20 	 1.196973e+06 	
2.68535123e+08 	 1.000000e-20 	 1.145607e+06 	
2.93135010e+08 	 1.000000e-20 	 1.096448e+06 	
3.19988436e+08 	 1.000000e-20 	 1.049402e+06 	
3.49301843e+08 	 1.000000e-20 	 1.004377e+06 	
3.81300585e+08 	 1.000000e-20 	 9.612859e+05 	
4.16230657e+08 	 1.000000e-20 	 9.200455e+05 	
4.54360594e+08 	 1.000000e-20 	 8.805761e+05 	
4.95983526e+08 	 1.000000e-20 	 8.428014e+05 	
5.41419440e+08 	 1.000000e-20 	 8.066485e+05 	
5.91017634e+08 	 1.000000e-20 	 7.720475e+05 	
6.45159404e+08 	 1.000000e-20 	 7.389317e+05 	
7.04260979e+08 	 1.000000e-20 	 7.072373e+05 	
7.68776713e+08 	 1.000000e-20 	 6.769030e+05 	
8.39202585e+08 	 1.000000e-20 	 6.478706e+05 	
9.16080010e+08 	 1.000000e-20 	 6.200839e+05 	
1.00000000e+09 	 1.000000e-20 	 5.934894e+05 	
