r (cm)        	 rho (g/cm3) 	 T (K)       		 Linf = 3.544201e+38
9.99985721e+05 	 1.633785e+05 	 1.412170e+09 	
1.00006352e+06 	 1.409726e+05 	 1.361104e+09 	
1.00012983e+06 	 1.239697e+05 	 1.318172e+09 	
1.00019614e+06 	 1.087273e+05 	 1.275799e+09 	
1.00026245e+06 	 9.509845e+04 	 1.234003e+09 	
1.00032876e+06 	 8.294477e+04 	 1.192800e+09 	
1.00039507e+06 	 7.213644e+04 	 1.152211e+09 	
1.00045907e+06 	 6.286668e+04 	 1.113635e+09 	
1.00052306e+06 	 5.463454e+04 	 1.075664e+09 	
1.00058706e+06 	 4.734443e+04 	 1.038316e+09 	
1.00065106e+06 	 4.090728e+04 	 1.001608e+09 	
1.00070436e+06 	 3.613751e+04 	 9.715409e+08 	
1.00075765e+06 	 3.185706e+04 	 9.419410e+08 	
1.00081095e+06 	 2.802407e+04 	 9.128194e+08 	
1.00086425e+06 	 2.459937e+04 	 8.841871e+08 	
1.00091754e+06 	 2.154638e+04 	 8.560549e+08 	
1.00097094e+06 	 1.882628e+04 	 8.283826e+08 	
1.00102434e+06 	 1.641323e+04 	 8.012339e+08 	
1.00107773e+06 	 1.427773e+04 	 7.746199e+08 	
1.00112153e+06 	 1.271403e+04 	 7.531962e+08 	
1.00116533e+06 	 1.130463e+04 	 7.321453e+08 	
1.00120913e+06 	 1.003645e+04 	 7.114727e+08 	
1.00125293e+06 	 8.897264e+03 	 6.911841e+08 	
1.00129672e+06 	 7.875705e+03 	 6.712850e+08 	
1.00134052e+06 	 6.961203e+03 	 6.517806e+08 	
1.00138432e+06 	 6.143958e+03 	 6.326761e+08 	
1.00142959e+06 	 5.391817e+03 	 6.133548e+08 	
1.00147486e+06 	 4.724644e+03 	 5.944710e+08 	
1.00151215e+06 	 4.232905e+03 	 5.792492e+08 	
1.00154944e+06 	 3.788642e+03 	 5.643300e+08 	
1.00158672e+06 	 3.387774e+03 	 5.497157e+08 	
1.00162401e+06 	 3.026513e+03 	 5.354084e+08 	
1.00166130e+06 	 2.701348e+03 	 5.214101e+08 	
1.00169858e+06 	 2.409031e+03 	 5.077224e+08 	
1.00173587e+06 	 2.146560e+03 	 4.943468e+08 	
1.00177316e+06 	 1.911171e+03 	 4.812846e+08 	
1.00181045e+06 	 1.700315e+03 	 4.685368e+08 	
1.00184988e+06 	 1.501448e+03 	 4.553996e+08 	
1.00188264e+06 	 1.353229e+03 	 4.447498e+08 	
1.00191541e+06 	 1.219065e+03 	 4.343436e+08 	
1.00194818e+06 	 1.097723e+03 	 4.241811e+08 	
1.00198095e+06 	 9.880638e+02 	 4.142617e+08 	
1.00201372e+06 	 8.890398e+02 	 4.045852e+08 	
1.00204649e+06 	 7.996857e+02 	 3.951508e+08 	
1.00207925e+06 	 7.191145e+02 	 3.859575e+08 	
1.00211202e+06 	 6.465124e+02 	 3.770044e+08 	
1.00214479e+06 	 5.811333e+02 	 3.682900e+08 	
1.00217756e+06 	 5.222945e+02 	 3.598129e+08 	
1.00221033e+06 	 4.693719e+02 	 3.515714e+08 	
1.00224310e+06 	 4.217960e+02 	 3.435634e+08 	
1.00227587e+06 	 3.790474e+02 	 3.357870e+08 	
1.00230863e+06 	 3.406536e+02 	 3.282397e+08 	
1.00234098e+06 	 3.066078e+02 	 3.210124e+08 	
1.00237332e+06 	 2.760103e+02 	 3.140032e+08 	
1.00240567e+06 	 2.485201e+02 	 3.072093e+08 	
1.00243801e+06 	 2.238279e+02 	 3.006277e+08 	
1.00247035e+06 	 2.016534e+02 	 2.942553e+08 	
1.00250270e+06 	 1.817429e+02 	 2.880886e+08 	
1.00253504e+06 	 1.638674e+02 	 2.821243e+08 	
1.00256739e+06 	 1.478195e+02 	 2.763587e+08 	
1.00259973e+06 	 1.334127e+02 	 2.707879e+08 	
1.00263207e+06 	 1.204784e+02 	 2.654082e+08 	
1.00266442e+06 	 1.088650e+02 	 2.602154e+08 	
1.00269676e+06 	 9.843613e+01 	 2.552055e+08 	
1.00272911e+06 	 8.906912e+01 	 2.503742e+08 	
1.00276145e+06 	 8.065374e+01 	 2.457172e+08 	
1.00279379e+06 	 7.309109e+01 	 2.412301e+08 	
1.00282614e+06 	 6.629241e+01 	 2.369086e+08 	
1.00285848e+06 	 6.017812e+01 	 2.327481e+08 	
1.00289083e+06 	 5.467693e+01 	 2.287441e+08 	
1.00292317e+06 	 4.972495e+01 	 2.248921e+08 	
1.00295551e+06 	 4.526502e+01 	 2.211874e+08 	
1.00299168e+06 	 4.079825e+01 	 2.172143e+08 	
1.00302784e+06 	 3.681915e+01 	 2.134135e+08 	
1.00306400e+06 	 3.327157e+01 	 2.097786e+08 	
1.00310017e+06 	 3.010597e+01 	 2.063035e+08 	
1.00313633e+06 	 2.727862e+01 	 2.029819e+08 	
1.00317250e+06 	 2.475095e+01 	 1.998078e+08 	
1.00320866e+06 	 2.248894e+01 	 1.967753e+08 	
1.00324482e+06 	 2.046254e+01 	 1.938784e+08 	
1.00328864e+06 	 1.828528e+01 	 1.905422e+08 	
1.00333245e+06 	 1.637408e+01 	 1.873867e+08 	
1.00337627e+06 	 1.469362e+01 	 1.844026e+08 	
1.00342008e+06 	 1.321349e+01 	 1.815805e+08 	
1.00346390e+06 	 1.190751e+01 	 1.789116e+08 	
1.00350772e+06 	 1.075312e+01 	 1.763872e+08 	
1.00355153e+06 	 9.730877e+00 	 1.739993e+08 	
1.00359535e+06 	 8.823991e+00 	 1.717401e+08 	
1.00363916e+06 	 8.017958e+00 	 1.696021e+08 	
1.00368298e+06 	 7.300234e+00 	 1.675783e+08 	
1.00372679e+06 	 6.659957e+00 	 1.656620e+08 	
1.00377061e+06 	 6.087709e+00 	 1.638469e+08 	
1.00381443e+06 	 5.575316e+00 	 1.621269e+08 	
1.00385824e+06 	 5.115673e+00 	 1.604965e+08 	
1.00390206e+06 	 4.702596e+00 	 1.589503e+08 	
1.00394587e+06 	 4.330693e+00 	 1.574833e+08 	
1.00400159e+06 	 3.909891e+00 	 1.557247e+08 	
1.00405731e+06 	 3.539794e+00 	 1.540775e+08 	
1.00411303e+06 	 3.213375e+00 	 1.525333e+08 	
1.00416874e+06 	 2.924683e+00 	 1.510844e+08 	
1.00422446e+06 	 2.668665e+00 	 1.497237e+08 	
1.00428018e+06 	 2.441020e+00 	 1.484446e+08 	
1.00433590e+06 	 2.238080e+00 	 1.472412e+08 	
1.00439161e+06 	 2.056705e+00 	 1.461078e+08 	
1.00446298e+06 	 1.851637e+00 	 1.447505e+08 	
1.00453435e+06 	 1.672795e+00 	 1.434902e+08 	
1.00460571e+06 	 1.516233e+00 	 1.423180e+08 	
1.00467708e+06 	 1.378673e+00 	 1.412262e+08 	
1.00474844e+06 	 1.257383e+00 	 1.402076e+08 	
1.00481981e+06 	 1.150073e+00 	 1.392560e+08 	
1.00489117e+06 	 1.054821e+00 	 1.383656e+08 	
1.00496254e+06 	 9.700056e-01 	 1.375312e+08 	
1.00505695e+06 	 8.715283e-01 	 1.365056e+08 	
1.00515137e+06 	 7.862992e-01 	 1.355604e+08 	
1.00524578e+06 	 7.121796e-01 	 1.346873e+08 	
1.00534020e+06 	 6.474258e-01 	 1.338788e+08 	
1.00543461e+06 	 5.906078e-01 	 1.331285e+08 	
1.00552902e+06 	 5.405466e-01 	 1.324308e+08 	
1.00565196e+06 	 4.838968e-01 	 1.315927e+08 	
1.00577490e+06 	 4.353087e-01 	 1.308256e+08 	
1.00589784e+06 	 3.933889e-01 	 1.301211e+08 	
1.00602078e+06 	 3.570218e-01 	 1.294721e+08 	
1.00614372e+06 	 3.253076e-01 	 1.288726e+08 	
1.00629434e+06 	 2.917349e-01 	 1.281977e+08 	
1.00644497e+06 	 2.629816e-01 	 1.275807e+08 	
1.00659559e+06 	 2.381985e-01 	 1.270145e+08 	
1.00674622e+06 	 2.167105e-01 	 1.264932e+08 	
1.00689684e+06 	 1.979762e-01 	 1.260116e+08 	
1.00712026e+06 	 1.743457e-01 	 1.253610e+08 	
1.00734368e+06 	 1.547146e-01 	 1.247762e+08 	
1.00756710e+06 	 1.382499e-01 	 1.242473e+08 	
1.00779052e+06 	 1.243203e-01 	 1.237665e+08 	
1.00806020e+06 	 1.102023e-01 	 1.232408e+08 	
1.00832987e+06 	 9.843080e-02 	 1.227663e+08 	
1.00859955e+06 	 8.852165e-02 	 1.223352e+08 	
1.00886922e+06 	 8.010757e-02 	 1.219415e+08 	
1.00927031e+06 	 6.976860e-02 	 1.214141e+08 	
1.00967140e+06 	 6.143847e-02 	 1.209449e+08 	
1.01007249e+06 	 5.463313e-02 	 1.205235e+08 	
1.01064064e+06 	 4.694433e-02 	 1.199934e+08 	
1.01120879e+06 	 4.094261e-02 	 1.195263e+08 	
1.01177695e+06 	 3.616980e-02 	 1.191095e+08 	
1.01243378e+06 	 3.177785e-02 	 1.186782e+08 	
1.01309060e+06 	 2.828014e-02 	 1.182905e+08 	
1.01374743e+06 	 2.544917e-02 	 1.179383e+08 	
1.01474397e+06 	 2.208330e-02 	 1.174579e+08 	
1.01574051e+06 	 1.951996e-02 	 1.170288e+08 	
1.01708543e+06 	 1.692659e-02 	 1.165113e+08 	
1.01843035e+06 	 1.500983e-02 	 1.160474e+08 	
1.02002904e+06 	 1.331704e-02 	 1.155479e+08 	
1.02162773e+06 	 1.205506e-02 	 1.150908e+08 	
1.02322642e+06 	 1.108897e-02 	 1.146660e+08 	
1.02579404e+06 	 9.951916e-03 	 1.140339e+08 	
1.02724355e+06 	 9.466914e-03 	 1.136980e+08 	
1.03054882e+06 	 8.637673e-03 	 1.129734e+08 	
1.03318844e+06 	 8.162796e-03 	 1.124256e+08 	
1.03785651e+06 	 7.567749e-03 	 1.115037e+08 	
1.03988363e+06 	 7.373353e-03 	 1.111172e+08 	
1.04582143e+06 	 6.937135e-03 	 1.100203e+08 	
1.05000405e+06 	 6.705589e-03 	 1.092717e+08 	
1.05900064e+06 	 6.317528e-03 	 1.077109e+08 	
1.06248582e+06 	 6.190927e-03 	 1.071211e+08 	
1.07511790e+06 	 5.789045e-03 	 1.050417e+08 	
1.08266371e+06 	 5.575372e-03 	 1.038387e+08 	
1.08808883e+06 	 5.429958e-03 	 1.029905e+08 	
1.09351396e+06 	 5.290280e-03 	 1.021558e+08 	
1.09795645e+06 	 5.179734e-03 	 1.014820e+08 	
1.10485001e+06 	 5.014438e-03 	 1.004534e+08 	
1.10798503e+06 	 4.941624e-03 	 9.999223e+07 	
1.10829853e+06 	 4.934420e-03 	 9.994634e+07 	
1.10832988e+06 	 4.933700e-03 	 9.994175e+07 	
1.10833302e+06 	 4.933628e-03 	 9.994129e+07 	
1.10833333e+06 	 4.933688e-03 	 9.994126e+07 	
1.12583333e+06 	 4.552666e-03 	 9.744282e+07 	
1.14916667e+06 	 4.102237e-03 	 9.429335e+07 	
1.17250000e+06 	 3.707842e-03 	 9.133446e+07 	
1.19000000e+06 	 3.443750e-03 	 8.923033e+07 	
1.21333333e+06 	 3.128493e-03 	 8.656631e+07 	
1.23666667e+06 	 2.849520e-03 	 8.405160e+07 	
1.25416667e+06 	 2.661212e-03 	 8.225633e+07 	
1.27750000e+06 	 2.434411e-03 	 7.997480e+07 	
1.30083333e+06 	 2.232030e-03 	 7.781244e+07 	
1.31833333e+06 	 2.094359e-03 	 7.626345e+07 	
1.34166667e+06 	 1.927402e-03 	 7.428858e+07 	
1.36500000e+06 	 1.777405e-03 	 7.241033e+07 	
1.38833333e+06 	 1.642135e-03 	 7.062181e+07 	
1.41166667e+06 	 1.519955e-03 	 6.891688e+07 	
1.43500000e+06 	 1.409338e-03 	 6.728992e+07 	
1.45833333e+06 	 1.308924e-03 	 6.573574e+07 	
1.48166667e+06 	 1.217658e-03 	 6.424972e+07 	
1.50500000e+06 	 1.134448e-03 	 6.282746e+07 	
1.52833333e+06 	 1.058480e-03 	 6.146506e+07 	
1.55166667e+06 	 9.889767e-04 	 6.015885e+07 	
1.57500000e+06 	 9.253177e-04 	 5.890553e+07 	
1.61000000e+06 	 8.394357e-04 	 5.711795e+07 	
1.63333333e+06 	 7.878981e-04 	 5.598378e+07 	
1.65666667e+06 	 7.403780e-04 	 5.489262e+07 	
1.68000000e+06 	 6.965499e-04 	 5.384214e+07 	
1.70333333e+06 	 6.559909e-04 	 5.283009e+07 	
1.73833333e+06 	 6.007792e-04 	 5.137979e+07 	
1.76166667e+06 	 5.672893e-04 	 5.045534e+07 	
1.78500000e+06 	 5.362117e-04 	 4.956285e+07 	
1.82000000e+06 	 4.936140e-04 	 4.828049e+07 	
1.84333333e+06 	 4.676477e-04 	 4.746105e+07 	
1.86666667e+06 	 4.434068e-04 	 4.666835e+07 	
1.90166667e+06 	 4.100686e-04 	 4.552683e+07 	
1.92500000e+06 	 3.896388e-04 	 4.479573e+07 	
1.94833333e+06 	 3.705004e-04 	 4.408728e+07 	
1.98333333e+06 	 3.440640e-04 	 4.306496e+07 	
2.00666667e+06 	 3.277786e-04 	 4.240887e+07 	
2.04166667e+06 	 3.052119e-04 	 4.146081e+07 	
2.06500000e+06 	 2.912828e-04 	 4.085160e+07 	
2.10000000e+06 	 2.718982e-04 	 3.997011e+07 	
2.13500000e+06 	 2.541712e-04 	 3.912533e+07 	
2.15833333e+06 	 2.431867e-04 	 3.858144e+07 	
2.19333333e+06 	 2.278469e-04 	 3.779302e+07 	
2.22833333e+06 	 2.137506e-04 	 3.703581e+07 	
2.25166667e+06 	 2.049779e-04 	 3.654744e+07 	
2.28666667e+06 	 1.926959e-04 	 3.583835e+07 	
2.31000000e+06 	 1.850375e-04 	 3.538057e+07 	
2.34500000e+06 	 1.742744e-04 	 3.471520e+07 	
2.38000000e+06 	 1.643207e-04 	 3.407420e+07 	
2.41500000e+06 	 1.551003e-04 	 3.345629e+07 	
2.45000000e+06 	 1.465508e-04 	 3.286027e+07 	
2.48500000e+06 	 1.386078e-04 	 3.228500e+07 	
2.52000000e+06 	 1.312205e-04 	 3.172943e+07 	
2.55500000e+06 	 1.243417e-04 	 3.119261e+07 	
2.59000000e+06 	 1.179291e-04 	 3.067360e+07 	
2.62500000e+06 	 1.119440e-04 	 3.017155e+07 	
2.66000000e+06 	 1.063527e-04 	 2.968567e+07 	
2.69500000e+06 	 1.011233e-04 	 2.921520e+07 	
2.73000000e+06 	 9.622750e-05 	 2.875944e+07 	
2.76500000e+06 	 9.163915e-05 	 2.831771e+07 	
2.80000000e+06 	 8.733483e-05 	 2.788939e+07 	
2.83500000e+06 	 8.329302e-05 	 2.747389e+07 	
2.87000000e+06 	 7.949415e-05 	 2.707065e+07 	
2.90500000e+06 	 7.592068e-05 	 2.667915e+07 	
2.94000000e+06 	 7.255606e-05 	 2.629890e+07 	
2.97500000e+06 	 6.938539e-05 	 2.592942e+07 	
3.01000000e+06 	 6.639552e-05 	 2.557028e+07 	
3.04500000e+06 	 6.357302e-05 	 2.522104e+07 	
3.08000000e+06 	 6.090723e-05 	 2.488133e+07 	
3.11500000e+06 	 5.838705e-05 	 2.455076e+07 	
3.15000000e+06 	 5.600270e-05 	 2.422896e+07 	
3.18500000e+06 	 5.374563e-05 	 2.391562e+07 	
3.22000000e+06 	 5.160713e-05 	 2.361039e+07 	
3.25500000e+06 	 4.957995e-05 	 2.331298e+07 	
3.29000000e+06 	 4.765673e-05 	 2.302310e+07 	
3.32500000e+06 	 4.583093e-05 	 2.274047e+07 	
3.36000000e+06 	 4.409666e-05 	 2.246482e+07 	
3.39500000e+06 	 4.244821e-05 	 2.219591e+07 	
3.43000000e+06 	 4.088038e-05 	 2.193349e+07 	
3.46500000e+06 	 3.938846e-05 	 2.167735e+07 	
3.50000000e+06 	 3.796779e-05 	 2.142725e+07 	
3.53500000e+06 	 3.661415e-05 	 2.118299e+07 	
3.57000000e+06 	 3.532384e-05 	 2.094438e+07 	
3.60500000e+06 	 3.409310e-05 	 2.071122e+07 	
3.64000000e+06 	 3.291852e-05 	 2.048334e+07 	
3.67500000e+06 	 3.179707e-05 	 2.026056e+07 	
3.71000000e+06 	 3.072572e-05 	 2.004270e+07 	
3.74500000e+06 	 2.970170e-05 	 1.982963e+07 	
3.78000000e+06 	 2.872251e-05 	 1.962117e+07 	
3.81500000e+06 	 2.778569e-05 	 1.941720e+07 	
3.85000000e+06 	 2.688896e-05 	 1.921755e+07 	
3.88500000e+06 	 2.603027e-05 	 1.902211e+07 	
3.92000000e+06 	 2.520759e-05 	 1.883075e+07 	
3.95500000e+06 	 2.441906e-05 	 1.864333e+07 	
3.99000000e+06 	 2.366296e-05 	 1.845974e+07 	
4.02500000e+06 	 2.293763e-05 	 1.827988e+07 	
4.06000000e+06 	 2.224151e-05 	 1.810361e+07 	
4.09500000e+06 	 2.157318e-05 	 1.793085e+07 	
4.13000000e+06 	 2.093126e-05 	 1.776150e+07 	
4.16500000e+06 	 2.031445e-05 	 1.759544e+07 	
4.20000000e+06 	 1.972154e-05 	 1.743259e+07 	
4.23500000e+06 	 1.915140e-05 	 1.727286e+07 	
4.27000000e+06 	 1.860295e-05 	 1.711617e+07 	
4.30500000e+06 	 1.807515e-05 	 1.696242e+07 	
4.34000000e+06 	 1.756706e-05 	 1.681154e+07 	
4.37500000e+06 	 1.707777e-05 	 1.666344e+07 	
4.41000000e+06 	 1.660640e-05 	 1.651806e+07 	
4.44500000e+06 	 1.615215e-05 	 1.637533e+07 	
4.48000000e+06 	 1.571426e-05 	 1.623516e+07 	
4.51500000e+06 	 1.529199e-05 	 1.609750e+07 	
4.55000000e+06 	 1.488465e-05 	 1.596227e+07 	
4.58500000e+06 	 1.449159e-05 	 1.582942e+07 	
4.62000000e+06 	 1.411220e-05 	 1.569889e+07 	
4.65500000e+06 	 1.374587e-05 	 1.557061e+07 	
4.69000000e+06 	 1.339205e-05 	 1.544453e+07 	
4.72500000e+06 	 1.305022e-05 	 1.532060e+07 	
4.76000000e+06 	 1.271987e-05 	 1.519875e+07 	
4.79500000e+06 	 1.240053e-05 	 1.507894e+07 	
4.83000000e+06 	 1.209173e-05 	 1.496113e+07 	
4.86500000e+06 	 1.179305e-05 	 1.484525e+07 	
4.90000000e+06 	 1.150407e-05 	 1.473127e+07 	
4.93500000e+06 	 1.122440e-05 	 1.461914e+07 	
4.97000000e+06 	 1.095368e-05 	 1.450881e+07 	
5.00500000e+06 	 1.069154e-05 	 1.440025e+07 	
5.04000000e+06 	 1.043765e-05 	 1.429341e+07 	
5.07500000e+06 	 1.019168e-05 	 1.418825e+07 	
5.11000000e+06 	 9.953338e-06 	 1.408473e+07 	
5.14500000e+06 	 9.722315e-06 	 1.398282e+07 	
5.18000000e+06 	 9.498336e-06 	 1.388248e+07 	
5.21500000e+06 	 9.281137e-06 	 1.378367e+07 	
5.25000000e+06 	 9.070460e-06 	 1.368636e+07 	
5.28500000e+06 	 8.866063e-06 	 1.359052e+07 	
5.32000000e+06 	 8.667712e-06 	 1.349611e+07 	
5.35500000e+06 	 8.475185e-06 	 1.340311e+07 	
5.39000000e+06 	 8.288268e-06 	 1.331148e+07 	
5.42500000e+06 	 8.106759e-06 	 1.322119e+07 	
5.46000000e+06 	 7.930463e-06 	 1.313221e+07 	
5.49500000e+06 	 7.759193e-06 	 1.304452e+07 	
5.53000000e+06 	 7.592772e-06 	 1.295809e+07 	
5.56500000e+06 	 7.431027e-06 	 1.287289e+07 	
5.60000000e+06 	 7.273795e-06 	 1.278890e+07 	
5.63500000e+06 	 7.120921e-06 	 1.270609e+07 	
5.67000000e+06 	 6.972252e-06 	 1.262444e+07 	
5.70500000e+06 	 6.827644e-06 	 1.254392e+07 	
5.74000000e+06 	 6.686959e-06 	 1.246452e+07 	
5.77500000e+06 	 6.550066e-06 	 1.238620e+07 	
5.81000000e+06 	 6.416836e-06 	 1.230894e+07 	
5.84500000e+06 	 6.287146e-06 	 1.223274e+07 	
5.88000000e+06 	 6.160880e-06 	 1.215756e+07 	
5.91500000e+06 	 6.037925e-06 	 1.208338e+07 	
5.95000000e+06 	 5.918173e-06 	 1.201018e+07 	
5.98500000e+06 	 5.801519e-06 	 1.193796e+07 	
6.02000000e+06 	 5.687863e-06 	 1.186668e+07 	
6.05500000e+06 	 5.577109e-06 	 1.179632e+07 	
6.09000000e+06 	 5.469165e-06 	 1.172688e+07 	
6.12500000e+06 	 5.363941e-06 	 1.165834e+07 	
6.16000000e+06 	 5.261353e-06 	 1.159067e+07 	
6.19500000e+06 	 5.161317e-06 	 1.152386e+07 	
6.23000000e+06 	 5.063754e-06 	 1.145789e+07 	
6.26500000e+06 	 4.968588e-06 	 1.139276e+07 	
6.30000000e+06 	 4.875746e-06 	 1.132844e+07 	
6.33500000e+06 	 4.785155e-06 	 1.126491e+07 	
6.37000000e+06 	 4.696749e-06 	 1.120218e+07 	
6.40500000e+06 	 4.610461e-06 	 1.114021e+07 	
6.44000000e+06 	 4.526228e-06 	 1.107900e+07 	
6.47500000e+06 	 4.443989e-06 	 1.101853e+07 	
6.51000000e+06 	 4.363684e-06 	 1.095879e+07 	
6.54500000e+06 	 4.285257e-06 	 1.089977e+07 	
6.58000000e+06 	 4.208653e-06 	 1.084145e+07 	
6.61500000e+06 	 4.133819e-06 	 1.078382e+07 	
6.65000000e+06 	 4.060703e-06 	 1.072687e+07 	
6.68500000e+06 	 3.989257e-06 	 1.067059e+07 	
6.72000000e+06 	 3.919433e-06 	 1.061497e+07 	
6.75500000e+06 	 3.851183e-06 	 1.055999e+07 	
6.79000000e+06 	 3.784466e-06 	 1.050565e+07 	
6.82500000e+06 	 3.719236e-06 	 1.045193e+07 	
6.86000000e+06 	 3.655453e-06 	 1.039883e+07 	
6.89500000e+06 	 3.593076e-06 	 1.034633e+07 	
6.93000000e+06 	 3.532067e-06 	 1.029442e+07 	
7.00000000e+06 	 3.414002e-06 	 1.019234e+07 	
7.00050050e+06 	 3.413176e-06 	 1.019161e+07 	
7.00100100e+06 	 3.412351e-06 	 1.019089e+07 	
7.00150150e+06 	 3.411526e-06 	 1.019017e+07 	
7.00200200e+06 	 3.410701e-06 	 1.018945e+07 	
7.00250250e+06 	 3.409876e-06 	 1.018873e+07 	
7.00300300e+06 	 3.409052e-06 	 1.018801e+07 	
7.00350350e+06 	 3.408228e-06 	 1.018729e+07 	
7.00400400e+06 	 3.407404e-06 	 1.018657e+07 	
7.00450450e+06 	 3.406580e-06 	 1.018585e+07 	
7.00500501e+06 	 3.405757e-06 	 1.018512e+07 	
7.00550551e+06 	 3.404934e-06 	 1.018440e+07 	
7.00600601e+06 	 3.404111e-06 	 1.018368e+07 	
7.00650651e+06 	 3.403288e-06 	 1.018296e+07 	
7.00700701e+06 	 3.402466e-06 	 1.018224e+07 	
7.00750751e+06 	 3.401644e-06 	 1.018152e+07 	
7.00800801e+06 	 3.400822e-06 	 1.018080e+07 	
7.00850851e+06 	 3.400000e-06 	 1.018008e+07 	
7.00900901e+06 	 3.399179e-06 	 1.017936e+07 	
7.00950951e+06 	 3.398358e-06 	 1.017864e+07 	
7.01001001e+06 	 3.397537e-06 	 1.017792e+07 	
7.01051051e+06 	 3.396716e-06 	 1.017721e+07 	
7.01101101e+06 	 3.395896e-06 	 1.017649e+07 	
7.01151151e+06 	 3.395076e-06 	 1.017577e+07 	
7.01201201e+06 	 3.394256e-06 	 1.017505e+07 	
7.01251251e+06 	 3.393437e-06 	 1.017433e+07 	
7.01301301e+06 	 3.392617e-06 	 1.017361e+07 	
7.01351351e+06 	 3.391798e-06 	 1.017289e+07 	
7.01401401e+06 	 3.390980e-06 	 1.017217e+07 	
7.01451451e+06 	 3.390161e-06 	 1.017145e+07 	
7.01501502e+06 	 3.389343e-06 	 1.017074e+07 	
7.01551552e+06 	 3.388525e-06 	 1.017002e+07 	
7.01601602e+06 	 3.387707e-06 	 1.016930e+07 	
7.01651652e+06 	 3.386889e-06 	 1.016858e+07 	
7.01701702e+06 	 3.386072e-06 	 1.016786e+07 	
7.01751752e+06 	 3.385255e-06 	 1.016715e+07 	
7.01801802e+06 	 3.384438e-06 	 1.016643e+07 	
7.01851852e+06 	 3.383622e-06 	 1.016571e+07 	
7.01901902e+06 	 3.382806e-06 	 1.016499e+07 	
7.01951952e+06 	 3.381990e-06 	 1.016428e+07 	
7.02002002e+06 	 3.381174e-06 	 1.016356e+07 	
7.02052052e+06 	 3.380358e-06 	 1.016284e+07 	
7.02102102e+06 	 3.379543e-06 	 1.016213e+07 	
7.02152152e+06 	 3.378728e-06 	 1.016141e+07 	
7.02202202e+06 	 3.377914e-06 	 1.016069e+07 	
7.02252252e+06 	 3.377099e-06 	 1.015998e+07 	
7.02302302e+06 	 3.376285e-06 	 1.015926e+07 	
7.02352352e+06 	 3.375471e-06 	 1.015854e+07 	
7.02402402e+06 	 3.374657e-06 	 1.015783e+07 	
7.02452452e+06 	 3.373844e-06 	 1.015711e+07 	
7.02502503e+06 	 3.373030e-06 	 1.015639e+07 	
7.02552553e+06 	 3.372218e-06 	 1.015568e+07 	
7.02602603e+06 	 3.371405e-06 	 1.015496e+07 	
7.02652653e+06 	 3.370592e-06 	 1.015425e+07 	
7.02702703e+06 	 3.369780e-06 	 1.015353e+07 	
7.02752753e+06 	 3.368968e-06 	 1.015282e+07 	
7.02802803e+06 	 3.368157e-06 	 1.015210e+07 	
7.02852853e+06 	 3.367345e-06 	 1.015138e+07 	
7.02902903e+06 	 3.366534e-06 	 1.015067e+07 	
7.02952953e+06 	 3.365723e-06 	 1.014995e+07 	
7.03003003e+06 	 3.364912e-06 	 1.014924e+07 	
7.03053053e+06 	 3.364102e-06 	 1.014853e+07 	
7.03103103e+06 	 3.363292e-06 	 1.014781e+07 	
7.03153153e+06 	 3.362482e-06 	 1.014710e+07 	
7.03203203e+06 	 3.361672e-06 	 1.014638e+07 	
7.03253253e+06 	 3.360863e-06 	 1.014567e+07 	
7.03303303e+06 	 3.360053e-06 	 1.014495e+07 	
7.03353353e+06 	 3.359244e-06 	 1.014424e+07 	
7.03403403e+06 	 3.358436e-06 	 1.014352e+07 	
7.03453453e+06 	 3.357627e-06 	 1.014281e+07 	
7.03503504e+06 	 3.356819e-06 	 1.014210e+07 	
7.03553554e+06 	 3.356011e-06 	 1.014138e+07 	
7.03603604e+06 	 3.355204e-06 	 1.014067e+07 	
7.03653654e+06 	 3.354396e-06 	 1.013996e+07 	
7.03703704e+06 	 3.353589e-06 	 1.013924e+07 	
7.03753754e+06 	 3.352782e-06 	 1.013853e+07 	
7.03803804e+06 	 3.351975e-06 	 1.013782e+07 	
7.03853854e+06 	 3.351169e-06 	 1.013710e+07 	
7.03903904e+06 	 3.350363e-06 	 1.013639e+07 	
7.03953954e+06 	 3.349557e-06 	 1.013568e+07 	
7.04004004e+06 	 3.348751e-06 	 1.013497e+07 	
7.04054054e+06 	 3.347946e-06 	 1.013425e+07 	
7.04104104e+06 	 3.347141e-06 	 1.013354e+07 	
7.04154154e+06 	 3.346336e-06 	 1.013283e+07 	
7.04204204e+06 	 3.345531e-06 	 1.013212e+07 	
7.04254254e+06 	 3.344726e-06 	 1.013140e+07 	
7.04304304e+06 	 3.343922e-06 	 1.013069e+07 	
7.04354354e+06 	 3.343118e-06 	 1.012998e+07 	
7.04404404e+06 	 3.342315e-06 	 1.012927e+07 	
7.04454454e+06 	 3.341511e-06 	 1.012856e+07 	
7.04504505e+06 	 3.340708e-06 	 1.012785e+07 	
7.04554555e+06 	 3.339905e-06 	 1.012713e+07 	
7.04604605e+06 	 3.339102e-06 	 1.012642e+07 	
7.04654655e+06 	 3.338300e-06 	 1.012571e+07 	
7.04704705e+06 	 3.337498e-06 	 1.012500e+07 	
7.04754755e+06 	 3.336696e-06 	 1.012429e+07 	
7.04804805e+06 	 3.335894e-06 	 1.012358e+07 	
7.04854855e+06 	 3.335093e-06 	 1.012287e+07 	
7.04904905e+06 	 3.334291e-06 	 1.012216e+07 	
7.04954955e+06 	 3.333490e-06 	 1.012145e+07 	
7.05005005e+06 	 3.332690e-06 	 1.012074e+07 	
7.05055055e+06 	 3.331889e-06 	 1.012003e+07 	
7.05105105e+06 	 3.331089e-06 	 1.011932e+07 	
7.05155155e+06 	 3.330289e-06 	 1.011861e+07 	
7.05205205e+06 	 3.329489e-06 	 1.011790e+07 	
7.05255255e+06 	 3.328690e-06 	 1.011719e+07 	
7.05305305e+06 	 3.327891e-06 	 1.011648e+07 	
7.05355355e+06 	 3.327092e-06 	 1.011577e+07 	
7.05405405e+06 	 3.326293e-06 	 1.011506e+07 	
7.05455455e+06 	 3.325495e-06 	 1.011435e+07 	
7.05505506e+06 	 3.324696e-06 	 1.011364e+07 	
7.05555556e+06 	 3.323898e-06 	 1.011293e+07 	
7.05605606e+06 	 3.323101e-06 	 1.011222e+07 	
7.05655656e+06 	 3.322303e-06 	 1.011151e+07 	
7.05705706e+06 	 3.321506e-06 	 1.011080e+07 	
7.05755756e+06 	 3.320709e-06 	 1.011009e+07 	
7.05805806e+06 	 3.319912e-06 	 1.010939e+07 	
7.05855856e+06 	 3.319116e-06 	 1.010868e+07 	
7.05905906e+06 	 3.318319e-06 	 1.010797e+07 	
7.05955956e+06 	 3.317523e-06 	 1.010726e+07 	
7.06006006e+06 	 3.316727e-06 	 1.010655e+07 	
7.06056056e+06 	 3.315932e-06 	 1.010585e+07 	
7.06106106e+06 	 3.315137e-06 	 1.010514e+07 	
7.06156156e+06 	 3.314342e-06 	 1.010443e+07 	
7.06206206e+06 	 3.313547e-06 	 1.010372e+07 	
7.06256256e+06 	 3.312752e-06 	 1.010301e+07 	
7.06306306e+06 	 3.311958e-06 	 1.010231e+07 	
7.06356356e+06 	 3.311164e-06 	 1.010160e+07 	
7.06406406e+06 	 3.310370e-06 	 1.010089e+07 	
7.06456456e+06 	 3.309577e-06 	 1.010019e+07 	
7.06506507e+06 	 3.308783e-06 	 1.009948e+07 	
7.06556557e+06 	 3.307990e-06 	 1.009877e+07 	
7.06606607e+06 	 3.307197e-06 	 1.009806e+07 	
7.06656657e+06 	 3.306405e-06 	 1.009736e+07 	
7.06706707e+06 	 3.305612e-06 	 1.009665e+07 	
7.06756757e+06 	 3.304820e-06 	 1.009594e+07 	
7.06806807e+06 	 3.304028e-06 	 1.009524e+07 	
7.06856857e+06 	 3.303237e-06 	 1.009453e+07 	
7.06906907e+06 	 3.302445e-06 	 1.009383e+07 	
7.06956957e+06 	 3.301654e-06 	 1.009312e+07 	
7.07007007e+06 	 3.300863e-06 	 1.009241e+07 	
7.07057057e+06 	 3.300073e-06 	 1.009171e+07 	
7.07107107e+06 	 3.299282e-06 	 1.009100e+07 	
7.07157157e+06 	 3.298492e-06 	 1.009030e+07 	
7.07207207e+06 	 3.297702e-06 	 1.008959e+07 	
7.07257257e+06 	 3.296913e-06 	 1.008889e+07 	
7.07307307e+06 	 3.296123e-06 	 1.008818e+07 	
7.07357357e+06 	 3.295334e-06 	 1.008748e+07 	
7.07407407e+06 	 3.294545e-06 	 1.008677e+07 	
7.07457457e+06 	 3.293756e-06 	 1.008607e+07 	
7.07507508e+06 	 3.292968e-06 	 1.008536e+07 	
7.07557558e+06 	 3.292180e-06 	 1.008466e+07 	
7.07607608e+06 	 3.291392e-06 	 1.008395e+07 	
7.07657658e+06 	 3.290604e-06 	 1.008325e+07 	
7.07707708e+06 	 3.289817e-06 	 1.008254e+07 	
7.07757758e+06 	 3.289029e-06 	 1.008184e+07 	
7.07807808e+06 	 3.288242e-06 	 1.008114e+07 	
7.07857858e+06 	 3.287456e-06 	 1.008043e+07 	
7.07907908e+06 	 3.286669e-06 	 1.007973e+07 	
7.07957958e+06 	 3.285883e-06 	 1.007902e+07 	
7.08008008e+06 	 3.285097e-06 	 1.007832e+07 	
7.08058058e+06 	 3.284311e-06 	 1.007762e+07 	
7.08108108e+06 	 3.283525e-06 	 1.007691e+07 	
7.08158158e+06 	 3.282740e-06 	 1.007621e+07 	
7.08208208e+06 	 3.281955e-06 	 1.007551e+07 	
7.08258258e+06 	 3.281170e-06 	 1.007480e+07 	
7.08308308e+06 	 3.280386e-06 	 1.007410e+07 	
7.08358358e+06 	 3.279601e-06 	 1.007340e+07 	
7.08408408e+06 	 3.278817e-06 	 1.007269e+07 	
7.08458458e+06 	 3.278033e-06 	 1.007199e+07 	
7.08508509e+06 	 3.277250e-06 	 1.007129e+07 	
7.08558559e+06 	 3.276466e-06 	 1.007059e+07 	
7.08608609e+06 	 3.275683e-06 	 1.006988e+07 	
7.08658659e+06 	 3.274900e-06 	 1.006918e+07 	
7.08708709e+06 	 3.274118e-06 	 1.006848e+07 	
7.08758759e+06 	 3.273335e-06 	 1.006778e+07 	
7.08808809e+06 	 3.272553e-06 	 1.006708e+07 	
7.08858859e+06 	 3.271771e-06 	 1.006637e+07 	
7.08908909e+06 	 3.270989e-06 	 1.006567e+07 	
7.08958959e+06 	 3.270208e-06 	 1.006497e+07 	
7.09009009e+06 	 3.269427e-06 	 1.006427e+07 	
7.09059059e+06 	 3.268646e-06 	 1.006357e+07 	
7.09109109e+06 	 3.267865e-06 	 1.006287e+07 	
7.09159159e+06 	 3.267085e-06 	 1.006217e+07 	
7.09209209e+06 	 3.266304e-06 	 1.006147e+07 	
7.09259259e+06 	 3.265524e-06 	 1.006076e+07 	
7.09309309e+06 	 3.264745e-06 	 1.006006e+07 	
7.09359359e+06 	 3.263965e-06 	 1.005936e+07 	
7.09409409e+06 	 3.263186e-06 	 1.005866e+07 	
7.09459459e+06 	 3.262407e-06 	 1.005796e+07 	
7.09509510e+06 	 3.261628e-06 	 1.005726e+07 	
7.09559560e+06 	 3.260849e-06 	 1.005656e+07 	
7.09609610e+06 	 3.260071e-06 	 1.005586e+07 	
7.09659660e+06 	 3.259293e-06 	 1.005516e+07 	
7.09709710e+06 	 3.258515e-06 	 1.005446e+07 	
7.09759760e+06 	 3.257737e-06 	 1.005376e+07 	
7.09809810e+06 	 3.256960e-06 	 1.005306e+07 	
7.09859860e+06 	 3.256183e-06 	 1.005236e+07 	
7.09909910e+06 	 3.255406e-06 	 1.005166e+07 	
7.09959960e+06 	 3.254629e-06 	 1.005096e+07 	
7.10010010e+06 	 3.253853e-06 	 1.005026e+07 	
7.10060060e+06 	 3.253077e-06 	 1.004957e+07 	
7.10110110e+06 	 3.252301e-06 	 1.004887e+07 	
7.10160160e+06 	 3.251525e-06 	 1.004817e+07 	
7.10210210e+06 	 3.250749e-06 	 1.004747e+07 	
7.10260260e+06 	 3.249974e-06 	 1.004677e+07 	
7.10310310e+06 	 3.249199e-06 	 1.004607e+07 	
7.10360360e+06 	 3.248424e-06 	 1.004537e+07 	
7.10410410e+06 	 3.247650e-06 	 1.004467e+07 	
7.10460460e+06 	 3.246876e-06 	 1.004398e+07 	
7.10510511e+06 	 3.246102e-06 	 1.004328e+07 	
7.10560561e+06 	 3.245328e-06 	 1.004258e+07 	
7.10610611e+06 	 3.244554e-06 	 1.004188e+07 	
7.10660661e+06 	 3.243781e-06 	 1.004118e+07 	
7.10710711e+06 	 3.243008e-06 	 1.004049e+07 	
7.10760761e+06 	 3.242235e-06 	 1.003979e+07 	
7.10810811e+06 	 3.241462e-06 	 1.003909e+07 	
7.10860861e+06 	 3.240690e-06 	 1.003839e+07 	
7.10910911e+06 	 3.239918e-06 	 1.003770e+07 	
7.10960961e+06 	 3.239146e-06 	 1.003700e+07 	
7.11011011e+06 	 3.238374e-06 	 1.003630e+07 	
7.11061061e+06 	 3.237603e-06 	 1.003561e+07 	
7.11111111e+06 	 3.236831e-06 	 1.003491e+07 	
7.11161161e+06 	 3.236060e-06 	 1.003421e+07 	
7.11211211e+06 	 3.235290e-06 	 1.003352e+07 	
7.11261261e+06 	 3.234519e-06 	 1.003282e+07 	
7.11311311e+06 	 3.233749e-06 	 1.003212e+07 	
7.11361361e+06 	 3.232979e-06 	 1.003143e+07 	
7.11411411e+06 	 3.232209e-06 	 1.003073e+07 	
7.11461461e+06 	 3.231440e-06 	 1.003003e+07 	
7.11511512e+06 	 3.230670e-06 	 1.002934e+07 	
7.11561562e+06 	 3.229901e-06 	 1.002864e+07 	
7.11611612e+06 	 3.229132e-06 	 1.002795e+07 	
7.11661662e+06 	 3.228364e-06 	 1.002725e+07 	
7.11711712e+06 	 3.227595e-06 	 1.002656e+07 	
7.11761762e+06 	 3.226827e-06 	 1.002586e+07 	
7.11811812e+06 	 3.226059e-06 	 1.002517e+07 	
7.11861862e+06 	 3.225291e-06 	 1.002447e+07 	
7.11911912e+06 	 3.224524e-06 	 1.002378e+07 	
7.11961962e+06 	 3.223757e-06 	 1.002308e+07 	
7.12012012e+06 	 3.222990e-06 	 1.002239e+07 	
7.12062062e+06 	 3.222223e-06 	 1.002169e+07 	
7.12112112e+06 	 3.221457e-06 	 1.002100e+07 	
7.12162162e+06 	 3.220690e-06 	 1.002030e+07 	
7.12212212e+06 	 3.219924e-06 	 1.001961e+07 	
7.12262262e+06 	 3.219158e-06 	 1.001891e+07 	
7.12312312e+06 	 3.218393e-06 	 1.001822e+07 	
7.12362362e+06 	 3.217628e-06 	 1.001752e+07 	
7.12412412e+06 	 3.216862e-06 	 1.001683e+07 	
7.12462462e+06 	 3.216098e-06 	 1.001614e+07 	
7.12512513e+06 	 3.215333e-06 	 1.001544e+07 	
7.12562563e+06 	 3.214569e-06 	 1.001475e+07 	
7.12612613e+06 	 3.213804e-06 	 1.001406e+07 	
7.12662663e+06 	 3.213040e-06 	 1.001336e+07 	
7.12712713e+06 	 3.212277e-06 	 1.001267e+07 	
7.12762763e+06 	 3.211513e-06 	 1.001198e+07 	
7.12812813e+06 	 3.210750e-06 	 1.001128e+07 	
7.12862863e+06 	 3.209987e-06 	 1.001059e+07 	
7.12912913e+06 	 3.209224e-06 	 1.000990e+07 	
7.12962963e+06 	 3.208462e-06 	 1.000920e+07 	
7.13013013e+06 	 3.207699e-06 	 1.000851e+07 	
7.13063063e+06 	 3.206937e-06 	 1.000782e+07 	
7.13113113e+06 	 3.206176e-06 	 1.000713e+07 	
7.13163163e+06 	 3.205414e-06 	 1.000643e+07 	
7.13213213e+06 	 3.204653e-06 	 1.000574e+07 	
7.13263263e+06 	 3.203891e-06 	 1.000505e+07 	
7.13313313e+06 	 3.203131e-06 	 1.000436e+07 	
7.13363363e+06 	 3.202370e-06 	 1.000367e+07 	
7.13413413e+06 	 3.201609e-06 	 1.000297e+07 	
7.13463463e+06 	 3.200849e-06 	 1.000228e+07 	
7.13513514e+06 	 3.200089e-06 	 1.000159e+07 	
7.13563564e+06 	 3.199329e-06 	 1.000090e+07 	
7.13613614e+06 	 3.198570e-06 	 1.000021e+07 	
7.13663664e+06 	 3.197811e-06 	 9.999517e+06 	
7.13713714e+06 	 3.197052e-06 	 9.998826e+06 	
7.13763764e+06 	 3.196293e-06 	 9.998135e+06 	
7.13813814e+06 	 3.195534e-06 	 9.997444e+06 	
7.13863864e+06 	 3.194776e-06 	 9.996753e+06 	
7.13913914e+06 	 3.194018e-06 	 9.996062e+06 	
7.13963964e+06 	 3.193260e-06 	 9.995371e+06 	
7.14014014e+06 	 3.192502e-06 	 9.994681e+06 	
7.14064064e+06 	 3.191745e-06 	 9.993991e+06 	
7.14114114e+06 	 3.190987e-06 	 9.993300e+06 	
7.14164164e+06 	 3.190230e-06 	 9.992610e+06 	
7.14214214e+06 	 3.189474e-06 	 9.991920e+06 	
7.14264264e+06 	 3.188717e-06 	 9.991230e+06 	
7.14314314e+06 	 3.187961e-06 	 9.990540e+06 	
7.14364364e+06 	 3.187205e-06 	 9.989850e+06 	
7.14414414e+06 	 3.186449e-06 	 9.989161e+06 	
7.14464464e+06 	 3.185693e-06 	 9.988471e+06 	
7.14514515e+06 	 3.184938e-06 	 9.987782e+06 	
7.14564565e+06 	 3.184183e-06 	 9.987093e+06 	
7.14614615e+06 	 3.183428e-06 	 9.986403e+06 	
7.14664665e+06 	 3.182673e-06 	 9.985714e+06 	
7.14714715e+06 	 3.181919e-06 	 9.985025e+06 	
7.14764765e+06 	 3.181165e-06 	 9.984336e+06 	
7.14814815e+06 	 3.180411e-06 	 9.983648e+06 	
7.14864865e+06 	 3.179657e-06 	 9.982959e+06 	
7.14914915e+06 	 3.178903e-06 	 9.982270e+06 	
7.14964965e+06 	 3.178150e-06 	 9.981582e+06 	
7.15015015e+06 	 3.177397e-06 	 9.980894e+06 	
7.15065065e+06 	 3.176644e-06 	 9.980205e+06 	
7.15115115e+06 	 3.175892e-06 	 9.979517e+06 	
7.15165165e+06 	 3.175139e-06 	 9.978829e+06 	
7.15215215e+06 	 3.174387e-06 	 9.978141e+06 	
7.15265265e+06 	 3.173635e-06 	 9.977453e+06 	
7.15315315e+06 	 3.172884e-06 	 9.976766e+06 	
7.15365365e+06 	 3.172132e-06 	 9.976078e+06 	
7.15415415e+06 	 3.171381e-06 	 9.975391e+06 	
7.15465465e+06 	 3.170630e-06 	 9.974703e+06 	
7.15515516e+06 	 3.169879e-06 	 9.974016e+06 	
7.15565566e+06 	 3.169128e-06 	 9.973329e+06 	
7.15615616e+06 	 3.168378e-06 	 9.972642e+06 	
7.15665666e+06 	 3.167628e-06 	 9.971955e+06 	
7.15715716e+06 	 3.166878e-06 	 9.971268e+06 	
7.15765766e+06 	 3.166129e-06 	 9.970581e+06 	
7.15815816e+06 	 3.165379e-06 	 9.969895e+06 	
7.15865866e+06 	 3.164630e-06 	 9.969208e+06 	
7.15915916e+06 	 3.163881e-06 	 9.968522e+06 	
7.15965966e+06 	 3.163132e-06 	 9.967835e+06 	
7.16016016e+06 	 3.162384e-06 	 9.967149e+06 	
7.16066066e+06 	 3.161635e-06 	 9.966463e+06 	
7.16116116e+06 	 3.160887e-06 	 9.965777e+06 	
7.16166166e+06 	 3.160140e-06 	 9.965091e+06 	
7.16216216e+06 	 3.159392e-06 	 9.964406e+06 	
7.16266266e+06 	 3.158645e-06 	 9.963720e+06 	
7.16316316e+06 	 3.157898e-06 	 9.963034e+06 	
7.16366366e+06 	 3.157151e-06 	 9.962349e+06 	
7.16416416e+06 	 3.156404e-06 	 9.961664e+06 	
7.16466466e+06 	 3.155657e-06 	 9.960978e+06 	
7.16516517e+06 	 3.154911e-06 	 9.960293e+06 	
7.16566567e+06 	 3.154165e-06 	 9.959608e+06 	
7.16616617e+06 	 3.153419e-06 	 9.958923e+06 	
7.16666667e+06 	 3.152674e-06 	 9.958238e+06 	
7.16716717e+06 	 3.151929e-06 	 9.957554e+06 	
7.16766767e+06 	 3.151183e-06 	 9.956869e+06 	
7.16816817e+06 	 3.150439e-06 	 9.956185e+06 	
7.16866867e+06 	 3.149694e-06 	 9.955500e+06 	
7.16916917e+06 	 3.148950e-06 	 9.954816e+06 	
7.16966967e+06 	 3.148205e-06 	 9.954132e+06 	
7.17017017e+06 	 3.147461e-06 	 9.953448e+06 	
7.17067067e+06 	 3.146718e-06 	 9.952764e+06 	
7.17117117e+06 	 3.145974e-06 	 9.952080e+06 	
7.17167167e+06 	 3.145231e-06 	 9.951396e+06 	
7.17217217e+06 	 3.144488e-06 	 9.950713e+06 	
7.17267267e+06 	 3.143745e-06 	 9.950029e+06 	
7.17317317e+06 	 3.143002e-06 	 9.949346e+06 	
7.17367367e+06 	 3.142260e-06 	 9.948662e+06 	
7.17417417e+06 	 3.141518e-06 	 9.947979e+06 	
7.17467467e+06 	 3.140776e-06 	 9.947296e+06 	
7.17517518e+06 	 3.140034e-06 	 9.946613e+06 	
7.17567568e+06 	 3.139293e-06 	 9.945930e+06 	
7.17617618e+06 	 3.138551e-06 	 9.945247e+06 	
7.17667668e+06 	 3.137810e-06 	 9.944565e+06 	
7.17717718e+06 	 3.137069e-06 	 9.943882e+06 	
7.17767768e+06 	 3.136329e-06 	 9.943200e+06 	
7.17817818e+06 	 3.135588e-06 	 9.942517e+06 	
7.17867868e+06 	 3.134848e-06 	 9.941835e+06 	
7.17917918e+06 	 3.134108e-06 	 9.941153e+06 	
7.17967968e+06 	 3.133369e-06 	 9.940471e+06 	
7.18018018e+06 	 3.132629e-06 	 9.939789e+06 	
7.18068068e+06 	 3.131890e-06 	 9.939107e+06 	
7.18118118e+06 	 3.131151e-06 	 9.938425e+06 	
7.18168168e+06 	 3.130412e-06 	 9.937744e+06 	
7.18218218e+06 	 3.129674e-06 	 9.937062e+06 	
7.18268268e+06 	 3.128935e-06 	 9.936381e+06 	
7.18318318e+06 	 3.128197e-06 	 9.935699e+06 	
7.18368368e+06 	 3.127459e-06 	 9.935018e+06 	
7.18418418e+06 	 3.126721e-06 	 9.934337e+06 	
7.18468468e+06 	 3.125984e-06 	 9.933656e+06 	
7.18518519e+06 	 3.125247e-06 	 9.932975e+06 	
7.18568569e+06 	 3.124510e-06 	 9.932295e+06 	
7.18618619e+06 	 3.123773e-06 	 9.931614e+06 	
7.18668669e+06 	 3.123036e-06 	 9.930933e+06 	
7.18718719e+06 	 3.122300e-06 	 9.930253e+06 	
7.18768769e+06 	 3.121564e-06 	 9.929573e+06 	
7.18818819e+06 	 3.120828e-06 	 9.928892e+06 	
7.18868869e+06 	 3.120092e-06 	 9.928212e+06 	
7.18918919e+06 	 3.119357e-06 	 9.927532e+06 	
7.18968969e+06 	 3.118622e-06 	 9.926852e+06 	
7.19019019e+06 	 3.117887e-06 	 9.926172e+06 	
7.19069069e+06 	 3.117152e-06 	 9.925493e+06 	
7.19119119e+06 	 3.116417e-06 	 9.924813e+06 	
7.19169169e+06 	 3.115683e-06 	 9.924134e+06 	
7.19219219e+06 	 3.114949e-06 	 9.923454e+06 	
7.19269269e+06 	 3.114215e-06 	 9.922775e+06 	
7.19319319e+06 	 3.113481e-06 	 9.922096e+06 	
7.19369369e+06 	 3.112748e-06 	 9.921417e+06 	
7.19419419e+06 	 3.112014e-06 	 9.920738e+06 	
7.19469469e+06 	 3.111281e-06 	 9.920059e+06 	
7.19519520e+06 	 3.110549e-06 	 9.919380e+06 	
7.19569570e+06 	 3.109816e-06 	 9.918701e+06 	
7.19619620e+06 	 3.109084e-06 	 9.918023e+06 	
7.19669670e+06 	 3.108352e-06 	 9.917344e+06 	
7.19719720e+06 	 3.107620e-06 	 9.916666e+06 	
7.19769770e+06 	 3.106888e-06 	 9.915988e+06 	
7.19819820e+06 	 3.106156e-06 	 9.915310e+06 	
7.19869870e+06 	 3.105425e-06 	 9.914632e+06 	
7.19919920e+06 	 3.104694e-06 	 9.913954e+06 	
7.19969970e+06 	 3.103963e-06 	 9.913276e+06 	
7.20020020e+06 	 3.103233e-06 	 9.912598e+06 	
7.20070070e+06 	 3.102502e-06 	 9.911921e+06 	
7.20120120e+06 	 3.101772e-06 	 9.911243e+06 	
7.20170170e+06 	 3.101042e-06 	 9.910566e+06 	
7.20220220e+06 	 3.100313e-06 	 9.909888e+06 	
7.20270270e+06 	 3.099583e-06 	 9.909211e+06 	
7.20320320e+06 	 3.098854e-06 	 9.908534e+06 	
7.20370370e+06 	 3.098125e-06 	 9.907857e+06 	
7.20420420e+06 	 3.097396e-06 	 9.907180e+06 	
7.20470470e+06 	 3.096667e-06 	 9.906504e+06 	
7.20520521e+06 	 3.095939e-06 	 9.905827e+06 	
7.20570571e+06 	 3.095211e-06 	 9.905150e+06 	
7.20620621e+06 	 3.094483e-06 	 9.904474e+06 	
7.20670671e+06 	 3.093755e-06 	 9.903798e+06 	
7.20720721e+06 	 3.093028e-06 	 9.903121e+06 	
7.20770771e+06 	 3.092300e-06 	 9.902445e+06 	
7.20820821e+06 	 3.091573e-06 	 9.901769e+06 	
7.20870871e+06 	 3.090846e-06 	 9.901093e+06 	
7.20920921e+06 	 3.090120e-06 	 9.900417e+06 	
7.20970971e+06 	 3.089393e-06 	 9.899742e+06 	
7.21021021e+06 	 3.088667e-06 	 9.899066e+06 	
7.21071071e+06 	 3.087941e-06 	 9.898391e+06 	
7.21121121e+06 	 3.087216e-06 	 9.897715e+06 	
7.21171171e+06 	 3.086490e-06 	 9.897040e+06 	
7.21221221e+06 	 3.085765e-06 	 9.896365e+06 	
7.21271271e+06 	 3.085040e-06 	 9.895690e+06 	
7.21321321e+06 	 3.084315e-06 	 9.895015e+06 	
7.21371371e+06 	 3.083590e-06 	 9.894340e+06 	
7.21421421e+06 	 3.082866e-06 	 9.893665e+06 	
7.21471471e+06 	 3.082141e-06 	 9.892990e+06 	
7.21521522e+06 	 3.081417e-06 	 9.892316e+06 	
7.21571572e+06 	 3.080694e-06 	 9.891641e+06 	
7.21621622e+06 	 3.079970e-06 	 9.890967e+06 	
7.21671672e+06 	 3.079247e-06 	 9.890293e+06 	
7.21721722e+06 	 3.078524e-06 	 9.889619e+06 	
7.21771772e+06 	 3.077801e-06 	 9.888945e+06 	
7.21821822e+06 	 3.077078e-06 	 9.888271e+06 	
7.21871872e+06 	 3.076355e-06 	 9.887597e+06 	
7.21921922e+06 	 3.075633e-06 	 9.886923e+06 	
7.21971972e+06 	 3.074911e-06 	 9.886249e+06 	
7.22022022e+06 	 3.074189e-06 	 9.885576e+06 	
7.22072072e+06 	 3.073468e-06 	 9.884902e+06 	
7.22122122e+06 	 3.072746e-06 	 9.884229e+06 	
7.22172172e+06 	 3.072025e-06 	 9.883556e+06 	
7.22222222e+06 	 3.071304e-06 	 9.882883e+06 	
7.22272272e+06 	 3.070583e-06 	 9.882210e+06 	
7.22322322e+06 	 3.069863e-06 	 9.881537e+06 	
7.22372372e+06 	 3.069143e-06 	 9.880864e+06 	
7.22422422e+06 	 3.068422e-06 	 9.880191e+06 	
7.22472472e+06 	 3.067703e-06 	 9.879519e+06 	
7.22522523e+06 	 3.066983e-06 	 9.878846e+06 	
7.22572573e+06 	 3.066263e-06 	 9.878174e+06 	
7.22622623e+06 	 3.065544e-06 	 9.877502e+06 	
7.22672673e+06 	 3.064825e-06 	 9.876830e+06 	
7.22722723e+06 	 3.064106e-06 	 9.876157e+06 	
7.22772773e+06 	 3.063388e-06 	 9.875486e+06 	
7.22822823e+06 	 3.062669e-06 	 9.874814e+06 	
7.22872873e+06 	 3.061951e-06 	 9.874142e+06 	
7.22922923e+06 	 3.061233e-06 	 9.873470e+06 	
7.22972973e+06 	 3.060516e-06 	 9.872799e+06 	
7.23023023e+06 	 3.059798e-06 	 9.872127e+06 	
7.23073073e+06 	 3.059081e-06 	 9.871456e+06 	
7.23123123e+06 	 3.058364e-06 	 9.870785e+06 	
7.23173173e+06 	 3.057647e-06 	 9.870114e+06 	
7.23223223e+06 	 3.056930e-06 	 9.869443e+06 	
7.23273273e+06 	 3.056214e-06 	 9.868772e+06 	
7.23323323e+06 	 3.055498e-06 	 9.868101e+06 	
7.23373373e+06 	 3.054782e-06 	 9.867430e+06 	
7.23423423e+06 	 3.054066e-06 	 9.866759e+06 	
7.23473473e+06 	 3.053350e-06 	 9.866089e+06 	
7.23523524e+06 	 3.052635e-06 	 9.865419e+06 	
7.23573574e+06 	 3.051920e-06 	 9.864748e+06 	
7.23623624e+06 	 3.051205e-06 	 9.864078e+06 	
7.23673674e+06 	 3.050490e-06 	 9.863408e+06 	
7.23723724e+06 	 3.049776e-06 	 9.862738e+06 	
7.23773774e+06 	 3.049061e-06 	 9.862068e+06 	
7.23823824e+06 	 3.048347e-06 	 9.861398e+06 	
7.23873874e+06 	 3.047634e-06 	 9.860729e+06 	
7.23923924e+06 	 3.046920e-06 	 9.860059e+06 	
7.23973974e+06 	 3.046207e-06 	 9.859390e+06 	
7.24024024e+06 	 3.045493e-06 	 9.858720e+06 	
7.24074074e+06 	 3.044780e-06 	 9.858051e+06 	
7.24124124e+06 	 3.044068e-06 	 9.857382e+06 	
7.24174174e+06 	 3.043355e-06 	 9.856713e+06 	
7.24224224e+06 	 3.042643e-06 	 9.856044e+06 	
7.24274274e+06 	 3.041931e-06 	 9.855375e+06 	
7.24324324e+06 	 3.041219e-06 	 9.854706e+06 	
7.24374374e+06 	 3.040507e-06 	 9.854037e+06 	
7.24424424e+06 	 3.039795e-06 	 9.853369e+06 	
7.24474474e+06 	 3.039084e-06 	 9.852700e+06 	
7.24524525e+06 	 3.038373e-06 	 9.852032e+06 	
7.24574575e+06 	 3.037662e-06 	 9.851364e+06 	
7.24624625e+06 	 3.036952e-06 	 9.850696e+06 	
7.24674675e+06 	 3.036241e-06 	 9.850028e+06 	
7.24724725e+06 	 3.035531e-06 	 9.849360e+06 	
7.24774775e+06 	 3.034821e-06 	 9.848692e+06 	
7.24824825e+06 	 3.034111e-06 	 9.848024e+06 	
7.24874875e+06 	 3.033402e-06 	 9.847357e+06 	
7.24924925e+06 	 3.032692e-06 	 9.846689e+06 	
7.24974975e+06 	 3.031983e-06 	 9.846022e+06 	
7.25025025e+06 	 3.031274e-06 	 9.845354e+06 	
7.25075075e+06 	 3.030565e-06 	 9.844687e+06 	
7.25125125e+06 	 3.029857e-06 	 9.844020e+06 	
7.25175175e+06 	 3.029149e-06 	 9.843353e+06 	
7.25225225e+06 	 3.028440e-06 	 9.842686e+06 	
7.25275275e+06 	 3.027733e-06 	 9.842019e+06 	
7.25325325e+06 	 3.027025e-06 	 9.841353e+06 	
7.25375375e+06 	 3.026317e-06 	 9.840686e+06 	
7.25425425e+06 	 3.025610e-06 	 9.840020e+06 	
7.25475475e+06 	 3.024903e-06 	 9.839353e+06 	
7.25525526e+06 	 3.024196e-06 	 9.838687e+06 	
7.25575576e+06 	 3.023490e-06 	 9.838021e+06 	
7.25625626e+06 	 3.022783e-06 	 9.837355e+06 	
7.25675676e+06 	 3.022077e-06 	 9.836689e+06 	
7.25725726e+06 	 3.021371e-06 	 9.836023e+06 	
7.25775776e+06 	 3.020665e-06 	 9.835357e+06 	
7.25825826e+06 	 3.019960e-06 	 9.834691e+06 	
7.25875876e+06 	 3.019254e-06 	 9.834026e+06 	
7.25925926e+06 	 3.018549e-06 	 9.833360e+06 	
7.25975976e+06 	 3.017844e-06 	 9.832695e+06 	
7.26026026e+06 	 3.017140e-06 	 9.832030e+06 	
7.26076076e+06 	 3.016435e-06 	 9.831365e+06 	
7.26126126e+06 	 3.015731e-06 	 9.830699e+06 	
7.26176176e+06 	 3.015027e-06 	 9.830035e+06 	
7.26226226e+06 	 3.014323e-06 	 9.829370e+06 	
7.26276276e+06 	 3.013619e-06 	 9.828705e+06 	
7.26326326e+06 	 3.012916e-06 	 9.828040e+06 	
7.26376376e+06 	 3.012213e-06 	 9.827376e+06 	
7.26426426e+06 	 3.011510e-06 	 9.826711e+06 	
7.26476476e+06 	 3.010807e-06 	 9.826047e+06 	
7.26526527e+06 	 3.010104e-06 	 9.825383e+06 	
7.26576577e+06 	 3.009402e-06 	 9.824719e+06 	
7.26626627e+06 	 3.008700e-06 	 9.824055e+06 	
7.26676677e+06 	 3.007998e-06 	 9.823391e+06 	
7.26726727e+06 	 3.007296e-06 	 9.822727e+06 	
7.26776777e+06 	 3.006594e-06 	 9.822063e+06 	
7.26826827e+06 	 3.005893e-06 	 9.821399e+06 	
7.26876877e+06 	 3.005192e-06 	 9.820736e+06 	
7.26926927e+06 	 3.004491e-06 	 9.820072e+06 	
7.26976977e+06 	 3.003790e-06 	 9.819409e+06 	
7.27027027e+06 	 3.003090e-06 	 9.818746e+06 	
7.27077077e+06 	 3.002389e-06 	 9.818083e+06 	
7.27127127e+06 	 3.001689e-06 	 9.817420e+06 	
7.27177177e+06 	 3.000989e-06 	 9.816757e+06 	
7.27227227e+06 	 3.000290e-06 	 9.816094e+06 	
7.27277277e+06 	 2.999590e-06 	 9.815431e+06 	
7.27327327e+06 	 2.998891e-06 	 9.814769e+06 	
7.27377377e+06 	 2.998192e-06 	 9.814106e+06 	
7.27427427e+06 	 2.997493e-06 	 9.813444e+06 	
7.27477477e+06 	 2.996795e-06 	 9.812782e+06 	
7.27527528e+06 	 2.996096e-06 	 9.812119e+06 	
7.27577578e+06 	 2.995398e-06 	 9.811457e+06 	
7.27627628e+06 	 2.994700e-06 	 9.810795e+06 	
7.27677678e+06 	 2.994002e-06 	 9.810133e+06 	
7.27727728e+06 	 2.993304e-06 	 9.809472e+06 	
7.27777778e+06 	 2.992607e-06 	 9.808810e+06 	
7.27827828e+06 	 2.991910e-06 	 9.808148e+06 	
7.27877878e+06 	 2.991213e-06 	 9.807487e+06 	
7.27927928e+06 	 2.990516e-06 	 9.806825e+06 	
7.27977978e+06 	 2.989820e-06 	 9.806164e+06 	
7.28028028e+06 	 2.989123e-06 	 9.805503e+06 	
7.28078078e+06 	 2.988427e-06 	 9.804842e+06 	
7.28128128e+06 	 2.987731e-06 	 9.804181e+06 	
7.28178178e+06 	 2.987036e-06 	 9.803520e+06 	
7.28228228e+06 	 2.986340e-06 	 9.802859e+06 	
7.28278278e+06 	 2.985645e-06 	 9.802198e+06 	
7.28328328e+06 	 2.984950e-06 	 9.801538e+06 	
7.28378378e+06 	 2.984255e-06 	 9.800877e+06 	
7.28428428e+06 	 2.983560e-06 	 9.800217e+06 	
7.28478478e+06 	 2.982866e-06 	 9.799557e+06 	
7.28528529e+06 	 2.982171e-06 	 9.798897e+06 	
7.28578579e+06 	 2.981477e-06 	 9.798237e+06 	
7.28628629e+06 	 2.980783e-06 	 9.797577e+06 	
7.28678679e+06 	 2.980090e-06 	 9.796917e+06 	
7.28728729e+06 	 2.979396e-06 	 9.796257e+06 	
7.28778779e+06 	 2.978703e-06 	 9.795597e+06 	
7.28828829e+06 	 2.978010e-06 	 9.794938e+06 	
7.28878879e+06 	 2.977317e-06 	 9.794278e+06 	
7.28928929e+06 	 2.976625e-06 	 9.793619e+06 	
7.28978979e+06 	 2.975932e-06 	 9.792960e+06 	
7.29029029e+06 	 2.975240e-06 	 9.792300e+06 	
7.29079079e+06 	 2.974548e-06 	 9.791641e+06 	
7.29129129e+06 	 2.973856e-06 	 9.790982e+06 	
7.29179179e+06 	 2.973165e-06 	 9.790324e+06 	
7.29229229e+06 	 2.972473e-06 	 9.789665e+06 	
7.29279279e+06 	 2.971782e-06 	 9.789006e+06 	
7.29329329e+06 	 2.971091e-06 	 9.788348e+06 	
7.29379379e+06 	 2.970400e-06 	 9.787689e+06 	
7.29429429e+06 	 2.969710e-06 	 9.787031e+06 	
7.29479479e+06 	 2.969019e-06 	 9.786372e+06 	
7.29529530e+06 	 2.968329e-06 	 9.785714e+06 	
7.29579580e+06 	 2.967639e-06 	 9.785056e+06 	
7.29629630e+06 	 2.966949e-06 	 9.784398e+06 	
7.29679680e+06 	 2.966260e-06 	 9.783740e+06 	
7.29729730e+06 	 2.965571e-06 	 9.783083e+06 	
7.29779780e+06 	 2.964881e-06 	 9.782425e+06 	
7.29829830e+06 	 2.964193e-06 	 9.781768e+06 	
7.29879880e+06 	 2.963504e-06 	 9.781110e+06 	
7.29929930e+06 	 2.962815e-06 	 9.780453e+06 	
7.29979980e+06 	 2.962127e-06 	 9.779795e+06 	
7.30030030e+06 	 2.961439e-06 	 9.779138e+06 	
7.30080080e+06 	 2.960751e-06 	 9.778481e+06 	
7.30130130e+06 	 2.960063e-06 	 9.777824e+06 	
7.30180180e+06 	 2.959376e-06 	 9.777167e+06 	
7.30230230e+06 	 2.958689e-06 	 9.776511e+06 	
7.30280280e+06 	 2.958001e-06 	 9.775854e+06 	
7.30330330e+06 	 2.957315e-06 	 9.775198e+06 	
7.30380380e+06 	 2.956628e-06 	 9.774541e+06 	
7.30430430e+06 	 2.955941e-06 	 9.773885e+06 	
7.30480480e+06 	 2.955255e-06 	 9.773229e+06 	
7.30530531e+06 	 2.954569e-06 	 9.772572e+06 	
7.30580581e+06 	 2.953883e-06 	 9.771916e+06 	
7.30630631e+06 	 2.953198e-06 	 9.771260e+06 	
7.30680681e+06 	 2.952512e-06 	 9.770605e+06 	
7.30730731e+06 	 2.951827e-06 	 9.769949e+06 	
7.30780781e+06 	 2.951142e-06 	 9.769293e+06 	
7.30830831e+06 	 2.950457e-06 	 9.768638e+06 	
7.30880881e+06 	 2.949772e-06 	 9.767982e+06 	
7.30930931e+06 	 2.949088e-06 	 9.767327e+06 	
7.30980981e+06 	 2.948404e-06 	 9.766672e+06 	
7.31031031e+06 	 2.947720e-06 	 9.766016e+06 	
7.31081081e+06 	 2.947036e-06 	 9.765361e+06 	
7.31131131e+06 	 2.946352e-06 	 9.764706e+06 	
7.31181181e+06 	 2.945669e-06 	 9.764052e+06 	
7.31231231e+06 	 2.944986e-06 	 9.763397e+06 	
7.31281281e+06 	 2.944303e-06 	 9.762742e+06 	
7.31331331e+06 	 2.943620e-06 	 9.762088e+06 	
7.31381381e+06 	 2.942937e-06 	 9.761433e+06 	
7.31431431e+06 	 2.942255e-06 	 9.760779e+06 	
7.31481481e+06 	 2.941573e-06 	 9.760125e+06 	
7.31531532e+06 	 2.940891e-06 	 9.759470e+06 	
7.31581582e+06 	 2.940209e-06 	 9.758816e+06 	
7.31631632e+06 	 2.939527e-06 	 9.758162e+06 	
7.31681682e+06 	 2.938846e-06 	 9.757509e+06 	
7.31731732e+06 	 2.938165e-06 	 9.756855e+06 	
7.31781782e+06 	 2.937484e-06 	 9.756201e+06 	
7.31831832e+06 	 2.936803e-06 	 9.755548e+06 	
7.31881882e+06 	 2.936122e-06 	 9.754894e+06 	
7.31931932e+06 	 2.935442e-06 	 9.754241e+06 	
7.31981982e+06 	 2.934762e-06 	 9.753588e+06 	
7.32032032e+06 	 2.934082e-06 	 9.752935e+06 	
7.32082082e+06 	 2.933402e-06 	 9.752281e+06 	
7.32132132e+06 	 2.932722e-06 	 9.751629e+06 	
7.32182182e+06 	 2.932043e-06 	 9.750976e+06 	
7.32232232e+06 	 2.931364e-06 	 9.750323e+06 	
7.32282282e+06 	 2.930685e-06 	 9.749670e+06 	
7.32332332e+06 	 2.930006e-06 	 9.749018e+06 	
7.32382382e+06 	 2.929328e-06 	 9.748365e+06 	
7.32432432e+06 	 2.928649e-06 	 9.747713e+06 	
7.32482482e+06 	 2.927971e-06 	 9.747061e+06 	
7.32532533e+06 	 2.927293e-06 	 9.746409e+06 	
7.32582583e+06 	 2.926615e-06 	 9.745756e+06 	
7.32632633e+06 	 2.925938e-06 	 9.745104e+06 	
7.32682683e+06 	 2.925260e-06 	 9.744453e+06 	
7.32732733e+06 	 2.924583e-06 	 9.743801e+06 	
7.32782783e+06 	 2.923906e-06 	 9.743149e+06 	
7.32832833e+06 	 2.923229e-06 	 9.742498e+06 	
7.32882883e+06 	 2.922553e-06 	 9.741846e+06 	
7.32932933e+06 	 2.921877e-06 	 9.741195e+06 	
7.32982983e+06 	 2.921200e-06 	 9.740544e+06 	
7.33033033e+06 	 2.920524e-06 	 9.739892e+06 	
7.33083083e+06 	 2.919849e-06 	 9.739241e+06 	
7.33133133e+06 	 2.919173e-06 	 9.738590e+06 	
7.33183183e+06 	 2.918498e-06 	 9.737940e+06 	
7.33233233e+06 	 2.917823e-06 	 9.737289e+06 	
7.33283283e+06 	 2.917148e-06 	 9.736638e+06 	
7.33333333e+06 	 2.916473e-06 	 9.735988e+06 	
7.33383383e+06 	 2.915798e-06 	 9.735337e+06 	
7.33433433e+06 	 2.915124e-06 	 9.734687e+06 	
7.33483483e+06 	 2.914450e-06 	 9.734036e+06 	
7.33533534e+06 	 2.913776e-06 	 9.733386e+06 	
7.33583584e+06 	 2.913102e-06 	 9.732736e+06 	
7.33633634e+06 	 2.912428e-06 	 9.732086e+06 	
7.33683684e+06 	 2.911755e-06 	 9.731436e+06 	
7.33733734e+06 	 2.911082e-06 	 9.730787e+06 	
7.33783784e+06 	 2.910409e-06 	 9.730137e+06 	
7.33833834e+06 	 2.909736e-06 	 9.729487e+06 	
7.33883884e+06 	 2.909064e-06 	 9.728838e+06 	
7.33933934e+06 	 2.908391e-06 	 9.728188e+06 	
7.33983984e+06 	 2.907719e-06 	 9.727539e+06 	
7.34034034e+06 	 2.907047e-06 	 9.726890e+06 	
7.34084084e+06 	 2.906375e-06 	 9.726241e+06 	
7.34134134e+06 	 2.905704e-06 	 9.725592e+06 	
7.34184184e+06 	 2.905032e-06 	 9.724943e+06 	
7.34234234e+06 	 2.904361e-06 	 9.724294e+06 	
7.34284284e+06 	 2.903690e-06 	 9.723646e+06 	
7.34334334e+06 	 2.903019e-06 	 9.722997e+06 	
7.34384384e+06 	 2.902349e-06 	 9.722349e+06 	
7.34434434e+06 	 2.901678e-06 	 9.721700e+06 	
7.34484484e+06 	 2.901008e-06 	 9.721052e+06 	
7.34534535e+06 	 2.900338e-06 	 9.720404e+06 	
7.34584585e+06 	 2.899668e-06 	 9.719756e+06 	
7.34634635e+06 	 2.898999e-06 	 9.719108e+06 	
7.34684685e+06 	 2.898329e-06 	 9.718460e+06 	
7.34734735e+06 	 2.897660e-06 	 9.717812e+06 	
7.34784785e+06 	 2.896991e-06 	 9.717164e+06 	
7.34834835e+06 	 2.896322e-06 	 9.716517e+06 	
7.34884885e+06 	 2.895654e-06 	 9.715869e+06 	
7.34934935e+06 	 2.894985e-06 	 9.715222e+06 	
7.34984985e+06 	 2.894317e-06 	 9.714574e+06 	
7.35035035e+06 	 2.893649e-06 	 9.713927e+06 	
7.35085085e+06 	 2.892981e-06 	 9.713280e+06 	
7.35135135e+06 	 2.892314e-06 	 9.712633e+06 	
7.35185185e+06 	 2.891646e-06 	 9.711986e+06 	
7.35235235e+06 	 2.890979e-06 	 9.711339e+06 	
7.35285285e+06 	 2.890312e-06 	 9.710693e+06 	
7.35335335e+06 	 2.889645e-06 	 9.710046e+06 	
7.35385385e+06 	 2.888978e-06 	 9.709399e+06 	
7.35435435e+06 	 2.888312e-06 	 9.708753e+06 	
7.35485485e+06 	 2.887646e-06 	 9.708107e+06 	
7.35535536e+06 	 2.886980e-06 	 9.707460e+06 	
7.35585586e+06 	 2.886314e-06 	 9.706814e+06 	
7.35635636e+06 	 2.885648e-06 	 9.706168e+06 	
7.35685686e+06 	 2.884983e-06 	 9.705522e+06 	
7.35735736e+06 	 2.884317e-06 	 9.704876e+06 	
7.35785786e+06 	 2.883652e-06 	 9.704231e+06 	
7.35835836e+06 	 2.882987e-06 	 9.703585e+06 	
7.35885886e+06 	 2.882323e-06 	 9.702940e+06 	
7.35935936e+06 	 2.881658e-06 	 9.702294e+06 	
7.35985986e+06 	 2.880994e-06 	 9.701649e+06 	
7.36036036e+06 	 2.880330e-06 	 9.701003e+06 	
7.36086086e+06 	 2.879666e-06 	 9.700358e+06 	
7.36136136e+06 	 2.879002e-06 	 9.699713e+06 	
7.36186186e+06 	 2.878339e-06 	 9.699068e+06 	
7.36236236e+06 	 2.877675e-06 	 9.698423e+06 	
7.36286286e+06 	 2.877012e-06 	 9.697779e+06 	
7.36336336e+06 	 2.876349e-06 	 9.697134e+06 	
7.36386386e+06 	 2.875687e-06 	 9.696489e+06 	
7.36436436e+06 	 2.875024e-06 	 9.695845e+06 	
7.36486486e+06 	 2.874362e-06 	 9.695201e+06 	
7.36536537e+06 	 2.873700e-06 	 9.694556e+06 	
7.36586587e+06 	 2.873038e-06 	 9.693912e+06 	
7.36636637e+06 	 2.872376e-06 	 9.693268e+06 	
7.36686687e+06 	 2.871714e-06 	 9.692624e+06 	
7.36736737e+06 	 2.871053e-06 	 9.691980e+06 	
7.36786787e+06 	 2.870392e-06 	 9.691336e+06 	
7.36836837e+06 	 2.869731e-06 	 9.690693e+06 	
7.36886887e+06 	 2.869070e-06 	 9.690049e+06 	
7.36936937e+06 	 2.868410e-06 	 9.689406e+06 	
7.36986987e+06 	 2.867749e-06 	 9.688762e+06 	
7.37037037e+06 	 2.867089e-06 	 9.688119e+06 	
7.37087087e+06 	 2.866429e-06 	 9.687476e+06 	
7.37137137e+06 	 2.865769e-06 	 9.686833e+06 	
7.37187187e+06 	 2.865110e-06 	 9.686190e+06 	
7.37237237e+06 	 2.864450e-06 	 9.685547e+06 	
7.37287287e+06 	 2.863791e-06 	 9.684904e+06 	
7.37337337e+06 	 2.863132e-06 	 9.684261e+06 	
7.37387387e+06 	 2.862473e-06 	 9.683619e+06 	
7.37437437e+06 	 2.861814e-06 	 9.682976e+06 	
7.37487487e+06 	 2.861156e-06 	 9.682334e+06 	
7.37537538e+06 	 2.860498e-06 	 9.681691e+06 	
7.37587588e+06 	 2.859840e-06 	 9.681049e+06 	
7.37637638e+06 	 2.859182e-06 	 9.680407e+06 	
7.37687688e+06 	 2.858524e-06 	 9.679765e+06 	
7.37737738e+06 	 2.857867e-06 	 9.679123e+06 	
7.37787788e+06 	 2.857209e-06 	 9.678481e+06 	
7.37837838e+06 	 2.856552e-06 	 9.677839e+06 	
7.37887888e+06 	 2.855895e-06 	 9.677198e+06 	
7.37937938e+06 	 2.855238e-06 	 9.676556e+06 	
7.37987988e+06 	 2.854582e-06 	 9.675915e+06 	
7.38038038e+06 	 2.853926e-06 	 9.675273e+06 	
7.38088088e+06 	 2.853269e-06 	 9.674632e+06 	
7.38138138e+06 	 2.852614e-06 	 9.673991e+06 	
7.38188188e+06 	 2.851958e-06 	 9.673350e+06 	
7.38238238e+06 	 2.851302e-06 	 9.672709e+06 	
7.38288288e+06 	 2.850647e-06 	 9.672068e+06 	
7.38338338e+06 	 2.849992e-06 	 9.671427e+06 	
7.38388388e+06 	 2.849337e-06 	 9.670787e+06 	
7.38438438e+06 	 2.848682e-06 	 9.670146e+06 	
7.38488488e+06 	 2.848027e-06 	 9.669506e+06 	
7.38538539e+06 	 2.847373e-06 	 9.668865e+06 	
7.38588589e+06 	 2.846719e-06 	 9.668225e+06 	
7.38638639e+06 	 2.846065e-06 	 9.667585e+06 	
7.38688689e+06 	 2.845411e-06 	 9.666945e+06 	
7.38738739e+06 	 2.844757e-06 	 9.666305e+06 	
7.38788789e+06 	 2.844104e-06 	 9.665665e+06 	
7.38838839e+06 	 2.843450e-06 	 9.665025e+06 	
7.38888889e+06 	 2.842797e-06 	 9.664385e+06 	
7.38938939e+06 	 2.842145e-06 	 9.663746e+06 	
7.38988989e+06 	 2.841492e-06 	 9.663106e+06 	
7.39039039e+06 	 2.840839e-06 	 9.662467e+06 	
7.39089089e+06 	 2.840187e-06 	 9.661827e+06 	
7.39139139e+06 	 2.839535e-06 	 9.661188e+06 	
7.39189189e+06 	 2.838883e-06 	 9.660549e+06 	
7.39239239e+06 	 2.838231e-06 	 9.659910e+06 	
7.39289289e+06 	 2.837580e-06 	 9.659271e+06 	
7.39339339e+06 	 2.836928e-06 	 9.658632e+06 	
7.39389389e+06 	 2.836277e-06 	 9.657993e+06 	
7.39439439e+06 	 2.835626e-06 	 9.657355e+06 	
7.39489489e+06 	 2.834976e-06 	 9.656716e+06 	
7.39539540e+06 	 2.834325e-06 	 9.656078e+06 	
7.39589590e+06 	 2.833675e-06 	 9.655439e+06 	
7.39639640e+06 	 2.833024e-06 	 9.654801e+06 	
7.39689690e+06 	 2.832374e-06 	 9.654163e+06 	
7.39739740e+06 	 2.831725e-06 	 9.653525e+06 	
7.39789790e+06 	 2.831075e-06 	 9.652887e+06 	
7.39839840e+06 	 2.830425e-06 	 9.652249e+06 	
7.39889890e+06 	 2.829776e-06 	 9.651611e+06 	
7.39939940e+06 	 2.829127e-06 	 9.650974e+06 	
7.39989990e+06 	 2.828478e-06 	 9.650336e+06 	
7.40040040e+06 	 2.827830e-06 	 9.649698e+06 	
7.40090090e+06 	 2.827181e-06 	 9.649061e+06 	
7.40140140e+06 	 2.826533e-06 	 9.648424e+06 	
7.40190190e+06 	 2.825885e-06 	 9.647787e+06 	
7.40240240e+06 	 2.825237e-06 	 9.647149e+06 	
7.40290290e+06 	 2.824589e-06 	 9.646512e+06 	
7.40340340e+06 	 2.823941e-06 	 9.645875e+06 	
7.40390390e+06 	 2.823294e-06 	 9.645239e+06 	
7.40440440e+06 	 2.822647e-06 	 9.644602e+06 	
7.40490490e+06 	 2.822000e-06 	 9.643965e+06 	
7.40540541e+06 	 2.821353e-06 	 9.643329e+06 	
7.40590591e+06 	 2.820707e-06 	 9.642692e+06 	
7.40640641e+06 	 2.820060e-06 	 9.642056e+06 	
7.40690691e+06 	 2.819414e-06 	 9.641420e+06 	
7.40740741e+06 	 2.818768e-06 	 9.640784e+06 	
7.40790791e+06 	 2.818122e-06 	 9.640148e+06 	
7.40840841e+06 	 2.817476e-06 	 9.639512e+06 	
7.40890891e+06 	 2.816831e-06 	 9.638876e+06 	
7.40940941e+06 	 2.816186e-06 	 9.638240e+06 	
7.40990991e+06 	 2.815541e-06 	 9.637604e+06 	
7.41041041e+06 	 2.814896e-06 	 9.636969e+06 	
7.41091091e+06 	 2.814251e-06 	 9.636333e+06 	
7.41141141e+06 	 2.813607e-06 	 9.635698e+06 	
7.41191191e+06 	 2.812962e-06 	 9.635063e+06 	
7.41241241e+06 	 2.812318e-06 	 9.634427e+06 	
7.41291291e+06 	 2.811674e-06 	 9.633792e+06 	
7.41341341e+06 	 2.811030e-06 	 9.633157e+06 	
7.41391391e+06 	 2.810387e-06 	 9.632522e+06 	
7.41441441e+06 	 2.809743e-06 	 9.631888e+06 	
7.41491491e+06 	 2.809100e-06 	 9.631253e+06 	
7.41541542e+06 	 2.808457e-06 	 9.630618e+06 	
7.41591592e+06 	 2.807814e-06 	 9.629984e+06 	
7.41641642e+06 	 2.807172e-06 	 9.629349e+06 	
7.41691692e+06 	 2.806529e-06 	 9.628715e+06 	
7.41741742e+06 	 2.805887e-06 	 9.628081e+06 	
7.41791792e+06 	 2.805245e-06 	 9.627446e+06 	
7.41841842e+06 	 2.804603e-06 	 9.626812e+06 	
7.41891892e+06 	 2.803961e-06 	 9.626178e+06 	
7.41941942e+06 	 2.803320e-06 	 9.625545e+06 	
7.41991992e+06 	 2.802678e-06 	 9.624911e+06 	
7.42042042e+06 	 2.802037e-06 	 9.624277e+06 	
7.42092092e+06 	 2.801396e-06 	 9.623644e+06 	
7.42142142e+06 	 2.800756e-06 	 9.623010e+06 	
7.42192192e+06 	 2.800115e-06 	 9.622377e+06 	
7.42242242e+06 	 2.799475e-06 	 9.621743e+06 	
7.42292292e+06 	 2.798834e-06 	 9.621110e+06 	
7.42342342e+06 	 2.798194e-06 	 9.620477e+06 	
7.42392392e+06 	 2.797555e-06 	 9.619844e+06 	
7.42442442e+06 	 2.796915e-06 	 9.619211e+06 	
7.42492492e+06 	 2.796275e-06 	 9.618578e+06 	
7.42542543e+06 	 2.795636e-06 	 9.617946e+06 	
7.42592593e+06 	 2.794997e-06 	 9.617313e+06 	
7.42642643e+06 	 2.794358e-06 	 9.616681e+06 	
7.42692693e+06 	 2.793719e-06 	 9.616048e+06 	
7.42742743e+06 	 2.793081e-06 	 9.615416e+06 	
7.42792793e+06 	 2.792443e-06 	 9.614784e+06 	
7.42842843e+06 	 2.791804e-06 	 9.614151e+06 	
7.42892893e+06 	 2.791167e-06 	 9.613519e+06 	
7.42942943e+06 	 2.790529e-06 	 9.612887e+06 	
7.42992993e+06 	 2.789891e-06 	 9.612256e+06 	
7.43043043e+06 	 2.789254e-06 	 9.611624e+06 	
7.43093093e+06 	 2.788616e-06 	 9.610992e+06 	
7.43143143e+06 	 2.787979e-06 	 9.610361e+06 	
7.43193193e+06 	 2.787343e-06 	 9.609729e+06 	
7.43243243e+06 	 2.786706e-06 	 9.609098e+06 	
7.43293293e+06 	 2.786069e-06 	 9.608466e+06 	
7.43343343e+06 	 2.785433e-06 	 9.607835e+06 	
7.43393393e+06 	 2.784797e-06 	 9.607204e+06 	
7.43443443e+06 	 2.784161e-06 	 9.606573e+06 	
7.43493493e+06 	 2.783525e-06 	 9.605942e+06 	
7.43543544e+06 	 2.782890e-06 	 9.605311e+06 	
7.43593594e+06 	 2.782254e-06 	 9.604681e+06 	
7.43643644e+06 	 2.781619e-06 	 9.604050e+06 	
7.43693694e+06 	 2.780984e-06 	 9.603419e+06 	
7.43743744e+06 	 2.780349e-06 	 9.602789e+06 	
7.43793794e+06 	 2.779715e-06 	 9.602159e+06 	
7.43843844e+06 	 2.779080e-06 	 9.601528e+06 	
7.43893894e+06 	 2.778446e-06 	 9.600898e+06 	
7.43943944e+06 	 2.777812e-06 	 9.600268e+06 	
7.43993994e+06 	 2.777178e-06 	 9.599638e+06 	
7.44044044e+06 	 2.776544e-06 	 9.599008e+06 	
7.44094094e+06 	 2.775911e-06 	 9.598379e+06 	
7.44144144e+06 	 2.775278e-06 	 9.597749e+06 	
7.44194194e+06 	 2.774644e-06 	 9.597119e+06 	
7.44244244e+06 	 2.774011e-06 	 9.596490e+06 	
7.44294294e+06 	 2.773379e-06 	 9.595860e+06 	
7.44344344e+06 	 2.772746e-06 	 9.595231e+06 	
7.44394394e+06 	 2.772114e-06 	 9.594602e+06 	
7.44444444e+06 	 2.771481e-06 	 9.593973e+06 	
7.44494494e+06 	 2.770849e-06 	 9.593344e+06 	
7.44544545e+06 	 2.770217e-06 	 9.592715e+06 	
7.44594595e+06 	 2.769586e-06 	 9.592086e+06 	
7.44644645e+06 	 2.768954e-06 	 9.591457e+06 	
7.44694695e+06 	 2.768323e-06 	 9.590829e+06 	
7.44744745e+06 	 2.767692e-06 	 9.590200e+06 	
7.44794795e+06 	 2.767061e-06 	 9.589572e+06 	
7.44844845e+06 	 2.766430e-06 	 9.588943e+06 	
7.44894895e+06 	 2.765800e-06 	 9.588315e+06 	
7.44944945e+06 	 2.765169e-06 	 9.587687e+06 	
7.44994995e+06 	 2.764539e-06 	 9.587059e+06 	
7.45045045e+06 	 2.763909e-06 	 9.586431e+06 	
7.45095095e+06 	 2.763279e-06 	 9.585803e+06 	
7.45145145e+06 	 2.762649e-06 	 9.585175e+06 	
7.45195195e+06 	 2.762020e-06 	 9.584547e+06 	
7.45245245e+06 	 2.761391e-06 	 9.583920e+06 	
7.45295295e+06 	 2.760761e-06 	 9.583292e+06 	
7.45345345e+06 	 2.760133e-06 	 9.582665e+06 	
7.45395395e+06 	 2.759504e-06 	 9.582037e+06 	
7.45445445e+06 	 2.758875e-06 	 9.581410e+06 	
7.45495495e+06 	 2.758247e-06 	 9.580783e+06 	
7.45545546e+06 	 2.757619e-06 	 9.580156e+06 	
7.45595596e+06 	 2.756991e-06 	 9.579529e+06 	
7.45645646e+06 	 2.756363e-06 	 9.578902e+06 	
7.45695696e+06 	 2.755735e-06 	 9.578275e+06 	
7.45745746e+06 	 2.755108e-06 	 9.577649e+06 	
7.45795796e+06 	 2.754480e-06 	 9.577022e+06 	
7.45845846e+06 	 2.753853e-06 	 9.576396e+06 	
7.45895896e+06 	 2.753226e-06 	 9.575769e+06 	
7.45945946e+06 	 2.752599e-06 	 9.575143e+06 	
7.45995996e+06 	 2.751973e-06 	 9.574517e+06 	
7.46046046e+06 	 2.751347e-06 	 9.573891e+06 	
7.46096096e+06 	 2.750720e-06 	 9.573265e+06 	
7.46146146e+06 	 2.750094e-06 	 9.572639e+06 	
7.46196196e+06 	 2.749468e-06 	 9.572013e+06 	
7.46246246e+06 	 2.748843e-06 	 9.571387e+06 	
7.46296296e+06 	 2.748217e-06 	 9.570761e+06 	
7.46346346e+06 	 2.747592e-06 	 9.570136e+06 	
7.46396396e+06 	 2.746967e-06 	 9.569510e+06 	
7.46446446e+06 	 2.746342e-06 	 9.568885e+06 	
7.46496496e+06 	 2.745717e-06 	 9.568260e+06 	
7.46546547e+06 	 2.745093e-06 	 9.567635e+06 	
7.46596597e+06 	 2.744468e-06 	 9.567009e+06 	
7.46646647e+06 	 2.743844e-06 	 9.566384e+06 	
7.46696697e+06 	 2.743220e-06 	 9.565760e+06 	
7.46746747e+06 	 2.742596e-06 	 9.565135e+06 	
7.46796797e+06 	 2.741972e-06 	 9.564510e+06 	
7.46846847e+06 	 2.741349e-06 	 9.563885e+06 	
7.46896897e+06 	 2.740726e-06 	 9.563261e+06 	
7.46946947e+06 	 2.740103e-06 	 9.562636e+06 	
7.46996997e+06 	 2.739480e-06 	 9.562012e+06 	
7.47047047e+06 	 2.738857e-06 	 9.561388e+06 	
7.47097097e+06 	 2.738234e-06 	 9.560764e+06 	
7.47147147e+06 	 2.737612e-06 	 9.560140e+06 	
7.47197197e+06 	 2.736990e-06 	 9.559516e+06 	
7.47247247e+06 	 2.736368e-06 	 9.558892e+06 	
7.47297297e+06 	 2.735746e-06 	 9.558268e+06 	
7.47347347e+06 	 2.735124e-06 	 9.557644e+06 	
7.47397397e+06 	 2.734503e-06 	 9.557021e+06 	
7.47447447e+06 	 2.733881e-06 	 9.556397e+06 	
7.47497497e+06 	 2.733260e-06 	 9.555774e+06 	
7.47547548e+06 	 2.732639e-06 	 9.555151e+06 	
7.47597598e+06 	 2.732018e-06 	 9.554527e+06 	
7.47647648e+06 	 2.731398e-06 	 9.553904e+06 	
7.47697698e+06 	 2.730777e-06 	 9.553281e+06 	
7.47747748e+06 	 2.730157e-06 	 9.552658e+06 	
7.47797798e+06 	 2.729537e-06 	 9.552035e+06 	
7.47847848e+06 	 2.728917e-06 	 9.551413e+06 	
7.47897898e+06 	 2.728297e-06 	 9.550790e+06 	
7.47947948e+06 	 2.727678e-06 	 9.550167e+06 	
7.47997998e+06 	 2.727058e-06 	 9.549545e+06 	
7.48048048e+06 	 2.726439e-06 	 9.548922e+06 	
7.48098098e+06 	 2.725820e-06 	 9.548300e+06 	
7.48148148e+06 	 2.725201e-06 	 9.547678e+06 	
7.48198198e+06 	 2.724583e-06 	 9.547056e+06 	
7.48248248e+06 	 2.723964e-06 	 9.546434e+06 	
7.48298298e+06 	 2.723346e-06 	 9.545812e+06 	
7.48348348e+06 	 2.722728e-06 	 9.545190e+06 	
7.48398398e+06 	 2.722110e-06 	 9.544568e+06 	
7.48448448e+06 	 2.721492e-06 	 9.543947e+06 	
7.48498498e+06 	 2.720875e-06 	 9.543325e+06 	
7.48548549e+06 	 2.720257e-06 	 9.542704e+06 	
7.48598599e+06 	 2.719640e-06 	 9.542082e+06 	
7.48648649e+06 	 2.719023e-06 	 9.541461e+06 	
7.48698699e+06 	 2.718406e-06 	 9.540840e+06 	
7.48748749e+06 	 2.717790e-06 	 9.540219e+06 	
7.48798799e+06 	 2.717173e-06 	 9.539598e+06 	
7.48848849e+06 	 2.716557e-06 	 9.538977e+06 	
7.48898899e+06 	 2.715941e-06 	 9.538356e+06 	
7.48948949e+06 	 2.715325e-06 	 9.537735e+06 	
7.48998999e+06 	 2.714709e-06 	 9.537115e+06 	
7.49049049e+06 	 2.714093e-06 	 9.536494e+06 	
7.49099099e+06 	 2.713478e-06 	 9.535874e+06 	
7.49149149e+06 	 2.712863e-06 	 9.535253e+06 	
7.49199199e+06 	 2.712248e-06 	 9.534633e+06 	
7.49249249e+06 	 2.711633e-06 	 9.534013e+06 	
7.49299299e+06 	 2.711018e-06 	 9.533393e+06 	
7.49349349e+06 	 2.710403e-06 	 9.532773e+06 	
7.49399399e+06 	 2.709789e-06 	 9.532153e+06 	
7.49449449e+06 	 2.709175e-06 	 9.531533e+06 	
7.49499499e+06 	 2.708561e-06 	 9.530913e+06 	
7.49549550e+06 	 2.707947e-06 	 9.530294e+06 	
7.49599600e+06 	 2.707333e-06 	 9.529674e+06 	
7.49649650e+06 	 2.706720e-06 	 9.529055e+06 	
7.49699700e+06 	 2.706107e-06 	 9.528436e+06 	
7.49749750e+06 	 2.705493e-06 	 9.527816e+06 	
7.49799800e+06 	 2.704881e-06 	 9.527197e+06 	
7.49849850e+06 	 2.704268e-06 	 9.526578e+06 	
7.49899900e+06 	 2.703655e-06 	 9.525959e+06 	
7.49949950e+06 	 2.703043e-06 	 9.525340e+06 	
7.50000000e+06 	 2.702430e-06 	 9.524721e+06 	
7.53682323e+06 	 2.657866e-06 	 9.479447e+06 	
7.57382725e+06 	 2.614021e-06 	 9.434443e+06 	
7.61101295e+06 	 2.570881e-06 	 9.389709e+06 	
7.64838122e+06 	 2.528436e-06 	 9.345242e+06 	
7.68593297e+06 	 2.486673e-06 	 9.301042e+06 	
7.72366908e+06 	 2.445582e-06 	 9.257106e+06 	
7.76159047e+06 	 2.405150e-06 	 9.213432e+06 	
7.79969804e+06 	 2.365367e-06 	 9.170020e+06 	
7.83799272e+06 	 2.326221e-06 	 9.126866e+06 	
7.87647541e+06 	 2.287820e-06 	 9.083957e+06 	
7.91514704e+06 	 2.249938e-06 	 9.041315e+06 	
7.95400854e+06 	 2.212666e-06 	 8.998927e+06 	
7.99306084e+06 	 2.175994e-06 	 8.956791e+06 	
8.03230488e+06 	 2.139799e-06 	 8.914918e+06 	
8.07174160e+06 	 2.104279e-06 	 8.873284e+06 	
8.11137194e+06 	 2.069328e-06 	 8.831897e+06 	
8.15119686e+06 	 2.034938e-06 	 8.790756e+06 	
8.19121731e+06 	 2.000989e-06 	 8.749873e+06 	
8.23143425e+06 	 1.967673e-06 	 8.709222e+06 	
8.27184865e+06 	 1.934887e-06 	 8.668812e+06 	
8.31246147e+06 	 1.902624e-06 	 8.628643e+06 	
8.35327369e+06 	 1.870770e-06 	 8.588725e+06 	
8.39428629e+06 	 1.839508e-06 	 8.549033e+06 	
8.43550025e+06 	 1.808739e-06 	 8.509577e+06 	
8.47691656e+06 	 1.778456e-06 	 8.470356e+06 	
8.51853622e+06 	 1.748748e-06 	 8.431354e+06 	
8.56036022e+06 	 1.719427e-06 	 8.392594e+06 	
8.60238956e+06 	 1.690570e-06 	 8.354065e+06 	
8.64462526e+06 	 1.662167e-06 	 8.315764e+06 	
8.68706833e+06 	 1.634304e-06 	 8.277676e+06 	
8.72971978e+06 	 1.606804e-06 	 8.239825e+06 	
8.77258064e+06 	 1.579739e-06 	 8.202198e+06 	
8.81565194e+06 	 1.553102e-06 	 8.164794e+06 	
8.85893470e+06 	 1.526800e-06 	 8.127624e+06 	
8.90242998e+06 	 1.500984e-06 	 8.090663e+06 	
8.94613881e+06 	 1.475572e-06 	 8.053920e+06 	
8.99006223e+06 	 1.450559e-06 	 8.017394e+06 	
9.03420131e+06 	 1.426017e-06 	 7.981072e+06 	
9.07855711e+06 	 1.401793e-06 	 7.944975e+06 	
9.12313067e+06 	 1.377950e-06 	 7.909091e+06 	
9.16792309e+06 	 1.354480e-06 	 7.873419e+06 	
9.21293542e+06 	 1.331451e-06 	 7.837945e+06 	
9.25816876e+06 	 1.308722e-06 	 7.802690e+06 	
9.30362418e+06 	 1.286351e-06 	 7.767643e+06 	
9.34930277e+06 	 1.264331e-06 	 7.732802e+06 	
9.39520564e+06 	 1.242590e-06 	 7.698179e+06 	
9.44133388e+06 	 1.221246e-06 	 7.663749e+06 	
9.48768860e+06 	 1.200236e-06 	 7.629522e+06 	
9.53427090e+06 	 1.179554e-06 	 7.595497e+06 	
9.58108192e+06 	 1.159256e-06 	 7.561659e+06 	
9.62812277e+06 	 1.139224e-06 	 7.528031e+06 	
9.67539457e+06 	 1.119506e-06 	 7.494600e+06 	
9.72289847e+06 	 1.100096e-06 	 7.461366e+06 	
9.77063561e+06 	 1.080936e-06 	 7.428338e+06 	
9.81860712e+06 	 1.062122e-06 	 7.395494e+06 	
9.86681416e+06 	 1.043600e-06 	 7.362843e+06 	
9.91525788e+06 	 1.025368e-06 	 7.330384e+06 	
9.96393946e+06 	 1.007419e-06 	 7.298116e+06 	
1.00128600e+07 	 9.898068e-07 	 7.266024e+06 	
1.00620208e+07 	 9.724215e-07 	 7.234131e+06 	
1.01114230e+07 	 9.553081e-07 	 7.202425e+06 	
1.01610677e+07 	 9.384625e-07 	 7.170905e+06 	
1.02109561e+07 	 9.218300e-07 	 7.139581e+06 	
1.02610895e+07 	 9.055002e-07 	 7.108430e+06 	
1.03114690e+07 	 8.894252e-07 	 7.077461e+06 	
1.03620959e+07 	 8.736011e-07 	 7.046674e+06 	
1.04129713e+07 	 8.579795e-07 	 7.016078e+06 	
1.04640965e+07 	 8.426392e-07 	 6.985652e+06 	
1.05154728e+07 	 8.275377e-07 	 6.955403e+06 	
1.05671013e+07 	 8.126714e-07 	 6.925332e+06 	
1.06189832e+07 	 7.980366e-07 	 6.895436e+06 	
1.06711199e+07 	 7.835847e-07 	 6.865728e+06 	
1.07235126e+07 	 7.693958e-07 	 6.836183e+06 	
1.07761625e+07 	 7.554272e-07 	 6.806811e+06 	
1.08290709e+07 	 7.416755e-07 	 6.777611e+06 	
1.08822391e+07 	 7.280981e-07 	 6.748593e+06 	
1.09356683e+07 	 7.147644e-07 	 6.719735e+06 	
1.09893599e+07 	 7.016371e-07 	 6.691047e+06 	
1.10433150e+07 	 6.887127e-07 	 6.662526e+06 	
1.10975351e+07 	 6.759542e-07 	 6.634183e+06 	
1.11520214e+07 	 6.634214e-07 	 6.605998e+06 	
1.12067752e+07 	 6.510815e-07 	 6.577977e+06 	
1.12617978e+07 	 6.389313e-07 	 6.550122e+06 	
1.13170906e+07 	 6.269679e-07 	 6.522430e+06 	
1.13726548e+07 	 6.152215e-07 	 6.494889e+06 	
1.14284918e+07 	 6.036271e-07 	 6.467520e+06 	
1.14846030e+07 	 5.922109e-07 	 6.440311e+06 	
1.15409897e+07 	 5.809701e-07 	 6.413263e+06 	
1.15976532e+07 	 5.699304e-07 	 6.386362e+06 	
1.16545950e+07 	 5.590359e-07 	 6.359630e+06 	
1.17118163e+07 	 5.483089e-07 	 6.333054e+06 	
1.17693185e+07 	 5.377467e-07 	 6.306634e+06 	
1.18271031e+07 	 5.273467e-07 	 6.280370e+06 	
1.18851714e+07 	 5.171338e-07 	 6.254250e+06 	
1.19435248e+07 	 5.070542e-07 	 6.228293e+06 	
1.20021647e+07 	 4.971294e-07 	 6.202488e+06 	
1.20610924e+07 	 4.873571e-07 	 6.176836e+06 	
1.21203096e+07 	 4.777348e-07 	 6.151335e+06 	
1.21798174e+07 	 4.682867e-07 	 6.125973e+06 	
1.22396174e+07 	 4.589610e-07 	 6.100770e+06 	
1.22997111e+07 	 4.497786e-07 	 6.075717e+06 	
1.23600997e+07 	 4.407374e-07 	 6.050811e+06 	
1.24207849e+07 	 4.318573e-07 	 6.026042e+06 	
1.24817680e+07 	 4.230947e-07 	 6.001429e+06 	
1.25430506e+07 	 4.144670e-07 	 5.976961e+06 	
1.26046340e+07 	 4.059722e-07 	 5.952638e+06 	
1.26665197e+07 	 3.976081e-07 	 5.928460e+06 	
1.27287094e+07 	 3.893937e-07 	 5.904414e+06 	
1.27912043e+07 	 3.812880e-07 	 5.880520e+06 	
1.28540061e+07 	 3.733073e-07 	 5.856768e+06 	
1.29171162e+07 	 3.654498e-07 	 5.833157e+06 	
1.29805362e+07 	 3.577137e-07 	 5.809687e+06 	
1.30442676e+07 	 3.501168e-07 	 5.786345e+06 	
1.31083119e+07 	 3.426205e-07 	 5.763153e+06 	
1.31726706e+07 	 3.352405e-07 	 5.740099e+06 	
1.32373453e+07 	 3.279750e-07 	 5.717182e+06 	
1.33023375e+07 	 3.208062e-07 	 5.694413e+06 	
1.33676488e+07 	 3.137626e-07 	 5.671772e+06 	
1.34332808e+07 	 3.068284e-07 	 5.649267e+06 	
1.34992351e+07 	 3.000019e-07 	 5.626897e+06 	
1.35655131e+07 	 2.932816e-07 	 5.604662e+06 	
1.36321166e+07 	 2.866808e-07 	 5.582552e+06 	
1.36990470e+07 	 2.801700e-07 	 5.560584e+06 	
1.37663061e+07 	 2.737611e-07 	 5.538749e+06 	
1.38338954e+07 	 2.674526e-07 	 5.517046e+06 	
1.39018166e+07 	 2.612430e-07 	 5.495476e+06 	
1.39700712e+07 	 2.551174e-07 	 5.474048e+06 	
1.40386610e+07 	 2.490999e-07 	 5.452742e+06 	
1.41075875e+07 	 2.431772e-07 	 5.431567e+06 	
1.41768524e+07 	 2.373480e-07 	 5.410522e+06 	
1.42464574e+07 	 2.316109e-07 	 5.389607e+06 	
1.43164041e+07 	 2.259523e-07 	 5.368832e+06 	
1.43866943e+07 	 2.203943e-07 	 5.348177e+06 	
1.44573296e+07 	 2.149246e-07 	 5.327651e+06 	
1.45283116e+07 	 2.095421e-07 	 5.307254e+06 	
1.45996422e+07 	 2.042456e-07 	 5.286985e+06 	
1.46713230e+07 	 1.990454e-07 	 5.266832e+06 	
1.47433557e+07 	 1.939190e-07 	 5.246817e+06 	
1.48157421e+07 	 1.888756e-07 	 5.226929e+06 	
1.48884839e+07 	 1.839140e-07 	 5.207168e+06 	
1.49615828e+07 	 1.790425e-07 	 5.187523e+06 	
1.50350407e+07 	 1.742429e-07 	 5.168013e+06 	
1.51088592e+07 	 1.695225e-07 	 5.148629e+06 	
1.51830401e+07 	 1.648805e-07 	 5.129371e+06 	
1.52575852e+07 	 1.603158e-07 	 5.110239e+06 	
1.53324964e+07 	 1.558196e-07 	 5.091243e+06 	
1.54077753e+07 	 1.514063e-07 	 5.072363e+06 	
1.54834238e+07 	 1.470680e-07 	 5.053608e+06 	
1.55594438e+07 	 1.428039e-07 	 5.034979e+06 	
1.56358370e+07 	 1.386134e-07 	 5.016474e+06 	
1.57126052e+07 	 1.345029e-07 	 4.998083e+06 	
1.57897504e+07 	 1.304582e-07 	 4.979827e+06 	
1.58672744e+07 	 1.264852e-07 	 4.961696e+06 	
1.59451789e+07 	 1.225833e-07 	 4.943689e+06 	
1.60234660e+07 	 1.187519e-07 	 4.925807e+06 	
1.61021374e+07 	 1.149841e-07 	 4.908061e+06 	
1.61811951e+07 	 1.112916e-07 	 4.890430e+06 	
1.62606409e+07 	 1.076681e-07 	 4.872923e+06 	
1.63404768e+07 	 1.041132e-07 	 4.855541e+06 	
1.64207047e+07 	 1.006213e-07 	 4.838296e+06 	
1.65013265e+07 	 9.720187e-08 	 4.821165e+06 	
1.65823441e+07 	 9.384987e-08 	 4.804160e+06 	
1.66637595e+07 	 9.056498e-08 	 4.787281e+06 	
1.67455746e+07 	 8.734692e-08 	 4.770526e+06 	
1.68277914e+07 	 8.419066e-08 	 4.753910e+06 	
1.69104119e+07 	 8.110486e-08 	 4.737408e+06 	
1.69934380e+07 	 7.808507e-08 	 4.721033e+06 	
1.70768718e+07 	 7.513108e-08 	 4.704784e+06 	
1.71607152e+07 	 7.223883e-08 	 4.688673e+06 	
1.72449703e+07 	 6.941535e-08 	 4.672678e+06 	
1.73296390e+07 	 6.665705e-08 	 4.656810e+06 	
1.74147234e+07 	 6.396376e-08 	 4.641069e+06 	
1.75002256e+07 	 6.133849e-08 	 4.625443e+06 	
1.75861476e+07 	 5.877517e-08 	 4.609954e+06 	
1.76724914e+07 	 5.627646e-08 	 4.594591e+06 	
1.77592591e+07 	 5.384220e-08 	 4.579356e+06 	
1.78464529e+07 	 5.146958e-08 	 4.564260e+06 	
1.79340748e+07 	 4.916338e-08 	 4.549281e+06 	
1.80221268e+07 	 4.692108e-08 	 4.534429e+06 	
1.81106112e+07 	 4.474250e-08 	 4.519704e+06 	
1.81995300e+07 	 4.262972e-08 	 4.505091e+06 	
1.82888854e+07 	 4.057824e-08 	 4.490617e+06 	
1.83786795e+07 	 3.858981e-08 	 4.476269e+06 	
1.84689145e+07 	 3.666415e-08 	 4.462046e+06 	
1.85595925e+07 	 3.479883e-08 	 4.447966e+06 	
1.86507157e+07 	 3.299733e-08 	 4.433998e+06 	
1.87422863e+07 	 3.125745e-08 	 4.420154e+06 	
1.88343065e+07 	 2.958046e-08 	 4.406417e+06 	
1.89267785e+07 	 2.796274e-08 	 4.392816e+06 	
1.90197045e+07 	 2.640521e-08 	 4.379337e+06 	
1.91130868e+07 	 2.490581e-08 	 4.365999e+06 	
1.92069275e+07 	 2.346654e-08 	 4.352765e+06 	
1.93012290e+07 	 2.208436e-08 	 4.339669e+06 	
1.93959935e+07 	 2.076048e-08 	 4.326676e+06 	
1.94912232e+07 	 1.949316e-08 	 4.313800e+06 	
1.95869205e+07 	 1.828044e-08 	 4.301065e+06 	
1.96830877e+07 	 1.712325e-08 	 4.288427e+06 	
1.97797270e+07 	 1.601881e-08 	 4.275929e+06 	
1.98768407e+07 	 1.496758e-08 	 4.263529e+06 	
1.99744313e+07 	 1.396851e-08 	 4.251214e+06 	
2.00725011e+07 	 1.301905e-08 	 4.239031e+06 	
2.01710523e+07 	 1.211893e-08 	 4.226940e+06 	
2.02700874e+07 	 1.126623e-08 	 4.214966e+06 	
2.03696087e+07 	 1.045988e-08 	 4.203095e+06 	
2.04696187e+07 	 9.698192e-09 	 4.191348e+06 	
2.05701197e+07 	 8.980217e-09 	 4.179691e+06 	
2.06711141e+07 	 8.304685e-09 	 4.168101e+06 	
2.07726044e+07 	 7.669506e-09 	 4.156626e+06 	
2.08745930e+07 	 7.073125e-09 	 4.145278e+06 	
2.09770823e+07 	 6.514428e-09 	 4.134012e+06 	
2.10800748e+07 	 5.992083e-09 	 4.122786e+06 	
2.11835730e+07 	 5.503972e-09 	 4.111683e+06 	
2.12875793e+07 	 5.048948e-09 	 4.100631e+06 	
2.13920963e+07 	 4.625324e-09 	 4.089649e+06 	
2.14971264e+07 	 4.231159e-09 	 4.078854e+06 	
2.16026723e+07 	 3.865585e-09 	 4.068075e+06 	
2.17087363e+07 	 3.526924e-09 	 4.057350e+06 	
2.18153210e+07 	 3.213676e-09 	 4.046681e+06 	
2.19224291e+07 	 2.924243e-09 	 4.036147e+06 	
2.20300630e+07 	 2.657515e-09 	 4.025595e+06 	
2.21382254e+07 	 2.411766e-09 	 4.015244e+06 	
2.22469189e+07 	 2.185901e-09 	 4.004967e+06 	
2.23561460e+07 	 1.978855e-09 	 3.994555e+06 	
2.24659094e+07 	 1.789015e-09 	 3.984335e+06 	
2.25762117e+07 	 1.615397e-09 	 3.974118e+06 	
2.26870556e+07 	 1.456723e-09 	 3.964092e+06 	
2.27984436e+07 	 1.312161e-09 	 3.953886e+06 	
2.29103786e+07 	 1.180495e-09 	 3.943759e+06 	
2.30228632e+07 	 1.060692e-09 	 3.933869e+06 	
2.31359000e+07 	 9.519328e-10 	 3.924017e+06 	
2.32494918e+07 	 8.533951e-10 	 3.914035e+06 	
2.33636413e+07 	 7.642015e-10 	 3.904042e+06 	
2.34783512e+07 	 6.834956e-10 	 3.894379e+06 	
2.35936244e+07 	 6.106702e-10 	 3.884633e+06 	
2.37094635e+07 	 5.450257e-10 	 3.874884e+06 	
2.38258714e+07 	 4.859368e-10 	 3.865100e+06 	
2.39428508e+07 	 4.327805e-10 	 3.855541e+06 	
2.40604045e+07 	 3.850718e-10 	 3.845842e+06 	
2.41785354e+07 	 3.422666e-10 	 3.836341e+06 	
2.42972463e+07 	 3.039409e-10 	 3.826722e+06 	
2.44165400e+07 	 2.696414e-10 	 3.817275e+06 	
2.45364195e+07 	 2.390085e-10 	 3.807640e+06 	
2.64650174e+07 	 1.000000e-20 	 3.664737e+06 	
2.85452059e+07 	 1.000000e-20 	 3.527655e+06 	
3.07889002e+07 	 1.000000e-20 	 3.395773e+06 	
3.32089521e+07 	 1.000000e-20 	 3.268887e+06 	
3.58192236e+07 	 1.000000e-20 	 3.146800e+06 	
3.86346662e+07 	 1.000000e-20 	 3.029325e+06 	
4.16714067e+07 	 1.000000e-20 	 2.916280e+06 	
4.49468393e+07 	 1.000000e-20 	 2.807496e+06 	
4.84797256e+07 	 1.000000e-20 	 2.702805e+06 	
5.22903019e+07 	 1.000000e-20 	 2.602051e+06 	
5.64003950e+07 	 1.000000e-20 	 2.505082e+06 	
6.08335473e+07 	 1.000000e-20 	 2.411752e+06 	
6.56151518e+07 	 1.000000e-20 	 2.321923e+06 	
7.07725973e+07 	 1.000000e-20 	 2.235460e+06 	
7.63354254e+07 	 1.000000e-20 	 2.152234e+06 	
8.23354998e+07 	 1.000000e-20 	 2.072124e+06 	
8.88071888e+07 	 1.000000e-20 	 1.995010e+06 	
9.57875618e+07 	 1.000000e-20 	 1.920779e+06 	
1.03316602e+08 	 1.000000e-20 	 1.849321e+06 	
1.11437436e+08 	 1.000000e-20 	 1.780533e+06 	
1.20196579e+08 	 1.000000e-20 	 1.714312e+06 	
1.29644203e+08 	 1.000000e-20 	 1.650562e+06 	
1.39834425e+08 	 1.000000e-20 	 1.589190e+06 	
1.50825612e+08 	 1.000000e-20 	 1.530107e+06 	
1.62680722e+08 	 1.000000e-20 	 1.473226e+06 	
1.75467661e+08 	 1.000000e-20 	 1.418465e+06 	
1.89259672e+08 	 1.000000e-20 	 1.365744e+06 	
2.04135755e+08 	 1.000000e-20 	 1.314987e+06 	
2.20181120e+08 	 1.000000e-20 	 1.266120e+06 	
2.37487673e+08 	 1.000000e-20 	 1.219072e+06 	
2.56154547e+08 	 1.000000e-20 	 1.173775e+06 	
2.76288663e+08 	 1.000000e-20 	 1.130164e+06 	
2.98005350e+08 	 1.000000e-20 	 1.088176e+06 	
3.21429000e+08 	 1.000000e-20 	 1.047750e+06 	
3.46693783e+08 	 1.000000e-20 	 1.008828e+06 	
3.73944414e+08 	 1.000000e-20 	 9.713526e+05 	
4.03336983e+08 	 1.000000e-20 	 9.352713e+05 	
4.35039852e+08 	 1.000000e-20 	 9.005316e+05 	
4.69234611e+08 	 1.000000e-20 	 8.670834e+05 	
5.06117127e+08 	 1.000000e-20 	 8.348787e+05 	
5.45898663e+08 	 1.000000e-20 	 8.038710e+05 	
5.88807085e+08 	 1.000000e-20 	 7.740158e+05 	
6.35088170e+08 	 1.000000e-20 	 7.452702e+05 	
6.85007015e+08 	 1.000000e-20 	 7.175928e+05 	
7.38849554e+08 	 1.000000e-20 	 6.909439e+05 	
7.96924193e+08 	 1.000000e-20 	 6.652851e+05 	
8.59563583e+08 	 1.000000e-20 	 6.405797e+05 	
9.27126520e+08 	 1.000000e-20 	 6.167922e+05 	
1.00000000e+09 	 1.000000e-20 	 5.938884e+05 	
