f0           	 log10(rhophA) 	 log10(rhophB)
-0.00010000 	 -0.08653850 	 -0.08653824
-0.01000000 	 -0.03111788 	 -0.03111749
-0.01183673 	 -0.04697664 	 -0.04697626
-0.01367347 	 -0.06122054 	 -0.06122015
-0.01551020 	 -0.07416311 	 -0.07416273
-0.01734694 	 -0.08603952 	 -0.08603914
-0.01918367 	 -0.09702909 	 -0.09702871
-0.02030101 	 -0.10334005 	 -0.10333967
-0.02102041 	 -0.10726946 	 -0.10726908
-0.02285714 	 -0.11686981 	 -0.11686944
-0.02469388 	 -0.12591706 	 -0.12591668
-0.02653061 	 -0.13448233 	 -0.13448195
-0.02836735 	 -0.14262367 	 -0.14262329
-0.03020408 	 -0.15038905 	 -0.15038867
-0.03204082 	 -0.15781947 	 -0.15781910
-0.03387755 	 -0.16494924 	 -0.16494886
-0.03571429 	 -0.17180776 	 -0.17180739
-0.03755102 	 -0.17841989 	 -0.17841951
-0.03938776 	 -0.18480838 	 -0.18480801
-0.04050202 	 -0.18858279 	 -0.18858242
-0.04122449 	 -0.19099182 	 -0.19099144
-0.04306122 	 -0.19698698 	 -0.19698660
-0.04489796 	 -0.20280924 	 -0.20280886
-0.04673469 	 -0.20847139 	 -0.20847102
-0.04857143 	 -0.21398531 	 -0.21398494
-0.05040816 	 -0.21936123 	 -0.21936086
-0.05224490 	 -0.22460856 	 -0.22460819
-0.05408163 	 -0.22973622 	 -0.22973585
-0.05591837 	 -0.23475152 	 -0.23475115
-0.05775510 	 -0.23966156 	 -0.23966119
-0.05959184 	 -0.24447281 	 -0.24447243
-0.06070303 	 -0.24733787 	 -0.24733749
-0.06142857 	 -0.24919059 	 -0.24919021
-0.06326531 	 -0.25382088 	 -0.25382051
-0.06510204 	 -0.25836831 	 -0.25836794
-0.06693878 	 -0.26283677 	 -0.26283640
-0.06877551 	 -0.26723115 	 -0.26723077
-0.07061224 	 -0.27155492 	 -0.27155455
-0.07244898 	 -0.27581162 	 -0.27581124
-0.07428571 	 -0.28000477 	 -0.28000440
-0.07612245 	 -0.28413664 	 -0.28413627
-0.07795918 	 -0.28821100 	 -0.28821062
-0.07979592 	 -0.29223002 	 -0.29222964
-0.08090404 	 -0.29462903 	 -0.29462866
-0.08163265 	 -0.29619632 	 -0.29619595
-0.08346939 	 -0.30011208 	 -0.30011171
-0.08530612 	 -0.30397920 	 -0.30397883
-0.08714286 	 -0.30780028 	 -0.30779991
-0.08897959 	 -0.31157658 	 -0.31157621
-0.09081633 	 -0.31531043 	 -0.31531006
-0.09265306 	 -0.31900322 	 -0.31900285
-0.09448980 	 -0.32265668 	 -0.32265631
-0.09632653 	 -0.32627238 	 -0.32627201
-0.09816327 	 -0.32985149 	 -0.32985112
-0.10000000 	 -0.33339539 	 -0.33339502
-0.10110505 	 -0.33551091 	 -0.33551054
-0.12130606 	 -0.37230221 	 -0.37230184
-0.14150707 	 -0.40625915 	 -0.40625877
-0.16170808 	 -0.43814031 	 -0.43813994
-0.18190909 	 -0.46843772 	 -0.46843735
-0.20211010 	 -0.49749009 	 -0.49748972
-0.22231111 	 -0.52553922 	 -0.52553884
-0.24251212 	 -0.55276460 	 -0.55276423
-0.26271313 	 -0.57930260 	 -0.57930223
-0.28291414 	 -0.60526034 	 -0.60525996
-0.30311515 	 -0.63072205 	 -0.63072167
-0.32331616 	 -0.65575681 	 -0.65575643
-0.34351717 	 -0.68041995 	 -0.68041958
-0.36371818 	 -0.70475895 	 -0.70475858
-0.38391919 	 -0.72881294 	 -0.72881257
-0.40412020 	 -0.75261537 	 -0.75261499
-0.42432121 	 -0.77619443 	 -0.77619405
-0.44452222 	 -0.79957551 	 -0.79957513
-0.46472323 	 -0.82277999 	 -0.82277962
-0.48492424 	 -0.84582693 	 -0.84582656
-0.50512525 	 -0.86873278 	 -0.86873240
-0.52532626 	 -0.89151318 	 -0.89151280
-0.54552727 	 -0.91418146 	 -0.91418108
-0.56572828 	 -0.93674954 	 -0.93674916
-0.58592929 	 -0.95922856 	 -0.95922819
-0.60613030 	 -0.98162865 	 -0.98162828
-0.62633131 	 -1.00395905 	 -1.00395867
-0.64653232 	 -1.02622860 	 -1.02622822
-0.66673333 	 -1.04844512 	 -1.04844475
-0.68693434 	 -1.07061584 	 -1.07061546
-0.70713535 	 -1.09274784 	 -1.09274746
-0.72733636 	 -1.11484814 	 -1.11484776
-0.74753737 	 -1.13692298 	 -1.13692260
-0.76773838 	 -1.15897825 	 -1.15897787
-0.78793939 	 -1.18101991 	 -1.18101952
-0.80814040 	 -1.20305325 	 -1.20305287
-0.82834141 	 -1.22508449 	 -1.22508411
-0.84854242 	 -1.24711810 	 -1.24711771
-0.86874343 	 -1.26915988 	 -1.26915949
-0.88894444 	 -1.29121511 	 -1.29121472
-0.90914545 	 -1.31328892 	 -1.31328853
-0.92934646 	 -1.33538673 	 -1.33538634
-0.94954747 	 -1.35751305 	 -1.35751266
-0.96974848 	 -1.37967390 	 -1.37967351
-0.98994949 	 -1.40187406 	 -1.40187367
-1.01015051 	 -1.42411945 	 -1.42411906
-1.03035152 	 -1.44641516 	 -1.44641476
-1.05055253 	 -1.46876707 	 -1.46876668
-1.07075354 	 -1.49118110 	 -1.49118070
-1.09095455 	 -1.51366316 	 -1.51366276
-1.11115556 	 -1.53621964 	 -1.53621923
-1.13135657 	 -1.55885657 	 -1.55885617
-1.15155758 	 -1.58158173 	 -1.58158132
-1.17175859 	 -1.60440093 	 -1.60440052
-1.19195960 	 -1.62732262 	 -1.62732221
-1.21216061 	 -1.65035456 	 -1.65035414
-1.23236162 	 -1.67350389 	 -1.67350348
-1.25256263 	 -1.69678048 	 -1.69678006
-1.27276364 	 -1.72019278 	 -1.72019236
-1.29296465 	 -1.74375039 	 -1.74374996
-1.31316566 	 -1.76746409 	 -1.76746366
-1.33336667 	 -1.79134423 	 -1.79134379
-1.35356768 	 -1.81540265 	 -1.81540244
-1.37376869 	 -1.83965175 	 -1.83965153
-1.39396970 	 -1.86410446 	 -1.86410424
-1.41417071 	 -1.88877507 	 -1.88877485
-1.43437172 	 -1.91367839 	 -1.91367816
-1.45457273 	 -1.93883049 	 -1.93883026
-1.47477374 	 -1.96424843 	 -1.96424820
-1.49497475 	 -1.98995009 	 -1.98994986
-1.51517576 	 -2.01595526 	 -2.01595502
-1.53537677 	 -2.04228413 	 -2.04228389
-1.55557778 	 -2.06895817 	 -2.06895793
-1.57577879 	 -2.09599977 	 -2.09599952
-1.59597980 	 -2.12343190 	 -2.12343165
-1.61618081 	 -2.15127725 	 -2.15127699
-1.63638182 	 -2.17955744 	 -2.17955718
-1.65658283 	 -2.20829093 	 -2.20829067
-1.67678384 	 -2.23749078 	 -2.23749051
-1.69698485 	 -2.26716105 	 -2.26716077
-1.71718586 	 -2.29729344 	 -2.29729316
-1.73738687 	 -2.32786516 	 -2.32786487
-1.75758788 	 -2.35884049 	 -2.35884019
-1.77778889 	 -2.39017502 	 -2.39017471
-1.79798990 	 -2.42182155 	 -2.42182124
-1.81819091 	 -2.45373410 	 -2.45373378
-1.83839192 	 -2.48586903 	 -2.48586870
-1.85859293 	 -2.51818614 	 -2.51818580
-1.87879394 	 -2.55064854 	 -2.55064819
-1.89899495 	 -2.58322189 	 -2.58322153
-1.91919596 	 -2.61587423 	 -2.61587386
-1.93939697 	 -2.64857421 	 -2.64857383
-1.95959798 	 -2.68129343 	 -2.68129304
-1.97979899 	 -2.71400344 	 -2.71400303
-2.00000000 	 -2.74667776 	 -2.74667745
