r (cm)        	 rho (g/cm3) 	 T (K)       		 Linf = 4.315421e+38
1.30001463e+06 	 1.605071e+05 	 1.335694e+09 	
1.30003091e+06 	 1.556576e+05 	 1.325310e+09 	
1.30010585e+06 	 1.348615e+05 	 1.277848e+09 	
1.30018079e+06 	 1.164131e+05 	 1.230962e+09 	
1.30025406e+06 	 1.004452e+05 	 1.185698e+09 	
1.30032733e+06 	 8.633751e+04 	 1.141026e+09 	
1.30040059e+06 	 7.391760e+04 	 1.096967e+09 	
1.30046029e+06 	 6.493359e+04 	 1.061538e+09 	
1.30051999e+06 	 5.688081e+04 	 1.026545e+09 	
1.30057969e+06 	 4.968196e+04 	 9.920012e+08 	
1.30063938e+06 	 4.326423e+04 	 9.579200e+08 	
1.30069908e+06 	 3.755921e+04 	 9.243157e+08 	
1.30075800e+06 	 3.256476e+04 	 8.916313e+08 	
1.30081692e+06 	 2.814441e+04 	 8.594401e+08 	
1.30087584e+06 	 2.424427e+04 	 8.277568e+08 	
1.30092458e+06 	 2.137517e+04 	 8.019413e+08 	
1.30097332e+06 	 1.880109e+04 	 7.764923e+08 	
1.30102206e+06 	 1.649707e+04 	 7.514188e+08 	
1.30107081e+06 	 1.443970e+04 	 7.267297e+08 	
1.30111955e+06 	 1.260710e+04 	 7.024340e+08 	
1.30116814e+06 	 1.098350e+04 	 6.786129e+08 	
1.30121673e+06 	 9.544128e+03 	 6.552010e+08 	
1.30126533e+06 	 8.271450e+03 	 6.322075e+08 	
1.30130542e+06 	 7.335346e+03 	 6.135578e+08 	
1.30134551e+06 	 6.493123e+03 	 5.952043e+08 	
1.30138560e+06 	 5.736820e+03 	 5.771519e+08 	
1.30142570e+06 	 5.059002e+03 	 5.594058e+08 	
1.30146579e+06 	 4.452732e+03 	 5.419710e+08 	
1.30150588e+06 	 3.911557e+03 	 5.248524e+08 	
1.30154631e+06 	 3.425688e+03 	 5.079159e+08 	
1.30158673e+06 	 2.994214e+03 	 4.913108e+08 	
1.30162716e+06 	 2.611870e+03 	 4.750416e+08 	
1.30166073e+06 	 2.328252e+03 	 4.617919e+08 	
1.30169430e+06 	 2.072574e+03 	 4.487796e+08 	
1.30172786e+06 	 1.842437e+03 	 4.360070e+08 	
1.30176143e+06 	 1.635610e+03 	 4.234764e+08 	
1.30179499e+06 	 1.450021e+03 	 4.111900e+08 	
1.30182856e+06 	 1.283749e+03 	 3.991499e+08 	
1.30186213e+06 	 1.135018e+03 	 3.873580e+08 	
1.30189694e+06 	 9.975547e+02 	 3.753938e+08 	
1.30193174e+06 	 8.755058e+02 	 3.637002e+08 	
1.30196042e+06 	 7.854520e+02 	 3.542723e+08 	
1.30198909e+06 	 7.040098e+02 	 3.450299e+08 	
1.30201776e+06 	 6.304397e+02 	 3.359736e+08 	
1.30204644e+06 	 5.640563e+02 	 3.271042e+08 	
1.30207511e+06 	 5.042253e+02 	 3.184219e+08 	
1.30210378e+06 	 4.503603e+02 	 3.099272e+08 	
1.30213245e+06 	 4.019201e+02 	 3.016203e+08 	
1.30216113e+06 	 3.584063e+02 	 2.935012e+08 	
1.30218980e+06 	 3.193600e+02 	 2.855700e+08 	
1.30221847e+06 	 2.843599e+02 	 2.778264e+08 	
1.30224883e+06 	 2.512888e+02 	 2.698332e+08 	
1.30227400e+06 	 2.266742e+02 	 2.633635e+08 	
1.30229917e+06 	 2.043726e+02 	 2.570375e+08 	
1.30232434e+06 	 1.841817e+02 	 2.508545e+08 	
1.30234951e+06 	 1.659153e+02 	 2.448141e+08 	
1.30237468e+06 	 1.494017e+02 	 2.389156e+08 	
1.30239985e+06 	 1.344831e+02 	 2.331582e+08 	
1.30242502e+06 	 1.210145e+02 	 2.275410e+08 	
1.30245019e+06 	 1.088627e+02 	 2.220632e+08 	
1.30247536e+06 	 9.790575e+01 	 2.167237e+08 	
1.30250053e+06 	 8.803207e+01 	 2.115214e+08 	
1.30252570e+06 	 7.913955e+01 	 2.064551e+08 	
1.30255087e+06 	 7.113494e+01 	 2.015235e+08 	
1.30257604e+06 	 6.393319e+01 	 1.967253e+08 	
1.30260122e+06 	 5.745681e+01 	 1.920590e+08 	
1.30262639e+06 	 5.163526e+01 	 1.875230e+08 	
1.30265156e+06 	 4.640441e+01 	 1.831158e+08 	
1.30267673e+06 	 4.170603e+01 	 1.788357e+08 	
1.30270214e+06 	 3.744953e+01 	 1.746421e+08 	
1.30272755e+06 	 3.363254e+01 	 1.705743e+08 	
1.30275295e+06 	 3.021056e+01 	 1.666304e+08 	
1.30277836e+06 	 2.714334e+01 	 1.628082e+08 	
1.30280377e+06 	 2.439455e+01 	 1.591057e+08 	
1.30282918e+06 	 2.193145e+01 	 1.555208e+08 	
1.30285459e+06 	 1.972452e+01 	 1.520512e+08 	
1.30288000e+06 	 1.774720e+01 	 1.486947e+08 	
1.30290541e+06 	 1.597557e+01 	 1.454490e+08 	
1.30293081e+06 	 1.438815e+01 	 1.423118e+08 	
1.30295622e+06 	 1.296567e+01 	 1.392805e+08 	
1.30298163e+06 	 1.169079e+01 	 1.363530e+08 	
1.30300704e+06 	 1.054800e+01 	 1.335266e+08 	
1.30303245e+06 	 9.523362e+00 	 1.307989e+08 	
1.30305786e+06 	 8.604422e+00 	 1.281675e+08 	
1.30308327e+06 	 7.780014e+00 	 1.256299e+08 	
1.30310868e+06 	 7.040147e+00 	 1.231835e+08 	
1.30313408e+06 	 6.375888e+00 	 1.208258e+08 	
1.30316544e+06 	 5.648649e+00 	 1.180352e+08 	
1.30319679e+06 	 5.011171e+00 	 1.153712e+08 	
1.30322814e+06 	 4.451923e+00 	 1.128292e+08 	
1.30325950e+06 	 3.960875e+00 	 1.104045e+08 	
1.30329085e+06 	 3.529302e+00 	 1.080925e+08 	
1.30332220e+06 	 3.149621e+00 	 1.058888e+08 	
1.30335355e+06 	 2.815235e+00 	 1.037888e+08 	
1.30338491e+06 	 2.520411e+00 	 1.017883e+08 	
1.30341626e+06 	 2.260165e+00 	 9.988300e+07 	
1.30344761e+06 	 2.030159e+00 	 9.806865e+07 	
1.30347896e+06 	 1.826624e+00 	 9.634123e+07 	
1.30351032e+06 	 1.646278e+00 	 9.469679e+07 	
1.30354167e+06 	 1.486266e+00 	 9.313147e+07 	
1.30357302e+06 	 1.344099e+00 	 9.164156e+07 	
1.30360437e+06 	 1.217611e+00 	 9.022346e+07 	
1.30364401e+06 	 1.077218e+00 	 8.852796e+07 	
1.30368365e+06 	 9.556089e-01 	 8.693498e+07 	
1.30372329e+06 	 8.500227e-01 	 8.543812e+07 	
1.30376293e+06 	 7.581306e-01 	 8.403129e+07 	
1.30380257e+06 	 6.779653e-01 	 8.270876e+07 	
1.30384221e+06 	 6.078626e-01 	 8.146508e+07 	
1.30388185e+06 	 5.464120e-01 	 8.029514e+07 	
1.30393182e+06 	 4.794344e-01 	 7.891782e+07 	
1.30398179e+06 	 4.223189e-01 	 7.764107e+07 	
1.30403177e+06 	 3.734303e-01 	 7.645660e+07 	
1.30408174e+06 	 3.314279e-01 	 7.535679e+07 	
1.30413171e+06 	 2.952098e-01 	 7.433463e+07 	
1.30418169e+06 	 2.638669e-01 	 7.338372e+07 	
1.30424129e+06 	 2.318195e-01 	 7.233451e+07 	
1.30430090e+06 	 2.046025e-01 	 7.136929e+07 	
1.30436051e+06 	 1.813778e-01 	 7.047996e+07 	
1.30442012e+06 	 1.614680e-01 	 6.965924e+07 	
1.30447972e+06 	 1.443237e-01 	 6.890062e+07 	
1.30456435e+06 	 1.238731e-01 	 6.791891e+07 	
1.30464898e+06 	 1.070950e-01 	 6.703605e+07 	
1.30473361e+06 	 9.322073e-02 	 6.623949e+07 	
1.30481824e+06 	 8.166123e-02 	 6.551848e+07 	
1.30491923e+06 	 7.026988e-02 	 6.474417e+07 	
1.30502022e+06 	 6.094256e-02 	 6.405107e+07 	
1.30512121e+06 	 5.323709e-02 	 6.342802e+07 	
1.30522220e+06 	 4.681835e-02 	 6.286567e+07 	
1.30536787e+06 	 3.932115e-02 	 6.214574e+07 	
1.30551354e+06 	 3.340984e-02 	 6.151646e+07 	
1.30565922e+06 	 2.868533e-02 	 6.096245e+07 	
1.30585351e+06 	 2.374958e-02 	 6.031979e+07 	
1.30604780e+06 	 1.995524e-02 	 5.976668e+07 	
1.30624210e+06 	 1.698672e-02 	 5.928587e+07 	
1.30650716e+06 	 1.388876e-02 	 5.872304e+07 	
1.30677221e+06 	 1.156691e-02 	 5.824517e+07 	
1.30703727e+06 	 9.787693e-03 	 5.783394e+07 	
1.30740631e+06 	 7.934873e-03 	 5.734753e+07 	
1.30777536e+06 	 6.578908e-03 	 5.693825e+07 	
1.30814441e+06 	 5.559196e-03 	 5.658785e+07 	
1.30868162e+06 	 4.475737e-03 	 5.615713e+07 	
1.30921884e+06 	 3.705353e-03 	 5.579660e+07 	
1.30975605e+06 	 3.138783e-03 	 5.548804e+07 	
1.31048162e+06 	 2.584546e-03 	 5.513228e+07 	
1.31120718e+06 	 2.188542e-03 	 5.482831e+07 	
1.31193274e+06 	 1.895813e-03 	 5.456260e+07 	
1.31265831e+06 	 1.673298e-03 	 5.432595e+07 	
1.31376712e+06 	 1.423817e-03 	 5.400625e+07 	
1.31487594e+06 	 1.246326e-03 	 5.372401e+07 	
1.31598475e+06 	 1.115515e-03 	 5.346911e+07 	
1.31768554e+06 	 9.728655e-04 	 5.311630e+07 	
1.31867564e+06 	 9.115269e-04 	 5.292675e+07 	
1.32077124e+06 	 8.153847e-04 	 5.255302e+07 	
1.32246829e+06 	 7.600103e-04 	 5.227050e+07 	
1.32523803e+06 	 6.958791e-04 	 5.183582e+07 	
1.32743392e+06 	 6.596437e-04 	 5.150754e+07 	
1.33115713e+06 	 6.153354e-04 	 5.097284e+07 	
1.33387263e+06 	 5.912637e-04 	 5.059499e+07 	
1.33930927e+06 	 5.542446e-04 	 4.985886e+07 	
1.34162941e+06 	 5.411449e-04 	 4.955087e+07 	
1.34874685e+06 	 5.062268e-04 	 4.862325e+07 	
1.35337745e+06 	 4.860794e-04 	 4.803141e+07 	
1.35693867e+06 	 4.714557e-04 	 4.758178e+07 	
1.36763232e+06 	 4.307937e-04 	 4.625842e+07 	
1.37333333e+06 	 4.107082e-04 	 4.556848e+07 	
1.38133333e+06 	 3.841667e-04 	 4.461791e+07 	
1.38666667e+06 	 3.674222e-04 	 4.399524e+07 	
1.39466667e+06 	 3.436751e-04 	 4.307745e+07 	
1.40000000e+06 	 3.287001e-04 	 4.247613e+07 	
1.40800000e+06 	 3.074303e-04 	 4.158955e+07 	
1.41333333e+06 	 2.940135e-04 	 4.100856e+07 	
1.42133333e+06 	 2.749334e-04 	 4.015170e+07 	
1.42933333e+06 	 2.570711e-04 	 3.931208e+07 	
1.43466667e+06 	 2.457947e-04 	 3.876165e+07 	
1.44266667e+06 	 2.297721e-04 	 3.794966e+07 	
1.44800000e+06 	 2.196539e-04 	 3.741724e+07 	
1.45600000e+06 	 2.052733e-04 	 3.663166e+07 	
1.46400000e+06 	 1.917971e-04 	 3.586137e+07 	
1.46933333e+06 	 1.832789e-04 	 3.535613e+07 	
1.47733333e+06 	 1.711686e-04 	 3.461043e+07 	
1.48266667e+06 	 1.635162e-04 	 3.412123e+07 	
1.49066667e+06 	 1.526371e-04 	 3.339909e+07 	
1.49866667e+06 	 1.424237e-04 	 3.269058e+07 	
1.50400000e+06 	 1.359727e-04 	 3.222568e+07 	
1.51200000e+06 	 1.267857e-04 	 3.153917e+07 	
1.52000000e+06 	 1.181604e-04 	 3.086542e+07 	
1.52800000e+06 	 1.100590e-04 	 3.020412e+07 	
1.53600000e+06 	 1.024502e-04 	 2.955497e+07 	
1.54400000e+06 	 9.530019e-05 	 2.891769e+07 	
1.55200000e+06 	 8.857867e-05 	 2.829199e+07 	
1.56000000e+06 	 8.225687e-05 	 2.767760e+07 	
1.56800000e+06 	 7.630811e-05 	 2.707425e+07 	
1.57600000e+06 	 7.070710e-05 	 2.648171e+07 	
1.58400000e+06 	 6.543002e-05 	 2.589973e+07 	
1.60000000e+06 	 5.575904e-05 	 2.476652e+07 	
1.60050050e+06 	 5.547413e-05 	 2.473172e+07 	
1.60100100e+06 	 5.519022e-05 	 2.469696e+07 	
1.60150150e+06 	 5.490733e-05 	 2.466224e+07 	
1.60200200e+06 	 5.462543e-05 	 2.462755e+07 	
1.60250250e+06 	 5.434454e-05 	 2.459291e+07 	
1.60300300e+06 	 5.406464e-05 	 2.455830e+07 	
1.60350350e+06 	 5.378572e-05 	 2.452373e+07 	
1.60400400e+06 	 5.350779e-05 	 2.448920e+07 	
1.60450450e+06 	 5.323084e-05 	 2.445471e+07 	
1.60500501e+06 	 5.295486e-05 	 2.442025e+07 	
1.60550551e+06 	 5.267984e-05 	 2.438584e+07 	
1.60600601e+06 	 5.240580e-05 	 2.435146e+07 	
1.60650651e+06 	 5.213271e-05 	 2.431712e+07 	
1.60700701e+06 	 5.186058e-05 	 2.428282e+07 	
1.60750751e+06 	 5.158940e-05 	 2.424856e+07 	
1.60800801e+06 	 5.131916e-05 	 2.421433e+07 	
1.60850851e+06 	 5.104987e-05 	 2.418014e+07 	
1.60900901e+06 	 5.078151e-05 	 2.414600e+07 	
1.60950951e+06 	 5.051408e-05 	 2.411188e+07 	
1.61001001e+06 	 5.024759e-05 	 2.407781e+07 	
1.61051051e+06 	 4.998201e-05 	 2.404377e+07 	
1.61101101e+06 	 4.971735e-05 	 2.400978e+07 	
1.61151151e+06 	 4.945361e-05 	 2.397582e+07 	
1.61201201e+06 	 4.919078e-05 	 2.394189e+07 	
1.61251251e+06 	 4.892885e-05 	 2.390801e+07 	
1.61301301e+06 	 4.866782e-05 	 2.387416e+07 	
1.61351351e+06 	 4.840769e-05 	 2.384035e+07 	
1.61401401e+06 	 4.814845e-05 	 2.380658e+07 	
1.61451451e+06 	 4.789009e-05 	 2.377284e+07 	
1.61501502e+06 	 4.763262e-05 	 2.373915e+07 	
1.61551552e+06 	 4.737602e-05 	 2.370549e+07 	
1.61601602e+06 	 4.712030e-05 	 2.367186e+07 	
1.61651652e+06 	 4.686544e-05 	 2.363828e+07 	
1.61701702e+06 	 4.661144e-05 	 2.360473e+07 	
1.61751752e+06 	 4.635831e-05 	 2.357122e+07 	
1.61801802e+06 	 4.610603e-05 	 2.353774e+07 	
1.61851852e+06 	 4.585460e-05 	 2.350431e+07 	
1.61901902e+06 	 4.560402e-05 	 2.347091e+07 	
1.61951952e+06 	 4.535428e-05 	 2.343754e+07 	
1.62002002e+06 	 4.510538e-05 	 2.340422e+07 	
1.62052052e+06 	 4.485731e-05 	 2.337093e+07 	
1.62102102e+06 	 4.461007e-05 	 2.333767e+07 	
1.62152152e+06 	 4.436365e-05 	 2.330446e+07 	
1.62202202e+06 	 4.411805e-05 	 2.327128e+07 	
1.62252252e+06 	 4.387327e-05 	 2.323814e+07 	
1.62302302e+06 	 4.362930e-05 	 2.320503e+07 	
1.62352352e+06 	 4.338614e-05 	 2.317196e+07 	
1.62402402e+06 	 4.314378e-05 	 2.313893e+07 	
1.62452452e+06 	 4.290222e-05 	 2.310594e+07 	
1.62502503e+06 	 4.266145e-05 	 2.307298e+07 	
1.62552553e+06 	 4.242147e-05 	 2.304006e+07 	
1.62602603e+06 	 4.218228e-05 	 2.300717e+07 	
1.62652653e+06 	 4.194387e-05 	 2.297432e+07 	
1.62702703e+06 	 4.170623e-05 	 2.294151e+07 	
1.62752753e+06 	 4.146937e-05 	 2.290873e+07 	
1.62802803e+06 	 4.123327e-05 	 2.287599e+07 	
1.62852853e+06 	 4.099794e-05 	 2.284329e+07 	
1.62902903e+06 	 4.076336e-05 	 2.281062e+07 	
1.62952953e+06 	 4.052954e-05 	 2.277799e+07 	
1.63003003e+06 	 4.029647e-05 	 2.274540e+07 	
1.63053053e+06 	 4.006414e-05 	 2.271284e+07 	
1.63103103e+06 	 3.983256e-05 	 2.268031e+07 	
1.63153153e+06 	 3.960377e-05 	 2.264780e+07 	
1.63203203e+06 	 3.937380e-05 	 2.261535e+07 	
1.63253253e+06 	 3.914456e-05 	 2.258293e+07 	
1.63303303e+06 	 3.891606e-05 	 2.255055e+07 	
1.63353353e+06 	 3.868829e-05 	 2.251821e+07 	
1.63403403e+06 	 3.846124e-05 	 2.248590e+07 	
1.63453453e+06 	 3.823492e-05 	 2.245363e+07 	
1.63503504e+06 	 3.800932e-05 	 2.242139e+07 	
1.63553554e+06 	 3.778444e-05 	 2.238919e+07 	
1.63603604e+06 	 3.756026e-05 	 2.235702e+07 	
1.63653654e+06 	 3.733481e-05 	 2.232492e+07 	
1.63703704e+06 	 3.711192e-05 	 2.229282e+07 	
1.63753754e+06 	 3.688972e-05 	 2.226077e+07 	
1.63803804e+06 	 3.666821e-05 	 2.222875e+07 	
1.63853854e+06 	 3.644739e-05 	 2.219676e+07 	
1.63903904e+06 	 3.622725e-05 	 2.216481e+07 	
1.63953954e+06 	 3.600779e-05 	 2.213289e+07 	
1.64004004e+06 	 3.578900e-05 	 2.210101e+07 	
1.64054054e+06 	 3.557088e-05 	 2.206917e+07 	
1.64104104e+06 	 3.535163e-05 	 2.203738e+07 	
1.64154154e+06 	 3.513472e-05 	 2.200561e+07 	
1.64204204e+06 	 3.491846e-05 	 2.197388e+07 	
1.64254254e+06 	 3.470285e-05 	 2.194218e+07 	
1.64304304e+06 	 3.448788e-05 	 2.191051e+07 	
1.64354354e+06 	 3.427355e-05 	 2.187888e+07 	
1.64404404e+06 	 3.405986e-05 	 2.184729e+07 	
1.64454454e+06 	 3.384680e-05 	 2.181573e+07 	
1.64504505e+06 	 3.363436e-05 	 2.178420e+07 	
1.64554555e+06 	 3.342254e-05 	 2.175271e+07 	
1.64604605e+06 	 3.320961e-05 	 2.172128e+07 	
1.64654655e+06 	 3.299891e-05 	 2.168987e+07 	
1.64704705e+06 	 3.278881e-05 	 2.165849e+07 	
1.64754755e+06 	 3.257931e-05 	 2.162714e+07 	
1.64804805e+06 	 3.237040e-05 	 2.159583e+07 	
1.64854855e+06 	 3.216208e-05 	 2.156456e+07 	
1.64904905e+06 	 3.195434e-05 	 2.153332e+07 	
1.64954955e+06 	 3.174718e-05 	 2.150211e+07 	
1.65005005e+06 	 3.154060e-05 	 2.147094e+07 	
1.65055055e+06 	 3.133458e-05 	 2.143981e+07 	
1.65105105e+06 	 3.113079e-05 	 2.140869e+07 	
1.65155155e+06 	 3.092600e-05 	 2.137763e+07 	
1.65205205e+06 	 3.072177e-05 	 2.134660e+07 	
1.65255255e+06 	 3.051810e-05 	 2.131560e+07 	
1.65305305e+06 	 3.031498e-05 	 2.128464e+07 	
1.65355355e+06 	 3.011241e-05 	 2.125372e+07 	
1.65405405e+06 	 2.991037e-05 	 2.122283e+07 	
1.65455455e+06 	 2.970888e-05 	 2.119198e+07 	
1.65505506e+06 	 2.950791e-05 	 2.116116e+07 	
1.65555556e+06 	 2.930897e-05 	 2.113036e+07 	
1.65605606e+06 	 2.910915e-05 	 2.109961e+07 	
1.65655656e+06 	 2.890986e-05 	 2.106890e+07 	
1.65705706e+06 	 2.871108e-05 	 2.103822e+07 	
1.65755756e+06 	 2.851282e-05 	 2.100758e+07 	
1.65805806e+06 	 2.831506e-05 	 2.097697e+07 	
1.65855856e+06 	 2.811781e-05 	 2.094640e+07 	
1.65905906e+06 	 2.792105e-05 	 2.091586e+07 	
1.65955956e+06 	 2.772479e-05 	 2.088536e+07 	
1.66006006e+06 	 2.752902e-05 	 2.085489e+07 	
1.66056056e+06 	 2.733517e-05 	 2.082444e+07 	
1.66106106e+06 	 2.714046e-05 	 2.079404e+07 	
1.66156156e+06 	 2.694622e-05 	 2.076368e+07 	
1.66206206e+06 	 2.675246e-05 	 2.073335e+07 	
1.66256256e+06 	 2.655917e-05 	 2.070306e+07 	
1.66306306e+06 	 2.636634e-05 	 2.067280e+07 	
1.66356356e+06 	 2.617398e-05 	 2.064258e+07 	
1.66406406e+06 	 2.598206e-05 	 2.061240e+07 	
1.66456456e+06 	 2.579060e-05 	 2.058225e+07 	
1.66506507e+06 	 2.560088e-05 	 2.055211e+07 	
1.66556557e+06 	 2.541039e-05 	 2.052203e+07 	
1.66606607e+06 	 2.522034e-05 	 2.049199e+07 	
1.66656657e+06 	 2.503072e-05 	 2.046198e+07 	
1.66706707e+06 	 2.484154e-05 	 2.043200e+07 	
1.66756757e+06 	 2.465278e-05 	 2.040206e+07 	
1.66806807e+06 	 2.446444e-05 	 2.037216e+07 	
1.66856857e+06 	 2.427651e-05 	 2.034230e+07 	
1.66906907e+06 	 2.408899e-05 	 2.031246e+07 	
1.66956957e+06 	 2.390188e-05 	 2.028267e+07 	
1.67007007e+06 	 2.371641e-05 	 2.025289e+07 	
1.67057057e+06 	 2.353018e-05 	 2.022316e+07 	
1.67107107e+06 	 2.334434e-05 	 2.019347e+07 	
1.67157157e+06 	 2.315889e-05 	 2.016382e+07 	
1.67207207e+06 	 2.297382e-05 	 2.013420e+07 	
1.67257257e+06 	 2.278913e-05 	 2.010462e+07 	
1.67307307e+06 	 2.260482e-05 	 2.007508e+07 	
1.67357357e+06 	 2.242088e-05 	 2.004557e+07 	
1.67407407e+06 	 2.223729e-05 	 2.001610e+07 	
1.67457457e+06 	 2.205296e-05 	 1.998668e+07 	
1.67507508e+06 	 2.187002e-05 	 1.995729e+07 	
1.67557558e+06 	 2.168742e-05 	 1.992793e+07 	
1.67607608e+06 	 2.150516e-05 	 1.989860e+07 	
1.67657658e+06 	 2.132323e-05 	 1.986932e+07 	
1.67707708e+06 	 2.114163e-05 	 1.984007e+07 	
1.67757758e+06 	 2.096034e-05 	 1.981085e+07 	
1.67807808e+06 	 2.077937e-05 	 1.978168e+07 	
1.67857858e+06 	 2.059871e-05 	 1.975254e+07 	
1.67907908e+06 	 2.041835e-05 	 1.972344e+07 	
1.67957958e+06 	 2.023934e-05 	 1.969436e+07 	
1.68008008e+06 	 2.005964e-05 	 1.966533e+07 	
1.68058058e+06 	 1.988022e-05 	 1.963634e+07 	
1.68108108e+06 	 1.970109e-05 	 1.960740e+07 	
1.68158158e+06 	 1.952223e-05 	 1.957848e+07 	
1.68208208e+06 	 1.934364e-05 	 1.954961e+07 	
1.68258258e+06 	 1.916532e-05 	 1.952078e+07 	
1.68308308e+06 	 1.898726e-05 	 1.949198e+07 	
1.68358358e+06 	 1.880944e-05 	 1.946323e+07 	
1.68408408e+06 	 1.863281e-05 	 1.943449e+07 	
1.68458458e+06 	 1.845554e-05 	 1.940581e+07 	
1.68508509e+06 	 1.827850e-05 	 1.937718e+07 	
1.68558559e+06 	 1.810170e-05 	 1.934858e+07 	
1.68608609e+06 	 1.792512e-05 	 1.932002e+07 	
1.68658659e+06 	 1.774875e-05 	 1.929150e+07 	
1.68708709e+06 	 1.757260e-05 	 1.926303e+07 	
1.68758759e+06 	 1.739664e-05 	 1.923459e+07 	
1.68808809e+06 	 1.722089e-05 	 1.920620e+07 	
1.68858859e+06 	 1.704533e-05 	 1.917785e+07 	
1.68908909e+06 	 1.686906e-05 	 1.914956e+07 	
1.68958959e+06 	 1.669381e-05 	 1.912129e+07 	
1.69009009e+06 	 1.651871e-05 	 1.909307e+07 	
1.69059059e+06 	 1.634378e-05 	 1.906489e+07 	
1.69109109e+06 	 1.616900e-05 	 1.903676e+07 	
1.69159159e+06 	 1.599437e-05 	 1.900866e+07 	
1.69209209e+06 	 1.581988e-05 	 1.898062e+07 	
1.69259259e+06 	 1.564552e-05 	 1.895262e+07 	
1.69309309e+06 	 1.547129e-05 	 1.892466e+07 	
1.69359359e+06 	 1.529639e-05 	 1.889677e+07 	
1.69409409e+06 	 1.512234e-05 	 1.886891e+07 	
1.69459459e+06 	 1.494839e-05 	 1.884110e+07 	
1.69509510e+06 	 1.477453e-05 	 1.881333e+07 	
1.69559560e+06 	 1.460076e-05 	 1.878561e+07 	
1.69609610e+06 	 1.442707e-05 	 1.875794e+07 	
1.69659660e+06 	 1.425346e-05 	 1.873032e+07 	
1.69709710e+06 	 1.407991e-05 	 1.870275e+07 	
1.69759760e+06 	 1.390642e-05 	 1.867523e+07 	
1.69809810e+06 	 1.373299e-05 	 1.864777e+07 	
1.69859860e+06 	 1.355888e-05 	 1.862038e+07 	
1.69909910e+06 	 1.338549e-05 	 1.859302e+07 	
1.69959960e+06 	 1.321213e-05 	 1.856572e+07 	
1.70010010e+06 	 1.303879e-05 	 1.853847e+07 	
1.70060060e+06 	 1.286547e-05 	 1.851128e+07 	
1.70110110e+06 	 1.269217e-05 	 1.848414e+07 	
1.70160160e+06 	 1.251888e-05 	 1.845706e+07 	
1.70210210e+06 	 1.234558e-05 	 1.843005e+07 	
1.70260260e+06 	 1.217229e-05 	 1.840309e+07 	
1.70310310e+06 	 1.199837e-05 	 1.837622e+07 	
1.70360360e+06 	 1.182502e-05 	 1.834939e+07 	
1.70410410e+06 	 1.165165e-05 	 1.832263e+07 	
1.70460460e+06 	 1.147827e-05 	 1.829593e+07 	
1.70510511e+06 	 1.130486e-05 	 1.826929e+07 	
1.70560561e+06 	 1.113143e-05 	 1.824273e+07 	
1.70610611e+06 	 1.095797e-05 	 1.821624e+07 	
1.70660661e+06 	 1.078448e-05 	 1.818981e+07 	
1.70710711e+06 	 1.061097e-05 	 1.816347e+07 	
1.70760761e+06 	 1.043690e-05 	 1.813722e+07 	
1.70810811e+06 	 1.026330e-05 	 1.811102e+07 	
1.70860861e+06 	 1.008968e-05 	 1.808491e+07 	
1.70910911e+06 	 9.916038e-06 	 1.805887e+07 	
1.70960961e+06 	 9.742381e-06 	 1.803292e+07 	
1.71011011e+06 	 9.568715e-06 	 1.800705e+07 	
1.71061061e+06 	 9.395047e-06 	 1.798128e+07 	
1.71111111e+06 	 9.221384e-06 	 1.795559e+07 	
1.71161161e+06 	 9.047739e-06 	 1.792999e+07 	
1.71211211e+06 	 8.874122e-06 	 1.790449e+07 	
1.71261261e+06 	 8.700080e-06 	 1.787911e+07 	
1.71311311e+06 	 8.526535e-06 	 1.785380e+07 	
1.71361361e+06 	 8.353065e-06 	 1.782861e+07 	
1.71411411e+06 	 8.179687e-06 	 1.780351e+07 	
1.71461461e+06 	 8.006425e-06 	 1.777853e+07 	
1.71511512e+06 	 7.833301e-06 	 1.775366e+07 	
1.71561562e+06 	 7.660342e-06 	 1.772890e+07 	
1.71611612e+06 	 7.487578e-06 	 1.770427e+07 	
1.71661662e+06 	 7.315040e-06 	 1.767975e+07 	
1.71711712e+06 	 7.143142e-06 	 1.765535e+07 	
1.71761762e+06 	 6.971185e-06 	 1.763109e+07 	
1.71811812e+06 	 6.799569e-06 	 1.760696e+07 	
1.71861862e+06 	 6.628339e-06 	 1.758298e+07 	
1.71911912e+06 	 6.457543e-06 	 1.755914e+07 	
1.71961962e+06 	 6.287232e-06 	 1.753544e+07 	
1.72012012e+06 	 6.117462e-06 	 1.751190e+07 	
1.72062062e+06 	 5.948291e-06 	 1.748851e+07 	
1.72112112e+06 	 5.779782e-06 	 1.746529e+07 	
1.72162162e+06 	 5.612298e-06 	 1.744221e+07 	
1.72212212e+06 	 5.445334e-06 	 1.741932e+07 	
1.72262262e+06 	 5.279246e-06 	 1.739661e+07 	
1.72312312e+06 	 5.114114e-06 	 1.737408e+07 	
1.72362362e+06 	 4.950021e-06 	 1.735173e+07 	
1.72412412e+06 	 4.787056e-06 	 1.732959e+07 	
1.72462462e+06 	 4.625310e-06 	 1.730763e+07 	
1.72512513e+06 	 4.464879e-06 	 1.728589e+07 	
1.72562563e+06 	 4.305863e-06 	 1.726435e+07 	
1.72612613e+06 	 4.148583e-06 	 1.724301e+07 	
1.72662663e+06 	 3.992721e-06 	 1.722192e+07 	
1.72712713e+06 	 3.838597e-06 	 1.720105e+07 	
1.72762763e+06 	 3.686323e-06 	 1.718042e+07 	
1.72812813e+06 	 3.536018e-06 	 1.716003e+07 	
1.72862863e+06 	 3.387799e-06 	 1.713988e+07 	
1.72912913e+06 	 3.241787e-06 	 1.712000e+07 	
1.72962963e+06 	 3.098106e-06 	 1.710037e+07 	
1.73013013e+06 	 2.956878e-06 	 1.708101e+07 	
1.73063063e+06 	 2.818079e-06 	 1.706195e+07 	
1.73113113e+06 	 2.682123e-06 	 1.704315e+07 	
1.73163163e+06 	 2.548990e-06 	 1.702463e+07 	
1.73213213e+06 	 2.418799e-06 	 1.700641e+07 	
1.73263263e+06 	 2.291669e-06 	 1.698849e+07 	
1.73313313e+06 	 2.167713e-06 	 1.697087e+07 	
1.73363363e+06 	 2.047042e-06 	 1.695357e+07 	
1.73413413e+06 	 1.929761e-06 	 1.693657e+07 	
1.73463463e+06 	 1.815969e-06 	 1.691990e+07 	
1.73513514e+06 	 1.705667e-06 	 1.690358e+07 	
1.73563564e+06 	 1.599119e-06 	 1.688757e+07 	
1.73613614e+06 	 1.496310e-06 	 1.687190e+07 	
1.73663664e+06 	 1.397307e-06 	 1.685657e+07 	
1.73713714e+06 	 1.302166e-06 	 1.684157e+07 	
1.73763764e+06 	 1.210931e-06 	 1.682693e+07 	
1.73813814e+06 	 1.123634e-06 	 1.681263e+07 	
1.73863864e+06 	 1.040297e-06 	 1.679869e+07 	
1.73913914e+06 	 9.609752e-07 	 1.678508e+07 	
1.73963964e+06 	 8.855676e-07 	 1.677184e+07 	
1.74014014e+06 	 8.141039e-07 	 1.675896e+07 	
1.74064064e+06 	 7.465528e-07 	 1.674643e+07 	
1.74114114e+06 	 6.828695e-07 	 1.673426e+07 	
1.74164164e+06 	 6.229963e-07 	 1.672244e+07 	
1.74214214e+06 	 5.668631e-07 	 1.671098e+07 	
1.74264264e+06 	 5.143873e-07 	 1.669986e+07 	
1.74314314e+06 	 4.654751e-07 	 1.668910e+07 	
1.74364364e+06 	 4.199993e-07 	 1.667870e+07 	
1.74414414e+06 	 3.778910e-07 	 1.666863e+07 	
1.74464464e+06 	 3.390041e-07 	 1.665888e+07 	
1.74514515e+06 	 3.032075e-07 	 1.664947e+07 	
1.74564565e+06 	 2.703637e-07 	 1.664039e+07 	
1.74614615e+06 	 2.403299e-07 	 1.663163e+07 	
1.74664665e+06 	 2.129589e-07 	 1.662317e+07 	
1.74714715e+06 	 1.880913e-07 	 1.661506e+07 	
1.74764765e+06 	 1.655955e-07 	 1.660722e+07 	
1.74814815e+06 	 1.453096e-07 	 1.659966e+07 	
1.74864865e+06 	 1.270829e-07 	 1.659240e+07 	
1.74914915e+06 	 1.107664e-07 	 1.658540e+07 	
1.74964965e+06 	 9.621417e-08 	 1.657867e+07 	
1.75015015e+06 	 8.328018e-08 	 1.657223e+07 	
1.75065065e+06 	 7.183566e-08 	 1.656601e+07 	
1.75115115e+06 	 6.174467e-08 	 1.656003e+07 	
1.75165165e+06 	 5.288166e-08 	 1.655427e+07 	
1.75215215e+06 	 4.512768e-08 	 1.654873e+07 	
1.75265265e+06 	 3.837074e-08 	 1.654340e+07 	
1.75315315e+06 	 3.250793e-08 	 1.653822e+07 	
1.75365365e+06 	 2.743807e-08 	 1.653326e+07 	
1.75415415e+06 	 2.307301e-08 	 1.652848e+07 	
1.75465465e+06 	 1.932999e-08 	 1.652386e+07 	
1.75515516e+06 	 1.613248e-08 	 1.651946e+07 	
1.75565566e+06 	 1.341381e-08 	 1.651514e+07 	
1.75615616e+06 	 1.111053e-08 	 1.651102e+07 	
1.75665666e+06 	 9.168119e-09 	 1.650697e+07 	
1.75715716e+06 	 7.536465e-09 	 1.650301e+07 	
1.75765766e+06 	 6.170925e-09 	 1.649932e+07 	
1.75815816e+06 	 5.033788e-09 	 1.649558e+07 	
1.75865866e+06 	 4.090450e-09 	 1.649188e+07 	
1.75915916e+06 	 3.310788e-09 	 1.648849e+07 	
1.75965966e+06 	 2.669623e-09 	 1.648489e+07 	
1.76016016e+06 	 2.144055e-09 	 1.648178e+07 	
1.76066066e+06 	 1.715443e-09 	 1.647838e+07 	
1.76116116e+06 	 1.367125e-09 	 1.647528e+07 	
1.76166166e+06 	 1.085356e-09 	 1.647202e+07 	
1.76216216e+06 	 8.582977e-10 	 1.646895e+07 	
1.76266266e+06 	 6.761371e-10 	 1.646564e+07 	
1.76316316e+06 	 5.305459e-10 	 1.646278e+07 	
1.76366366e+06 	 4.147088e-10 	 1.645969e+07 	
1.76416416e+06 	 3.229065e-10 	 1.645672e+07 	
1.76466466e+06 	 2.504589e-10 	 1.645360e+07 	
1.76516517e+06 	 1.935126e-10 	 1.645073e+07 	
1.76566567e+06 	 1.489400e-10 	 1.644772e+07 	
1.76616617e+06 	 1.141925e-10 	 1.644480e+07 	
1.76666667e+06 	 8.721597e-11 	 1.644178e+07 	
2.01064377e+06 	 1.000000e-20 	 1.518387e+07 	
2.28831418e+06 	 1.000000e-20 	 1.405739e+07 	
2.60433093e+06 	 1.000000e-20 	 1.304043e+07 	
2.96398968e+06 	 1.000000e-20 	 1.211651e+07 	
3.37331739e+06 	 1.000000e-20 	 1.127288e+07 	
3.83917336e+06 	 1.000000e-20 	 1.049941e+07 	
4.36936415e+06 	 1.000000e-20 	 9.787909e+06 	
4.97277443e+06 	 1.000000e-20 	 9.131594e+06 	
5.65951581e+06 	 1.000000e-20 	 8.524794e+06 	
6.44109635e+06 	 1.000000e-20 	 7.962689e+06 	
7.33061335e+06 	 1.000000e-20 	 7.441140e+06 	
8.34297288e+06 	 1.000000e-20 	 6.956548e+06 	
9.49513950e+06 	 1.000000e-20 	 6.505766e+06 	
1.08064206e+07 	 1.000000e-20 	 6.086009e+06 	
1.22987900e+07 	 1.000000e-20 	 5.694805e+06 	
1.39972559e+07 	 1.000000e-20 	 5.329937e+06 	
1.59302805e+07 	 1.000000e-20 	 4.989415e+06 	
1.81302562e+07 	 1.000000e-20 	 4.671435e+06 	
2.06340490e+07 	 1.000000e-20 	 4.374362e+06 	
2.34836163e+07 	 1.000000e-20 	 4.096705e+06 	
2.67267096e+07 	 1.000000e-20 	 3.837100e+06 	
3.04176748e+07 	 1.000000e-20 	 3.594296e+06 	
3.46183632e+07 	 1.000000e-20 	 3.367143e+06 	
3.93991678e+07 	 1.000000e-20 	 3.154580e+06 	
4.48402026e+07 	 1.000000e-20 	 2.955628e+06 	
5.10326457e+07 	 1.000000e-20 	 2.769382e+06 	
5.80802668e+07 	 1.000000e-20 	 2.595001e+06 	
6.61011660e+07 	 1.000000e-20 	 2.431707e+06 	
7.52297535e+07 	 1.000000e-20 	 2.278776e+06 	
8.56190011e+07 	 1.000000e-20 	 2.135535e+06 	
9.74430064e+07 	 1.000000e-20 	 2.001356e+06 	
1.10899910e+08 	 1.000000e-20 	 1.875657e+06 	
1.26215215e+08 	 1.000000e-20 	 1.757892e+06 	
1.43645567e+08 	 1.000000e-20 	 1.647554e+06 	
1.63483056e+08 	 1.000000e-20 	 1.544168e+06 	
1.86060106e+08 	 1.000000e-20 	 1.447293e+06 	
2.11755053e+08 	 1.000000e-20 	 1.356513e+06 	
2.40998479e+08 	 1.000000e-20 	 1.271442e+06 	
2.74280429e+08 	 1.000000e-20 	 1.191719e+06 	
3.12158624e+08 	 1.000000e-20 	 1.117005e+06 	
3.55267807e+08 	 1.000000e-20 	 1.046983e+06 	
4.04330380e+08 	 1.000000e-20 	 9.813576e+05 	
4.60168505e+08 	 1.000000e-20 	 9.198514e+05 	
5.23717890e+08 	 1.000000e-20 	 8.622047e+05 	
5.96043461e+08 	 1.000000e-20 	 8.081745e+05 	
6.78357211e+08 	 1.000000e-20 	 7.575334e+05 	
7.72038510e+08 	 1.000000e-20 	 7.100680e+05 	
8.78657220e+08 	 1.000000e-20 	 6.655789e+05 	
1.00000000e+09 	 1.000000e-20 	 6.238790e+05 	
