r (cm)        	 rho (g/cm3) 	 T (K)       		 Linf = 4.777212e+38
1.30000250e+06 	 1.483374e+05 	 1.365866e+09 	
1.30000782e+06 	 1.469543e+05 	 1.362664e+09 	
1.30009153e+06 	 1.265541e+05 	 1.312625e+09 	
1.30017523e+06 	 1.085837e+05 	 1.263319e+09 	
1.30024375e+06 	 9.552031e+04 	 1.223528e+09 	
1.30031226e+06 	 8.380815e+04 	 1.184261e+09 	
1.30038077e+06 	 7.333422e+04 	 1.145533e+09 	
1.30044929e+06 	 6.399226e+04 	 1.107362e+09 	
1.30051780e+06 	 5.568255e+04 	 1.069764e+09 	
1.30058566e+06 	 4.837821e+04 	 1.033107e+09 	
1.30065351e+06 	 4.191012e+04 	 9.970452e+08 	
1.30072137e+06 	 3.619924e+04 	 9.615956e+08 	
1.30077671e+06 	 3.205094e+04 	 9.331490e+08 	
1.30083206e+06 	 2.832009e+04 	 9.051308e+08 	
1.30088740e+06 	 2.497174e+04 	 8.775508e+08 	
1.30094274e+06 	 2.197311e+04 	 8.504186e+08 	
1.30099808e+06 	 1.929356e+04 	 8.237442e+08 	
1.30105343e+06 	 1.690448e+04 	 7.975372e+08 	
1.30110891e+06 	 1.477411e+04 	 7.717419e+08 	
1.30116440e+06 	 1.288399e+04 	 7.464362e+08 	
1.30121988e+06 	 1.121101e+04 	 7.216298e+08 	
1.30126545e+06 	 9.984254e+03 	 7.016355e+08 	
1.30131103e+06 	 8.878521e+03 	 6.819897e+08 	
1.30135660e+06 	 7.883533e+03 	 6.626975e+08 	
1.30140217e+06 	 6.989701e+03 	 6.437641e+08 	
1.30144774e+06 	 6.188101e+03 	 6.251942e+08 	
1.30149331e+06 	 5.470442e+03 	 6.069925e+08 	
1.30153889e+06 	 4.829034e+03 	 5.891637e+08 	
1.30158601e+06 	 4.238454e+03 	 5.711258e+08 	
1.30163313e+06 	 3.714535e+03 	 5.534956e+08 	
1.30167198e+06 	 3.327968e+03 	 5.392693e+08 	
1.30171083e+06 	 2.978720e+03 	 5.253253e+08 	
1.30174968e+06 	 2.663579e+03 	 5.116656e+08 	
1.30178853e+06 	 2.379568e+03 	 4.982919e+08 	
1.30182738e+06 	 2.123924e+03 	 4.852060e+08 	
1.30186623e+06 	 1.894096e+03 	 4.724094e+08 	
1.30190508e+06 	 1.687724e+03 	 4.599032e+08 	
1.30194393e+06 	 1.502634e+03 	 4.476886e+08 	
1.30198278e+06 	 1.336826e+03 	 4.357662e+08 	
1.30202386e+06 	 1.180429e+03 	 4.234773e+08 	
1.30205784e+06 	 1.064399e+03 	 4.135617e+08 	
1.30209181e+06 	 9.593138e+02 	 4.038703e+08 	
1.30212579e+06 	 8.642186e+02 	 3.944029e+08 	
1.30215976e+06 	 7.782314e+02 	 3.851593e+08 	
1.30219374e+06 	 7.005394e+02 	 3.761389e+08 	
1.30222772e+06 	 6.303941e+02 	 3.673410e+08 	
1.30226169e+06 	 5.671074e+02 	 3.587649e+08 	
1.30229567e+06 	 5.100474e+02 	 3.504094e+08 	
1.30232965e+06 	 4.586348e+02 	 3.422735e+08 	
1.30236362e+06 	 4.123390e+02 	 3.343556e+08 	
1.30239760e+06 	 3.706747e+02 	 3.266542e+08 	
1.30243157e+06 	 3.331989e+02 	 3.191677e+08 	
1.30246555e+06 	 2.995072e+02 	 3.118939e+08 	
1.30249953e+06 	 2.692314e+02 	 3.048309e+08 	
1.30253350e+06 	 2.420364e+02 	 2.979763e+08 	
1.30256724e+06 	 2.177813e+02 	 2.913738e+08 	
1.30260098e+06 	 1.959929e+02 	 2.849719e+08 	
1.30263471e+06 	 1.764257e+02 	 2.787677e+08 	
1.30266845e+06 	 1.588573e+02 	 2.727584e+08 	
1.30270218e+06 	 1.430863e+02 	 2.669408e+08 	
1.30273592e+06 	 1.289308e+02 	 2.613119e+08 	
1.30276966e+06 	 1.162263e+02 	 2.558683e+08 	
1.30280339e+06 	 1.048245e+02 	 2.506065e+08 	
1.30283713e+06 	 9.459157e+01 	 2.455231e+08 	
1.30287087e+06 	 8.540713e+01 	 2.406143e+08 	
1.30290460e+06 	 7.716276e+01 	 2.358763e+08 	
1.30293834e+06 	 6.976102e+01 	 2.313054e+08 	
1.30297207e+06 	 6.311435e+01 	 2.268976e+08 	
1.30300581e+06 	 5.714414e+01 	 2.226488e+08 	
1.30303955e+06 	 5.177987e+01 	 2.185551e+08 	
1.30307328e+06 	 4.695830e+01 	 2.146124e+08 	
1.30310702e+06 	 4.262277e+01 	 2.108164e+08 	
1.30314076e+06 	 3.872251e+01 	 2.071631e+08 	
1.30317449e+06 	 3.521208e+01 	 2.036482e+08 	
1.30320823e+06 	 3.205082e+01 	 2.002677e+08 	
1.30325031e+06 	 2.854204e+01 	 1.962327e+08 	
1.30329239e+06 	 2.545791e+01 	 1.923921e+08 	
1.30333448e+06 	 2.274420e+01 	 1.887380e+08 	
1.30337656e+06 	 2.035377e+01 	 1.852625e+08 	
1.30341864e+06 	 1.824565e+01 	 1.819578e+08 	
1.30346073e+06 	 1.638419e+01 	 1.788163e+08 	
1.30350281e+06 	 1.473843e+01 	 1.758306e+08 	
1.30354489e+06 	 1.328144e+01 	 1.729934e+08 	
1.30358698e+06 	 1.198977e+01 	 1.702975e+08 	
1.30362906e+06 	 1.084305e+01 	 1.677362e+08 	
1.30367114e+06 	 9.823536e+00 	 1.653029e+08 	
1.30371322e+06 	 8.915774e+00 	 1.629910e+08 	
1.30375531e+06 	 8.106297e+00 	 1.607944e+08 	
1.30379739e+06 	 7.383362e+00 	 1.587072e+08 	
1.30383947e+06 	 6.736720e+00 	 1.567236e+08 	
1.30388156e+06 	 6.157420e+00 	 1.548383e+08 	
1.30392364e+06 	 5.637637e+00 	 1.530459e+08 	
1.30396572e+06 	 5.170525e+00 	 1.513416e+08 	
1.30400780e+06 	 4.750087e+00 	 1.497206e+08 	
1.30406186e+06 	 4.270157e+00 	 1.477535e+08 	
1.30411591e+06 	 3.849000e+00 	 1.459073e+08 	
1.30416997e+06 	 3.478470e+00 	 1.441737e+08 	
1.30422402e+06 	 3.151651e+00 	 1.425448e+08 	
1.30427807e+06 	 2.862661e+00 	 1.410133e+08 	
1.30433213e+06 	 2.606486e+00 	 1.395724e+08 	
1.30438618e+06 	 2.378844e+00 	 1.382157e+08 	
1.30444024e+06 	 2.176070e+00 	 1.369374e+08 	
1.30449429e+06 	 1.995019e+00 	 1.357321e+08 	
1.30456256e+06 	 1.793239e+00 	 1.343063e+08 	
1.30463083e+06 	 1.617221e+00 	 1.329795e+08 	
1.30469910e+06 	 1.463136e+00 	 1.317433e+08 	
1.30476737e+06 	 1.327790e+00 	 1.305900e+08 	
1.30483563e+06 	 1.208508e+00 	 1.295127e+08 	
1.30490390e+06 	 1.103046e+00 	 1.285050e+08 	
1.30497217e+06 	 1.009513e+00 	 1.275612e+08 	
1.30504044e+06 	 9.263104e-01 	 1.266762e+08 	
1.30513035e+06 	 8.302375e-01 	 1.255924e+08 	
1.30522025e+06 	 7.471716e-01 	 1.245927e+08 	
1.30531015e+06 	 6.750184e-01 	 1.236686e+08 	
1.30540006e+06 	 6.120664e-01 	 1.228126e+08 	
1.30548996e+06 	 5.569101e-01 	 1.220181e+08 	
1.30557987e+06 	 5.083890e-01 	 1.212792e+08 	
1.30569657e+06 	 4.537449e-01 	 1.203946e+08 	
1.30581327e+06 	 4.069604e-01 	 1.195849e+08 	
1.30592996e+06 	 3.666728e-01 	 1.188416e+08 	
1.30604666e+06 	 3.317903e-01 	 1.181573e+08 	
1.30616336e+06 	 3.014325e-01 	 1.175255e+08 	
1.30630623e+06 	 2.693915e-01 	 1.168155e+08 	
1.30644911e+06 	 2.420170e-01 	 1.161671e+08 	
1.30659198e+06 	 2.184805e-01 	 1.155729e+08 	
1.30673485e+06 	 1.981235e-01 	 1.150266e+08 	
1.30687772e+06 	 1.804188e-01 	 1.145225e+08 	
1.30709034e+06 	 1.580860e-01 	 1.138409e+08 	
1.30730297e+06 	 1.396093e-01 	 1.132299e+08 	
1.30751559e+06 	 1.241743e-01 	 1.126790e+08 	
1.30772822e+06 	 1.111656e-01 	 1.121796e+08 	
1.30798507e+06 	 9.802395e-02 	 1.116350e+08 	
1.30824192e+06 	 8.711407e-02 	 1.111451e+08 	
1.30849878e+06 	 7.796801e-02 	 1.107018e+08 	
1.30875563e+06 	 7.023217e-02 	 1.102983e+08 	
1.30914022e+06 	 6.071265e-02 	 1.097569e+08 	
1.30952482e+06 	 5.309247e-02 	 1.092781e+08 	
1.30990941e+06 	 4.690410e-02 	 1.088507e+08 	
1.31045847e+06 	 3.990969e-02 	 1.083125e+08 	
1.31100753e+06 	 3.449766e-02 	 1.078424e+08 	
1.31155659e+06 	 3.022711e-02 	 1.074262e+08 	
1.31219148e+06 	 2.632552e-02 	 1.069988e+08 	
1.31282638e+06 	 2.324037e-02 	 1.066177e+08 	
1.31346127e+06 	 2.075902e-02 	 1.062740e+08 	
1.31443187e+06 	 1.780969e-02 	 1.058060e+08 	
1.31540247e+06 	 1.558413e-02 	 1.053922e+08 	
1.31671712e+06 	 1.334556e-02 	 1.048967e+08 	
1.31803177e+06 	 1.170682e-02 	 1.044574e+08 	
1.31958743e+06 	 1.027726e-02 	 1.039913e+08 	
1.32114309e+06 	 9.218225e-03 	 1.035686e+08 	
1.32269875e+06 	 8.411678e-03 	 1.031788e+08 	
1.32521512e+06 	 7.461972e-03 	 1.025998e+08 	
1.32670875e+06 	 7.040874e-03 	 1.022788e+08 	
1.32994795e+06 	 6.363448e-03 	 1.016249e+08 	
1.33256991e+06 	 5.973779e-03 	 1.011269e+08 	
1.33696274e+06 	 5.512697e-03 	 1.003356e+08 	
1.34029775e+06 	 5.263291e-03 	 9.976060e+07 	
1.34669206e+06 	 4.921811e-03 	 9.870000e+07 	
1.34892349e+06 	 4.829272e-03 	 9.833959e+07 	
1.35712601e+06 	 4.554753e-03 	 9.704621e+07 	
1.36196753e+06 	 4.422539e-03 	 9.630152e+07 	
1.37400273e+06 	 4.141340e-03 	 9.449794e+07 	
1.38156094e+06 	 3.984727e-03 	 9.339561e+07 	
1.38465612e+06 	 3.923545e-03 	 9.295043e+07 	
1.38496564e+06 	 3.917509e-03 	 9.290610e+07 	
1.38499660e+06 	 3.916906e-03 	 9.290167e+07 	
1.38499969e+06 	 3.916846e-03 	 9.290123e+07 	
1.38500000e+06 	 3.916840e-03 	 9.290118e+07 	
1.39500000e+06 	 3.729016e-03 	 9.148770e+07 	
1.41000000e+06 	 3.468796e-03 	 8.943171e+07 	
1.42000000e+06 	 3.307768e-03 	 8.810190e+07 	
1.43000000e+06 	 3.155658e-03 	 8.680337e+07 	
1.44500000e+06 	 2.942876e-03 	 8.491186e+07 	
1.45500000e+06 	 2.810475e-03 	 8.368688e+07 	
1.47000000e+06 	 2.624881e-03 	 8.190111e+07 	
1.48000000e+06 	 2.509282e-03 	 8.074377e+07 	
1.49500000e+06 	 2.346802e-03 	 7.905527e+07 	
1.50500000e+06 	 2.245439e-03 	 7.796018e+07 	
1.52000000e+06 	 2.102846e-03 	 7.636143e+07 	
1.53000000e+06 	 2.013686e-03 	 7.532380e+07 	
1.54500000e+06 	 1.888249e-03 	 7.380802e+07 	
1.55500000e+06 	 1.809677e-03 	 7.282359e+07 	
1.57000000e+06 	 1.698913e-03 	 7.138457e+07 	
1.58000000e+06 	 1.629514e-03 	 7.044947e+07 	
1.59500000e+06 	 1.531490e-03 	 6.908169e+07 	
1.60500000e+06 	 1.470005e-03 	 6.819237e+07 	
1.62000000e+06 	 1.383088e-03 	 6.689083e+07 	
1.63000000e+06 	 1.328492e-03 	 6.604409e+07 	
1.64500000e+06 	 1.251193e-03 	 6.480419e+07 	
1.65500000e+06 	 1.202570e-03 	 6.399711e+07 	
1.67000000e+06 	 1.133705e-03 	 6.281471e+07 	
1.68000000e+06 	 1.090294e-03 	 6.204462e+07 	
1.69500000e+06 	 1.028814e-03 	 6.091591e+07 	
1.71000000e+06 	 9.713218e-04 	 5.981773e+07 	
1.72000000e+06 	 9.350741e-04 	 5.910200e+07 	
1.73500000e+06 	 8.835808e-04 	 5.805210e+07 	
1.74500000e+06 	 8.510307e-04 	 5.736747e+07 	
1.76000000e+06 	 8.048173e-04 	 5.636282e+07 	
1.77500000e+06 	 7.614916e-04 	 5.538399e+07 	
1.79000000e+06 	 7.208024e-04 	 5.442999e+07 	
1.80000000e+06 	 6.950657e-04 	 5.380735e+07 	
1.81500000e+06 	 6.584161e-04 	 5.289278e+07 	
1.83000000e+06 	 6.239835e-04 	 5.200078e+07 	
1.84000000e+06 	 6.021830e-04 	 5.141824e+07 	
1.85500000e+06 	 5.710506e-04 	 5.056200e+07 	
1.87000000e+06 	 5.417716e-04 	 4.972629e+07 	
1.88500000e+06 	 5.141877e-04 	 4.891037e+07 	
1.89500000e+06 	 4.966979e-04 	 4.837710e+07 	
1.91000000e+06 	 4.716842e-04 	 4.759266e+07 	
1.92500000e+06 	 4.481162e-04 	 4.682632e+07 	
1.94000000e+06 	 4.258715e-04 	 4.607745e+07 	
1.95500000e+06 	 4.048617e-04 	 4.534547e+07 	
1.96500000e+06 	 3.915084e-04 	 4.486660e+07 	
1.98000000e+06 	 3.724035e-04 	 4.416160e+07 	
1.99500000e+06 	 3.543586e-04 	 4.347213e+07 	
2.01000000e+06 	 3.372786e-04 	 4.279763e+07 	
2.02500000e+06 	 3.211234e-04 	 4.213770e+07 	
2.04000000e+06 	 3.058343e-04 	 4.149186e+07 	
2.05500000e+06 	 2.913588e-04 	 4.085969e+07 	
2.07000000e+06 	 2.776516e-04 	 4.024079e+07 	
2.08500000e+06 	 2.646555e-04 	 3.963474e+07 	
2.10000000e+06 	 2.523371e-04 	 3.904117e+07 	
2.11500000e+06 	 2.406578e-04 	 3.845971e+07 	
2.13000000e+06 	 2.295742e-04 	 3.789001e+07 	
2.14500000e+06 	 2.190565e-04 	 3.733174e+07 	
2.16000000e+06 	 2.090728e-04 	 3.678456e+07 	
2.17500000e+06 	 1.995892e-04 	 3.624816e+07 	
2.19000000e+06 	 1.905798e-04 	 3.572224e+07 	
2.20500000e+06 	 1.820179e-04 	 3.520651e+07 	
2.22000000e+06 	 1.738787e-04 	 3.470069e+07 	
2.23500000e+06 	 1.661396e-04 	 3.420451e+07 	
2.25000000e+06 	 1.587761e-04 	 3.371771e+07 	
2.26500000e+06 	 1.517694e-04 	 3.324003e+07 	
2.28000000e+06 	 1.451003e-04 	 3.277123e+07 	
2.29500000e+06 	 1.387512e-04 	 3.231108e+07 	
2.31000000e+06 	 1.327037e-04 	 3.185935e+07 	
2.32500000e+06 	 1.269414e-04 	 3.141583e+07 	
2.34000000e+06 	 1.214510e-04 	 3.098030e+07 	
2.35500000e+06 	 1.162164e-04 	 3.055255e+07 	
2.37000000e+06 	 1.112256e-04 	 3.013240e+07 	
2.38500000e+06 	 1.064659e-04 	 2.971964e+07 	
2.40000000e+06 	 1.019246e-04 	 2.931411e+07 	
2.41500000e+06 	 9.759100e-05 	 2.891560e+07 	
2.43000000e+06 	 9.345461e-05 	 2.852397e+07 	
2.44500000e+06 	 8.950562e-05 	 2.813903e+07 	
2.46000000e+06 	 8.573418e-05 	 2.776063e+07 	
2.47500000e+06 	 8.213111e-05 	 2.738861e+07 	
2.49000000e+06 	 7.868888e-05 	 2.702282e+07 	
2.50500000e+06 	 7.539864e-05 	 2.666310e+07 	
2.52000000e+06 	 7.225352e-05 	 2.630933e+07 	
2.53500000e+06 	 6.924643e-05 	 2.596135e+07 	
2.55000000e+06 	 6.637037e-05 	 2.561904e+07 	
2.56500000e+06 	 6.361897e-05 	 2.528227e+07 	
2.58000000e+06 	 6.098617e-05 	 2.495091e+07 	
2.59500000e+06 	 5.846639e-05 	 2.462484e+07 	
2.61000000e+06 	 5.605427e-05 	 2.430394e+07 	
2.62500000e+06 	 5.374445e-05 	 2.398809e+07 	
2.64000000e+06 	 5.153245e-05 	 2.367719e+07 	
2.65500000e+06 	 4.941324e-05 	 2.337112e+07 	
2.67000000e+06 	 4.738276e-05 	 2.306978e+07 	
2.68500000e+06 	 4.543679e-05 	 2.277307e+07 	
2.70000000e+06 	 4.357134e-05 	 2.248088e+07 	
2.71500000e+06 	 4.178268e-05 	 2.219313e+07 	
2.73000000e+06 	 4.006709e-05 	 2.190972e+07 	
2.74500000e+06 	 3.842139e-05 	 2.163056e+07 	
2.76000000e+06 	 3.684239e-05 	 2.135555e+07 	
2.77500000e+06 	 3.532705e-05 	 2.108462e+07 	
2.79000000e+06 	 3.387224e-05 	 2.081767e+07 	
2.80500000e+06 	 3.247539e-05 	 2.055463e+07 	
2.82000000e+06 	 3.113385e-05 	 2.029542e+07 	
2.83500000e+06 	 2.984505e-05 	 2.003997e+07 	
2.85000000e+06 	 2.860663e-05 	 1.978818e+07 	
2.86500000e+06 	 2.741630e-05 	 1.954001e+07 	
2.88000000e+06 	 2.627190e-05 	 1.929536e+07 	
2.89500000e+06 	 2.517136e-05 	 1.905418e+07 	
2.91000000e+06 	 2.411267e-05 	 1.881639e+07 	
2.92500000e+06 	 2.309401e-05 	 1.858194e+07 	
2.94000000e+06 	 2.211360e-05 	 1.835076e+07 	
2.95500000e+06 	 2.116968e-05 	 1.812278e+07 	
2.97000000e+06 	 2.026062e-05 	 1.789795e+07 	
3.00000000e+06 	 1.854085e-05 	 1.745749e+07 	
3.00050050e+06 	 1.851322e-05 	 1.745025e+07 	
3.00100100e+06 	 1.848562e-05 	 1.744300e+07 	
3.00150150e+06 	 1.845806e-05 	 1.743576e+07 	
3.00200200e+06 	 1.843053e-05 	 1.742853e+07 	
3.00250250e+06 	 1.840304e-05 	 1.742129e+07 	
3.00300300e+06 	 1.837557e-05 	 1.741407e+07 	
3.00350350e+06 	 1.834815e-05 	 1.740684e+07 	
3.00400400e+06 	 1.832075e-05 	 1.739962e+07 	
3.00450450e+06 	 1.829339e-05 	 1.739240e+07 	
3.00500501e+06 	 1.826606e-05 	 1.738518e+07 	
3.00550551e+06 	 1.823877e-05 	 1.737797e+07 	
3.00600601e+06 	 1.821151e-05 	 1.737076e+07 	
3.00650651e+06 	 1.818428e-05 	 1.736355e+07 	
3.00700701e+06 	 1.815708e-05 	 1.735635e+07 	
3.00750751e+06 	 1.812992e-05 	 1.734915e+07 	
3.00800801e+06 	 1.810279e-05 	 1.734195e+07 	
3.00850851e+06 	 1.807569e-05 	 1.733476e+07 	
3.00900901e+06 	 1.804863e-05 	 1.732757e+07 	
3.00950951e+06 	 1.802160e-05 	 1.732038e+07 	
3.01001001e+06 	 1.799460e-05 	 1.731320e+07 	
3.01051051e+06 	 1.796764e-05 	 1.730602e+07 	
3.01101101e+06 	 1.794070e-05 	 1.729884e+07 	
3.01151151e+06 	 1.791380e-05 	 1.729167e+07 	
3.01201201e+06 	 1.788694e-05 	 1.728450e+07 	
3.01251251e+06 	 1.786010e-05 	 1.727733e+07 	
3.01301301e+06 	 1.783330e-05 	 1.727017e+07 	
3.01351351e+06 	 1.780653e-05 	 1.726300e+07 	
3.01401401e+06 	 1.777979e-05 	 1.725585e+07 	
3.01451451e+06 	 1.775309e-05 	 1.724869e+07 	
3.01501502e+06 	 1.772641e-05 	 1.724154e+07 	
3.01551552e+06 	 1.769977e-05 	 1.723440e+07 	
3.01601602e+06 	 1.767317e-05 	 1.722725e+07 	
3.01651652e+06 	 1.764659e-05 	 1.722011e+07 	
3.01701702e+06 	 1.762005e-05 	 1.721297e+07 	
3.01751752e+06 	 1.759353e-05 	 1.720584e+07 	
3.01801802e+06 	 1.756705e-05 	 1.719871e+07 	
3.01851852e+06 	 1.754061e-05 	 1.719158e+07 	
3.01901902e+06 	 1.751419e-05 	 1.718445e+07 	
3.01951952e+06 	 1.748781e-05 	 1.717733e+07 	
3.02002002e+06 	 1.746145e-05 	 1.717021e+07 	
3.02052052e+06 	 1.743513e-05 	 1.716310e+07 	
3.02102102e+06 	 1.740884e-05 	 1.715599e+07 	
3.02152152e+06 	 1.738259e-05 	 1.714888e+07 	
3.02202202e+06 	 1.735636e-05 	 1.714177e+07 	
3.02252252e+06 	 1.733017e-05 	 1.713467e+07 	
3.02302302e+06 	 1.730400e-05 	 1.712757e+07 	
3.02352352e+06 	 1.727787e-05 	 1.712047e+07 	
3.02402402e+06 	 1.725177e-05 	 1.711338e+07 	
3.02452452e+06 	 1.722571e-05 	 1.710629e+07 	
3.02502503e+06 	 1.719967e-05 	 1.709921e+07 	
3.02552553e+06 	 1.717366e-05 	 1.709212e+07 	
3.02602603e+06 	 1.714769e-05 	 1.708504e+07 	
3.02652653e+06 	 1.712175e-05 	 1.707797e+07 	
3.02702703e+06 	 1.709583e-05 	 1.707089e+07 	
3.02752753e+06 	 1.706995e-05 	 1.706382e+07 	
3.02802803e+06 	 1.704410e-05 	 1.705676e+07 	
3.02852853e+06 	 1.701828e-05 	 1.704969e+07 	
3.02902903e+06 	 1.699250e-05 	 1.704263e+07 	
3.02952953e+06 	 1.696674e-05 	 1.703558e+07 	
3.03003003e+06 	 1.694101e-05 	 1.702852e+07 	
3.03053053e+06 	 1.691532e-05 	 1.702147e+07 	
3.03103103e+06 	 1.688965e-05 	 1.701442e+07 	
3.03153153e+06 	 1.686402e-05 	 1.700738e+07 	
3.03203203e+06 	 1.683841e-05 	 1.700034e+07 	
3.03253253e+06 	 1.681284e-05 	 1.699330e+07 	
3.03303303e+06 	 1.678730e-05 	 1.698627e+07 	
3.03353353e+06 	 1.676179e-05 	 1.697923e+07 	
3.03403403e+06 	 1.673631e-05 	 1.697221e+07 	
3.03453453e+06 	 1.671085e-05 	 1.696518e+07 	
3.03503504e+06 	 1.668543e-05 	 1.695816e+07 	
3.03553554e+06 	 1.666004e-05 	 1.695114e+07 	
3.03603604e+06 	 1.663468e-05 	 1.694412e+07 	
3.03653654e+06 	 1.660935e-05 	 1.693711e+07 	
3.03703704e+06 	 1.658405e-05 	 1.693010e+07 	
3.03753754e+06 	 1.655879e-05 	 1.692309e+07 	
3.03803804e+06 	 1.653355e-05 	 1.691609e+07 	
3.03853854e+06 	 1.650834e-05 	 1.690909e+07 	
3.03903904e+06 	 1.648316e-05 	 1.690209e+07 	
3.03953954e+06 	 1.645801e-05 	 1.689510e+07 	
3.04004004e+06 	 1.643289e-05 	 1.688811e+07 	
3.04054054e+06 	 1.640780e-05 	 1.688112e+07 	
3.04104104e+06 	 1.638274e-05 	 1.687414e+07 	
3.04154154e+06 	 1.635771e-05 	 1.686716e+07 	
3.04204204e+06 	 1.633271e-05 	 1.686018e+07 	
3.04254254e+06 	 1.630774e-05 	 1.685321e+07 	
3.04304304e+06 	 1.628280e-05 	 1.684623e+07 	
3.04354354e+06 	 1.625788e-05 	 1.683927e+07 	
3.04404404e+06 	 1.623300e-05 	 1.683230e+07 	
3.04454454e+06 	 1.620815e-05 	 1.682534e+07 	
3.04504505e+06 	 1.618333e-05 	 1.681838e+07 	
3.04554555e+06 	 1.615853e-05 	 1.681142e+07 	
3.04604605e+06 	 1.613377e-05 	 1.680447e+07 	
3.04654655e+06 	 1.610903e-05 	 1.679752e+07 	
3.04704705e+06 	 1.608433e-05 	 1.679058e+07 	
3.04754755e+06 	 1.605965e-05 	 1.678363e+07 	
3.04804805e+06 	 1.603500e-05 	 1.677669e+07 	
3.04854855e+06 	 1.601038e-05 	 1.676975e+07 	
3.04904905e+06 	 1.598579e-05 	 1.676282e+07 	
3.04954955e+06 	 1.596123e-05 	 1.675589e+07 	
3.05005005e+06 	 1.593670e-05 	 1.674896e+07 	
3.05055055e+06 	 1.591220e-05 	 1.674204e+07 	
3.05105105e+06 	 1.588772e-05 	 1.673512e+07 	
3.05155155e+06 	 1.586328e-05 	 1.672820e+07 	
3.05205205e+06 	 1.583886e-05 	 1.672128e+07 	
3.05255255e+06 	 1.581447e-05 	 1.671437e+07 	
3.05305305e+06 	 1.579011e-05 	 1.670746e+07 	
3.05355355e+06 	 1.576578e-05 	 1.670056e+07 	
3.05405405e+06 	 1.574148e-05 	 1.669365e+07 	
3.05455455e+06 	 1.571721e-05 	 1.668675e+07 	
3.05505506e+06 	 1.569296e-05 	 1.667986e+07 	
3.05555556e+06 	 1.566874e-05 	 1.667296e+07 	
3.05605606e+06 	 1.564456e-05 	 1.666607e+07 	
3.05655656e+06 	 1.562040e-05 	 1.665919e+07 	
3.05705706e+06 	 1.559627e-05 	 1.665230e+07 	
3.05755756e+06 	 1.557216e-05 	 1.664542e+07 	
3.05805806e+06 	 1.554809e-05 	 1.663854e+07 	
3.05855856e+06 	 1.552404e-05 	 1.663167e+07 	
3.05905906e+06 	 1.550002e-05 	 1.662480e+07 	
3.05955956e+06 	 1.547603e-05 	 1.661793e+07 	
3.06006006e+06 	 1.545207e-05 	 1.661106e+07 	
3.06056056e+06 	 1.542814e-05 	 1.660420e+07 	
3.06106106e+06 	 1.540423e-05 	 1.659734e+07 	
3.06156156e+06 	 1.538035e-05 	 1.659049e+07 	
3.06206206e+06 	 1.535650e-05 	 1.658363e+07 	
3.06256256e+06 	 1.533268e-05 	 1.657678e+07 	
3.06306306e+06 	 1.530888e-05 	 1.656993e+07 	
3.06356356e+06 	 1.528512e-05 	 1.656309e+07 	
3.06406406e+06 	 1.526138e-05 	 1.655625e+07 	
3.06456456e+06 	 1.523767e-05 	 1.654941e+07 	
3.06506507e+06 	 1.521398e-05 	 1.654258e+07 	
3.06556557e+06 	 1.519033e-05 	 1.653575e+07 	
3.06606607e+06 	 1.516670e-05 	 1.652892e+07 	
3.06656657e+06 	 1.514310e-05 	 1.652209e+07 	
3.06706707e+06 	 1.511952e-05 	 1.651527e+07 	
3.06756757e+06 	 1.509598e-05 	 1.650845e+07 	
3.06806807e+06 	 1.507246e-05 	 1.650163e+07 	
3.06856857e+06 	 1.504896e-05 	 1.649482e+07 	
3.06906907e+06 	 1.502550e-05 	 1.648801e+07 	
3.06956957e+06 	 1.500206e-05 	 1.648120e+07 	
3.07007007e+06 	 1.497865e-05 	 1.647440e+07 	
3.07057057e+06 	 1.495527e-05 	 1.646760e+07 	
3.07107107e+06 	 1.493192e-05 	 1.646080e+07 	
3.07157157e+06 	 1.490859e-05 	 1.645400e+07 	
3.07207207e+06 	 1.488528e-05 	 1.644721e+07 	
3.07257257e+06 	 1.486201e-05 	 1.644042e+07 	
3.07307307e+06 	 1.483876e-05 	 1.643364e+07 	
3.07357357e+06 	 1.481554e-05 	 1.642686e+07 	
3.07407407e+06 	 1.479235e-05 	 1.642008e+07 	
3.07457457e+06 	 1.476918e-05 	 1.641330e+07 	
3.07507508e+06 	 1.474604e-05 	 1.640653e+07 	
3.07557558e+06 	 1.472293e-05 	 1.639975e+07 	
3.07607608e+06 	 1.469984e-05 	 1.639299e+07 	
3.07657658e+06 	 1.467678e-05 	 1.638622e+07 	
3.07707708e+06 	 1.465375e-05 	 1.637946e+07 	
3.07757758e+06 	 1.463074e-05 	 1.637270e+07 	
3.07807808e+06 	 1.460776e-05 	 1.636595e+07 	
3.07857858e+06 	 1.458480e-05 	 1.635919e+07 	
3.07907908e+06 	 1.456188e-05 	 1.635245e+07 	
3.07957958e+06 	 1.453898e-05 	 1.634570e+07 	
3.08008008e+06 	 1.451610e-05 	 1.633896e+07 	
3.08058058e+06 	 1.449325e-05 	 1.633222e+07 	
3.08108108e+06 	 1.447043e-05 	 1.632548e+07 	
3.08158158e+06 	 1.444763e-05 	 1.631874e+07 	
3.08208208e+06 	 1.442486e-05 	 1.631201e+07 	
3.08258258e+06 	 1.440212e-05 	 1.630528e+07 	
3.08308308e+06 	 1.437940e-05 	 1.629856e+07 	
3.08358358e+06 	 1.435671e-05 	 1.629184e+07 	
3.08408408e+06 	 1.433404e-05 	 1.628512e+07 	
3.08458458e+06 	 1.431140e-05 	 1.627840e+07 	
3.08508509e+06 	 1.428879e-05 	 1.627169e+07 	
3.08558559e+06 	 1.426620e-05 	 1.626498e+07 	
3.08608609e+06 	 1.424364e-05 	 1.625827e+07 	
3.08658659e+06 	 1.422110e-05 	 1.625157e+07 	
3.08708709e+06 	 1.419859e-05 	 1.624486e+07 	
3.08758759e+06 	 1.417610e-05 	 1.623817e+07 	
3.08808809e+06 	 1.415364e-05 	 1.623147e+07 	
3.08858859e+06 	 1.413121e-05 	 1.622478e+07 	
3.08908909e+06 	 1.410880e-05 	 1.621809e+07 	
3.08958959e+06 	 1.408642e-05 	 1.621140e+07 	
3.09009009e+06 	 1.406406e-05 	 1.620472e+07 	
3.09059059e+06 	 1.404173e-05 	 1.619804e+07 	
3.09109109e+06 	 1.401942e-05 	 1.619136e+07 	
3.09159159e+06 	 1.399714e-05 	 1.618469e+07 	
3.09209209e+06 	 1.397488e-05 	 1.617802e+07 	
3.09259259e+06 	 1.395265e-05 	 1.617135e+07 	
3.09309309e+06 	 1.393045e-05 	 1.616468e+07 	
3.09359359e+06 	 1.390827e-05 	 1.615802e+07 	
3.09409409e+06 	 1.388611e-05 	 1.615136e+07 	
3.09459459e+06 	 1.386398e-05 	 1.614470e+07 	
3.09509510e+06 	 1.384188e-05 	 1.613805e+07 	
3.09559560e+06 	 1.381980e-05 	 1.613140e+07 	
3.09609610e+06 	 1.379774e-05 	 1.612475e+07 	
3.09659660e+06 	 1.377571e-05 	 1.611811e+07 	
3.09709710e+06 	 1.375371e-05 	 1.611146e+07 	
3.09759760e+06 	 1.373173e-05 	 1.610483e+07 	
3.09809810e+06 	 1.370977e-05 	 1.609819e+07 	
3.09859860e+06 	 1.368784e-05 	 1.609156e+07 	
3.09909910e+06 	 1.366594e-05 	 1.608493e+07 	
3.09959960e+06 	 1.364405e-05 	 1.607830e+07 	
3.10010010e+06 	 1.362220e-05 	 1.607168e+07 	
3.10060060e+06 	 1.360037e-05 	 1.606506e+07 	
3.10110110e+06 	 1.357856e-05 	 1.605844e+07 	
3.10160160e+06 	 1.355678e-05 	 1.605182e+07 	
3.10210210e+06 	 1.353502e-05 	 1.604521e+07 	
3.10260260e+06 	 1.351328e-05 	 1.603860e+07 	
3.10310310e+06 	 1.349158e-05 	 1.603199e+07 	
3.10360360e+06 	 1.346989e-05 	 1.602539e+07 	
3.10410410e+06 	 1.344823e-05 	 1.601879e+07 	
3.10460460e+06 	 1.342659e-05 	 1.601219e+07 	
3.10510511e+06 	 1.340498e-05 	 1.600560e+07 	
3.10560561e+06 	 1.338339e-05 	 1.599901e+07 	
3.10610611e+06 	 1.336183e-05 	 1.599242e+07 	
3.10660661e+06 	 1.334029e-05 	 1.598583e+07 	
3.10710711e+06 	 1.331877e-05 	 1.597925e+07 	
3.10760761e+06 	 1.329728e-05 	 1.597267e+07 	
3.10810811e+06 	 1.327582e-05 	 1.596609e+07 	
3.10860861e+06 	 1.325437e-05 	 1.595952e+07 	
3.10910911e+06 	 1.323295e-05 	 1.595295e+07 	
3.10960961e+06 	 1.321156e-05 	 1.594638e+07 	
3.11011011e+06 	 1.319019e-05 	 1.593982e+07 	
3.11061061e+06 	 1.316884e-05 	 1.593325e+07 	
3.11111111e+06 	 1.314751e-05 	 1.592669e+07 	
3.11161161e+06 	 1.312621e-05 	 1.592014e+07 	
3.11211211e+06 	 1.310494e-05 	 1.591358e+07 	
3.11261261e+06 	 1.308368e-05 	 1.590703e+07 	
3.11311311e+06 	 1.306245e-05 	 1.590049e+07 	
3.11361361e+06 	 1.304125e-05 	 1.589394e+07 	
3.11411411e+06 	 1.302007e-05 	 1.588740e+07 	
3.11461461e+06 	 1.299891e-05 	 1.588086e+07 	
3.11511512e+06 	 1.297777e-05 	 1.587432e+07 	
3.11561562e+06 	 1.295666e-05 	 1.586779e+07 	
3.11611612e+06 	 1.293557e-05 	 1.586126e+07 	
3.11661662e+06 	 1.291451e-05 	 1.585473e+07 	
3.11711712e+06 	 1.289346e-05 	 1.584821e+07 	
3.11761762e+06 	 1.287245e-05 	 1.584169e+07 	
3.11811812e+06 	 1.285145e-05 	 1.583517e+07 	
3.11861862e+06 	 1.283113e-05 	 1.582863e+07 	
3.11911912e+06 	 1.281019e-05 	 1.582212e+07 	
3.11961962e+06 	 1.278928e-05 	 1.581561e+07 	
3.12012012e+06 	 1.276839e-05 	 1.580910e+07 	
3.12062062e+06 	 1.274752e-05 	 1.580260e+07 	
3.12112112e+06 	 1.272668e-05 	 1.579610e+07 	
3.12162162e+06 	 1.270585e-05 	 1.578960e+07 	
3.12212212e+06 	 1.268506e-05 	 1.578310e+07 	
3.12262262e+06 	 1.266428e-05 	 1.577661e+07 	
3.12312312e+06 	 1.264353e-05 	 1.577012e+07 	
3.12362362e+06 	 1.262280e-05 	 1.576363e+07 	
3.12412412e+06 	 1.260209e-05 	 1.575715e+07 	
3.12462462e+06 	 1.258141e-05 	 1.575067e+07 	
3.12512513e+06 	 1.256075e-05 	 1.574419e+07 	
3.12562563e+06 	 1.254011e-05 	 1.573771e+07 	
3.12612613e+06 	 1.251950e-05 	 1.573124e+07 	
3.12662663e+06 	 1.249890e-05 	 1.572477e+07 	
3.12712713e+06 	 1.247833e-05 	 1.571830e+07 	
3.12762763e+06 	 1.245779e-05 	 1.571184e+07 	
3.12812813e+06 	 1.243726e-05 	 1.570537e+07 	
3.12862863e+06 	 1.241676e-05 	 1.569892e+07 	
3.12912913e+06 	 1.239628e-05 	 1.569246e+07 	
3.12962963e+06 	 1.237583e-05 	 1.568601e+07 	
3.13013013e+06 	 1.235539e-05 	 1.567956e+07 	
3.13063063e+06 	 1.233498e-05 	 1.567311e+07 	
3.13113113e+06 	 1.231459e-05 	 1.566667e+07 	
3.13163163e+06 	 1.229423e-05 	 1.566022e+07 	
3.13213213e+06 	 1.227388e-05 	 1.565379e+07 	
3.13263263e+06 	 1.225356e-05 	 1.564735e+07 	
3.13313313e+06 	 1.223326e-05 	 1.564092e+07 	
3.13363363e+06 	 1.221299e-05 	 1.563449e+07 	
3.13413413e+06 	 1.219273e-05 	 1.562806e+07 	
3.13463463e+06 	 1.217250e-05 	 1.562164e+07 	
3.13513514e+06 	 1.215229e-05 	 1.561521e+07 	
3.13563564e+06 	 1.213210e-05 	 1.560880e+07 	
3.13613614e+06 	 1.211194e-05 	 1.560238e+07 	
3.13663664e+06 	 1.209179e-05 	 1.559597e+07 	
3.13713714e+06 	 1.207106e-05 	 1.558957e+07 	
3.13763764e+06 	 1.205095e-05 	 1.558317e+07 	
3.13813814e+06 	 1.203086e-05 	 1.557676e+07 	
3.13863864e+06 	 1.201080e-05 	 1.557036e+07 	
3.13913914e+06 	 1.199075e-05 	 1.556396e+07 	
3.13963964e+06 	 1.197073e-05 	 1.555757e+07 	
3.14014014e+06 	 1.195073e-05 	 1.555117e+07 	
3.14064064e+06 	 1.193075e-05 	 1.554478e+07 	
3.14114114e+06 	 1.191079e-05 	 1.553840e+07 	
3.14164164e+06 	 1.189085e-05 	 1.553201e+07 	
3.14214214e+06 	 1.187094e-05 	 1.552563e+07 	
3.14264264e+06 	 1.185104e-05 	 1.551925e+07 	
3.14314314e+06 	 1.183117e-05 	 1.551288e+07 	
3.14364364e+06 	 1.181132e-05 	 1.550650e+07 	
3.14414414e+06 	 1.179149e-05 	 1.550013e+07 	
3.14464464e+06 	 1.177168e-05 	 1.549377e+07 	
3.14514515e+06 	 1.175190e-05 	 1.548740e+07 	
3.14564565e+06 	 1.173213e-05 	 1.548104e+07 	
3.14614615e+06 	 1.171239e-05 	 1.547468e+07 	
3.14664665e+06 	 1.169267e-05 	 1.546832e+07 	
3.14714715e+06 	 1.167296e-05 	 1.546197e+07 	
3.14764765e+06 	 1.165328e-05 	 1.545562e+07 	
3.14814815e+06 	 1.163363e-05 	 1.544927e+07 	
3.14864865e+06 	 1.161399e-05 	 1.544293e+07 	
3.14914915e+06 	 1.159437e-05 	 1.543659e+07 	
3.14964965e+06 	 1.157477e-05 	 1.543025e+07 	
3.15015015e+06 	 1.155520e-05 	 1.542391e+07 	
3.15065065e+06 	 1.153564e-05 	 1.541758e+07 	
3.15115115e+06 	 1.151611e-05 	 1.541124e+07 	
3.15165165e+06 	 1.149660e-05 	 1.540492e+07 	
3.15215215e+06 	 1.147711e-05 	 1.539859e+07 	
3.15265265e+06 	 1.145763e-05 	 1.539227e+07 	
3.15315315e+06 	 1.143818e-05 	 1.538595e+07 	
3.15365365e+06 	 1.141875e-05 	 1.537963e+07 	
3.15415415e+06 	 1.139934e-05 	 1.537332e+07 	
3.15465465e+06 	 1.137996e-05 	 1.536701e+07 	
3.15515516e+06 	 1.136002e-05 	 1.536072e+07 	
3.15565566e+06 	 1.134066e-05 	 1.535441e+07 	
3.15615616e+06 	 1.132132e-05 	 1.534811e+07 	
3.15665666e+06 	 1.130201e-05 	 1.534181e+07 	
3.15715716e+06 	 1.128271e-05 	 1.533551e+07 	
3.15765766e+06 	 1.126344e-05 	 1.532922e+07 	
3.15815816e+06 	 1.124418e-05 	 1.532292e+07 	
3.15865866e+06 	 1.122494e-05 	 1.531664e+07 	
3.15915916e+06 	 1.120573e-05 	 1.531035e+07 	
3.15965966e+06 	 1.118653e-05 	 1.530407e+07 	
3.16016016e+06 	 1.116736e-05 	 1.529779e+07 	
3.16066066e+06 	 1.114820e-05 	 1.529151e+07 	
3.16116116e+06 	 1.112907e-05 	 1.528523e+07 	
3.16166166e+06 	 1.110995e-05 	 1.527896e+07 	
3.16216216e+06 	 1.109086e-05 	 1.527269e+07 	
3.16266266e+06 	 1.107178e-05 	 1.526643e+07 	
3.16316316e+06 	 1.105273e-05 	 1.526016e+07 	
3.16366366e+06 	 1.103369e-05 	 1.525390e+07 	
3.16416416e+06 	 1.101468e-05 	 1.524764e+07 	
3.16466466e+06 	 1.099568e-05 	 1.524139e+07 	
3.16516517e+06 	 1.097670e-05 	 1.523513e+07 	
3.16566567e+06 	 1.095775e-05 	 1.522889e+07 	
3.16616617e+06 	 1.093881e-05 	 1.522264e+07 	
3.16666667e+06 	 1.091989e-05 	 1.521639e+07 	
3.16716717e+06 	 1.090099e-05 	 1.521015e+07 	
3.16766767e+06 	 1.088211e-05 	 1.520391e+07 	
3.16816817e+06 	 1.086325e-05 	 1.519768e+07 	
3.16866867e+06 	 1.084441e-05 	 1.519144e+07 	
3.16916917e+06 	 1.082559e-05 	 1.518521e+07 	
3.16966967e+06 	 1.080679e-05 	 1.517899e+07 	
3.17017017e+06 	 1.078801e-05 	 1.517276e+07 	
3.17067067e+06 	 1.076925e-05 	 1.516654e+07 	
3.17117117e+06 	 1.075051e-05 	 1.516032e+07 	
3.17167167e+06 	 1.073178e-05 	 1.515410e+07 	
3.17217217e+06 	 1.071308e-05 	 1.514789e+07 	
3.17267267e+06 	 1.069439e-05 	 1.514168e+07 	
3.17317317e+06 	 1.067572e-05 	 1.513547e+07 	
3.17367367e+06 	 1.065761e-05 	 1.512924e+07 	
3.17417417e+06 	 1.063899e-05 	 1.512304e+07 	
3.17467467e+06 	 1.062039e-05 	 1.511684e+07 	
3.17517518e+06 	 1.060181e-05 	 1.511064e+07 	
3.17567568e+06 	 1.058325e-05 	 1.510445e+07 	
3.17617618e+06 	 1.056470e-05 	 1.509826e+07 	
3.17667668e+06 	 1.054618e-05 	 1.509207e+07 	
3.17717718e+06 	 1.052767e-05 	 1.508588e+07 	
3.17767768e+06 	 1.050918e-05 	 1.507970e+07 	
3.17817818e+06 	 1.049072e-05 	 1.507351e+07 	
3.17867868e+06 	 1.047227e-05 	 1.506734e+07 	
3.17917918e+06 	 1.045384e-05 	 1.506116e+07 	
3.17967968e+06 	 1.043542e-05 	 1.505499e+07 	
3.18018018e+06 	 1.041703e-05 	 1.504882e+07 	
3.18068068e+06 	 1.039866e-05 	 1.504265e+07 	
3.18118118e+06 	 1.038030e-05 	 1.503648e+07 	
3.18168168e+06 	 1.036196e-05 	 1.503032e+07 	
3.18218218e+06 	 1.034365e-05 	 1.502416e+07 	
3.18268268e+06 	 1.032535e-05 	 1.501800e+07 	
3.18318318e+06 	 1.030706e-05 	 1.501185e+07 	
3.18368368e+06 	 1.028880e-05 	 1.500570e+07 	
3.18418418e+06 	 1.027056e-05 	 1.499955e+07 	
3.18468468e+06 	 1.025233e-05 	 1.499341e+07 	
3.18518519e+06 	 1.023412e-05 	 1.498726e+07 	
3.18568569e+06 	 1.021593e-05 	 1.498112e+07 	
3.18618619e+06 	 1.019776e-05 	 1.497498e+07 	
3.18668669e+06 	 1.017961e-05 	 1.496885e+07 	
3.18718719e+06 	 1.016147e-05 	 1.496272e+07 	
3.18768769e+06 	 1.014336e-05 	 1.495659e+07 	
3.18818819e+06 	 1.012526e-05 	 1.495046e+07 	
3.18868869e+06 	 1.010718e-05 	 1.494434e+07 	
3.18918919e+06 	 1.008911e-05 	 1.493821e+07 	
3.18968969e+06 	 1.007107e-05 	 1.493210e+07 	
3.19019019e+06 	 1.005304e-05 	 1.492598e+07 	
3.19069069e+06 	 1.003503e-05 	 1.491987e+07 	
3.19119119e+06 	 1.001704e-05 	 1.491376e+07 	
3.19169169e+06 	 9.999071e-06 	 1.490765e+07 	
3.19219219e+06 	 9.981116e-06 	 1.490154e+07 	
3.19269269e+06 	 9.963684e-06 	 1.489542e+07 	
3.19319319e+06 	 9.945773e-06 	 1.488932e+07 	
3.19369369e+06 	 9.927879e-06 	 1.488323e+07 	
3.19419419e+06 	 9.910004e-06 	 1.487713e+07 	
3.19469469e+06 	 9.892146e-06 	 1.487104e+07 	
3.19519520e+06 	 9.874306e-06 	 1.486495e+07 	
3.19569570e+06 	 9.856484e-06 	 1.485886e+07 	
3.19619620e+06 	 9.838680e-06 	 1.485278e+07 	
3.19669670e+06 	 9.820893e-06 	 1.484670e+07 	
3.19719720e+06 	 9.803123e-06 	 1.484062e+07 	
3.19769770e+06 	 9.785372e-06 	 1.483454e+07 	
3.19819820e+06 	 9.767637e-06 	 1.482847e+07 	
3.19869870e+06 	 9.749921e-06 	 1.482240e+07 	
3.19919920e+06 	 9.732222e-06 	 1.481633e+07 	
3.19969970e+06 	 9.714540e-06 	 1.481027e+07 	
3.20020020e+06 	 9.696875e-06 	 1.480420e+07 	
3.20070070e+06 	 9.679228e-06 	 1.479814e+07 	
3.20120120e+06 	 9.661599e-06 	 1.479209e+07 	
3.20170170e+06 	 9.643986e-06 	 1.478603e+07 	
3.20220220e+06 	 9.626391e-06 	 1.477998e+07 	
3.20270270e+06 	 9.608813e-06 	 1.477393e+07 	
3.20320320e+06 	 9.591252e-06 	 1.476789e+07 	
3.20370370e+06 	 9.573709e-06 	 1.476184e+07 	
3.20420420e+06 	 9.556182e-06 	 1.475580e+07 	
3.20470470e+06 	 9.538673e-06 	 1.474976e+07 	
3.20520521e+06 	 9.521180e-06 	 1.474373e+07 	
3.20570571e+06 	 9.503705e-06 	 1.473770e+07 	
3.20620621e+06 	 9.486246e-06 	 1.473167e+07 	
3.20670671e+06 	 9.468805e-06 	 1.472564e+07 	
3.20720721e+06 	 9.451380e-06 	 1.471961e+07 	
3.20770771e+06 	 9.433973e-06 	 1.471359e+07 	
3.20820821e+06 	 9.416582e-06 	 1.470757e+07 	
3.20870871e+06 	 9.399208e-06 	 1.470155e+07 	
3.20920921e+06 	 9.381850e-06 	 1.469554e+07 	
3.20970971e+06 	 9.364510e-06 	 1.468953e+07 	
3.21021021e+06 	 9.347186e-06 	 1.468352e+07 	
3.21071071e+06 	 9.329879e-06 	 1.467751e+07 	
3.21121121e+06 	 9.313055e-06 	 1.467149e+07 	
3.21171171e+06 	 9.295789e-06 	 1.466549e+07 	
3.21221221e+06 	 9.278539e-06 	 1.465949e+07 	
3.21271271e+06 	 9.261306e-06 	 1.465350e+07 	
3.21321321e+06 	 9.244090e-06 	 1.464750e+07 	
3.21371371e+06 	 9.226890e-06 	 1.464151e+07 	
3.21421421e+06 	 9.209707e-06 	 1.463553e+07 	
3.21471471e+06 	 9.192540e-06 	 1.462954e+07 	
3.21521522e+06 	 9.175390e-06 	 1.462356e+07 	
3.21571572e+06 	 9.158256e-06 	 1.461758e+07 	
3.21621622e+06 	 9.141139e-06 	 1.461160e+07 	
3.21671672e+06 	 9.124038e-06 	 1.460563e+07 	
3.21721722e+06 	 9.106953e-06 	 1.459965e+07 	
3.21771772e+06 	 9.089884e-06 	 1.459369e+07 	
3.21821822e+06 	 9.072832e-06 	 1.458772e+07 	
3.21871872e+06 	 9.055796e-06 	 1.458175e+07 	
3.21921922e+06 	 9.038777e-06 	 1.457579e+07 	
3.21971972e+06 	 9.021773e-06 	 1.456983e+07 	
3.22022022e+06 	 9.004786e-06 	 1.456388e+07 	
3.22072072e+06 	 8.987815e-06 	 1.455793e+07 	
3.22122122e+06 	 8.970859e-06 	 1.455197e+07 	
3.22172172e+06 	 8.953920e-06 	 1.454603e+07 	
3.22222222e+06 	 8.936997e-06 	 1.454008e+07 	
3.22272272e+06 	 8.920090e-06 	 1.453414e+07 	
3.22322322e+06 	 8.903199e-06 	 1.452820e+07 	
3.22372372e+06 	 8.886323e-06 	 1.452226e+07 	
3.22422422e+06 	 8.869464e-06 	 1.451633e+07 	
3.22472472e+06 	 8.852620e-06 	 1.451039e+07 	
3.22522523e+06 	 8.835792e-06 	 1.450446e+07 	
3.22572573e+06 	 8.818980e-06 	 1.449854e+07 	
3.22622623e+06 	 8.802184e-06 	 1.449261e+07 	
3.22672673e+06 	 8.785403e-06 	 1.448669e+07 	
3.22722723e+06 	 8.768638e-06 	 1.448077e+07 	
3.22772773e+06 	 8.751889e-06 	 1.447486e+07 	
3.22822823e+06 	 8.735155e-06 	 1.446894e+07 	
3.22872873e+06 	 8.718437e-06 	 1.446303e+07 	
3.22922923e+06 	 8.701734e-06 	 1.445712e+07 	
3.22972973e+06 	 8.685047e-06 	 1.445122e+07 	
3.23023023e+06 	 8.668812e-06 	 1.444529e+07 	
3.23073073e+06 	 8.652163e-06 	 1.443939e+07 	
3.23123123e+06 	 8.635529e-06 	 1.443350e+07 	
3.23173173e+06 	 8.618911e-06 	 1.442760e+07 	
3.23223223e+06 	 8.602309e-06 	 1.442171e+07 	
3.23273273e+06 	 8.585721e-06 	 1.441582e+07 	
3.23323323e+06 	 8.569150e-06 	 1.440993e+07 	
3.23373373e+06 	 8.552593e-06 	 1.440404e+07 	
3.23423423e+06 	 8.536052e-06 	 1.439816e+07 	
3.23473473e+06 	 8.519526e-06 	 1.439228e+07 	
3.23523524e+06 	 8.503015e-06 	 1.438640e+07 	
3.23573574e+06 	 8.486520e-06 	 1.438053e+07 	
3.23623624e+06 	 8.470040e-06 	 1.437466e+07 	
3.23673674e+06 	 8.453575e-06 	 1.436879e+07 	
3.23723724e+06 	 8.437125e-06 	 1.436292e+07 	
3.23773774e+06 	 8.420690e-06 	 1.435706e+07 	
3.23823824e+06 	 8.404270e-06 	 1.435119e+07 	
3.23873874e+06 	 8.387865e-06 	 1.434534e+07 	
3.23923924e+06 	 8.371476e-06 	 1.433948e+07 	
3.23973974e+06 	 8.355101e-06 	 1.433363e+07 	
3.24024024e+06 	 8.338741e-06 	 1.432777e+07 	
3.24074074e+06 	 8.322396e-06 	 1.432193e+07 	
3.24124124e+06 	 8.306066e-06 	 1.431608e+07 	
3.24174174e+06 	 8.289751e-06 	 1.431024e+07 	
3.24224224e+06 	 8.273450e-06 	 1.430440e+07 	
3.24274274e+06 	 8.257164e-06 	 1.429856e+07 	
3.24324324e+06 	 8.240893e-06 	 1.429272e+07 	
3.24374374e+06 	 8.224637e-06 	 1.428689e+07 	
3.24424424e+06 	 8.208396e-06 	 1.428106e+07 	
3.24474474e+06 	 8.192169e-06 	 1.427523e+07 	
3.24524525e+06 	 8.175956e-06 	 1.426941e+07 	
3.24574575e+06 	 8.159759e-06 	 1.426358e+07 	
3.24624625e+06 	 8.143576e-06 	 1.425776e+07 	
3.24674675e+06 	 8.127407e-06 	 1.425195e+07 	
3.24724725e+06 	 8.111253e-06 	 1.424613e+07 	
3.24774775e+06 	 8.095113e-06 	 1.424032e+07 	
3.24824825e+06 	 8.078988e-06 	 1.423451e+07 	
3.24874875e+06 	 8.062877e-06 	 1.422870e+07 	
3.24924925e+06 	 8.047187e-06 	 1.422288e+07 	
3.24974975e+06 	 8.031111e-06 	 1.421708e+07 	
3.25025025e+06 	 8.015050e-06 	 1.421128e+07 	
3.25075075e+06 	 7.999003e-06 	 1.420548e+07 	
3.25125125e+06 	 7.982971e-06 	 1.419969e+07 	
3.25175175e+06 	 7.966953e-06 	 1.419390e+07 	
3.25225225e+06 	 7.950949e-06 	 1.418811e+07 	
3.25275275e+06 	 7.934959e-06 	 1.418232e+07 	
3.25325325e+06 	 7.918984e-06 	 1.417654e+07 	
3.25375375e+06 	 7.903023e-06 	 1.417076e+07 	
3.25425425e+06 	 7.887076e-06 	 1.416498e+07 	
3.25475475e+06 	 7.871143e-06 	 1.415920e+07 	
3.25525526e+06 	 7.855224e-06 	 1.415343e+07 	
3.25575576e+06 	 7.839319e-06 	 1.414766e+07 	
3.25625626e+06 	 7.823428e-06 	 1.414189e+07 	
3.25675676e+06 	 7.807552e-06 	 1.413613e+07 	
3.25725726e+06 	 7.791689e-06 	 1.413036e+07 	
3.25775776e+06 	 7.775840e-06 	 1.412460e+07 	
3.25825826e+06 	 7.760005e-06 	 1.411884e+07 	
3.25875876e+06 	 7.744184e-06 	 1.411309e+07 	
3.25925926e+06 	 7.728377e-06 	 1.410734e+07 	
3.25975976e+06 	 7.712584e-06 	 1.410159e+07 	
3.26026026e+06 	 7.696804e-06 	 1.409584e+07 	
3.26076076e+06 	 7.681039e-06 	 1.409009e+07 	
3.26126126e+06 	 7.665287e-06 	 1.408435e+07 	
3.26176176e+06 	 7.649548e-06 	 1.407861e+07 	
3.26226226e+06 	 7.633824e-06 	 1.407287e+07 	
3.26276276e+06 	 7.618113e-06 	 1.406714e+07 	
3.26326326e+06 	 7.602416e-06 	 1.406141e+07 	
3.26376376e+06 	 7.586732e-06 	 1.405568e+07 	
3.26426426e+06 	 7.571062e-06 	 1.404995e+07 	
3.26476476e+06 	 7.555405e-06 	 1.404423e+07 	
3.26526527e+06 	 7.539762e-06 	 1.403851e+07 	
3.26576577e+06 	 7.524132e-06 	 1.403279e+07 	
3.26626627e+06 	 7.508516e-06 	 1.402707e+07 	
3.26676677e+06 	 7.492913e-06 	 1.402136e+07 	
3.26726727e+06 	 7.477324e-06 	 1.401564e+07 	
3.26776777e+06 	 7.461748e-06 	 1.400994e+07 	
3.26826827e+06 	 7.445808e-06 	 1.400425e+07 	
3.26876877e+06 	 7.430252e-06 	 1.399854e+07 	
3.26926927e+06 	 7.414710e-06 	 1.399284e+07 	
3.26976977e+06 	 7.399181e-06 	 1.398714e+07 	
3.27027027e+06 	 7.383664e-06 	 1.398145e+07 	
3.27077077e+06 	 7.368161e-06 	 1.397576e+07 	
3.27127127e+06 	 7.352671e-06 	 1.397007e+07 	
3.27177177e+06 	 7.337194e-06 	 1.396438e+07 	
3.27227227e+06 	 7.321730e-06 	 1.395869e+07 	
3.27277277e+06 	 7.306279e-06 	 1.395301e+07 	
3.27327327e+06 	 7.290841e-06 	 1.394733e+07 	
3.27377377e+06 	 7.275415e-06 	 1.394165e+07 	
3.27427427e+06 	 7.260003e-06 	 1.393598e+07 	
3.27477477e+06 	 7.244603e-06 	 1.393031e+07 	
3.27527528e+06 	 7.229216e-06 	 1.392464e+07 	
3.27577578e+06 	 7.213842e-06 	 1.391897e+07 	
3.27627628e+06 	 7.198481e-06 	 1.391330e+07 	
3.27677678e+06 	 7.183132e-06 	 1.390764e+07 	
3.27727728e+06 	 7.167796e-06 	 1.390198e+07 	
3.27777778e+06 	 7.152473e-06 	 1.389633e+07 	
3.27827828e+06 	 7.137162e-06 	 1.389067e+07 	
3.27877878e+06 	 7.121864e-06 	 1.388502e+07 	
3.27927928e+06 	 7.106579e-06 	 1.387937e+07 	
3.27977978e+06 	 7.091306e-06 	 1.387372e+07 	
3.28028028e+06 	 7.076045e-06 	 1.386808e+07 	
3.28078078e+06 	 7.060797e-06 	 1.386244e+07 	
3.28128128e+06 	 7.045561e-06 	 1.385680e+07 	
3.28178178e+06 	 7.030338e-06 	 1.385116e+07 	
3.28228228e+06 	 7.015127e-06 	 1.384553e+07 	
3.28278278e+06 	 6.999929e-06 	 1.383990e+07 	
3.28328328e+06 	 6.984742e-06 	 1.383427e+07 	
3.28378378e+06 	 6.969568e-06 	 1.382865e+07 	
3.28428428e+06 	 6.954407e-06 	 1.382302e+07 	
3.28478478e+06 	 6.939257e-06 	 1.381740e+07 	
3.28528529e+06 	 6.924120e-06 	 1.381178e+07 	
3.28578579e+06 	 6.908995e-06 	 1.380617e+07 	
3.28628629e+06 	 6.893882e-06 	 1.380056e+07 	
3.28678679e+06 	 6.878781e-06 	 1.379495e+07 	
3.28728729e+06 	 6.863345e-06 	 1.378935e+07 	
3.28778779e+06 	 6.848262e-06 	 1.378375e+07 	
3.28828829e+06 	 6.833192e-06 	 1.377815e+07 	
3.28878879e+06 	 6.818133e-06 	 1.377255e+07 	
3.28928929e+06 	 6.803086e-06 	 1.376695e+07 	
3.28978979e+06 	 6.788051e-06 	 1.376136e+07 	
3.29029029e+06 	 6.773028e-06 	 1.375576e+07 	
3.29079079e+06 	 6.758017e-06 	 1.375018e+07 	
3.29129129e+06 	 6.743017e-06 	 1.374459e+07 	
3.29179179e+06 	 6.728029e-06 	 1.373900e+07 	
3.29229229e+06 	 6.713053e-06 	 1.373342e+07 	
3.29279279e+06 	 6.698088e-06 	 1.372784e+07 	
3.29329329e+06 	 6.683135e-06 	 1.372227e+07 	
3.29379379e+06 	 6.668193e-06 	 1.371669e+07 	
3.29429429e+06 	 6.653263e-06 	 1.371112e+07 	
3.29479479e+06 	 6.638345e-06 	 1.370555e+07 	
3.29529530e+06 	 6.623438e-06 	 1.369999e+07 	
3.29579580e+06 	 6.608542e-06 	 1.369443e+07 	
3.29629630e+06 	 6.593658e-06 	 1.368886e+07 	
3.29679680e+06 	 6.578785e-06 	 1.368331e+07 	
3.29729730e+06 	 6.563923e-06 	 1.367775e+07 	
3.29779780e+06 	 6.549073e-06 	 1.367220e+07 	
3.29829830e+06 	 6.534234e-06 	 1.366665e+07 	
3.29879880e+06 	 6.519407e-06 	 1.366110e+07 	
3.29929930e+06 	 6.504590e-06 	 1.365555e+07 	
3.29979980e+06 	 6.489785e-06 	 1.365001e+07 	
3.30030030e+06 	 6.474991e-06 	 1.364447e+07 	
3.30080080e+06 	 6.460208e-06 	 1.363893e+07 	
3.30130130e+06 	 6.445436e-06 	 1.363340e+07 	
3.30180180e+06 	 6.430675e-06 	 1.362787e+07 	
3.30230230e+06 	 6.415925e-06 	 1.362234e+07 	
3.30280280e+06 	 6.401186e-06 	 1.361681e+07 	
3.30330330e+06 	 6.386458e-06 	 1.361129e+07 	
3.30380380e+06 	 6.371741e-06 	 1.360577e+07 	
3.30430430e+06 	 6.357035e-06 	 1.360025e+07 	
3.30480480e+06 	 6.342340e-06 	 1.359473e+07 	
3.30530531e+06 	 6.327656e-06 	 1.358922e+07 	
3.30580581e+06 	 6.312982e-06 	 1.358370e+07 	
3.30630631e+06 	 6.298002e-06 	 1.357821e+07 	
3.30680681e+06 	 6.283345e-06 	 1.357271e+07 	
3.30730731e+06 	 6.268698e-06 	 1.356720e+07 	
3.30780781e+06 	 6.254062e-06 	 1.356170e+07 	
3.30830831e+06 	 6.239437e-06 	 1.355621e+07 	
3.30880881e+06 	 6.224822e-06 	 1.355071e+07 	
3.30930931e+06 	 6.210218e-06 	 1.354522e+07 	
3.30980981e+06 	 6.195624e-06 	 1.353973e+07 	
3.31031031e+06 	 6.181041e-06 	 1.353424e+07 	
3.31081081e+06 	 6.166468e-06 	 1.352875e+07 	
3.31131131e+06 	 6.151905e-06 	 1.352327e+07 	
3.31181181e+06 	 6.137353e-06 	 1.351779e+07 	
3.31231231e+06 	 6.122811e-06 	 1.351232e+07 	
3.31281281e+06 	 6.108279e-06 	 1.350684e+07 	
3.31331331e+06 	 6.093757e-06 	 1.350137e+07 	
3.31381381e+06 	 6.079246e-06 	 1.349590e+07 	
3.31431431e+06 	 6.064745e-06 	 1.349043e+07 	
3.31481481e+06 	 6.050254e-06 	 1.348497e+07 	
3.31531532e+06 	 6.035773e-06 	 1.347951e+07 	
3.31581582e+06 	 6.021302e-06 	 1.347405e+07 	
3.31631632e+06 	 6.006841e-06 	 1.346860e+07 	
3.31681682e+06 	 5.992390e-06 	 1.346314e+07 	
3.31731732e+06 	 5.977949e-06 	 1.345769e+07 	
3.31781782e+06 	 5.963518e-06 	 1.345224e+07 	
3.31831832e+06 	 5.949097e-06 	 1.344680e+07 	
3.31881882e+06 	 5.934686e-06 	 1.344136e+07 	
3.31931932e+06 	 5.920284e-06 	 1.343592e+07 	
3.31981982e+06 	 5.905893e-06 	 1.343048e+07 	
3.32032032e+06 	 5.891511e-06 	 1.342504e+07 	
3.32082082e+06 	 5.877139e-06 	 1.341961e+07 	
3.32132132e+06 	 5.862776e-06 	 1.341418e+07 	
3.32182182e+06 	 5.848424e-06 	 1.340876e+07 	
3.32232232e+06 	 5.834080e-06 	 1.340333e+07 	
3.32282282e+06 	 5.819747e-06 	 1.339791e+07 	
3.32332332e+06 	 5.805423e-06 	 1.339249e+07 	
3.32382382e+06 	 5.791108e-06 	 1.338707e+07 	
3.32432432e+06 	 5.776803e-06 	 1.338166e+07 	
3.32482482e+06 	 5.762508e-06 	 1.337625e+07 	
3.32532533e+06 	 5.747933e-06 	 1.337086e+07 	
3.32582583e+06 	 5.733652e-06 	 1.336545e+07 	
3.32632633e+06 	 5.719380e-06 	 1.336005e+07 	
3.32682683e+06 	 5.705117e-06 	 1.335465e+07 	
3.32732733e+06 	 5.690863e-06 	 1.334925e+07 	
3.32782783e+06 	 5.676619e-06 	 1.334386e+07 	
3.32832833e+06 	 5.662384e-06 	 1.333847e+07 	
3.32882883e+06 	 5.648158e-06 	 1.333308e+07 	
3.32932933e+06 	 5.633941e-06 	 1.332769e+07 	
3.32982983e+06 	 5.619733e-06 	 1.332231e+07 	
3.33033033e+06 	 5.605534e-06 	 1.331693e+07 	
3.33083083e+06 	 5.591344e-06 	 1.331155e+07 	
3.33133133e+06 	 5.577163e-06 	 1.330617e+07 	
3.33183183e+06 	 5.562991e-06 	 1.330080e+07 	
3.33233233e+06 	 5.548828e-06 	 1.329543e+07 	
3.33283283e+06 	 5.534673e-06 	 1.329006e+07 	
3.33333333e+06 	 5.520528e-06 	 1.328470e+07 	
3.33383383e+06 	 5.506391e-06 	 1.327934e+07 	
3.33433433e+06 	 5.492263e-06 	 1.327398e+07 	
3.33483483e+06 	 5.478144e-06 	 1.326862e+07 	
3.33533534e+06 	 5.464033e-06 	 1.326327e+07 	
3.33583584e+06 	 5.449931e-06 	 1.325791e+07 	
3.33633634e+06 	 5.435837e-06 	 1.325257e+07 	
3.33683684e+06 	 5.421752e-06 	 1.324722e+07 	
3.33733734e+06 	 5.407676e-06 	 1.324188e+07 	
3.33783784e+06 	 5.393608e-06 	 1.323654e+07 	
3.33833834e+06 	 5.379548e-06 	 1.323120e+07 	
3.33883884e+06 	 5.365497e-06 	 1.322586e+07 	
3.33933934e+06 	 5.351455e-06 	 1.322053e+07 	
3.33983984e+06 	 5.337420e-06 	 1.321520e+07 	
3.34034034e+06 	 5.323394e-06 	 1.320988e+07 	
3.34084084e+06 	 5.309376e-06 	 1.320455e+07 	
3.34134134e+06 	 5.295367e-06 	 1.319923e+07 	
3.34184184e+06 	 5.281365e-06 	 1.319391e+07 	
3.34234234e+06 	 5.267372e-06 	 1.318860e+07 	
3.34284284e+06 	 5.253387e-06 	 1.318328e+07 	
3.34334334e+06 	 5.239410e-06 	 1.317797e+07 	
3.34384384e+06 	 5.225441e-06 	 1.317267e+07 	
3.34434434e+06 	 5.211741e-06 	 1.316734e+07 	
3.34484484e+06 	 5.197793e-06 	 1.316204e+07 	
3.34534535e+06 	 5.183852e-06 	 1.315674e+07 	
3.34584585e+06 	 5.169919e-06 	 1.315145e+07 	
3.34634635e+06 	 5.155994e-06 	 1.314615e+07 	
3.34684685e+06 	 5.142077e-06 	 1.314086e+07 	
3.34734735e+06 	 5.128168e-06 	 1.313557e+07 	
3.34784785e+06 	 5.114267e-06 	 1.313029e+07 	
3.34834835e+06 	 5.100373e-06 	 1.312501e+07 	
3.34884885e+06 	 5.086488e-06 	 1.311973e+07 	
3.34934935e+06 	 5.072610e-06 	 1.311445e+07 	
3.34984985e+06 	 5.058739e-06 	 1.310917e+07 	
3.35035035e+06 	 5.044877e-06 	 1.310390e+07 	
3.35085085e+06 	 5.031022e-06 	 1.309863e+07 	
3.35135135e+06 	 5.017175e-06 	 1.309337e+07 	
3.35185185e+06 	 5.003335e-06 	 1.308810e+07 	
3.35235235e+06 	 4.989503e-06 	 1.308284e+07 	
3.35285285e+06 	 4.975678e-06 	 1.307759e+07 	
3.35335335e+06 	 4.961861e-06 	 1.307233e+07 	
3.35385385e+06 	 4.948051e-06 	 1.306708e+07 	
3.35435435e+06 	 4.934248e-06 	 1.306183e+07 	
3.35485485e+06 	 4.920453e-06 	 1.305659e+07 	
3.35535536e+06 	 4.906666e-06 	 1.305134e+07 	
3.35585586e+06 	 4.892885e-06 	 1.304610e+07 	
3.35635636e+06 	 4.879112e-06 	 1.304086e+07 	
3.35685686e+06 	 4.865346e-06 	 1.303563e+07 	
3.35735736e+06 	 4.851587e-06 	 1.303040e+07 	
3.35785786e+06 	 4.837836e-06 	 1.302517e+07 	
3.35835836e+06 	 4.824091e-06 	 1.301994e+07 	
3.35885886e+06 	 4.810354e-06 	 1.301472e+07 	
3.35935936e+06 	 4.796623e-06 	 1.300950e+07 	
3.35985986e+06 	 4.782900e-06 	 1.300428e+07 	
3.36036036e+06 	 4.769184e-06 	 1.299907e+07 	
3.36086086e+06 	 4.755474e-06 	 1.299386e+07 	
3.36136136e+06 	 4.741772e-06 	 1.298865e+07 	
3.36186186e+06 	 4.728076e-06 	 1.298344e+07 	
3.36236236e+06 	 4.714388e-06 	 1.297824e+07 	
3.36286286e+06 	 4.700706e-06 	 1.297304e+07 	
3.36336336e+06 	 4.687031e-06 	 1.296784e+07 	
3.36386386e+06 	 4.673600e-06 	 1.296263e+07 	
3.36436436e+06 	 4.659942e-06 	 1.295744e+07 	
3.36486486e+06 	 4.646291e-06 	 1.295225e+07 	
3.36536537e+06 	 4.632646e-06 	 1.294706e+07 	
3.36586587e+06 	 4.619008e-06 	 1.294188e+07 	
3.36636637e+06 	 4.605377e-06 	 1.293670e+07 	
3.36686687e+06 	 4.591752e-06 	 1.293152e+07 	
3.36736737e+06 	 4.578134e-06 	 1.292635e+07 	
3.36786787e+06 	 4.564523e-06 	 1.292118e+07 	
3.36836837e+06 	 4.550918e-06 	 1.291601e+07 	
3.36886887e+06 	 4.537319e-06 	 1.291085e+07 	
3.36936937e+06 	 4.523727e-06 	 1.290568e+07 	
3.36986987e+06 	 4.510142e-06 	 1.290053e+07 	
3.37037037e+06 	 4.496562e-06 	 1.289537e+07 	
3.37087087e+06 	 4.482990e-06 	 1.289022e+07 	
3.37137137e+06 	 4.469423e-06 	 1.288507e+07 	
3.37187187e+06 	 4.455863e-06 	 1.287992e+07 	
3.37237237e+06 	 4.442309e-06 	 1.287477e+07 	
3.37287287e+06 	 4.428761e-06 	 1.286963e+07 	
3.37337337e+06 	 4.415220e-06 	 1.286450e+07 	
3.37387387e+06 	 4.401684e-06 	 1.285936e+07 	
3.37437437e+06 	 4.388155e-06 	 1.285423e+07 	
3.37487487e+06 	 4.374632e-06 	 1.284910e+07 	
3.37537538e+06 	 4.361115e-06 	 1.284397e+07 	
3.37587588e+06 	 4.347604e-06 	 1.283885e+07 	
3.37637638e+06 	 4.334099e-06 	 1.283373e+07 	
3.37687688e+06 	 4.320600e-06 	 1.282862e+07 	
3.37737738e+06 	 4.307107e-06 	 1.282350e+07 	
3.37787788e+06 	 4.293620e-06 	 1.281839e+07 	
3.37837838e+06 	 4.280139e-06 	 1.281328e+07 	
3.37887888e+06 	 4.266663e-06 	 1.280818e+07 	
3.37937938e+06 	 4.253194e-06 	 1.280308e+07 	
3.37987988e+06 	 4.239730e-06 	 1.279798e+07 	
3.38038038e+06 	 4.226273e-06 	 1.279289e+07 	
3.38088088e+06 	 4.212820e-06 	 1.278779e+07 	
3.38138138e+06 	 4.199374e-06 	 1.278270e+07 	
3.38188188e+06 	 4.185933e-06 	 1.277762e+07 	
3.38238238e+06 	 4.172499e-06 	 1.277254e+07 	
3.38288288e+06 	 4.159280e-06 	 1.276744e+07 	
3.38338338e+06 	 4.145859e-06 	 1.276236e+07 	
3.38388388e+06 	 4.132444e-06 	 1.275729e+07 	
3.38438438e+06 	 4.119035e-06 	 1.275222e+07 	
3.38488488e+06 	 4.105631e-06 	 1.274715e+07 	
3.38538539e+06 	 4.092233e-06 	 1.274209e+07 	
3.38588589e+06 	 4.078841e-06 	 1.273703e+07 	
3.38638639e+06 	 4.065453e-06 	 1.273197e+07 	
3.38688689e+06 	 4.052072e-06 	 1.272692e+07 	
3.38738739e+06 	 4.038696e-06 	 1.272187e+07 	
3.38788789e+06 	 4.025325e-06 	 1.271682e+07 	
3.38838839e+06 	 4.011960e-06 	 1.271178e+07 	
3.38888889e+06 	 3.998600e-06 	 1.270674e+07 	
3.38938939e+06 	 3.985246e-06 	 1.270170e+07 	
3.38988989e+06 	 3.971896e-06 	 1.269666e+07 	
3.39039039e+06 	 3.958553e-06 	 1.269163e+07 	
3.39089089e+06 	 3.945214e-06 	 1.268660e+07 	
3.39139139e+06 	 3.931881e-06 	 1.268158e+07 	
3.39189189e+06 	 3.918553e-06 	 1.267656e+07 	
3.39239239e+06 	 3.905230e-06 	 1.267154e+07 	
3.39289289e+06 	 3.891913e-06 	 1.266653e+07 	
3.39339339e+06 	 3.878600e-06 	 1.266151e+07 	
3.39389389e+06 	 3.865293e-06 	 1.265651e+07 	
3.39439439e+06 	 3.851991e-06 	 1.265150e+07 	
3.39489489e+06 	 3.838694e-06 	 1.264650e+07 	
3.39539540e+06 	 3.825402e-06 	 1.264150e+07 	
3.39589590e+06 	 3.812116e-06 	 1.263651e+07 	
3.39639640e+06 	 3.798834e-06 	 1.263152e+07 	
3.39689690e+06 	 3.785557e-06 	 1.262653e+07 	
3.39739740e+06 	 3.772286e-06 	 1.262155e+07 	
3.39789790e+06 	 3.759019e-06 	 1.261657e+07 	
3.39839840e+06 	 3.745758e-06 	 1.261159e+07 	
3.39889890e+06 	 3.732502e-06 	 1.260661e+07 	
3.39939940e+06 	 3.719250e-06 	 1.260164e+07 	
3.39989990e+06 	 3.706003e-06 	 1.259668e+07 	
3.40040040e+06 	 3.692762e-06 	 1.259171e+07 	
3.40090090e+06 	 3.679525e-06 	 1.258675e+07 	
3.40140140e+06 	 3.666293e-06 	 1.258180e+07 	
3.40190190e+06 	 3.653251e-06 	 1.257683e+07 	
3.40240240e+06 	 3.640031e-06 	 1.257188e+07 	
3.40290290e+06 	 3.626817e-06 	 1.256693e+07 	
3.40340340e+06 	 3.613607e-06 	 1.256199e+07 	
3.40390390e+06 	 3.600403e-06 	 1.255705e+07 	
3.40440440e+06 	 3.587203e-06 	 1.255211e+07 	
3.40490490e+06 	 3.574008e-06 	 1.254718e+07 	
3.40540541e+06 	 3.560818e-06 	 1.254225e+07 	
3.40590591e+06 	 3.547633e-06 	 1.253733e+07 	
3.40640641e+06 	 3.534453e-06 	 1.253241e+07 	
3.40690691e+06 	 3.521277e-06 	 1.252749e+07 	
3.40740741e+06 	 3.508107e-06 	 1.252258e+07 	
3.40790791e+06 	 3.494941e-06 	 1.251767e+07 	
3.40840841e+06 	 3.481780e-06 	 1.251276e+07 	
3.40890891e+06 	 3.468624e-06 	 1.250786e+07 	
3.40940941e+06 	 3.455472e-06 	 1.250296e+07 	
3.40990991e+06 	 3.442326e-06 	 1.249806e+07 	
3.41041041e+06 	 3.429184e-06 	 1.249317e+07 	
3.41091091e+06 	 3.416047e-06 	 1.248828e+07 	
3.41141141e+06 	 3.402915e-06 	 1.248340e+07 	
3.41191191e+06 	 3.389787e-06 	 1.247852e+07 	
3.41241241e+06 	 3.376665e-06 	 1.247364e+07 	
3.41291291e+06 	 3.363547e-06 	 1.246877e+07 	
3.41341341e+06 	 3.350434e-06 	 1.246390e+07 	
3.41391391e+06 	 3.337326e-06 	 1.245904e+07 	
3.41441441e+06 	 3.324222e-06 	 1.245418e+07 	
3.41491491e+06 	 3.311124e-06 	 1.244932e+07 	
3.41541542e+06 	 3.298030e-06 	 1.244446e+07 	
3.41591592e+06 	 3.284941e-06 	 1.243962e+07 	
3.41641642e+06 	 3.271857e-06 	 1.243477e+07 	
3.41691692e+06 	 3.258777e-06 	 1.242993e+07 	
3.41741742e+06 	 3.245703e-06 	 1.242509e+07 	
3.41791792e+06 	 3.232633e-06 	 1.242026e+07 	
3.41841842e+06 	 3.219568e-06 	 1.241543e+07 	
3.41891892e+06 	 3.206508e-06 	 1.241060e+07 	
3.41941942e+06 	 3.193453e-06 	 1.240578e+07 	
3.41991992e+06 	 3.180403e-06 	 1.240096e+07 	
3.42042042e+06 	 3.167358e-06 	 1.239615e+07 	
3.42092092e+06 	 3.154159e-06 	 1.239135e+07 	
3.42142142e+06 	 3.141121e-06 	 1.238655e+07 	
3.42192192e+06 	 3.128089e-06 	 1.238175e+07 	
3.42242242e+06 	 3.115061e-06 	 1.237695e+07 	
3.42292292e+06 	 3.102038e-06 	 1.237216e+07 	
3.42342342e+06 	 3.089020e-06 	 1.236737e+07 	
3.42392392e+06 	 3.076007e-06 	 1.236258e+07 	
3.42442442e+06 	 3.062999e-06 	 1.235780e+07 	
3.42492492e+06 	 3.049996e-06 	 1.235303e+07 	
3.42542543e+06 	 3.036998e-06 	 1.234825e+07 	
3.42592593e+06 	 3.024006e-06 	 1.234349e+07 	
3.42642643e+06 	 3.011018e-06 	 1.233872e+07 	
3.42692693e+06 	 2.998035e-06 	 1.233396e+07 	
3.42742743e+06 	 2.985058e-06 	 1.232921e+07 	
3.42792793e+06 	 2.972086e-06 	 1.232446e+07 	
3.42842843e+06 	 2.959119e-06 	 1.231971e+07 	
3.42892893e+06 	 2.946157e-06 	 1.231497e+07 	
3.42942943e+06 	 2.933201e-06 	 1.231023e+07 	
3.42992993e+06 	 2.920250e-06 	 1.230550e+07 	
3.43043043e+06 	 2.907304e-06 	 1.230077e+07 	
3.43093093e+06 	 2.894364e-06 	 1.229604e+07 	
3.43143143e+06 	 2.881429e-06 	 1.229132e+07 	
3.43193193e+06 	 2.868500e-06 	 1.228661e+07 	
3.43243243e+06 	 2.855576e-06 	 1.228190e+07 	
3.43293293e+06 	 2.842657e-06 	 1.227719e+07 	
3.43343343e+06 	 2.829745e-06 	 1.227249e+07 	
3.43393393e+06 	 2.816838e-06 	 1.226779e+07 	
3.43443443e+06 	 2.803936e-06 	 1.226310e+07 	
3.43493493e+06 	 2.791041e-06 	 1.225841e+07 	
3.43543544e+06 	 2.778151e-06 	 1.225373e+07 	
3.43593594e+06 	 2.765267e-06 	 1.224905e+07 	
3.43643644e+06 	 2.752389e-06 	 1.224437e+07 	
3.43693694e+06 	 2.739516e-06 	 1.223970e+07 	
3.43743744e+06 	 2.726650e-06 	 1.223504e+07 	
3.43793794e+06 	 2.713790e-06 	 1.223038e+07 	
3.43843844e+06 	 2.700936e-06 	 1.222572e+07 	
3.43893894e+06 	 2.688088e-06 	 1.222107e+07 	
3.43943944e+06 	 2.675247e-06 	 1.221643e+07 	
3.43993994e+06 	 2.662545e-06 	 1.221177e+07 	
3.44044044e+06 	 2.649718e-06 	 1.220713e+07 	
3.44094094e+06 	 2.636897e-06 	 1.220250e+07 	
3.44144144e+06 	 2.624083e-06 	 1.219787e+07 	
3.44194194e+06 	 2.611276e-06 	 1.219325e+07 	
3.44244244e+06 	 2.598475e-06 	 1.218864e+07 	
3.44294294e+06 	 2.585681e-06 	 1.218402e+07 	
3.44344344e+06 	 2.572893e-06 	 1.217942e+07 	
3.44394394e+06 	 2.560113e-06 	 1.217482e+07 	
3.44444444e+06 	 2.547340e-06 	 1.217022e+07 	
3.44494494e+06 	 2.534573e-06 	 1.216563e+07 	
3.44544545e+06 	 2.521814e-06 	 1.216104e+07 	
3.44594595e+06 	 2.509062e-06 	 1.215646e+07 	
3.44644645e+06 	 2.496318e-06 	 1.215188e+07 	
3.44694695e+06 	 2.483580e-06 	 1.214731e+07 	
3.44744745e+06 	 2.470851e-06 	 1.214275e+07 	
3.44794795e+06 	 2.458129e-06 	 1.213819e+07 	
3.44844845e+06 	 2.445414e-06 	 1.213363e+07 	
3.44894895e+06 	 2.432708e-06 	 1.212908e+07 	
3.44944945e+06 	 2.420009e-06 	 1.212454e+07 	
3.44994995e+06 	 2.407318e-06 	 1.212000e+07 	
3.45045045e+06 	 2.394636e-06 	 1.211546e+07 	
3.45095095e+06 	 2.381961e-06 	 1.211094e+07 	
3.45145145e+06 	 2.369295e-06 	 1.210641e+07 	
3.45195195e+06 	 2.356638e-06 	 1.210190e+07 	
3.45245245e+06 	 2.343988e-06 	 1.209738e+07 	
3.45295295e+06 	 2.331348e-06 	 1.209288e+07 	
3.45345345e+06 	 2.318716e-06 	 1.208838e+07 	
3.45395395e+06 	 2.306094e-06 	 1.208388e+07 	
3.45445445e+06 	 2.293480e-06 	 1.207939e+07 	
3.45495495e+06 	 2.280875e-06 	 1.207491e+07 	
3.45545546e+06 	 2.268280e-06 	 1.207043e+07 	
3.45595596e+06 	 2.255694e-06 	 1.206596e+07 	
3.45645646e+06 	 2.243118e-06 	 1.206149e+07 	
3.45695696e+06 	 2.230551e-06 	 1.205703e+07 	
3.45745746e+06 	 2.217994e-06 	 1.205258e+07 	
3.45795796e+06 	 2.205447e-06 	 1.204813e+07 	
3.45845846e+06 	 2.192910e-06 	 1.204368e+07 	
3.45895896e+06 	 2.180274e-06 	 1.203926e+07 	
3.45945946e+06 	 2.167756e-06 	 1.203483e+07 	
3.45995996e+06 	 2.155249e-06 	 1.203041e+07 	
3.46046046e+06 	 2.142753e-06 	 1.202599e+07 	
3.46096096e+06 	 2.130267e-06 	 1.202157e+07 	
3.46146146e+06 	 2.117793e-06 	 1.201717e+07 	
3.46196196e+06 	 2.105329e-06 	 1.201277e+07 	
3.46246246e+06 	 2.092877e-06 	 1.200837e+07 	
3.46296296e+06 	 2.080436e-06 	 1.200398e+07 	
3.46346346e+06 	 2.068007e-06 	 1.199960e+07 	
3.46396396e+06 	 2.055590e-06 	 1.199522e+07 	
3.46446446e+06 	 2.043185e-06 	 1.199085e+07 	
3.46496496e+06 	 2.030792e-06 	 1.198649e+07 	
3.46546547e+06 	 2.018411e-06 	 1.198213e+07 	
3.46596597e+06 	 2.006043e-06 	 1.197778e+07 	
3.46646647e+06 	 1.993688e-06 	 1.197344e+07 	
3.46696697e+06 	 1.981345e-06 	 1.196910e+07 	
3.46746747e+06 	 1.969016e-06 	 1.196477e+07 	
3.46796797e+06 	 1.956700e-06 	 1.196045e+07 	
3.46846847e+06 	 1.944397e-06 	 1.195613e+07 	
3.46896897e+06 	 1.932108e-06 	 1.195182e+07 	
3.46946947e+06 	 1.919833e-06 	 1.194751e+07 	
3.46996997e+06 	 1.907572e-06 	 1.194322e+07 	
3.47047047e+06 	 1.895325e-06 	 1.193893e+07 	
3.47097097e+06 	 1.883093e-06 	 1.193464e+07 	
3.47147147e+06 	 1.870876e-06 	 1.193036e+07 	
3.47197197e+06 	 1.858673e-06 	 1.192609e+07 	
3.47247247e+06 	 1.846486e-06 	 1.192183e+07 	
3.47297297e+06 	 1.834314e-06 	 1.191757e+07 	
3.47347347e+06 	 1.822158e-06 	 1.191332e+07 	
3.47397397e+06 	 1.810018e-06 	 1.190908e+07 	
3.47447447e+06 	 1.797893e-06 	 1.190485e+07 	
3.47497497e+06 	 1.785785e-06 	 1.190062e+07 	
3.47547548e+06 	 1.773694e-06 	 1.189640e+07 	
3.47597598e+06 	 1.761620e-06 	 1.189218e+07 	
3.47647648e+06 	 1.749562e-06 	 1.188798e+07 	
3.47697698e+06 	 1.737522e-06 	 1.188378e+07 	
3.47747748e+06 	 1.725499e-06 	 1.187958e+07 	
3.47797798e+06 	 1.713408e-06 	 1.187542e+07 	
3.47847848e+06 	 1.701420e-06 	 1.187124e+07 	
3.47897898e+06 	 1.689450e-06 	 1.186707e+07 	
3.47947948e+06 	 1.677500e-06 	 1.186291e+07 	
3.47997998e+06 	 1.665568e-06 	 1.185875e+07 	
3.48048048e+06 	 1.653655e-06 	 1.185461e+07 	
3.48098098e+06 	 1.641761e-06 	 1.185047e+07 	
3.48148148e+06 	 1.629888e-06 	 1.184634e+07 	
3.48198198e+06 	 1.618034e-06 	 1.184221e+07 	
3.48248248e+06 	 1.606200e-06 	 1.183810e+07 	
3.48298298e+06 	 1.594387e-06 	 1.183399e+07 	
3.48348348e+06 	 1.582595e-06 	 1.182989e+07 	
3.48398398e+06 	 1.570824e-06 	 1.182580e+07 	
3.48448448e+06 	 1.559074e-06 	 1.182171e+07 	
3.48498498e+06 	 1.547346e-06 	 1.181764e+07 	
3.48548549e+06 	 1.535640e-06 	 1.181357e+07 	
3.48598599e+06 	 1.523957e-06 	 1.180951e+07 	
3.48648649e+06 	 1.512296e-06 	 1.180546e+07 	
3.48698699e+06 	 1.500658e-06 	 1.180141e+07 	
3.48748749e+06 	 1.489043e-06 	 1.179738e+07 	
3.48798799e+06 	 1.477451e-06 	 1.179335e+07 	
3.48848849e+06 	 1.465884e-06 	 1.178933e+07 	
3.48898899e+06 	 1.454341e-06 	 1.178532e+07 	
3.48948949e+06 	 1.442822e-06 	 1.178132e+07 	
3.48998999e+06 	 1.431329e-06 	 1.177733e+07 	
3.49049049e+06 	 1.419860e-06 	 1.177334e+07 	
3.49099099e+06 	 1.408417e-06 	 1.176936e+07 	
3.49149149e+06 	 1.397000e-06 	 1.176540e+07 	
3.49199199e+06 	 1.385609e-06 	 1.176144e+07 	
3.49249249e+06 	 1.374244e-06 	 1.175749e+07 	
3.49299299e+06 	 1.362907e-06 	 1.175355e+07 	
3.49349349e+06 	 1.351597e-06 	 1.174961e+07 	
3.49399399e+06 	 1.340314e-06 	 1.174569e+07 	
3.49449449e+06 	 1.329059e-06 	 1.174177e+07 	
3.49499499e+06 	 1.317833e-06 	 1.173787e+07 	
3.49549550e+06 	 1.306635e-06 	 1.173397e+07 	
3.49599600e+06 	 1.295466e-06 	 1.173008e+07 	
3.49649650e+06 	 1.284262e-06 	 1.172622e+07 	
3.49699700e+06 	 1.273152e-06 	 1.172235e+07 	
3.49749750e+06 	 1.262072e-06 	 1.171849e+07 	
3.49799800e+06 	 1.251022e-06 	 1.171464e+07 	
3.49849850e+06 	 1.240004e-06 	 1.171080e+07 	
3.49899900e+06 	 1.229016e-06 	 1.170697e+07 	
3.49949950e+06 	 1.218060e-06 	 1.170315e+07 	
3.50000000e+06 	 1.207136e-06 	 1.169933e+07 	
3.51986847e+06 	 8.037858e-07 	 1.155621e+07 	
3.53984972e+06 	 4.743259e-07 	 1.143060e+07 	
3.55994440e+06 	 2.385302e-07 	 1.132527e+07 	
3.58015316e+06 	 9.792244e-08 	 1.124116e+07 	
3.60047663e+06 	 3.148419e-08 	 1.117657e+07 	
3.62091547e+06 	 7.667981e-09 	 1.112720e+07 	
4.06105077e+06 	 1.000000e-20 	 1.044533e+07 	
4.55468611e+06 	 1.000000e-20 	 9.817816e+06 	
5.10832459e+06 	 1.000000e-20 	 9.233248e+06 	
5.72925982e+06 	 1.000000e-20 	 8.687748e+06 	
6.42567197e+06 	 1.000000e-20 	 8.177955e+06 	
7.20673552e+06 	 1.000000e-20 	 7.700924e+06 	
8.08274015e+06 	 1.000000e-20 	 7.254058e+06 	
9.06522630e+06 	 1.000000e-20 	 6.835050e+06 	
1.01671372e+07 	 1.000000e-20 	 6.441838e+06 	
1.14029893e+07 	 1.000000e-20 	 6.072565e+06 	
1.27890636e+07 	 1.000000e-20 	 5.725554e+06 	
1.43436203e+07 	 1.000000e-20 	 5.399280e+06 	
1.60871390e+07 	 1.000000e-20 	 5.092356e+06 	
1.80425886e+07 	 1.000000e-20 	 4.803508e+06 	
2.02357302e+07 	 1.000000e-20 	 4.531570e+06 	
2.26954560e+07 	 1.000000e-20 	 4.275466e+06 	
2.54541703e+07 	 1.000000e-20 	 4.034202e+06 	
2.85482163e+07 	 1.000000e-20 	 3.806860e+06 	
3.20183547e+07 	 1.000000e-20 	 3.592586e+06 	
3.59103010e+07 	 1.000000e-20 	 3.390588e+06 	
4.02753273e+07 	 1.000000e-20 	 3.200127e+06 	
4.51709382e+07 	 1.000000e-20 	 3.020517e+06 	
5.06616283e+07 	 1.000000e-20 	 2.851114e+06 	
5.68197314e+07 	 1.000000e-20 	 2.691318e+06 	
6.37263742e+07 	 1.000000e-20 	 2.540568e+06 	
7.14725443e+07 	 1.000000e-20 	 2.398336e+06 	
8.01602892e+07 	 1.000000e-20 	 2.264131e+06 	
8.99040608e+07 	 1.000000e-20 	 2.137488e+06 	
1.00832223e+08 	 1.000000e-20 	 2.017974e+06 	
1.13088742e+08 	 1.000000e-20 	 1.905179e+06 	
1.26835086e+08 	 1.000000e-20 	 1.798720e+06 	
1.42252347e+08 	 1.000000e-20 	 1.698237e+06 	
1.59543631e+08 	 1.000000e-20 	 1.603389e+06 	
1.78936734e+08 	 1.000000e-20 	 1.513857e+06 	
2.00687138e+08 	 1.000000e-20 	 1.429341e+06 	
2.25081381e+08 	 1.000000e-20 	 1.349556e+06 	
2.52440833e+08 	 1.000000e-20 	 1.274235e+06 	
2.83125925e+08 	 1.000000e-20 	 1.203128e+06 	
3.17540900e+08 	 1.000000e-20 	 1.135997e+06 	
3.56139138e+08 	 1.000000e-20 	 1.072618e+06 	
3.99429132e+08 	 1.000000e-20 	 1.012781e+06 	
4.47981180e+08 	 1.000000e-20 	 9.562862e+05 	
5.02434904e+08 	 1.000000e-20 	 9.029469e+05 	
5.63507675e+08 	 1.000000e-20 	 8.525862e+05 	
6.32004060e+08 	 1.000000e-20 	 8.050370e+05 	
7.08826428e+08 	 1.000000e-20 	 7.601421e+05 	
7.94986830e+08 	 1.000000e-20 	 7.177528e+05 	
8.91620340e+08 	 1.000000e-20 	 6.777290e+05 	
1.00000000e+09 	 1.000000e-20 	 6.399385e+05 	
