r (cm)        	 rho (g/cm3) 	 T (K)       		 Linf = 4.887438e+38
1.30007699e+06 	 1.455624e+05 	 1.372715e+09 	
1.30009168e+06 	 1.418945e+05 	 1.364001e+09 	
1.30016477e+06 	 1.247765e+05 	 1.320973e+09 	
1.30023785e+06 	 1.094312e+05 	 1.278505e+09 	
1.30031094e+06 	 9.571043e+04 	 1.236614e+09 	
1.30038403e+06 	 8.347507e+04 	 1.195318e+09 	
1.30045712e+06 	 7.259437e+04 	 1.154636e+09 	
1.30052765e+06 	 6.326404e+04 	 1.115978e+09 	
1.30059818e+06 	 5.497822e+04 	 1.077925e+09 	
1.30066871e+06 	 4.764071e+04 	 1.040497e+09 	
1.30073924e+06 	 4.116182e+04 	 1.003710e+09 	
1.30079797e+06 	 3.636181e+04 	 9.735817e+08 	
1.30085670e+06 	 3.205426e+04 	 9.439216e+08 	
1.30091543e+06 	 2.819704e+04 	 9.147408e+08 	
1.30097416e+06 	 2.475073e+04 	 8.860502e+08 	
1.30103289e+06 	 2.167852e+04 	 8.578607e+08 	
1.30109173e+06 	 1.894149e+04 	 8.301338e+08 	
1.30115056e+06 	 1.651345e+04 	 8.029317e+08 	
1.30120940e+06 	 1.436471e+04 	 7.762653e+08 	
1.30125765e+06 	 1.279146e+04 	 7.548014e+08 	
1.30130591e+06 	 1.137346e+04 	 7.337110e+08 	
1.30135417e+06 	 1.009754e+04 	 7.129998e+08 	
1.30140242e+06 	 8.951411e+03 	 6.926734e+08 	
1.30145068e+06 	 7.923628e+03 	 6.727373e+08 	
1.30149893e+06 	 7.003561e+03 	 6.531968e+08 	
1.30154719e+06 	 6.181346e+03 	 6.340571e+08 	
1.30159707e+06 	 5.424646e+03 	 6.147007e+08 	
1.30164694e+06 	 4.753433e+03 	 5.957829e+08 	
1.30168802e+06 	 4.258722e+03 	 5.805339e+08 	
1.30172911e+06 	 3.811776e+03 	 5.655882e+08 	
1.30177019e+06 	 3.408487e+03 	 5.509482e+08 	
1.30181127e+06 	 3.045046e+03 	 5.366158e+08 	
1.30185235e+06 	 2.717919e+03 	 5.225932e+08 	
1.30189343e+06 	 2.423839e+03 	 5.088820e+08 	
1.30193451e+06 	 2.159786e+03 	 4.954837e+08 	
1.30197559e+06 	 1.922978e+03 	 4.823996e+08 	
1.30201667e+06 	 1.710850e+03 	 4.696305e+08 	
1.30206012e+06 	 1.510784e+03 	 4.564717e+08 	
1.30209622e+06 	 1.361648e+03 	 4.458029e+08 	
1.30213233e+06 	 1.226656e+03 	 4.353784e+08 	
1.30216844e+06 	 1.104566e+03 	 4.251982e+08 	
1.30220455e+06 	 9.942329e+02 	 4.152619e+08 	
1.30224066e+06 	 8.946011e+02 	 4.055691e+08 	
1.30227677e+06 	 8.046995e+02 	 3.961191e+08 	
1.30231288e+06 	 7.236353e+02 	 3.869109e+08 	
1.30234898e+06 	 6.505894e+02 	 3.779434e+08 	
1.30238509e+06 	 5.848110e+02 	 3.692154e+08 	
1.30242120e+06 	 5.256130e+02 	 3.607253e+08 	
1.30245731e+06 	 4.723675e+02 	 3.524714e+08 	
1.30249342e+06 	 4.245012e+02 	 3.444517e+08 	
1.30252953e+06 	 3.814916e+02 	 3.366642e+08 	
1.30256564e+06 	 3.428632e+02 	 3.291063e+08 	
1.30260130e+06 	 3.085924e+02 	 3.218655e+08 	
1.30263695e+06 	 2.777942e+02 	 3.148436e+08 	
1.30267261e+06 	 2.501247e+02 	 3.080377e+08 	
1.30270827e+06 	 2.252725e+02 	 3.014449e+08 	
1.30274393e+06 	 2.029552e+02 	 2.950619e+08 	
1.30277959e+06 	 1.829172e+02 	 2.888854e+08 	
1.30281525e+06 	 1.649277e+02 	 2.829119e+08 	
1.30285091e+06 	 1.487780e+02 	 2.771377e+08 	
1.30288657e+06 	 1.342801e+02 	 2.715590e+08 	
1.30292223e+06 	 1.212643e+02 	 2.661719e+08 	
1.30295789e+06 	 1.095781e+02 	 2.609724e+08 	
1.30299355e+06 	 9.908388e+01 	 2.559562e+08 	
1.30302921e+06 	 8.965829e+01 	 2.511191e+08 	
1.30306486e+06 	 8.119036e+01 	 2.464568e+08 	
1.30310052e+06 	 7.358050e+01 	 2.419650e+08 	
1.30313618e+06 	 6.673937e+01 	 2.376390e+08 	
1.30317184e+06 	 6.058689e+01 	 2.334745e+08 	
1.30320750e+06 	 5.505128e+01 	 2.294669e+08 	
1.30324316e+06 	 5.006826e+01 	 2.256116e+08 	
1.30327882e+06 	 4.558029e+01 	 2.219040e+08 	
1.30331870e+06 	 4.108430e+01 	 2.179270e+08 	
1.30335858e+06 	 3.707918e+01 	 2.141226e+08 	
1.30339846e+06 	 3.350838e+01 	 2.104846e+08 	
1.30343834e+06 	 3.032203e+01 	 2.070068e+08 	
1.30347822e+06 	 2.747611e+01 	 2.036828e+08 	
1.30351810e+06 	 2.493180e+01 	 2.005066e+08 	
1.30355798e+06 	 2.265483e+01 	 1.974722e+08 	
1.30359786e+06 	 2.061498e+01 	 1.945737e+08 	
1.30364620e+06 	 1.842212e+01 	 1.912341e+08 	
1.30369455e+06 	 1.649728e+01 	 1.880759e+08 	
1.30374289e+06 	 1.480485e+01 	 1.850893e+08 	
1.30379124e+06 	 1.331418e+01 	 1.822650e+08 	
1.30383958e+06 	 1.199890e+01 	 1.795943e+08 	
1.30388792e+06 	 1.083629e+01 	 1.770684e+08 	
1.30393627e+06 	 9.806750e+00 	 1.746793e+08 	
1.30398461e+06 	 8.893375e+00 	 1.724190e+08 	
1.30403295e+06 	 8.081556e+00 	 1.702801e+08 	
1.30408130e+06 	 7.358660e+00 	 1.682555e+08 	
1.30412964e+06 	 6.713747e+00 	 1.663387e+08 	
1.30417799e+06 	 6.137334e+00 	 1.645230e+08 	
1.30422633e+06 	 5.621191e+00 	 1.628027e+08 	
1.30427467e+06 	 5.158163e+00 	 1.611720e+08 	
1.30432302e+06 	 4.742023e+00 	 1.596255e+08 	
1.30437136e+06 	 4.367344e+00 	 1.581583e+08 	
1.30443284e+06 	 3.943378e+00 	 1.563995e+08 	
1.30449431e+06 	 3.570471e+00 	 1.547522e+08 	
1.30455579e+06 	 3.241548e+00 	 1.532079e+08 	
1.30461726e+06 	 2.950619e+00 	 1.517589e+08 	
1.30467874e+06 	 2.692596e+00 	 1.503982e+08 	
1.30474021e+06 	 2.463150e+00 	 1.491191e+08 	
1.30480169e+06 	 2.258588e+00 	 1.479156e+08 	
1.30486316e+06 	 2.075748e+00 	 1.467823e+08 	
1.30494186e+06 	 1.869108e+00 	 1.454256e+08 	
1.30502056e+06 	 1.688862e+00 	 1.441658e+08 	
1.30509926e+06 	 1.531044e+00 	 1.429941e+08 	
1.30517796e+06 	 1.392357e+00 	 1.419026e+08 	
1.30525666e+06 	 1.270052e+00 	 1.408843e+08 	
1.30533535e+06 	 1.161826e+00 	 1.399329e+08 	
1.30541405e+06 	 1.065747e+00 	 1.390426e+08 	
1.30549275e+06 	 9.801816e-01 	 1.382083e+08 	
1.30559682e+06 	 8.808556e-01 	 1.371831e+08 	
1.30570089e+06 	 7.948706e-01 	 1.362382e+08 	
1.30580496e+06 	 7.200762e-01 	 1.353652e+08 	
1.30590903e+06 	 6.547182e-01 	 1.345568e+08 	
1.30601310e+06 	 5.973579e-01 	 1.338065e+08 	
1.30611717e+06 	 5.468087e-01 	 1.331087e+08 	
1.30625253e+06 	 4.896537e-01 	 1.322713e+08 	
1.30638789e+06 	 4.406127e-01 	 1.315046e+08 	
1.30652325e+06 	 3.982863e-01 	 1.308004e+08 	
1.30665861e+06 	 3.615536e-01 	 1.301516e+08 	
1.30679397e+06 	 3.295103e-01 	 1.295520e+08 	
1.30695974e+06 	 2.955923e-01 	 1.288773e+08 	
1.30712551e+06 	 2.665312e-01 	 1.282602e+08 	
1.30729127e+06 	 2.414733e-01 	 1.276939e+08 	
1.30745704e+06 	 2.197394e-01 	 1.271723e+08 	
1.30762281e+06 	 2.007845e-01 	 1.266904e+08 	
1.30786825e+06 	 1.769057e-01 	 1.260403e+08 	
1.30811369e+06 	 1.570542e-01 	 1.254556e+08 	
1.30835913e+06 	 1.403940e-01 	 1.249267e+08 	
1.30860457e+06 	 1.262909e-01 	 1.244456e+08 	
1.30890070e+06 	 1.119946e-01 	 1.239198e+08 	
1.30919682e+06 	 1.000669e-01 	 1.234448e+08 	
1.30949295e+06 	 9.002049e-02 	 1.230132e+08 	
1.30978907e+06 	 8.148552e-02 	 1.226189e+08 	
1.31022863e+06 	 7.101073e-02 	 1.220915e+08 	
1.31066818e+06 	 6.256283e-02 	 1.216220e+08 	
1.31110774e+06 	 5.565536e-02 	 1.212001e+08 	
1.31172914e+06 	 4.785802e-02 	 1.206701e+08 	
1.31235053e+06 	 4.176339e-02 	 1.202027e+08 	
1.31297193e+06 	 3.691120e-02 	 1.197855e+08 	
1.31369021e+06 	 3.244218e-02 	 1.193534e+08 	
1.31440849e+06 	 2.887963e-02 	 1.189650e+08 	
1.31512677e+06 	 2.599380e-02 	 1.186119e+08 	
1.31621399e+06 	 2.256674e-02 	 1.181311e+08 	
1.31730122e+06 	 1.995304e-02 	 1.177014e+08 	
1.31876618e+06 	 1.730878e-02 	 1.171837e+08 	
1.32023114e+06 	 1.535109e-02 	 1.167193e+08 	
1.32197285e+06 	 1.361936e-02 	 1.162189e+08 	
1.32371456e+06 	 1.232676e-02 	 1.157609e+08 	
1.32545626e+06 	 1.133625e-02 	 1.153351e+08 	
1.32824713e+06 	 1.017159e-02 	 1.147027e+08 	
1.32982547e+06 	 9.673338e-03 	 1.143659e+08 	
1.33341718e+06 	 8.822353e-03 	 1.136405e+08 	
1.33628868e+06 	 8.334036e-03 	 1.130913e+08 	
1.34136073e+06 	 7.722598e-03 	 1.121673e+08 	
1.34355040e+06 	 7.523908e-03 	 1.117820e+08 	
1.34999235e+06 	 7.076050e-03 	 1.106823e+08 	
1.35452406e+06 	 6.838811e-03 	 1.099319e+08 	
1.36432029e+06 	 6.439833e-03 	 1.083568e+08 	
1.36790371e+06 	 6.316814e-03 	 1.077938e+08 	
1.38152185e+06 	 5.906630e-03 	 1.057067e+08 	
1.38943238e+06 	 5.694122e-03 	 1.045287e+08 	
1.39398248e+06 	 5.577670e-03 	 1.038617e+08 	
1.39853259e+06 	 5.464786e-03 	 1.032023e+08 	
1.40000000e+06 	 5.428981e-03 	 1.029911e+08 	
1.41333333e+06 	 5.118765e-03 	 1.011070e+08 	
1.42666667e+06 	 4.830855e-03 	 9.928187e+07 	
1.44000000e+06 	 4.562952e-03 	 9.751293e+07 	
1.46000000e+06 	 4.194744e-03 	 9.495936e+07 	
1.47333333e+06 	 3.969491e-03 	 9.332011e+07 	
1.48666667e+06 	 3.758904e-03 	 9.172881e+07 	
1.50000000e+06 	 3.561801e-03 	 9.018342e+07 	
1.52000000e+06 	 3.289361e-03 	 8.794727e+07 	
1.53333333e+06 	 3.121814e-03 	 8.650849e+07 	
1.54666667e+06 	 2.964671e-03 	 8.510937e+07 	
1.56000000e+06 	 2.817027e-03 	 8.374828e+07 	
1.58000000e+06 	 2.612139e-03 	 8.177478e+07 	
1.59333333e+06 	 2.485623e-03 	 8.050246e+07 	
1.60666667e+06 	 2.366502e-03 	 7.926325e+07 	
1.62666667e+06 	 2.200481e-03 	 7.746380e+07 	
1.64000000e+06 	 2.097713e-03 	 7.630207e+07 	
1.65333333e+06 	 2.000686e-03 	 7.516933e+07 	
1.67333333e+06 	 1.865245e-03 	 7.352239e+07 	
1.68666667e+06 	 1.781044e-03 	 7.245768e+07 	
1.70666667e+06 	 1.663313e-03 	 7.090829e+07 	
1.72000000e+06 	 1.590074e-03 	 6.990585e+07 	
1.74000000e+06 	 1.487379e-03 	 6.844580e+07 	
1.75333333e+06 	 1.423315e-03 	 6.750035e+07 	
1.77333333e+06 	 1.333453e-03 	 6.612230e+07 	
1.78666667e+06 	 1.277292e-03 	 6.522925e+07 	
1.80666667e+06 	 1.198365e-03 	 6.392661e+07 	
1.82000000e+06 	 1.149046e-03 	 6.308189e+07 	
1.84000000e+06 	 1.079493e-03 	 6.184875e+07 	
1.85333333e+06 	 1.035923e-03 	 6.104851e+07 	
1.87333333e+06 	 9.745195e-04 	 5.987965e+07 	
1.89333333e+06 	 9.174439e-04 	 5.874700e+07 	
1.90666667e+06 	 8.816482e-04 	 5.801125e+07 	
1.92666667e+06 	 8.309829e-04 	 5.693540e+07 	
1.94000000e+06 	 7.991318e-04 	 5.623609e+07 	
1.96000000e+06 	 7.541192e-04 	 5.521305e+07 	
1.98000000e+06 	 7.120905e-04 	 5.421984e+07 	
1.99333333e+06 	 6.856248e-04 	 5.357367e+07 	
2.01333333e+06 	 6.480766e-04 	 5.262745e+07 	
2.03333333e+06 	 6.129873e-04 	 5.170793e+07 	
2.05333333e+06 	 5.801245e-04 	 5.081396e+07 	
2.06666667e+06 	 5.594043e-04 	 5.023172e+07 	
2.08666667e+06 	 5.299122e-04 	 4.937813e+07 	
2.10666667e+06 	 5.022650e-04 	 4.854753e+07 	
2.12000000e+06 	 4.847958e-04 	 4.800613e+07 	
2.14000000e+06 	 4.599226e-04 	 4.721187e+07 	
2.16000000e+06 	 4.365329e-04 	 4.643828e+07 	
2.18000000e+06 	 4.145479e-04 	 4.568462e+07 	
2.20000000e+06 	 3.938671e-04 	 4.495015e+07 	
2.22000000e+06 	 3.744042e-04 	 4.423417e+07 	
2.24000000e+06 	 3.560597e-04 	 4.353599e+07 	
2.26000000e+06 	 3.387700e-04 	 4.285498e+07 	
2.28000000e+06 	 3.224673e-04 	 4.219056e+07 	
2.30000000e+06 	 3.070772e-04 	 4.154211e+07 	
2.32000000e+06 	 2.925489e-04 	 4.090910e+07 	
2.34000000e+06 	 2.788198e-04 	 4.029099e+07 	
2.36000000e+06 	 2.658430e-04 	 3.968729e+07 	
2.38000000e+06 	 2.535721e-04 	 3.909751e+07 	
2.40000000e+06 	 2.419584e-04 	 3.852119e+07 	
2.42000000e+06 	 2.309638e-04 	 3.795789e+07 	
2.44000000e+06 	 2.205497e-04 	 3.740718e+07 	
2.46000000e+06 	 2.106814e-04 	 3.686867e+07 	
2.48000000e+06 	 2.013261e-04 	 3.634197e+07 	
2.50000000e+06 	 1.924509e-04 	 3.582669e+07 	
2.52000000e+06 	 1.840292e-04 	 3.532249e+07 	
2.54000000e+06 	 1.760338e-04 	 3.482903e+07 	
2.56000000e+06 	 1.684395e-04 	 3.434597e+07 	
2.58000000e+06 	 1.612235e-04 	 3.387301e+07 	
2.60000000e+06 	 1.543638e-04 	 3.340983e+07 	
2.62000000e+06 	 1.478404e-04 	 3.295616e+07 	
2.64000000e+06 	 1.416344e-04 	 3.251170e+07 	
2.66000000e+06 	 1.357276e-04 	 3.207620e+07 	
2.68000000e+06 	 1.301038e-04 	 3.164938e+07 	
2.70000000e+06 	 1.247472e-04 	 3.123102e+07 	
2.72000000e+06 	 1.196433e-04 	 3.082085e+07 	
2.74000000e+06 	 1.147784e-04 	 3.041866e+07 	
2.76000000e+06 	 1.101396e-04 	 3.002423e+07 	
2.78000000e+06 	 1.057148e-04 	 2.963733e+07 	
2.80000000e+06 	 1.014928e-04 	 2.925776e+07 	
2.82000000e+06 	 9.746286e-05 	 2.888532e+07 	
2.84000000e+06 	 9.361492e-05 	 2.851983e+07 	
2.86000000e+06 	 8.993958e-05 	 2.816109e+07 	
2.88000000e+06 	 8.642792e-05 	 2.780893e+07 	
2.90000000e+06 	 8.307166e-05 	 2.746317e+07 	
2.92000000e+06 	 7.986287e-05 	 2.712365e+07 	
2.94000000e+06 	 7.679413e-05 	 2.679021e+07 	
2.96000000e+06 	 7.385847e-05 	 2.646268e+07 	
2.98000000e+06 	 7.104926e-05 	 2.614093e+07 	
3.00000000e+06 	 6.836024e-05 	 2.582481e+07 	
3.02000000e+06 	 6.578556e-05 	 2.551417e+07 	
3.04000000e+06 	 6.331968e-05 	 2.520888e+07 	
3.06000000e+06 	 6.095723e-05 	 2.490880e+07 	
3.08000000e+06 	 5.869332e-05 	 2.461382e+07 	
3.10000000e+06 	 5.652329e-05 	 2.432380e+07 	
3.12000000e+06 	 5.444256e-05 	 2.403863e+07 	
3.14000000e+06 	 5.244701e-05 	 2.375819e+07 	
3.16000000e+06 	 5.053271e-05 	 2.348237e+07 	
3.18000000e+06 	 4.869571e-05 	 2.321106e+07 	
3.20000000e+06 	 4.693256e-05 	 2.294416e+07 	
3.22000000e+06 	 4.523983e-05 	 2.268156e+07 	
3.24000000e+06 	 4.361431e-05 	 2.242317e+07 	
3.26000000e+06 	 4.205300e-05 	 2.216889e+07 	
3.28000000e+06 	 4.055284e-05 	 2.191862e+07 	
3.30000000e+06 	 3.911129e-05 	 2.167228e+07 	
3.32000000e+06 	 3.772548e-05 	 2.142977e+07 	
3.34000000e+06 	 3.639323e-05 	 2.119102e+07 	
3.36000000e+06 	 3.511185e-05 	 2.095594e+07 	
3.38000000e+06 	 3.387938e-05 	 2.072445e+07 	
3.40000000e+06 	 3.269359e-05 	 2.049647e+07 	
3.42000000e+06 	 3.155240e-05 	 2.027193e+07 	
3.44000000e+06 	 3.045398e-05 	 2.005075e+07 	
3.46000000e+06 	 2.939643e-05 	 1.983286e+07 	
3.48000000e+06 	 2.837799e-05 	 1.961820e+07 	
3.50000000e+06 	 2.739697e-05 	 1.940668e+07 	
3.52000000e+06 	 2.645180e-05 	 1.919826e+07 	
3.54000000e+06 	 2.554105e-05 	 1.899286e+07 	
3.56000000e+06 	 2.466311e-05 	 1.879042e+07 	
3.58000000e+06 	 2.381678e-05 	 1.859088e+07 	
3.60000000e+06 	 2.300072e-05 	 1.839419e+07 	
3.62000000e+06 	 2.221363e-05 	 1.820028e+07 	
3.64000000e+06 	 2.145435e-05 	 1.800911e+07 	
3.66000000e+06 	 2.072161e-05 	 1.782060e+07 	
3.68000000e+06 	 2.001449e-05 	 1.763473e+07 	
3.70000000e+06 	 1.933194e-05 	 1.745142e+07 	
3.72000000e+06 	 1.867284e-05 	 1.727063e+07 	
3.74000000e+06 	 1.803635e-05 	 1.709232e+07 	
3.76000000e+06 	 1.742158e-05 	 1.691643e+07 	
3.78000000e+06 	 1.682755e-05 	 1.674292e+07 	
3.80000000e+06 	 1.625351e-05 	 1.657174e+07 	
3.82000000e+06 	 1.569869e-05 	 1.640285e+07 	
3.84000000e+06 	 1.516227e-05 	 1.623621e+07 	
3.86000000e+06 	 1.464353e-05 	 1.607178e+07 	
3.88000000e+06 	 1.414180e-05 	 1.590950e+07 	
3.90000000e+06 	 1.365637e-05 	 1.574936e+07 	
3.92000000e+06 	 1.318665e-05 	 1.559129e+07 	
3.94000000e+06 	 1.273203e-05 	 1.543528e+07 	
3.96000000e+06 	 1.229187e-05 	 1.528127e+07 	
4.00000000e+06 	 1.145284e-05 	 1.497916e+07 	
4.00050050e+06 	 1.144268e-05 	 1.497543e+07 	
4.00100100e+06 	 1.143252e-05 	 1.497170e+07 	
4.00150150e+06 	 1.142237e-05 	 1.496797e+07 	
4.00200200e+06 	 1.141223e-05 	 1.496424e+07 	
4.00250250e+06 	 1.140210e-05 	 1.496051e+07 	
4.00300300e+06 	 1.139198e-05 	 1.495679e+07 	
4.00350350e+06 	 1.138186e-05 	 1.495306e+07 	
4.00400400e+06 	 1.137176e-05 	 1.494934e+07 	
4.00450450e+06 	 1.136166e-05 	 1.494562e+07 	
4.00500501e+06 	 1.135156e-05 	 1.494190e+07 	
4.00550551e+06 	 1.134148e-05 	 1.493818e+07 	
4.00600601e+06 	 1.133141e-05 	 1.493446e+07 	
4.00650651e+06 	 1.132134e-05 	 1.493074e+07 	
4.00700701e+06 	 1.131128e-05 	 1.492703e+07 	
4.00750751e+06 	 1.130123e-05 	 1.492331e+07 	
4.00800801e+06 	 1.129118e-05 	 1.491960e+07 	
4.00850851e+06 	 1.128115e-05 	 1.491589e+07 	
4.00900901e+06 	 1.127112e-05 	 1.491217e+07 	
4.00950951e+06 	 1.126110e-05 	 1.490846e+07 	
4.01001001e+06 	 1.125109e-05 	 1.490476e+07 	
4.01051051e+06 	 1.124108e-05 	 1.490105e+07 	
4.01101101e+06 	 1.123109e-05 	 1.489734e+07 	
4.01151151e+06 	 1.122110e-05 	 1.489364e+07 	
4.01201201e+06 	 1.121112e-05 	 1.488993e+07 	
4.01251251e+06 	 1.120115e-05 	 1.488623e+07 	
4.01301301e+06 	 1.119118e-05 	 1.488253e+07 	
4.01351351e+06 	 1.118122e-05 	 1.487883e+07 	
4.01401401e+06 	 1.117128e-05 	 1.487513e+07 	
4.01451451e+06 	 1.116133e-05 	 1.487143e+07 	
4.01501502e+06 	 1.115140e-05 	 1.486773e+07 	
4.01551552e+06 	 1.114147e-05 	 1.486404e+07 	
4.01601602e+06 	 1.113156e-05 	 1.486034e+07 	
4.01651652e+06 	 1.112165e-05 	 1.485665e+07 	
4.01701702e+06 	 1.111175e-05 	 1.485296e+07 	
4.01751752e+06 	 1.110185e-05 	 1.484927e+07 	
4.01801802e+06 	 1.109196e-05 	 1.484558e+07 	
4.01851852e+06 	 1.108209e-05 	 1.484189e+07 	
4.01901902e+06 	 1.107221e-05 	 1.483820e+07 	
4.01951952e+06 	 1.106235e-05 	 1.483451e+07 	
4.02002002e+06 	 1.105250e-05 	 1.483083e+07 	
4.02052052e+06 	 1.104265e-05 	 1.482714e+07 	
4.02102102e+06 	 1.103281e-05 	 1.482346e+07 	
4.02152152e+06 	 1.102298e-05 	 1.481978e+07 	
4.02202202e+06 	 1.101315e-05 	 1.481610e+07 	
4.02252252e+06 	 1.100333e-05 	 1.481242e+07 	
4.02302302e+06 	 1.099352e-05 	 1.480874e+07 	
4.02352352e+06 	 1.098372e-05 	 1.480506e+07 	
4.02402402e+06 	 1.097393e-05 	 1.480139e+07 	
4.02452452e+06 	 1.096414e-05 	 1.479771e+07 	
4.02502503e+06 	 1.095437e-05 	 1.479404e+07 	
4.02552553e+06 	 1.094459e-05 	 1.479037e+07 	
4.02602603e+06 	 1.093483e-05 	 1.478670e+07 	
4.02652653e+06 	 1.092508e-05 	 1.478303e+07 	
4.02702703e+06 	 1.091533e-05 	 1.477936e+07 	
4.02752753e+06 	 1.090559e-05 	 1.477569e+07 	
4.02802803e+06 	 1.089586e-05 	 1.477202e+07 	
4.02852853e+06 	 1.088613e-05 	 1.476836e+07 	
4.02902903e+06 	 1.087641e-05 	 1.476469e+07 	
4.02952953e+06 	 1.086670e-05 	 1.476103e+07 	
4.03003003e+06 	 1.085700e-05 	 1.475737e+07 	
4.03053053e+06 	 1.084731e-05 	 1.475371e+07 	
4.03103103e+06 	 1.083762e-05 	 1.475005e+07 	
4.03153153e+06 	 1.082794e-05 	 1.474639e+07 	
4.03203203e+06 	 1.081827e-05 	 1.474273e+07 	
4.03253253e+06 	 1.080861e-05 	 1.473908e+07 	
4.03303303e+06 	 1.079895e-05 	 1.473542e+07 	
4.03353353e+06 	 1.078930e-05 	 1.473177e+07 	
4.03403403e+06 	 1.077966e-05 	 1.472812e+07 	
4.03453453e+06 	 1.077003e-05 	 1.472446e+07 	
4.03503504e+06 	 1.076040e-05 	 1.472081e+07 	
4.03553554e+06 	 1.075078e-05 	 1.471717e+07 	
4.03603604e+06 	 1.074117e-05 	 1.471352e+07 	
4.03653654e+06 	 1.073157e-05 	 1.470987e+07 	
4.03703704e+06 	 1.072197e-05 	 1.470622e+07 	
4.03753754e+06 	 1.071238e-05 	 1.470258e+07 	
4.03803804e+06 	 1.070280e-05 	 1.469894e+07 	
4.03853854e+06 	 1.069322e-05 	 1.469529e+07 	
4.03903904e+06 	 1.068366e-05 	 1.469165e+07 	
4.03953954e+06 	 1.067410e-05 	 1.468801e+07 	
4.04004004e+06 	 1.066455e-05 	 1.468438e+07 	
4.04054054e+06 	 1.065500e-05 	 1.468074e+07 	
4.04104104e+06 	 1.064547e-05 	 1.467710e+07 	
4.04154154e+06 	 1.063594e-05 	 1.467347e+07 	
4.04204204e+06 	 1.062642e-05 	 1.466983e+07 	
4.04254254e+06 	 1.061690e-05 	 1.466620e+07 	
4.04304304e+06 	 1.060740e-05 	 1.466257e+07 	
4.04354354e+06 	 1.059790e-05 	 1.465894e+07 	
4.04404404e+06 	 1.058840e-05 	 1.465531e+07 	
4.04454454e+06 	 1.057892e-05 	 1.465168e+07 	
4.04504505e+06 	 1.056944e-05 	 1.464805e+07 	
4.04554555e+06 	 1.055997e-05 	 1.464443e+07 	
4.04604605e+06 	 1.055051e-05 	 1.464080e+07 	
4.04654655e+06 	 1.054106e-05 	 1.463718e+07 	
4.04704705e+06 	 1.053161e-05 	 1.463355e+07 	
4.04754755e+06 	 1.052217e-05 	 1.462993e+07 	
4.04804805e+06 	 1.051273e-05 	 1.462631e+07 	
4.04854855e+06 	 1.050331e-05 	 1.462269e+07 	
4.04904905e+06 	 1.049389e-05 	 1.461908e+07 	
4.04954955e+06 	 1.048448e-05 	 1.461546e+07 	
4.05005005e+06 	 1.047508e-05 	 1.461184e+07 	
4.05055055e+06 	 1.046568e-05 	 1.460823e+07 	
4.05105105e+06 	 1.045629e-05 	 1.460461e+07 	
4.05155155e+06 	 1.044691e-05 	 1.460100e+07 	
4.05205205e+06 	 1.043753e-05 	 1.459739e+07 	
4.05255255e+06 	 1.042817e-05 	 1.459378e+07 	
4.05305305e+06 	 1.041881e-05 	 1.459017e+07 	
4.05355355e+06 	 1.040945e-05 	 1.458656e+07 	
4.05405405e+06 	 1.040011e-05 	 1.458296e+07 	
4.05455455e+06 	 1.039077e-05 	 1.457935e+07 	
4.05505506e+06 	 1.038144e-05 	 1.457575e+07 	
4.05555556e+06 	 1.037211e-05 	 1.457215e+07 	
4.05605606e+06 	 1.036280e-05 	 1.456854e+07 	
4.05655656e+06 	 1.035349e-05 	 1.456494e+07 	
4.05705706e+06 	 1.034419e-05 	 1.456134e+07 	
4.05755756e+06 	 1.033489e-05 	 1.455774e+07 	
4.05805806e+06 	 1.032560e-05 	 1.455415e+07 	
4.05855856e+06 	 1.031632e-05 	 1.455055e+07 	
4.05905906e+06 	 1.030705e-05 	 1.454695e+07 	
4.05955956e+06 	 1.029778e-05 	 1.454336e+07 	
4.06006006e+06 	 1.028852e-05 	 1.453977e+07 	
4.06056056e+06 	 1.027927e-05 	 1.453618e+07 	
4.06106106e+06 	 1.027003e-05 	 1.453259e+07 	
4.06156156e+06 	 1.026079e-05 	 1.452900e+07 	
4.06206206e+06 	 1.025156e-05 	 1.452541e+07 	
4.06256256e+06 	 1.024233e-05 	 1.452182e+07 	
4.06306306e+06 	 1.023312e-05 	 1.451823e+07 	
4.06356356e+06 	 1.022391e-05 	 1.451465e+07 	
4.06406406e+06 	 1.021470e-05 	 1.451106e+07 	
4.06456456e+06 	 1.020551e-05 	 1.450748e+07 	
4.06506507e+06 	 1.019632e-05 	 1.450390e+07 	
4.06556557e+06 	 1.018714e-05 	 1.450032e+07 	
4.06606607e+06 	 1.017797e-05 	 1.449674e+07 	
4.06656657e+06 	 1.016880e-05 	 1.449316e+07 	
4.06706707e+06 	 1.015964e-05 	 1.448958e+07 	
4.06756757e+06 	 1.015049e-05 	 1.448601e+07 	
4.06806807e+06 	 1.014134e-05 	 1.448243e+07 	
4.06856857e+06 	 1.013220e-05 	 1.447886e+07 	
4.06906907e+06 	 1.012307e-05 	 1.447529e+07 	
4.06956957e+06 	 1.011395e-05 	 1.447172e+07 	
4.07007007e+06 	 1.010483e-05 	 1.446815e+07 	
4.07057057e+06 	 1.009572e-05 	 1.446458e+07 	
4.07107107e+06 	 1.008661e-05 	 1.446101e+07 	
4.07157157e+06 	 1.007752e-05 	 1.445744e+07 	
4.07207207e+06 	 1.006843e-05 	 1.445387e+07 	
4.07257257e+06 	 1.005934e-05 	 1.445031e+07 	
4.07307307e+06 	 1.005027e-05 	 1.444675e+07 	
4.07357357e+06 	 1.004120e-05 	 1.444318e+07 	
4.07407407e+06 	 1.003214e-05 	 1.443962e+07 	
4.07457457e+06 	 1.002308e-05 	 1.443606e+07 	
4.07507508e+06 	 1.001404e-05 	 1.443250e+07 	
4.07557558e+06 	 1.000500e-05 	 1.442894e+07 	
4.07607608e+06 	 9.995961e-06 	 1.442539e+07 	
4.07657658e+06 	 9.986934e-06 	 1.442183e+07 	
4.07707708e+06 	 9.977914e-06 	 1.441828e+07 	
4.07757758e+06 	 9.968901e-06 	 1.441472e+07 	
4.07807808e+06 	 9.959895e-06 	 1.441117e+07 	
4.07857858e+06 	 9.950896e-06 	 1.440762e+07 	
4.07907908e+06 	 9.941904e-06 	 1.440407e+07 	
4.07957958e+06 	 9.932918e-06 	 1.440052e+07 	
4.08008008e+06 	 9.923940e-06 	 1.439697e+07 	
4.08058058e+06 	 9.914968e-06 	 1.439342e+07 	
4.08108108e+06 	 9.906003e-06 	 1.438988e+07 	
4.08158158e+06 	 9.897045e-06 	 1.438633e+07 	
4.08208208e+06 	 9.888094e-06 	 1.438279e+07 	
4.08258258e+06 	 9.879150e-06 	 1.437925e+07 	
4.08308308e+06 	 9.870213e-06 	 1.437571e+07 	
4.08358358e+06 	 9.861282e-06 	 1.437217e+07 	
4.08408408e+06 	 9.852358e-06 	 1.436863e+07 	
4.08458458e+06 	 9.843442e-06 	 1.436509e+07 	
4.08508509e+06 	 9.834532e-06 	 1.436155e+07 	
4.08558559e+06 	 9.825628e-06 	 1.435802e+07 	
4.08608609e+06 	 9.816732e-06 	 1.435448e+07 	
4.08658659e+06 	 9.807843e-06 	 1.435095e+07 	
4.08708709e+06 	 9.798960e-06 	 1.434742e+07 	
4.08758759e+06 	 9.790084e-06 	 1.434388e+07 	
4.08808809e+06 	 9.781215e-06 	 1.434035e+07 	
4.08858859e+06 	 9.772352e-06 	 1.433682e+07 	
4.08908909e+06 	 9.763497e-06 	 1.433330e+07 	
4.08958959e+06 	 9.754648e-06 	 1.432977e+07 	
4.09009009e+06 	 9.745806e-06 	 1.432624e+07 	
4.09059059e+06 	 9.736970e-06 	 1.432272e+07 	
4.09109109e+06 	 9.728142e-06 	 1.431920e+07 	
4.09159159e+06 	 9.719320e-06 	 1.431567e+07 	
4.09209209e+06 	 9.710505e-06 	 1.431215e+07 	
4.09259259e+06 	 9.701696e-06 	 1.430863e+07 	
4.09309309e+06 	 9.692895e-06 	 1.430511e+07 	
4.09359359e+06 	 9.684100e-06 	 1.430159e+07 	
4.09409409e+06 	 9.675312e-06 	 1.429808e+07 	
4.09459459e+06 	 9.666530e-06 	 1.429456e+07 	
4.09509510e+06 	 9.657755e-06 	 1.429105e+07 	
4.09559560e+06 	 9.648987e-06 	 1.428753e+07 	
4.09609610e+06 	 9.640226e-06 	 1.428402e+07 	
4.09659660e+06 	 9.631471e-06 	 1.428051e+07 	
4.09709710e+06 	 9.622723e-06 	 1.427700e+07 	
4.09759760e+06 	 9.613981e-06 	 1.427349e+07 	
4.09809810e+06 	 9.605246e-06 	 1.426998e+07 	
4.09859860e+06 	 9.596518e-06 	 1.426647e+07 	
4.09909910e+06 	 9.587797e-06 	 1.426297e+07 	
4.09959960e+06 	 9.579082e-06 	 1.425946e+07 	
4.10010010e+06 	 9.570374e-06 	 1.425596e+07 	
4.10060060e+06 	 9.561672e-06 	 1.425246e+07 	
4.10110110e+06 	 9.552977e-06 	 1.424895e+07 	
4.10160160e+06 	 9.544289e-06 	 1.424545e+07 	
4.10210210e+06 	 9.535607e-06 	 1.424195e+07 	
4.10260260e+06 	 9.526932e-06 	 1.423845e+07 	
4.10310310e+06 	 9.518263e-06 	 1.423496e+07 	
4.10360360e+06 	 9.509601e-06 	 1.423146e+07 	
4.10410410e+06 	 9.500946e-06 	 1.422797e+07 	
4.10460460e+06 	 9.492297e-06 	 1.422447e+07 	
4.10510511e+06 	 9.483655e-06 	 1.422098e+07 	
4.10560561e+06 	 9.475019e-06 	 1.421749e+07 	
4.10610611e+06 	 9.466390e-06 	 1.421400e+07 	
4.10660661e+06 	 9.457767e-06 	 1.421051e+07 	
4.10710711e+06 	 9.449151e-06 	 1.420702e+07 	
4.10760761e+06 	 9.440541e-06 	 1.420353e+07 	
4.10810811e+06 	 9.431938e-06 	 1.420004e+07 	
4.10860861e+06 	 9.423342e-06 	 1.419656e+07 	
4.10910911e+06 	 9.414752e-06 	 1.419308e+07 	
4.10960961e+06 	 9.406168e-06 	 1.418959e+07 	
4.11011011e+06 	 9.397591e-06 	 1.418611e+07 	
4.11061061e+06 	 9.389021e-06 	 1.418263e+07 	
4.11111111e+06 	 9.380457e-06 	 1.417915e+07 	
4.11161161e+06 	 9.371899e-06 	 1.417567e+07 	
4.11211211e+06 	 9.363348e-06 	 1.417219e+07 	
4.11261261e+06 	 9.354804e-06 	 1.416872e+07 	
4.11311311e+06 	 9.346266e-06 	 1.416524e+07 	
4.11361361e+06 	 9.337734e-06 	 1.416177e+07 	
4.11411411e+06 	 9.329209e-06 	 1.415829e+07 	
4.11461461e+06 	 9.320690e-06 	 1.415482e+07 	
4.11511512e+06 	 9.312178e-06 	 1.415135e+07 	
4.11561562e+06 	 9.303672e-06 	 1.414788e+07 	
4.11611612e+06 	 9.295172e-06 	 1.414441e+07 	
4.11661662e+06 	 9.286679e-06 	 1.414094e+07 	
4.11711712e+06 	 9.278192e-06 	 1.413748e+07 	
4.11761762e+06 	 9.269712e-06 	 1.413401e+07 	
4.11811812e+06 	 9.261238e-06 	 1.413054e+07 	
4.11861862e+06 	 9.252771e-06 	 1.412708e+07 	
4.11911912e+06 	 9.244310e-06 	 1.412362e+07 	
4.11961962e+06 	 9.235855e-06 	 1.412016e+07 	
4.12012012e+06 	 9.227406e-06 	 1.411670e+07 	
4.12062062e+06 	 9.218964e-06 	 1.411324e+07 	
4.12112112e+06 	 9.210529e-06 	 1.410978e+07 	
4.12162162e+06 	 9.202100e-06 	 1.410632e+07 	
4.12212212e+06 	 9.193677e-06 	 1.410287e+07 	
4.12262262e+06 	 9.185260e-06 	 1.409941e+07 	
4.12312312e+06 	 9.176850e-06 	 1.409596e+07 	
4.12362362e+06 	 9.168446e-06 	 1.409250e+07 	
4.12412412e+06 	 9.160048e-06 	 1.408905e+07 	
4.12462462e+06 	 9.151657e-06 	 1.408560e+07 	
4.12512513e+06 	 9.143272e-06 	 1.408215e+07 	
4.12562563e+06 	 9.134893e-06 	 1.407870e+07 	
4.12612613e+06 	 9.126520e-06 	 1.407526e+07 	
4.12662663e+06 	 9.118154e-06 	 1.407181e+07 	
4.12712713e+06 	 9.109794e-06 	 1.406836e+07 	
4.12762763e+06 	 9.101441e-06 	 1.406492e+07 	
4.12812813e+06 	 9.093093e-06 	 1.406148e+07 	
4.12862863e+06 	 9.084752e-06 	 1.405803e+07 	
4.12912913e+06 	 9.076418e-06 	 1.405459e+07 	
4.12962963e+06 	 9.068089e-06 	 1.405115e+07 	
4.13013013e+06 	 9.059767e-06 	 1.404771e+07 	
4.13063063e+06 	 9.051450e-06 	 1.404428e+07 	
4.13113113e+06 	 9.043141e-06 	 1.404084e+07 	
4.13163163e+06 	 9.034837e-06 	 1.403740e+07 	
4.13213213e+06 	 9.026539e-06 	 1.403397e+07 	
4.13263263e+06 	 9.018248e-06 	 1.403054e+07 	
4.13313313e+06 	 9.009963e-06 	 1.402710e+07 	
4.13363363e+06 	 9.001684e-06 	 1.402367e+07 	
4.13413413e+06 	 8.993412e-06 	 1.402024e+07 	
4.13463463e+06 	 8.985145e-06 	 1.401681e+07 	
4.13513514e+06 	 8.976885e-06 	 1.401338e+07 	
4.13563564e+06 	 8.968631e-06 	 1.400996e+07 	
4.13613614e+06 	 8.960383e-06 	 1.400653e+07 	
4.13663664e+06 	 8.952141e-06 	 1.400310e+07 	
4.13713714e+06 	 8.943905e-06 	 1.399968e+07 	
4.13763764e+06 	 8.935675e-06 	 1.399626e+07 	
4.13813814e+06 	 8.927452e-06 	 1.399284e+07 	
4.13863864e+06 	 8.919235e-06 	 1.398941e+07 	
4.13913914e+06 	 8.911023e-06 	 1.398600e+07 	
4.13963964e+06 	 8.902818e-06 	 1.398258e+07 	
4.14014014e+06 	 8.894619e-06 	 1.397916e+07 	
4.14064064e+06 	 8.886427e-06 	 1.397574e+07 	
4.14114114e+06 	 8.878240e-06 	 1.397233e+07 	
4.14164164e+06 	 8.870059e-06 	 1.396891e+07 	
4.14214214e+06 	 8.861885e-06 	 1.396550e+07 	
4.14264264e+06 	 8.853716e-06 	 1.396209e+07 	
4.14314314e+06 	 8.845554e-06 	 1.395867e+07 	
4.14364364e+06 	 8.837397e-06 	 1.395526e+07 	
4.14414414e+06 	 8.829247e-06 	 1.395186e+07 	
4.14464464e+06 	 8.821103e-06 	 1.394845e+07 	
4.14514515e+06 	 8.812964e-06 	 1.394504e+07 	
4.14564565e+06 	 8.804832e-06 	 1.394163e+07 	
4.14614615e+06 	 8.796706e-06 	 1.393823e+07 	
4.14664665e+06 	 8.788586e-06 	 1.393483e+07 	
4.14714715e+06 	 8.780472e-06 	 1.393142e+07 	
4.14764765e+06 	 8.772364e-06 	 1.392802e+07 	
4.14814815e+06 	 8.764262e-06 	 1.392462e+07 	
4.14864865e+06 	 8.756166e-06 	 1.392122e+07 	
4.14914915e+06 	 8.748076e-06 	 1.391782e+07 	
4.14964965e+06 	 8.739992e-06 	 1.391442e+07 	
4.15015015e+06 	 8.731914e-06 	 1.391103e+07 	
4.15065065e+06 	 8.723842e-06 	 1.390763e+07 	
4.15115115e+06 	 8.715776e-06 	 1.390424e+07 	
4.15165165e+06 	 8.707716e-06 	 1.390084e+07 	
4.15215215e+06 	 8.699661e-06 	 1.389745e+07 	
4.15265265e+06 	 8.691613e-06 	 1.389406e+07 	
4.15315315e+06 	 8.683571e-06 	 1.389067e+07 	
4.15365365e+06 	 8.675535e-06 	 1.388728e+07 	
4.15415415e+06 	 8.667504e-06 	 1.388389e+07 	
4.15465465e+06 	 8.659480e-06 	 1.388051e+07 	
4.15515516e+06 	 8.651461e-06 	 1.387712e+07 	
4.15565566e+06 	 8.643449e-06 	 1.387373e+07 	
4.15615616e+06 	 8.635442e-06 	 1.387035e+07 	
4.15665666e+06 	 8.627441e-06 	 1.386697e+07 	
4.15715716e+06 	 8.619447e-06 	 1.386359e+07 	
4.15765766e+06 	 8.611458e-06 	 1.386020e+07 	
4.15815816e+06 	 8.603475e-06 	 1.385682e+07 	
4.15865866e+06 	 8.595497e-06 	 1.385345e+07 	
4.15915916e+06 	 8.587526e-06 	 1.385007e+07 	
4.15965966e+06 	 8.579561e-06 	 1.384669e+07 	
4.16016016e+06 	 8.571601e-06 	 1.384332e+07 	
4.16066066e+06 	 8.563648e-06 	 1.383994e+07 	
4.16116116e+06 	 8.555700e-06 	 1.383657e+07 	
4.16166166e+06 	 8.547758e-06 	 1.383319e+07 	
4.16216216e+06 	 8.539822e-06 	 1.382982e+07 	
4.16266266e+06 	 8.531892e-06 	 1.382645e+07 	
4.16316316e+06 	 8.523967e-06 	 1.382308e+07 	
4.16366366e+06 	 8.516049e-06 	 1.381972e+07 	
4.16416416e+06 	 8.508136e-06 	 1.381635e+07 	
4.16466466e+06 	 8.500229e-06 	 1.381298e+07 	
4.16516517e+06 	 8.492328e-06 	 1.380962e+07 	
4.16566567e+06 	 8.484433e-06 	 1.380625e+07 	
4.16616617e+06 	 8.476543e-06 	 1.380289e+07 	
4.16666667e+06 	 8.468660e-06 	 1.379953e+07 	
4.16716717e+06 	 8.460782e-06 	 1.379617e+07 	
4.16766767e+06 	 8.452910e-06 	 1.379281e+07 	
4.16816817e+06 	 8.445043e-06 	 1.378945e+07 	
4.16866867e+06 	 8.437183e-06 	 1.378609e+07 	
4.16916917e+06 	 8.429328e-06 	 1.378273e+07 	
4.16966967e+06 	 8.421479e-06 	 1.377938e+07 	
4.17017017e+06 	 8.413636e-06 	 1.377602e+07 	
4.17067067e+06 	 8.405799e-06 	 1.377267e+07 	
4.17117117e+06 	 8.397967e-06 	 1.376931e+07 	
4.17167167e+06 	 8.390141e-06 	 1.376596e+07 	
4.17217217e+06 	 8.382321e-06 	 1.376261e+07 	
4.17267267e+06 	 8.374506e-06 	 1.375926e+07 	
4.17317317e+06 	 8.366697e-06 	 1.375591e+07 	
4.17367367e+06 	 8.358894e-06 	 1.375257e+07 	
4.17417417e+06 	 8.351097e-06 	 1.374922e+07 	
4.17467467e+06 	 8.343305e-06 	 1.374587e+07 	
4.17517518e+06 	 8.335520e-06 	 1.374253e+07 	
4.17567568e+06 	 8.327739e-06 	 1.373918e+07 	
4.17617618e+06 	 8.319965e-06 	 1.373584e+07 	
4.17667668e+06 	 8.312196e-06 	 1.373250e+07 	
4.17717718e+06 	 8.304433e-06 	 1.372916e+07 	
4.17767768e+06 	 8.296675e-06 	 1.372582e+07 	
4.17817818e+06 	 8.288924e-06 	 1.372248e+07 	
4.17867868e+06 	 8.281177e-06 	 1.371914e+07 	
4.17917918e+06 	 8.273437e-06 	 1.371581e+07 	
4.17967968e+06 	 8.265702e-06 	 1.371247e+07 	
4.18018018e+06 	 8.257973e-06 	 1.370914e+07 	
4.18068068e+06 	 8.250249e-06 	 1.370581e+07 	
4.18118118e+06 	 8.242532e-06 	 1.370247e+07 	
4.18168168e+06 	 8.234819e-06 	 1.369914e+07 	
4.18218218e+06 	 8.227113e-06 	 1.369581e+07 	
4.18268268e+06 	 8.219412e-06 	 1.369248e+07 	
4.18318318e+06 	 8.211716e-06 	 1.368915e+07 	
4.18368368e+06 	 8.204027e-06 	 1.368583e+07 	
4.18418418e+06 	 8.196342e-06 	 1.368250e+07 	
4.18468468e+06 	 8.188664e-06 	 1.367918e+07 	
4.18518519e+06 	 8.180991e-06 	 1.367585e+07 	
4.18568569e+06 	 8.173323e-06 	 1.367253e+07 	
4.18618619e+06 	 8.165662e-06 	 1.366921e+07 	
4.18668669e+06 	 8.158005e-06 	 1.366589e+07 	
4.18718719e+06 	 8.150355e-06 	 1.366257e+07 	
4.18768769e+06 	 8.142710e-06 	 1.365925e+07 	
4.18818819e+06 	 8.135070e-06 	 1.365593e+07 	
4.18868869e+06 	 8.127436e-06 	 1.365261e+07 	
4.18918919e+06 	 8.119808e-06 	 1.364930e+07 	
4.18968969e+06 	 8.112185e-06 	 1.364598e+07 	
4.19019019e+06 	 8.104567e-06 	 1.364267e+07 	
4.19069069e+06 	 8.096955e-06 	 1.363935e+07 	
4.19119119e+06 	 8.089349e-06 	 1.363604e+07 	
4.19169169e+06 	 8.081748e-06 	 1.363273e+07 	
4.19219219e+06 	 8.074153e-06 	 1.362942e+07 	
4.19269269e+06 	 8.066563e-06 	 1.362611e+07 	
4.19319319e+06 	 8.058979e-06 	 1.362281e+07 	
4.19369369e+06 	 8.051400e-06 	 1.361950e+07 	
4.19419419e+06 	 8.043827e-06 	 1.361619e+07 	
4.19469469e+06 	 8.036259e-06 	 1.361289e+07 	
4.19519520e+06 	 8.028697e-06 	 1.360958e+07 	
4.19569570e+06 	 8.021140e-06 	 1.360628e+07 	
4.19619620e+06 	 8.013589e-06 	 1.360298e+07 	
4.19669670e+06 	 8.006043e-06 	 1.359968e+07 	
4.19719720e+06 	 7.998502e-06 	 1.359638e+07 	
4.19769770e+06 	 7.990967e-06 	 1.359308e+07 	
4.19819820e+06 	 7.983438e-06 	 1.358978e+07 	
4.19869870e+06 	 7.975914e-06 	 1.358649e+07 	
4.19919920e+06 	 7.968395e-06 	 1.358319e+07 	
4.19969970e+06 	 7.960882e-06 	 1.357990e+07 	
4.20020020e+06 	 7.953374e-06 	 1.357660e+07 	
4.20070070e+06 	 7.945872e-06 	 1.357331e+07 	
4.20120120e+06 	 7.938375e-06 	 1.357002e+07 	
4.20170170e+06 	 7.930883e-06 	 1.356673e+07 	
4.20220220e+06 	 7.923397e-06 	 1.356344e+07 	
4.20270270e+06 	 7.915916e-06 	 1.356015e+07 	
4.20320320e+06 	 7.908441e-06 	 1.355686e+07 	
4.20370370e+06 	 7.900971e-06 	 1.355358e+07 	
4.20420420e+06 	 7.893506e-06 	 1.355029e+07 	
4.20470470e+06 	 7.886047e-06 	 1.354701e+07 	
4.20520521e+06 	 7.878593e-06 	 1.354372e+07 	
4.20570571e+06 	 7.871145e-06 	 1.354044e+07 	
4.20620621e+06 	 7.863702e-06 	 1.353716e+07 	
4.20670671e+06 	 7.856659e-06 	 1.353386e+07 	
4.20720721e+06 	 7.849230e-06 	 1.353058e+07 	
4.20770771e+06 	 7.841807e-06 	 1.352730e+07 	
4.20820821e+06 	 7.834389e-06 	 1.352403e+07 	
4.20870871e+06 	 7.826976e-06 	 1.352075e+07 	
4.20920921e+06 	 7.819569e-06 	 1.351747e+07 	
4.20970971e+06 	 7.812167e-06 	 1.351420e+07 	
4.21021021e+06 	 7.804771e-06 	 1.351092e+07 	
4.21071071e+06 	 7.797380e-06 	 1.350765e+07 	
4.21121121e+06 	 7.789994e-06 	 1.350438e+07 	
4.21171171e+06 	 7.782614e-06 	 1.350111e+07 	
4.21221221e+06 	 7.775238e-06 	 1.349784e+07 	
4.21271271e+06 	 7.767869e-06 	 1.349457e+07 	
4.21321321e+06 	 7.760504e-06 	 1.349130e+07 	
4.21371371e+06 	 7.753145e-06 	 1.348804e+07 	
4.21421421e+06 	 7.745791e-06 	 1.348477e+07 	
4.21471471e+06 	 7.738442e-06 	 1.348151e+07 	
4.21521522e+06 	 7.731099e-06 	 1.347824e+07 	
4.21571572e+06 	 7.723761e-06 	 1.347498e+07 	
4.21621622e+06 	 7.716428e-06 	 1.347172e+07 	
4.21671672e+06 	 7.709101e-06 	 1.346846e+07 	
4.21721722e+06 	 7.701779e-06 	 1.346520e+07 	
4.21771772e+06 	 7.694462e-06 	 1.346194e+07 	
4.21821822e+06 	 7.687150e-06 	 1.345868e+07 	
4.21871872e+06 	 7.679844e-06 	 1.345542e+07 	
4.21921922e+06 	 7.672543e-06 	 1.345217e+07 	
4.21971972e+06 	 7.665247e-06 	 1.344891e+07 	
4.22022022e+06 	 7.657956e-06 	 1.344566e+07 	
4.22072072e+06 	 7.650671e-06 	 1.344241e+07 	
4.22122122e+06 	 7.643391e-06 	 1.343916e+07 	
4.22172172e+06 	 7.636116e-06 	 1.343591e+07 	
4.22222222e+06 	 7.628846e-06 	 1.343266e+07 	
4.22272272e+06 	 7.621582e-06 	 1.342941e+07 	
4.22322322e+06 	 7.614322e-06 	 1.342616e+07 	
4.22372372e+06 	 7.607068e-06 	 1.342291e+07 	
4.22422422e+06 	 7.599819e-06 	 1.341967e+07 	
4.22472472e+06 	 7.592576e-06 	 1.341642e+07 	
4.22522523e+06 	 7.585337e-06 	 1.341318e+07 	
4.22572573e+06 	 7.578104e-06 	 1.340993e+07 	
4.22622623e+06 	 7.570876e-06 	 1.340669e+07 	
4.22672673e+06 	 7.563653e-06 	 1.340345e+07 	
4.22722723e+06 	 7.556435e-06 	 1.340021e+07 	
4.22772773e+06 	 7.549223e-06 	 1.339697e+07 	
4.22822823e+06 	 7.542015e-06 	 1.339374e+07 	
4.22872873e+06 	 7.534813e-06 	 1.339050e+07 	
4.22922923e+06 	 7.527616e-06 	 1.338726e+07 	
4.22972973e+06 	 7.520424e-06 	 1.338403e+07 	
4.23023023e+06 	 7.513237e-06 	 1.338079e+07 	
4.23073073e+06 	 7.506056e-06 	 1.337756e+07 	
4.23123123e+06 	 7.498879e-06 	 1.337433e+07 	
4.23173173e+06 	 7.491708e-06 	 1.337110e+07 	
4.23223223e+06 	 7.484542e-06 	 1.336787e+07 	
4.23273273e+06 	 7.477381e-06 	 1.336464e+07 	
4.23323323e+06 	 7.470225e-06 	 1.336141e+07 	
4.23373373e+06 	 7.463074e-06 	 1.335818e+07 	
4.23423423e+06 	 7.455928e-06 	 1.335496e+07 	
4.23473473e+06 	 7.448787e-06 	 1.335173e+07 	
4.23523524e+06 	 7.441652e-06 	 1.334851e+07 	
4.23573574e+06 	 7.434521e-06 	 1.334528e+07 	
4.23623624e+06 	 7.427396e-06 	 1.334206e+07 	
4.23673674e+06 	 7.420275e-06 	 1.333884e+07 	
4.23723724e+06 	 7.413160e-06 	 1.333562e+07 	
4.23773774e+06 	 7.406050e-06 	 1.333240e+07 	
4.23823824e+06 	 7.398945e-06 	 1.332918e+07 	
4.23873874e+06 	 7.391845e-06 	 1.332597e+07 	
4.23923924e+06 	 7.384750e-06 	 1.332275e+07 	
4.23973974e+06 	 7.377290e-06 	 1.331955e+07 	
4.24024024e+06 	 7.370202e-06 	 1.331634e+07 	
4.24074074e+06 	 7.363118e-06 	 1.331312e+07 	
4.24124124e+06 	 7.356040e-06 	 1.330991e+07 	
4.24174174e+06 	 7.348966e-06 	 1.330670e+07 	
4.24224224e+06 	 7.341898e-06 	 1.330349e+07 	
4.24274274e+06 	 7.334834e-06 	 1.330028e+07 	
4.24324324e+06 	 7.327776e-06 	 1.329707e+07 	
4.24374374e+06 	 7.320722e-06 	 1.329386e+07 	
4.24424424e+06 	 7.313674e-06 	 1.329066e+07 	
4.24474474e+06 	 7.306630e-06 	 1.328745e+07 	
4.24524525e+06 	 7.299591e-06 	 1.328425e+07 	
4.24574575e+06 	 7.292558e-06 	 1.328104e+07 	
4.24624625e+06 	 7.285529e-06 	 1.327784e+07 	
4.24674675e+06 	 7.278505e-06 	 1.327464e+07 	
4.24724725e+06 	 7.271486e-06 	 1.327144e+07 	
4.24774775e+06 	 7.264473e-06 	 1.326824e+07 	
4.24824825e+06 	 7.257464e-06 	 1.326504e+07 	
4.24874875e+06 	 7.250460e-06 	 1.326184e+07 	
4.24924925e+06 	 7.243460e-06 	 1.325865e+07 	
4.24974975e+06 	 7.236466e-06 	 1.325545e+07 	
4.25025025e+06 	 7.229477e-06 	 1.325226e+07 	
4.25075075e+06 	 7.222493e-06 	 1.324906e+07 	
4.25125125e+06 	 7.215513e-06 	 1.324587e+07 	
4.25175175e+06 	 7.208539e-06 	 1.324268e+07 	
4.25225225e+06 	 7.201569e-06 	 1.323949e+07 	
4.25275275e+06 	 7.194604e-06 	 1.323630e+07 	
4.25325325e+06 	 7.187644e-06 	 1.323311e+07 	
4.25375375e+06 	 7.180689e-06 	 1.322992e+07 	
4.25425425e+06 	 7.173739e-06 	 1.322673e+07 	
4.25475475e+06 	 7.166794e-06 	 1.322355e+07 	
4.25525526e+06 	 7.159854e-06 	 1.322036e+07 	
4.25575576e+06 	 7.152918e-06 	 1.321718e+07 	
4.25625626e+06 	 7.145988e-06 	 1.321400e+07 	
4.25675676e+06 	 7.139062e-06 	 1.321081e+07 	
4.25725726e+06 	 7.132141e-06 	 1.320763e+07 	
4.25775776e+06 	 7.125225e-06 	 1.320445e+07 	
4.25825826e+06 	 7.118313e-06 	 1.320127e+07 	
4.25875876e+06 	 7.111407e-06 	 1.319809e+07 	
4.25925926e+06 	 7.104505e-06 	 1.319492e+07 	
4.25975976e+06 	 7.097608e-06 	 1.319174e+07 	
4.26026026e+06 	 7.090716e-06 	 1.318857e+07 	
4.26076076e+06 	 7.083829e-06 	 1.318539e+07 	
4.26126126e+06 	 7.076947e-06 	 1.318222e+07 	
4.26176176e+06 	 7.070069e-06 	 1.317904e+07 	
4.26226226e+06 	 7.063196e-06 	 1.317587e+07 	
4.26276276e+06 	 7.056328e-06 	 1.317270e+07 	
4.26326326e+06 	 7.049465e-06 	 1.316953e+07 	
4.26376376e+06 	 7.042607e-06 	 1.316636e+07 	
4.26426426e+06 	 7.035753e-06 	 1.316320e+07 	
4.26476476e+06 	 7.028904e-06 	 1.316003e+07 	
4.26526527e+06 	 7.022060e-06 	 1.315686e+07 	
4.26576577e+06 	 7.015221e-06 	 1.315370e+07 	
4.26626627e+06 	 7.008386e-06 	 1.315054e+07 	
4.26676677e+06 	 7.001556e-06 	 1.314737e+07 	
4.26726727e+06 	 6.994731e-06 	 1.314421e+07 	
4.26776777e+06 	 6.987911e-06 	 1.314105e+07 	
4.26826827e+06 	 6.981095e-06 	 1.313789e+07 	
4.26876877e+06 	 6.974284e-06 	 1.313473e+07 	
4.26926927e+06 	 6.967478e-06 	 1.313157e+07 	
4.26976977e+06 	 6.960676e-06 	 1.312842e+07 	
4.27027027e+06 	 6.953880e-06 	 1.312526e+07 	
4.27077077e+06 	 6.947088e-06 	 1.312210e+07 	
4.27127127e+06 	 6.940300e-06 	 1.311895e+07 	
4.27177177e+06 	 6.933518e-06 	 1.311580e+07 	
4.27227227e+06 	 6.926740e-06 	 1.311264e+07 	
4.27277277e+06 	 6.920314e-06 	 1.310948e+07 	
4.27327327e+06 	 6.913549e-06 	 1.310633e+07 	
4.27377377e+06 	 6.906789e-06 	 1.310318e+07 	
4.27427427e+06 	 6.900033e-06 	 1.310003e+07 	
4.27477477e+06 	 6.893282e-06 	 1.309688e+07 	
4.27527528e+06 	 6.886535e-06 	 1.309373e+07 	
4.27577578e+06 	 6.879794e-06 	 1.309059e+07 	
4.27627628e+06 	 6.873057e-06 	 1.308744e+07 	
4.27677678e+06 	 6.866324e-06 	 1.308430e+07 	
4.27727728e+06 	 6.859597e-06 	 1.308115e+07 	
4.27777778e+06 	 6.852874e-06 	 1.307801e+07 	
4.27827828e+06 	 6.846155e-06 	 1.307487e+07 	
4.27877878e+06 	 6.839442e-06 	 1.307173e+07 	
4.27927928e+06 	 6.832733e-06 	 1.306859e+07 	
4.27977978e+06 	 6.826028e-06 	 1.306545e+07 	
4.28028028e+06 	 6.819329e-06 	 1.306232e+07 	
4.28078078e+06 	 6.812634e-06 	 1.305918e+07 	
4.28128128e+06 	 6.805943e-06 	 1.305604e+07 	
4.28178178e+06 	 6.799258e-06 	 1.305291e+07 	
4.28228228e+06 	 6.792577e-06 	 1.304978e+07 	
4.28278278e+06 	 6.785900e-06 	 1.304664e+07 	
4.28328328e+06 	 6.779228e-06 	 1.304351e+07 	
4.28378378e+06 	 6.772561e-06 	 1.304038e+07 	
4.28428428e+06 	 6.765899e-06 	 1.303725e+07 	
4.28478478e+06 	 6.759241e-06 	 1.303412e+07 	
4.28528529e+06 	 6.752587e-06 	 1.303099e+07 	
4.28578579e+06 	 6.745939e-06 	 1.302787e+07 	
4.28628629e+06 	 6.739295e-06 	 1.302474e+07 	
4.28678679e+06 	 6.732655e-06 	 1.302162e+07 	
4.28728729e+06 	 6.726020e-06 	 1.301849e+07 	
4.28778779e+06 	 6.719390e-06 	 1.301537e+07 	
4.28828829e+06 	 6.712764e-06 	 1.301225e+07 	
4.28878879e+06 	 6.706143e-06 	 1.300913e+07 	
4.28928929e+06 	 6.699526e-06 	 1.300601e+07 	
4.28978979e+06 	 6.692914e-06 	 1.300289e+07 	
4.29029029e+06 	 6.686307e-06 	 1.299977e+07 	
4.29079079e+06 	 6.679704e-06 	 1.299665e+07 	
4.29129129e+06 	 6.673105e-06 	 1.299353e+07 	
4.29179179e+06 	 6.666511e-06 	 1.299042e+07 	
4.29229229e+06 	 6.659922e-06 	 1.298730e+07 	
4.29279279e+06 	 6.653337e-06 	 1.298419e+07 	
4.29329329e+06 	 6.646757e-06 	 1.298108e+07 	
4.29379379e+06 	 6.640182e-06 	 1.297796e+07 	
4.29429429e+06 	 6.633611e-06 	 1.297485e+07 	
4.29479479e+06 	 6.627044e-06 	 1.297174e+07 	
4.29529530e+06 	 6.620482e-06 	 1.296863e+07 	
4.29579580e+06 	 6.613924e-06 	 1.296553e+07 	
4.29629630e+06 	 6.607371e-06 	 1.296242e+07 	
4.29679680e+06 	 6.600823e-06 	 1.295931e+07 	
4.29729730e+06 	 6.594279e-06 	 1.295621e+07 	
4.29779780e+06 	 6.587739e-06 	 1.295310e+07 	
4.29829830e+06 	 6.581204e-06 	 1.295000e+07 	
4.29879880e+06 	 6.574674e-06 	 1.294690e+07 	
4.29929930e+06 	 6.568148e-06 	 1.294379e+07 	
4.29979980e+06 	 6.561626e-06 	 1.294069e+07 	
4.30030030e+06 	 6.555109e-06 	 1.293759e+07 	
4.30080080e+06 	 6.548596e-06 	 1.293450e+07 	
4.30130130e+06 	 6.542088e-06 	 1.293140e+07 	
4.30180180e+06 	 6.535585e-06 	 1.292830e+07 	
4.30230230e+06 	 6.529085e-06 	 1.292520e+07 	
4.30280280e+06 	 6.522591e-06 	 1.292211e+07 	
4.30330330e+06 	 6.516100e-06 	 1.291902e+07 	
4.30380380e+06 	 6.509615e-06 	 1.291592e+07 	
4.30430430e+06 	 6.503133e-06 	 1.291283e+07 	
4.30480480e+06 	 6.496656e-06 	 1.290974e+07 	
4.30530531e+06 	 6.490184e-06 	 1.290665e+07 	
4.30580581e+06 	 6.483716e-06 	 1.290356e+07 	
4.30630631e+06 	 6.476925e-06 	 1.290049e+07 	
4.30680681e+06 	 6.470463e-06 	 1.289740e+07 	
4.30730731e+06 	 6.464005e-06 	 1.289431e+07 	
4.30780781e+06 	 6.457552e-06 	 1.289123e+07 	
4.30830831e+06 	 6.451103e-06 	 1.288814e+07 	
4.30880881e+06 	 6.444658e-06 	 1.288506e+07 	
4.30930931e+06 	 6.438217e-06 	 1.288198e+07 	
4.30980981e+06 	 6.431781e-06 	 1.287889e+07 	
4.31031031e+06 	 6.425350e-06 	 1.287581e+07 	
4.31081081e+06 	 6.418923e-06 	 1.287273e+07 	
4.31131131e+06 	 6.412500e-06 	 1.286965e+07 	
4.31181181e+06 	 6.406081e-06 	 1.286657e+07 	
4.31231231e+06 	 6.399667e-06 	 1.286350e+07 	
4.31281281e+06 	 6.393257e-06 	 1.286042e+07 	
4.31331331e+06 	 6.386852e-06 	 1.285735e+07 	
4.31381381e+06 	 6.380450e-06 	 1.285427e+07 	
4.31431431e+06 	 6.374054e-06 	 1.285120e+07 	
4.31481481e+06 	 6.367661e-06 	 1.284812e+07 	
4.31531532e+06 	 6.361273e-06 	 1.284505e+07 	
4.31581582e+06 	 6.354889e-06 	 1.284198e+07 	
4.31631632e+06 	 6.348509e-06 	 1.283891e+07 	
4.31681682e+06 	 6.342134e-06 	 1.283584e+07 	
4.31731732e+06 	 6.335763e-06 	 1.283278e+07 	
4.31781782e+06 	 6.329396e-06 	 1.282971e+07 	
4.31831832e+06 	 6.323034e-06 	 1.282664e+07 	
4.31881882e+06 	 6.316676e-06 	 1.282358e+07 	
4.31931932e+06 	 6.310322e-06 	 1.282051e+07 	
4.31981982e+06 	 6.303973e-06 	 1.281745e+07 	
4.32032032e+06 	 6.297628e-06 	 1.281439e+07 	
4.32082082e+06 	 6.291287e-06 	 1.281132e+07 	
4.32132132e+06 	 6.284950e-06 	 1.280826e+07 	
4.32182182e+06 	 6.278618e-06 	 1.280520e+07 	
4.32232232e+06 	 6.272289e-06 	 1.280215e+07 	
4.32282282e+06 	 6.265965e-06 	 1.279909e+07 	
4.32332332e+06 	 6.259646e-06 	 1.279603e+07 	
4.32382382e+06 	 6.253330e-06 	 1.279297e+07 	
4.32432432e+06 	 6.247019e-06 	 1.278992e+07 	
4.32482482e+06 	 6.240712e-06 	 1.278687e+07 	
4.32532533e+06 	 6.234410e-06 	 1.278381e+07 	
4.32582583e+06 	 6.228111e-06 	 1.278076e+07 	
4.32632633e+06 	 6.221817e-06 	 1.277771e+07 	
4.32682683e+06 	 6.215527e-06 	 1.277466e+07 	
4.32732733e+06 	 6.209241e-06 	 1.277161e+07 	
4.32782783e+06 	 6.202960e-06 	 1.276856e+07 	
4.32832833e+06 	 6.196683e-06 	 1.276551e+07 	
4.32882883e+06 	 6.190409e-06 	 1.276246e+07 	
4.32932933e+06 	 6.184141e-06 	 1.275942e+07 	
4.32982983e+06 	 6.177876e-06 	 1.275637e+07 	
4.33033033e+06 	 6.171615e-06 	 1.275333e+07 	
4.33083083e+06 	 6.165359e-06 	 1.275029e+07 	
4.33133133e+06 	 6.159107e-06 	 1.274724e+07 	
4.33183183e+06 	 6.152859e-06 	 1.274420e+07 	
4.33233233e+06 	 6.146615e-06 	 1.274116e+07 	
4.33283283e+06 	 6.140375e-06 	 1.273812e+07 	
4.33333333e+06 	 6.134140e-06 	 1.273508e+07 	
4.33383383e+06 	 6.127909e-06 	 1.273205e+07 	
4.33433433e+06 	 6.121682e-06 	 1.272901e+07 	
4.33483483e+06 	 6.115459e-06 	 1.272597e+07 	
4.33533534e+06 	 6.109240e-06 	 1.272294e+07 	
4.33583584e+06 	 6.103025e-06 	 1.271990e+07 	
4.33633634e+06 	 6.096815e-06 	 1.271687e+07 	
4.33683684e+06 	 6.090608e-06 	 1.271384e+07 	
4.33733734e+06 	 6.084406e-06 	 1.271081e+07 	
4.33783784e+06 	 6.078208e-06 	 1.270778e+07 	
4.33833834e+06 	 6.072014e-06 	 1.270475e+07 	
4.33883884e+06 	 6.065824e-06 	 1.270172e+07 	
4.33933934e+06 	 6.059638e-06 	 1.269869e+07 	
4.33983984e+06 	 6.053152e-06 	 1.269568e+07 	
4.34034034e+06 	 6.046972e-06 	 1.269265e+07 	
4.34084084e+06 	 6.040796e-06 	 1.268963e+07 	
4.34134134e+06 	 6.034623e-06 	 1.268660e+07 	
4.34184184e+06 	 6.028455e-06 	 1.268358e+07 	
4.34234234e+06 	 6.022291e-06 	 1.268056e+07 	
4.34284284e+06 	 6.016131e-06 	 1.267754e+07 	
4.34334334e+06 	 6.009975e-06 	 1.267452e+07 	
4.34384384e+06 	 6.003823e-06 	 1.267150e+07 	
4.34434434e+06 	 5.997676e-06 	 1.266848e+07 	
4.34484484e+06 	 5.991532e-06 	 1.266546e+07 	
4.34534535e+06 	 5.985392e-06 	 1.266244e+07 	
4.34584585e+06 	 5.979256e-06 	 1.265943e+07 	
4.34634635e+06 	 5.973125e-06 	 1.265641e+07 	
4.34684685e+06 	 5.966997e-06 	 1.265340e+07 	
4.34734735e+06 	 5.960873e-06 	 1.265039e+07 	
4.34784785e+06 	 5.954754e-06 	 1.264737e+07 	
4.34834835e+06 	 5.948638e-06 	 1.264436e+07 	
4.34884885e+06 	 5.942527e-06 	 1.264135e+07 	
4.34934935e+06 	 5.936419e-06 	 1.263834e+07 	
4.34984985e+06 	 5.930316e-06 	 1.263534e+07 	
4.35035035e+06 	 5.924216e-06 	 1.263233e+07 	
4.35085085e+06 	 5.918121e-06 	 1.262932e+07 	
4.35135135e+06 	 5.912029e-06 	 1.262631e+07 	
4.35185185e+06 	 5.905941e-06 	 1.262331e+07 	
4.35235235e+06 	 5.899858e-06 	 1.262031e+07 	
4.35285285e+06 	 5.893778e-06 	 1.261730e+07 	
4.35335335e+06 	 5.887703e-06 	 1.261430e+07 	
4.35385385e+06 	 5.881631e-06 	 1.261130e+07 	
4.35435435e+06 	 5.875563e-06 	 1.260830e+07 	
4.35485485e+06 	 5.869499e-06 	 1.260530e+07 	
4.35535536e+06 	 5.863440e-06 	 1.260230e+07 	
4.35585586e+06 	 5.857384e-06 	 1.259930e+07 	
4.35635636e+06 	 5.851332e-06 	 1.259631e+07 	
4.35685686e+06 	 5.845284e-06 	 1.259331e+07 	
4.35735736e+06 	 5.839240e-06 	 1.259031e+07 	
4.35785786e+06 	 5.833200e-06 	 1.258732e+07 	
4.35835836e+06 	 5.827164e-06 	 1.258433e+07 	
4.35885886e+06 	 5.821132e-06 	 1.258133e+07 	
4.35935936e+06 	 5.815103e-06 	 1.257834e+07 	
4.35985986e+06 	 5.809079e-06 	 1.257535e+07 	
4.36036036e+06 	 5.803058e-06 	 1.257236e+07 	
4.36086086e+06 	 5.797042e-06 	 1.256937e+07 	
4.36136136e+06 	 5.791029e-06 	 1.256639e+07 	
4.36186186e+06 	 5.785020e-06 	 1.256340e+07 	
4.36236236e+06 	 5.779016e-06 	 1.256041e+07 	
4.36286286e+06 	 5.773015e-06 	 1.255743e+07 	
4.36336336e+06 	 5.767017e-06 	 1.255444e+07 	
4.36386386e+06 	 5.761024e-06 	 1.255146e+07 	
4.36436436e+06 	 5.755035e-06 	 1.254848e+07 	
4.36486486e+06 	 5.749050e-06 	 1.254550e+07 	
4.36536537e+06 	 5.743068e-06 	 1.254252e+07 	
4.36586587e+06 	 5.737090e-06 	 1.253954e+07 	
4.36636637e+06 	 5.731116e-06 	 1.253656e+07 	
4.36686687e+06 	 5.725146e-06 	 1.253358e+07 	
4.36736737e+06 	 5.719180e-06 	 1.253060e+07 	
4.36786787e+06 	 5.713218e-06 	 1.252763e+07 	
4.36836837e+06 	 5.707260e-06 	 1.252465e+07 	
4.36886887e+06 	 5.701305e-06 	 1.252168e+07 	
4.36936937e+06 	 5.695354e-06 	 1.251870e+07 	
4.36986987e+06 	 5.689407e-06 	 1.251573e+07 	
4.37037037e+06 	 5.683464e-06 	 1.251276e+07 	
4.37087087e+06 	 5.677525e-06 	 1.250979e+07 	
4.37137137e+06 	 5.671590e-06 	 1.250682e+07 	
4.37187187e+06 	 5.665658e-06 	 1.250385e+07 	
4.37237237e+06 	 5.659730e-06 	 1.250088e+07 	
4.37287287e+06 	 5.653806e-06 	 1.249791e+07 	
4.37337337e+06 	 5.647886e-06 	 1.249495e+07 	
4.37387387e+06 	 5.642254e-06 	 1.249196e+07 	
4.37437437e+06 	 5.636344e-06 	 1.248900e+07 	
4.37487487e+06 	 5.630438e-06 	 1.248604e+07 	
4.37537538e+06 	 5.624536e-06 	 1.248307e+07 	
4.37587588e+06 	 5.618637e-06 	 1.248011e+07 	
4.37637638e+06 	 5.612742e-06 	 1.247715e+07 	
4.37687688e+06 	 5.606851e-06 	 1.247419e+07 	
4.37737738e+06 	 5.600964e-06 	 1.247123e+07 	
4.37787788e+06 	 5.595081e-06 	 1.246827e+07 	
4.37837838e+06 	 5.589201e-06 	 1.246531e+07 	
4.37887888e+06 	 5.583325e-06 	 1.246236e+07 	
4.37937938e+06 	 5.577453e-06 	 1.245940e+07 	
4.37987988e+06 	 5.571585e-06 	 1.245644e+07 	
4.38038038e+06 	 5.565721e-06 	 1.245349e+07 	
4.38088088e+06 	 5.559860e-06 	 1.245054e+07 	
4.38138138e+06 	 5.554003e-06 	 1.244758e+07 	
4.38188188e+06 	 5.548150e-06 	 1.244463e+07 	
4.38238238e+06 	 5.542300e-06 	 1.244168e+07 	
4.38288288e+06 	 5.536455e-06 	 1.243873e+07 	
4.38338338e+06 	 5.530613e-06 	 1.243578e+07 	
4.38388388e+06 	 5.524775e-06 	 1.243284e+07 	
4.38438438e+06 	 5.518940e-06 	 1.242989e+07 	
4.38488488e+06 	 5.513109e-06 	 1.242694e+07 	
4.38538539e+06 	 5.507282e-06 	 1.242400e+07 	
4.38588589e+06 	 5.501459e-06 	 1.242105e+07 	
4.38638639e+06 	 5.495640e-06 	 1.241811e+07 	
4.38688689e+06 	 5.489824e-06 	 1.241517e+07 	
4.38738739e+06 	 5.484012e-06 	 1.241222e+07 	
4.38788789e+06 	 5.478203e-06 	 1.240928e+07 	
4.38838839e+06 	 5.472399e-06 	 1.240634e+07 	
4.38888889e+06 	 5.466598e-06 	 1.240340e+07 	
4.38938939e+06 	 5.460800e-06 	 1.240047e+07 	
4.38988989e+06 	 5.455007e-06 	 1.239753e+07 	
4.39039039e+06 	 5.449217e-06 	 1.239459e+07 	
4.39089089e+06 	 5.443431e-06 	 1.239166e+07 	
4.39139139e+06 	 5.437648e-06 	 1.238872e+07 	
4.39189189e+06 	 5.431869e-06 	 1.238579e+07 	
4.39239239e+06 	 5.426094e-06 	 1.238285e+07 	
4.39289289e+06 	 5.420323e-06 	 1.237992e+07 	
4.39339339e+06 	 5.414555e-06 	 1.237699e+07 	
4.39389389e+06 	 5.408791e-06 	 1.237406e+07 	
4.39439439e+06 	 5.403030e-06 	 1.237113e+07 	
4.39489489e+06 	 5.397273e-06 	 1.236820e+07 	
4.39539540e+06 	 5.391520e-06 	 1.236527e+07 	
4.39589590e+06 	 5.385771e-06 	 1.236235e+07 	
4.39639640e+06 	 5.380025e-06 	 1.235942e+07 	
4.39689690e+06 	 5.374282e-06 	 1.235650e+07 	
4.39739740e+06 	 5.368544e-06 	 1.235357e+07 	
4.39789790e+06 	 5.362809e-06 	 1.235065e+07 	
4.39839840e+06 	 5.357078e-06 	 1.234773e+07 	
4.39889890e+06 	 5.351350e-06 	 1.234480e+07 	
4.39939940e+06 	 5.345626e-06 	 1.234188e+07 	
4.39989990e+06 	 5.339905e-06 	 1.233896e+07 	
4.40040040e+06 	 5.334188e-06 	 1.233604e+07 	
4.40090090e+06 	 5.328475e-06 	 1.233313e+07 	
4.40140140e+06 	 5.322766e-06 	 1.233021e+07 	
4.40190190e+06 	 5.317060e-06 	 1.232729e+07 	
4.40240240e+06 	 5.311357e-06 	 1.232438e+07 	
4.40290290e+06 	 5.305658e-06 	 1.232146e+07 	
4.40340340e+06 	 5.299963e-06 	 1.231855e+07 	
4.40390390e+06 	 5.294271e-06 	 1.231564e+07 	
4.40440440e+06 	 5.288583e-06 	 1.231272e+07 	
4.40490490e+06 	 5.282899e-06 	 1.230981e+07 	
4.40540541e+06 	 5.277218e-06 	 1.230690e+07 	
4.40590591e+06 	 5.271541e-06 	 1.230399e+07 	
4.40640641e+06 	 5.265867e-06 	 1.230108e+07 	
4.40690691e+06 	 5.260197e-06 	 1.229818e+07 	
4.40740741e+06 	 5.254530e-06 	 1.229527e+07 	
4.40790791e+06 	 5.248603e-06 	 1.229238e+07 	
4.40840841e+06 	 5.242941e-06 	 1.228947e+07 	
4.40890891e+06 	 5.237282e-06 	 1.228657e+07 	
4.40940941e+06 	 5.231627e-06 	 1.228367e+07 	
4.40990991e+06 	 5.225976e-06 	 1.228076e+07 	
4.41041041e+06 	 5.220328e-06 	 1.227786e+07 	
4.41091091e+06 	 5.214684e-06 	 1.227496e+07 	
4.41141141e+06 	 5.209043e-06 	 1.227206e+07 	
4.41191191e+06 	 5.203406e-06 	 1.226916e+07 	
4.41241241e+06 	 5.197772e-06 	 1.226627e+07 	
4.41291291e+06 	 5.192142e-06 	 1.226337e+07 	
4.41341341e+06 	 5.186515e-06 	 1.226047e+07 	
4.41391391e+06 	 5.180892e-06 	 1.225758e+07 	
4.41441441e+06 	 5.175272e-06 	 1.225468e+07 	
4.41491491e+06 	 5.169656e-06 	 1.225179e+07 	
4.41541542e+06 	 5.164043e-06 	 1.224890e+07 	
4.41591592e+06 	 5.158433e-06 	 1.224600e+07 	
4.41641642e+06 	 5.152827e-06 	 1.224311e+07 	
4.41691692e+06 	 5.147225e-06 	 1.224022e+07 	
4.41741742e+06 	 5.141626e-06 	 1.223733e+07 	
4.41791792e+06 	 5.136030e-06 	 1.223444e+07 	
4.41841842e+06 	 5.130438e-06 	 1.223156e+07 	
4.41891892e+06 	 5.124850e-06 	 1.222867e+07 	
4.41941942e+06 	 5.119265e-06 	 1.222578e+07 	
4.41991992e+06 	 5.113683e-06 	 1.222290e+07 	
4.42042042e+06 	 5.108105e-06 	 1.222002e+07 	
4.42092092e+06 	 5.102530e-06 	 1.221713e+07 	
4.42142142e+06 	 5.096958e-06 	 1.221425e+07 	
4.42192192e+06 	 5.091390e-06 	 1.221137e+07 	
4.42242242e+06 	 5.085826e-06 	 1.220849e+07 	
4.42292292e+06 	 5.080265e-06 	 1.220561e+07 	
4.42342342e+06 	 5.074707e-06 	 1.220273e+07 	
4.42392392e+06 	 5.069153e-06 	 1.219985e+07 	
4.42442442e+06 	 5.063602e-06 	 1.219697e+07 	
4.42492492e+06 	 5.058054e-06 	 1.219410e+07 	
4.42542543e+06 	 5.052510e-06 	 1.219122e+07 	
4.42592593e+06 	 5.046970e-06 	 1.218835e+07 	
4.42642643e+06 	 5.041432e-06 	 1.218547e+07 	
4.42692693e+06 	 5.035898e-06 	 1.218260e+07 	
4.42742743e+06 	 5.030368e-06 	 1.217973e+07 	
4.42792793e+06 	 5.024841e-06 	 1.217686e+07 	
4.42842843e+06 	 5.019317e-06 	 1.217399e+07 	
4.42892893e+06 	 5.013797e-06 	 1.217112e+07 	
4.42942943e+06 	 5.008280e-06 	 1.216825e+07 	
4.42992993e+06 	 5.002766e-06 	 1.216538e+07 	
4.43043043e+06 	 4.997256e-06 	 1.216251e+07 	
4.43093093e+06 	 4.991749e-06 	 1.215965e+07 	
4.43143143e+06 	 4.986245e-06 	 1.215678e+07 	
4.43193193e+06 	 4.980745e-06 	 1.215392e+07 	
4.43243243e+06 	 4.975248e-06 	 1.215105e+07 	
4.43293293e+06 	 4.969755e-06 	 1.214819e+07 	
4.43343343e+06 	 4.964265e-06 	 1.214533e+07 	
4.43393393e+06 	 4.958778e-06 	 1.214247e+07 	
4.43443443e+06 	 4.953294e-06 	 1.213961e+07 	
4.43493493e+06 	 4.947814e-06 	 1.213675e+07 	
4.43543544e+06 	 4.942337e-06 	 1.213389e+07 	
4.43593594e+06 	 4.936864e-06 	 1.213103e+07 	
4.43643644e+06 	 4.931394e-06 	 1.212818e+07 	
4.43693694e+06 	 4.925927e-06 	 1.212532e+07 	
4.43743744e+06 	 4.920463e-06 	 1.212247e+07 	
4.43793794e+06 	 4.915003e-06 	 1.211961e+07 	
4.43843844e+06 	 4.909546e-06 	 1.211676e+07 	
4.43893894e+06 	 4.904092e-06 	 1.211391e+07 	
4.43943944e+06 	 4.898642e-06 	 1.211106e+07 	
4.43993994e+06 	 4.893195e-06 	 1.210821e+07 	
4.44044044e+06 	 4.887751e-06 	 1.210536e+07 	
4.44094094e+06 	 4.882310e-06 	 1.210251e+07 	
4.44144144e+06 	 4.876873e-06 	 1.209966e+07 	
4.44194194e+06 	 4.871195e-06 	 1.209683e+07 	
4.44244244e+06 	 4.865762e-06 	 1.209398e+07 	
4.44294294e+06 	 4.860333e-06 	 1.209114e+07 	
4.44344344e+06 	 4.854906e-06 	 1.208829e+07 	
4.44394394e+06 	 4.849483e-06 	 1.208545e+07 	
4.44444444e+06 	 4.844063e-06 	 1.208260e+07 	
4.44494494e+06 	 4.838647e-06 	 1.207976e+07 	
4.44544545e+06 	 4.833233e-06 	 1.207692e+07 	
4.44594595e+06 	 4.827823e-06 	 1.207408e+07 	
4.44644645e+06 	 4.822416e-06 	 1.207124e+07 	
4.44694695e+06 	 4.817012e-06 	 1.206840e+07 	
4.44744745e+06 	 4.811612e-06 	 1.206557e+07 	
4.44794795e+06 	 4.806214e-06 	 1.206273e+07 	
4.44844845e+06 	 4.800820e-06 	 1.205989e+07 	
4.44894895e+06 	 4.795429e-06 	 1.205706e+07 	
4.44944945e+06 	 4.790041e-06 	 1.205422e+07 	
4.44994995e+06 	 4.784657e-06 	 1.205139e+07 	
4.45045045e+06 	 4.779275e-06 	 1.204856e+07 	
4.45095095e+06 	 4.773897e-06 	 1.204573e+07 	
4.45145145e+06 	 4.768522e-06 	 1.204290e+07 	
4.45195195e+06 	 4.763150e-06 	 1.204007e+07 	
4.45245245e+06 	 4.757782e-06 	 1.203724e+07 	
4.45295295e+06 	 4.752416e-06 	 1.203441e+07 	
4.45345345e+06 	 4.747054e-06 	 1.203158e+07 	
4.45395395e+06 	 4.741695e-06 	 1.202875e+07 	
4.45445445e+06 	 4.736339e-06 	 1.202593e+07 	
4.45495495e+06 	 4.730986e-06 	 1.202310e+07 	
4.45545546e+06 	 4.725636e-06 	 1.202028e+07 	
4.45595596e+06 	 4.720290e-06 	 1.201746e+07 	
4.45645646e+06 	 4.714946e-06 	 1.201463e+07 	
4.45695696e+06 	 4.709606e-06 	 1.201181e+07 	
4.45745746e+06 	 4.704269e-06 	 1.200899e+07 	
4.45795796e+06 	 4.698935e-06 	 1.200617e+07 	
4.45845846e+06 	 4.693604e-06 	 1.200335e+07 	
4.45895896e+06 	 4.688276e-06 	 1.200054e+07 	
4.45945946e+06 	 4.682952e-06 	 1.199772e+07 	
4.45995996e+06 	 4.677630e-06 	 1.199490e+07 	
4.46046046e+06 	 4.672312e-06 	 1.199209e+07 	
4.46096096e+06 	 4.666997e-06 	 1.198927e+07 	
4.46146146e+06 	 4.661684e-06 	 1.198646e+07 	
4.46196196e+06 	 4.656375e-06 	 1.198365e+07 	
4.46246246e+06 	 4.651069e-06 	 1.198083e+07 	
4.46296296e+06 	 4.645766e-06 	 1.197802e+07 	
4.46346346e+06 	 4.640467e-06 	 1.197521e+07 	
4.46396396e+06 	 4.635170e-06 	 1.197240e+07 	
4.46446446e+06 	 4.629876e-06 	 1.196959e+07 	
4.46496496e+06 	 4.624586e-06 	 1.196679e+07 	
4.46546547e+06 	 4.619298e-06 	 1.196398e+07 	
4.46596597e+06 	 4.614014e-06 	 1.196117e+07 	
4.46646647e+06 	 4.608732e-06 	 1.195837e+07 	
4.46696697e+06 	 4.603454e-06 	 1.195556e+07 	
4.46746747e+06 	 4.598179e-06 	 1.195276e+07 	
4.46796797e+06 	 4.592907e-06 	 1.194996e+07 	
4.46846847e+06 	 4.587637e-06 	 1.194715e+07 	
4.46896897e+06 	 4.582371e-06 	 1.194435e+07 	
4.46946947e+06 	 4.577108e-06 	 1.194155e+07 	
4.46996997e+06 	 4.571848e-06 	 1.193875e+07 	
4.47047047e+06 	 4.566591e-06 	 1.193595e+07 	
4.47097097e+06 	 4.561337e-06 	 1.193316e+07 	
4.47147147e+06 	 4.556086e-06 	 1.193036e+07 	
4.47197197e+06 	 4.550838e-06 	 1.192756e+07 	
4.47247247e+06 	 4.545593e-06 	 1.192477e+07 	
4.47297297e+06 	 4.540352e-06 	 1.192197e+07 	
4.47347347e+06 	 4.535113e-06 	 1.191918e+07 	
4.47397397e+06 	 4.529877e-06 	 1.191639e+07 	
4.47447447e+06 	 4.524644e-06 	 1.191360e+07 	
4.47497497e+06 	 4.519414e-06 	 1.191081e+07 	
4.47547548e+06 	 4.514187e-06 	 1.190802e+07 	
4.47597598e+06 	 4.508963e-06 	 1.190523e+07 	
4.47647648e+06 	 4.503968e-06 	 1.190242e+07 	
4.47697698e+06 	 4.498752e-06 	 1.189963e+07 	
4.47747748e+06 	 4.493539e-06 	 1.189685e+07 	
4.47797798e+06 	 4.488329e-06 	 1.189406e+07 	
4.47847848e+06 	 4.483122e-06 	 1.189128e+07 	
4.47897898e+06 	 4.477918e-06 	 1.188849e+07 	
4.47947948e+06 	 4.472717e-06 	 1.188571e+07 	
4.47997998e+06 	 4.467519e-06 	 1.188293e+07 	
4.48048048e+06 	 4.462324e-06 	 1.188014e+07 	
4.48098098e+06 	 4.457132e-06 	 1.187736e+07 	
4.48148148e+06 	 4.451943e-06 	 1.187458e+07 	
4.48198198e+06 	 4.446757e-06 	 1.187180e+07 	
4.48248248e+06 	 4.441574e-06 	 1.186903e+07 	
4.48298298e+06 	 4.436393e-06 	 1.186625e+07 	
4.48348348e+06 	 4.431216e-06 	 1.186347e+07 	
4.48398398e+06 	 4.426042e-06 	 1.186069e+07 	
4.48448448e+06 	 4.420870e-06 	 1.185792e+07 	
4.48498498e+06 	 4.415702e-06 	 1.185515e+07 	
4.48548549e+06 	 4.410536e-06 	 1.185237e+07 	
4.48598599e+06 	 4.405374e-06 	 1.184960e+07 	
4.48648649e+06 	 4.400214e-06 	 1.184683e+07 	
4.48698699e+06 	 4.395057e-06 	 1.184406e+07 	
4.48748749e+06 	 4.389903e-06 	 1.184129e+07 	
4.48798799e+06 	 4.384752e-06 	 1.183852e+07 	
4.48848849e+06 	 4.379604e-06 	 1.183575e+07 	
4.48898899e+06 	 4.374459e-06 	 1.183298e+07 	
4.48948949e+06 	 4.369317e-06 	 1.183021e+07 	
4.48998999e+06 	 4.364178e-06 	 1.182745e+07 	
4.49049049e+06 	 4.359041e-06 	 1.182468e+07 	
4.49099099e+06 	 4.353908e-06 	 1.182192e+07 	
4.49149149e+06 	 4.348777e-06 	 1.181916e+07 	
4.49199199e+06 	 4.343650e-06 	 1.181639e+07 	
4.49249249e+06 	 4.338525e-06 	 1.181363e+07 	
4.49299299e+06 	 4.333403e-06 	 1.181087e+07 	
4.49349349e+06 	 4.328284e-06 	 1.180811e+07 	
4.49399399e+06 	 4.323167e-06 	 1.180535e+07 	
4.49449449e+06 	 4.318054e-06 	 1.180259e+07 	
4.49499499e+06 	 4.312944e-06 	 1.179984e+07 	
4.49549550e+06 	 4.307836e-06 	 1.179708e+07 	
4.49599600e+06 	 4.302731e-06 	 1.179432e+07 	
4.49649650e+06 	 4.297629e-06 	 1.179157e+07 	
4.49699700e+06 	 4.292530e-06 	 1.178881e+07 	
4.49749750e+06 	 4.287434e-06 	 1.178606e+07 	
4.49799800e+06 	 4.282340e-06 	 1.178331e+07 	
4.49849850e+06 	 4.277250e-06 	 1.178056e+07 	
4.49899900e+06 	 4.272162e-06 	 1.177781e+07 	
4.49949950e+06 	 4.267077e-06 	 1.177506e+07 	
4.50000000e+06 	 4.261995e-06 	 1.177231e+07 	
4.52440684e+06 	 4.017907e-06 	 1.163923e+07 	
4.54894606e+06 	 3.778623e-06 	 1.150743e+07 	
4.57361837e+06 	 3.544070e-06 	 1.137693e+07 	
4.59842450e+06 	 3.314031e-06 	 1.124773e+07 	
4.62336517e+06 	 3.087989e-06 	 1.111989e+07 	
4.64844111e+06 	 2.865682e-06 	 1.099347e+07 	
4.67365306e+06 	 2.646473e-06 	 1.086856e+07 	
4.69900175e+06 	 2.430498e-06 	 1.074520e+07 	
4.72448793e+06 	 2.217372e-06 	 1.062354e+07 	
4.75011233e+06 	 2.006689e-06 	 1.050376e+07 	
4.77587572e+06 	 1.798610e-06 	 1.038604e+07 	
4.80177884e+06 	 1.592945e-06 	 1.027071e+07 	
4.82782245e+06 	 1.390257e-06 	 1.015810e+07 	
4.85400732e+06 	 1.191512e-06 	 1.004868e+07 	
4.88033420e+06 	 9.982191e-07 	 9.943052e+06 	
4.90680388e+06 	 8.128033e-07 	 9.841925e+06 	
4.93341712e+06 	 6.387289e-07 	 9.746114e+06 	
4.96017470e+06 	 4.801695e-07 	 9.656561e+06 	
4.98707741e+06 	 3.417618e-07 	 9.574187e+06 	
5.01412604e+06 	 2.275512e-07 	 9.499841e+06 	
5.04132136e+06 	 1.398849e-07 	 9.434082e+06 	
5.06866419e+06 	 7.832641e-08 	 9.377025e+06 	
5.09615532e+06 	 3.941999e-08 	 9.328323e+06 	
5.12379556e+06 	 1.762508e-08 	 9.286999e+06 	
5.15158570e+06 	 6.935524e-09 	 9.251591e+06 	
5.17952658e+06 	 2.386087e-09 	 9.220633e+06 	
5.20761900e+06 	 7.152777e-10 	 9.192486e+06 	
5.79746857e+06 	 1.000000e-20 	 8.682931e+06 	
6.45412842e+06 	 1.000000e-20 	 8.205653e+06 	
7.18516594e+06 	 1.000000e-20 	 7.757105e+06 	
7.99900563e+06 	 1.000000e-20 	 7.335153e+06 	
8.90502622e+06 	 1.000000e-20 	 6.937886e+06 	
9.91366872e+06 	 1.000000e-20 	 6.563583e+06 	
1.10365568e+07 	 1.000000e-20 	 6.210688e+06 	
1.22866306e+07 	 1.000000e-20 	 5.877784e+06 	
1.36782961e+07 	 1.000000e-20 	 5.563580e+06 	
1.52275909e+07 	 1.000000e-20 	 5.266892e+06 	
1.69523692e+07 	 1.000000e-20 	 4.986633e+06 	
1.88725073e+07 	 1.000000e-20 	 4.721799e+06 	
2.10101330e+07 	 1.000000e-20 	 4.471462e+06 	
2.33898804e+07 	 1.000000e-20 	 4.234762e+06 	
2.60391739e+07 	 1.000000e-20 	 4.010901e+06 	
2.89885439e+07 	 1.000000e-20 	 3.799136e+06 	
3.22719793e+07 	 1.000000e-20 	 3.598773e+06 	
3.59273183e+07 	 1.000000e-20 	 3.409164e+06 	
3.99966854e+07 	 1.000000e-20 	 3.229704e+06 	
4.45269760e+07 	 1.000000e-20 	 3.059826e+06 	
4.95703975e+07 	 1.000000e-20 	 2.898998e+06 	
5.51850705e+07 	 1.000000e-20 	 2.746721e+06 	
6.14356986e+07 	 1.000000e-20 	 2.602524e+06 	
6.83943145e+07 	 1.000000e-20 	 2.465968e+06 	
7.61411096e+07 	 1.000000e-20 	 2.336636e+06 	
8.47653581e+07 	 1.000000e-20 	 2.214138e+06 	
9.43664465e+07 	 1.000000e-20 	 2.098105e+06 	
1.05055018e+08 	 1.000000e-20 	 1.988189e+06 	
1.16954248e+08 	 1.000000e-20 	 1.884062e+06 	
1.30201264e+08 	 1.000000e-20 	 1.785415e+06 	
1.44948725e+08 	 1.000000e-20 	 1.691956e+06 	
1.61366582e+08 	 1.000000e-20 	 1.603408e+06 	
1.79644035e+08 	 1.000000e-20 	 1.519510e+06 	
1.99991713e+08 	 1.000000e-20 	 1.440016e+06 	
2.22644105e+08 	 1.000000e-20 	 1.364693e+06 	
2.47862257e+08 	 1.000000e-20 	 1.293319e+06 	
2.75936785e+08 	 1.000000e-20 	 1.225687e+06 	
3.07191221e+08 	 1.000000e-20 	 1.161599e+06 	
3.41985742e+08 	 1.000000e-20 	 1.100868e+06 	
3.80721323e+08 	 1.000000e-20 	 1.043317e+06 	
4.23844352e+08 	 1.000000e-20 	 9.887795e+05 	
4.71851783e+08 	 1.000000e-20 	 9.370966e+05 	
5.25296855e+08 	 1.000000e-20 	 8.881183e+05 	
5.84795471e+08 	 1.000000e-20 	 8.417027e+05 	
6.51033296e+08 	 1.000000e-20 	 7.977153e+05 	
7.24773657e+08 	 1.000000e-20 	 7.560286e+05 	
8.06866343e+08 	 1.000000e-20 	 7.165220e+05 	
8.98257392e+08 	 1.000000e-20 	 6.790814e+05 	
1.00000000e+09 	 1.000000e-20 	 6.435983e+05 	
