r (cm)        	 rho (g/cm3) 	 T (K)       		 Linf = 4.947720e+38
1.30003515e+06 	 1.440604e+05 	 1.376416e+09 	
1.30008559e+06 	 1.320125e+05 	 1.346819e+09 	
1.30016188e+06 	 1.154085e+05 	 1.302554e+09 	
1.30023817e+06 	 1.006046e+05 	 1.258910e+09 	
1.30031446e+06 	 8.744254e+04 	 1.215908e+09 	
1.30038799e+06 	 7.617261e+04 	 1.175090e+09 	
1.30046151e+06 	 6.616564e+04 	 1.134904e+09 	
1.30053504e+06 	 5.730551e+04 	 1.095370e+09 	
1.30060856e+06 	 4.948388e+04 	 1.056508e+09 	
1.30066969e+06 	 4.369904e+04 	 1.024723e+09 	
1.30073082e+06 	 3.850815e+04 	 9.934270e+08 	
1.30079195e+06 	 3.386049e+04 	 9.626317e+08 	
1.30085308e+06 	 2.970857e+04 	 9.323489e+08 	
1.30091420e+06 	 2.600806e+04 	 9.025903e+08 	
1.30097538e+06 	 2.271502e+04 	 8.733437e+08 	
1.30103656e+06 	 1.979420e+04 	 8.446460e+08 	
1.30109774e+06 	 1.720985e+04 	 8.165089e+08 	
1.30114782e+06 	 1.532165e+04 	 7.939030e+08 	
1.30119790e+06 	 1.361980e+04 	 7.716870e+08 	
1.30124798e+06 	 1.208854e+04 	 7.498672e+08 	
1.30129805e+06 	 1.071313e+04 	 7.284498e+08 	
1.30134813e+06 	 9.479856e+03 	 7.074408e+08 	
1.30139821e+06 	 8.375977e+03 	 6.868461e+08 	
1.30144829e+06 	 7.389654e+03 	 6.666713e+08 	
1.30150002e+06 	 6.482596e+03 	 6.462776e+08 	
1.30155175e+06 	 5.678141e+03 	 6.263435e+08 	
1.30159426e+06 	 5.086567e+03 	 6.103086e+08 	
1.30163678e+06 	 4.552089e+03 	 5.945907e+08 	
1.30167929e+06 	 4.069810e+03 	 5.791924e+08 	
1.30172181e+06 	 3.635184e+03 	 5.641160e+08 	
1.30176432e+06 	 3.243995e+03 	 5.493638e+08 	
1.30180683e+06 	 2.892340e+03 	 5.349378e+08 	
1.30184935e+06 	 2.576614e+03 	 5.208398e+08 	
1.30189186e+06 	 2.293489e+03 	 5.070711e+08 	
1.30193438e+06 	 2.039902e+03 	 4.936331e+08 	
1.30197932e+06 	 1.800820e+03 	 4.797872e+08 	
1.30201659e+06 	 1.623061e+03 	 4.685892e+08 	
1.30205385e+06 	 1.462140e+03 	 4.576466e+08 	
1.30209111e+06 	 1.316585e+03 	 4.469594e+08 	
1.30212838e+06 	 1.185035e+03 	 4.365274e+08 	
1.30216564e+06 	 1.066236e+03 	 4.263502e+08 	
1.30220291e+06 	 9.590326e+02 	 4.164272e+08 	
1.30224017e+06 	 8.623635e+02 	 4.067576e+08 	
1.30227743e+06 	 7.752538e+02 	 3.973403e+08 	
1.30231470e+06 	 6.968099e+02 	 3.881740e+08 	
1.30235196e+06 	 6.262137e+02 	 3.792573e+08 	
1.30238922e+06 	 5.627171e+02 	 3.705884e+08 	
1.30242649e+06 	 5.056373e+02 	 3.621654e+08 	
1.30246375e+06 	 4.543513e+02 	 3.539861e+08 	
1.30250102e+06 	 4.082922e+02 	 3.460482e+08 	
1.30253773e+06 	 3.675203e+02 	 3.384604e+08 	
1.30257445e+06 	 3.308737e+02 	 3.311017e+08 	
1.30261116e+06 	 2.979451e+02 	 3.239691e+08 	
1.30264788e+06 	 2.683651e+02 	 3.170596e+08 	
1.30268460e+06 	 2.417987e+02 	 3.103699e+08 	
1.30272131e+06 	 2.179428e+02 	 3.038965e+08 	
1.30275803e+06 	 1.965233e+02 	 2.976359e+08 	
1.30279474e+06 	 1.772924e+02 	 2.915841e+08 	
1.30283146e+06 	 1.600269e+02 	 2.857374e+08 	
1.30286818e+06 	 1.445251e+02 	 2.800915e+08 	
1.30290489e+06 	 1.306055e+02 	 2.746424e+08 	
1.30294161e+06 	 1.181050e+02 	 2.693856e+08 	
1.30297832e+06 	 1.068767e+02 	 2.643168e+08 	
1.30301504e+06 	 9.678849e+01 	 2.594313e+08 	
1.30305176e+06 	 8.772206e+01 	 2.547247e+08 	
1.30308847e+06 	 7.957109e+01 	 2.501923e+08 	
1.30312519e+06 	 7.224025e+01 	 2.458293e+08 	
1.30316190e+06 	 6.564414e+01 	 2.416309e+08 	
1.30319862e+06 	 5.970624e+01 	 2.375925e+08 	
1.30323534e+06 	 5.435803e+01 	 2.337091e+08 	
1.30327673e+06 	 4.895979e+01 	 2.295114e+08 	
1.30331811e+06 	 4.415512e+01 	 2.254979e+08 	
1.30335950e+06 	 3.987516e+01 	 2.216617e+08 	
1.30340089e+06 	 3.605923e+01 	 2.179960e+08 	
1.30344228e+06 	 3.265382e+01 	 2.144943e+08 	
1.30348367e+06 	 2.961177e+01 	 2.111499e+08 	
1.30352506e+06 	 2.689152e+01 	 2.079564e+08 	
1.30356645e+06 	 2.445643e+01 	 2.049074e+08 	
1.30360784e+06 	 2.227421e+01 	 2.019968e+08 	
1.30365839e+06 	 1.991073e+01 	 1.986208e+08 	
1.30370894e+06 	 1.783700e+01 	 1.954316e+08 	
1.30375949e+06 	 1.601425e+01 	 1.924188e+08 	
1.30381005e+06 	 1.440917e+01 	 1.895726e+08 	
1.30386060e+06 	 1.299315e+01 	 1.868835e+08 	
1.30391115e+06 	 1.174156e+01 	 1.843425e+08 	
1.30396170e+06 	 1.063320e+01 	 1.819410e+08 	
1.30401225e+06 	 9.649802e+00 	 1.796707e+08 	
1.30406280e+06 	 8.775599e+00 	 1.775238e+08 	
1.30411335e+06 	 7.996970e+00 	 1.754930e+08 	
1.30416391e+06 	 7.302133e+00 	 1.735714e+08 	
1.30421446e+06 	 6.680881e+00 	 1.717522e+08 	
1.30426501e+06 	 6.124363e+00 	 1.700293e+08 	
1.30431556e+06 	 5.624890e+00 	 1.683969e+08 	
1.30436611e+06 	 5.175776e+00 	 1.668494e+08 	
1.30441666e+06 	 4.771193e+00 	 1.653817e+08 	
1.30448099e+06 	 4.312806e+00 	 1.636219e+08 	
1.30454532e+06 	 3.909348e+00 	 1.619741e+08 	
1.30460964e+06 	 3.553217e+00 	 1.604298e+08 	
1.30467397e+06 	 3.237980e+00 	 1.589811e+08 	
1.30473829e+06 	 2.958173e+00 	 1.576209e+08 	
1.30480262e+06 	 2.709149e+00 	 1.563425e+08 	
1.30486695e+06 	 2.486941e+00 	 1.551398e+08 	
1.30493127e+06 	 2.288156e+00 	 1.540071e+08 	
1.30501325e+06 	 2.064200e+00 	 1.526571e+08 	
1.30509524e+06 	 1.868510e+00 	 1.514030e+08 	
1.30517722e+06 	 1.696875e+00 	 1.502360e+08 	
1.30525920e+06 	 1.545790e+00 	 1.491485e+08 	
1.30534118e+06 	 1.412331e+00 	 1.481334e+08 	
1.30542316e+06 	 1.294042e+00 	 1.471844e+08 	
1.30550514e+06 	 1.188862e+00 	 1.462960e+08 	
1.30558712e+06 	 1.095045e+00 	 1.454629e+08 	
1.30569511e+06 	 9.863447e-01 	 1.444425e+08 	
1.30580310e+06 	 8.920105e-01 	 1.435009e+08 	
1.30591109e+06 	 8.097575e-01 	 1.426301e+08 	
1.30601908e+06 	 7.377175e-01 	 1.418229e+08 	
1.30612707e+06 	 6.743541e-01 	 1.410729e+08 	
1.30623506e+06 	 6.183973e-01 	 1.403747e+08 	
1.30637401e+06 	 5.556162e-01 	 1.395446e+08 	
1.30651295e+06 	 5.015296e-01 	 1.387829e+08 	
1.30665190e+06 	 4.546711e-01 	 1.380818e+08 	
1.30679084e+06 	 4.138601e-01 	 1.374346e+08 	
1.30692978e+06 	 3.781398e-01 	 1.368355e+08 	
1.30709915e+06 	 3.403602e-01 	 1.361629e+08 	
1.30726852e+06 	 3.078524e-01 	 1.355463e+08 	
1.30743789e+06 	 2.797114e-01 	 1.349791e+08 	
1.30760726e+06 	 2.552133e-01 	 1.344556e+08 	
1.30777663e+06 	 2.337742e-01 	 1.339709e+08 	
1.30802305e+06 	 2.070899e-01 	 1.333264e+08 	
1.30826947e+06 	 1.847436e-01 	 1.327443e+08 	
1.30851589e+06 	 1.658652e-01 	 1.322157e+08 	
1.30876231e+06 	 1.497880e-01 	 1.317333e+08 	
1.30905824e+06 	 1.334623e-01 	 1.312064e+08 	
1.30935416e+06 	 1.197494e-01 	 1.307286e+08 	
1.30965009e+06 	 1.081291e-01 	 1.302930e+08 	
1.30994601e+06 	 9.820260e-02 	 1.298937e+08 	
1.31037664e+06 	 8.616256e-02 	 1.293679e+08 	
1.31080728e+06 	 7.635138e-02 	 1.288972e+08 	
1.31123791e+06 	 6.825601e-02 	 1.284723e+08 	
1.31183451e+06 	 5.919460e-02 	 1.279459e+08 	
1.31243111e+06 	 5.201155e-02 	 1.274786e+08 	
1.31302771e+06 	 4.622332e-02 	 1.270592e+08 	
1.31371608e+06 	 4.084109e-02 	 1.266236e+08 	
1.31440446e+06 	 3.650432e-02 	 1.262303e+08 	
1.31509284e+06 	 3.295867e-02 	 1.258718e+08 	
1.31610964e+06 	 2.879641e-02 	 1.253936e+08 	
1.31712644e+06 	 2.557102e-02 	 1.249642e+08 	
1.31847273e+06 	 2.230727e-02 	 1.244539e+08 	
1.31981903e+06 	 1.984399e-02 	 1.239947e+08 	
1.32142581e+06 	 1.761990e-02 	 1.234974e+08 	
1.32303260e+06 	 1.593531e-02 	 1.230425e+08 	
1.32463939e+06 	 1.462849e-02 	 1.226202e+08 	
1.32713224e+06 	 1.311370e-02 	 1.220139e+08 	
1.32863890e+06 	 1.241227e-02 	 1.216699e+08 	
1.33185530e+06 	 1.127657e-02 	 1.209775e+08 	
1.33449705e+06 	 1.059830e-02 	 1.204413e+08 	
1.33893068e+06 	 9.781668e-03 	 1.195878e+08 	
1.34148264e+06 	 9.433043e-03 	 1.191163e+08 	
1.34725721e+06 	 8.844286e-03 	 1.180870e+08 	
1.35180497e+06 	 8.504541e-03 	 1.173039e+08 	
1.35956937e+06 	 8.063687e-03 	 1.160069e+08 	
1.36733377e+06 	 7.719498e-03 	 1.147482e+08 	
1.38080281e+06 	 7.230785e-03 	 1.126347e+08 	
1.38693670e+06 	 7.033170e-03 	 1.116976e+08 	
1.39166667e+06 	 6.887629e-03 	 1.109851e+08 	
1.40833333e+06 	 6.411929e-03 	 1.085398e+08 	
1.42500000e+06 	 5.980507e-03 	 1.061907e+08 	
1.44166667e+06 	 5.585741e-03 	 1.039315e+08 	
1.45833333e+06 	 5.223171e-03 	 1.017572e+08 	
1.47500000e+06 	 4.889782e-03 	 9.966312e+07 	
1.49166667e+06 	 4.582651e-03 	 9.764494e+07 	
1.50833333e+06 	 4.299256e-03 	 9.569866e+07 	
1.52500000e+06 	 4.037360e-03 	 9.382055e+07 	
1.54166667e+06 	 3.795049e-03 	 9.200715e+07 	
1.56666667e+06 	 3.464751e-03 	 8.940144e+07 	
1.58333333e+06 	 3.264378e-03 	 8.773621e+07 	
1.60000000e+06 	 3.078203e-03 	 8.612526e+07 	
1.61666667e+06 	 2.905163e-03 	 8.456606e+07 	
1.63333333e+06 	 2.743912e-03 	 8.305611e+07 	
1.65833333e+06 	 2.522536e-03 	 8.087883e+07 	
1.67500000e+06 	 2.387237e-03 	 7.948264e+07 	
1.69166667e+06 	 2.260799e-03 	 7.812840e+07 	
1.70833333e+06 	 2.142627e-03 	 7.681433e+07 	
1.73333333e+06 	 1.979324e-03 	 7.491471e+07 	
1.75000000e+06 	 1.878978e-03 	 7.369363e+07 	
1.76666667e+06 	 1.784977e-03 	 7.250713e+07 	
1.79166667e+06 	 1.654528e-03 	 7.078896e+07 	
1.80833333e+06 	 1.574118e-03 	 6.968270e+07 	
1.82500000e+06 	 1.498499e-03 	 6.860633e+07 	
1.85000000e+06 	 1.393248e-03 	 6.704523e+07 	
1.86666667e+06 	 1.328169e-03 	 6.603858e+07 	
1.89166667e+06 	 1.237402e-03 	 6.457711e+07 	
1.90833333e+06 	 1.181100e-03 	 6.363373e+07 	
1.93333333e+06 	 1.102529e-03 	 6.226286e+07 	
1.95000000e+06 	 1.053677e-03 	 6.137712e+07 	
1.97500000e+06 	 9.853405e-04 	 6.008882e+07 	
1.99166667e+06 	 9.427886e-04 	 5.925569e+07 	
2.01666667e+06 	 8.831645e-04 	 5.804291e+07 	
2.03333333e+06 	 8.459892e-04 	 5.725797e+07 	
2.05833333e+06 	 7.937140e-04 	 5.611432e+07 	
2.07500000e+06 	 7.610694e-04 	 5.537355e+07 	
2.10000000e+06 	 7.151618e-04 	 5.429349e+07 	
2.11666667e+06 	 6.864351e-04 	 5.359337e+07 	
2.14166667e+06 	 6.459490e-04 	 5.257182e+07 	
2.16666667e+06 	 6.083344e-04 	 5.158314e+07 	
2.18333333e+06 	 5.847768e-04 	 5.094159e+07 	
2.20833333e+06 	 5.514477e-04 	 5.000441e+07 	
2.23333333e+06 	 5.204434e-04 	 4.909630e+07 	
2.25833333e+06 	 4.915308e-04 	 4.821591e+07 	
2.27500000e+06 	 4.733541e-04 	 4.764380e+07 	
2.30000000e+06 	 4.476007e-04 	 4.680699e+07 	
2.32500000e+06 	 4.235248e-04 	 4.599478e+07 	
2.35000000e+06 	 4.010176e-04 	 4.520618e+07 	
2.37500000e+06 	 3.799548e-04 	 4.444018e+07 	
2.40000000e+06 	 3.602259e-04 	 4.369586e+07 	
2.42500000e+06 	 3.417344e-04 	 4.297232e+07 	
2.45000000e+06 	 3.243839e-04 	 4.226874e+07 	
2.47500000e+06 	 3.080926e-04 	 4.158431e+07 	
2.50000000e+06 	 2.927846e-04 	 4.091828e+07 	
2.52500000e+06 	 2.783909e-04 	 4.026994e+07 	
2.55000000e+06 	 2.648467e-04 	 3.963862e+07 	
2.57500000e+06 	 2.520944e-04 	 3.902367e+07 	
2.60000000e+06 	 2.400791e-04 	 3.842448e+07 	
2.62500000e+06 	 2.287508e-04 	 3.784047e+07 	
2.65000000e+06 	 2.180637e-04 	 3.727109e+07 	
2.67500000e+06 	 2.079745e-04 	 3.671579e+07 	
2.70000000e+06 	 1.984438e-04 	 3.617410e+07 	
2.72500000e+06 	 1.894362e-04 	 3.564551e+07 	
2.75000000e+06 	 1.809172e-04 	 3.512958e+07 	
2.77500000e+06 	 1.728562e-04 	 3.462588e+07 	
2.80000000e+06 	 1.652244e-04 	 3.413397e+07 	
2.82500000e+06 	 1.579947e-04 	 3.365347e+07 	
2.85000000e+06 	 1.511424e-04 	 3.318400e+07 	
2.87500000e+06 	 1.446439e-04 	 3.272518e+07 	
2.90000000e+06 	 1.384788e-04 	 3.227667e+07 	
2.92500000e+06 	 1.326265e-04 	 3.183814e+07 	
2.95000000e+06 	 1.270684e-04 	 3.140927e+07 	
2.97500000e+06 	 1.217873e-04 	 3.098974e+07 	
3.00000000e+06 	 1.167668e-04 	 3.057928e+07 	
3.02500000e+06 	 1.119917e-04 	 3.017759e+07 	
3.05000000e+06 	 1.074486e-04 	 2.978440e+07 	
3.07500000e+06 	 1.031240e-04 	 2.939946e+07 	
3.10000000e+06 	 9.900551e-05 	 2.902252e+07 	
3.12500000e+06 	 9.508176e-05 	 2.865334e+07 	
3.15000000e+06 	 9.134218e-05 	 2.829169e+07 	
3.17500000e+06 	 8.777642e-05 	 2.793734e+07 	
3.20000000e+06 	 8.437460e-05 	 2.759008e+07 	
3.22500000e+06 	 8.112852e-05 	 2.724972e+07 	
3.25000000e+06 	 7.803001e-05 	 2.691605e+07 	
3.27500000e+06 	 7.507077e-05 	 2.658888e+07 	
3.30000000e+06 	 7.224347e-05 	 2.626804e+07 	
3.32500000e+06 	 6.954145e-05 	 2.595334e+07 	
3.35000000e+06 	 6.695797e-05 	 2.564461e+07 	
3.37500000e+06 	 6.448723e-05 	 2.534170e+07 	
3.40000000e+06 	 6.212355e-05 	 2.504445e+07 	
3.42500000e+06 	 5.986118e-05 	 2.475269e+07 	
3.45000000e+06 	 5.769529e-05 	 2.446630e+07 	
3.47500000e+06 	 5.562112e-05 	 2.418512e+07 	
3.50000000e+06 	 5.363391e-05 	 2.390902e+07 	
3.52500000e+06 	 5.172963e-05 	 2.363787e+07 	
3.55000000e+06 	 4.990406e-05 	 2.337153e+07 	
3.57500000e+06 	 4.815352e-05 	 2.310989e+07 	
3.60000000e+06 	 4.647429e-05 	 2.285283e+07 	
3.62500000e+06 	 4.486310e-05 	 2.260023e+07 	
3.65000000e+06 	 4.331673e-05 	 2.235198e+07 	
3.67500000e+06 	 4.183206e-05 	 2.210798e+07 	
3.70000000e+06 	 4.040630e-05 	 2.186811e+07 	
3.72500000e+06 	 3.903663e-05 	 2.163228e+07 	
3.75000000e+06 	 3.772058e-05 	 2.140039e+07 	
3.77500000e+06 	 3.645561e-05 	 2.117235e+07 	
3.80000000e+06 	 3.523946e-05 	 2.094806e+07 	
3.82500000e+06 	 3.406986e-05 	 2.072743e+07 	
3.85000000e+06 	 3.294481e-05 	 2.051039e+07 	
3.87500000e+06 	 3.186233e-05 	 2.029684e+07 	
3.90000000e+06 	 3.082048e-05 	 2.008671e+07 	
3.92500000e+06 	 2.981754e-05 	 1.987991e+07 	
3.95000000e+06 	 2.885176e-05 	 1.967637e+07 	
3.97500000e+06 	 2.792157e-05 	 1.947602e+07 	
4.00000000e+06 	 2.702538e-05 	 1.927879e+07 	
4.02500000e+06 	 2.616180e-05 	 1.908460e+07 	
4.05000000e+06 	 2.532946e-05 	 1.889339e+07 	
4.07500000e+06 	 2.452698e-05 	 1.870509e+07 	
4.10000000e+06 	 2.375312e-05 	 1.851964e+07 	
4.12500000e+06 	 2.300670e-05 	 1.833698e+07 	
4.15000000e+06 	 2.228655e-05 	 1.815704e+07 	
4.17500000e+06 	 2.159163e-05 	 1.797977e+07 	
4.20000000e+06 	 2.092091e-05 	 1.780512e+07 	
4.22500000e+06 	 2.027336e-05 	 1.763302e+07 	
4.25000000e+06 	 1.964807e-05 	 1.746343e+07 	
4.27500000e+06 	 1.904412e-05 	 1.729629e+07 	
4.30000000e+06 	 1.846068e-05 	 1.713155e+07 	
4.32500000e+06 	 1.789693e-05 	 1.696916e+07 	
4.35000000e+06 	 1.735207e-05 	 1.680907e+07 	
4.37500000e+06 	 1.682538e-05 	 1.665124e+07 	
4.40000000e+06 	 1.631612e-05 	 1.649562e+07 	
4.42500000e+06 	 1.582363e-05 	 1.634216e+07 	
4.45000000e+06 	 1.534725e-05 	 1.619084e+07 	
4.47500000e+06 	 1.488636e-05 	 1.604159e+07 	
4.50000000e+06 	 1.444038e-05 	 1.589438e+07 	
4.52500000e+06 	 1.400871e-05 	 1.574917e+07 	
4.55000000e+06 	 1.359084e-05 	 1.560593e+07 	
4.57500000e+06 	 1.318623e-05 	 1.546461e+07 	
4.60000000e+06 	 1.279438e-05 	 1.532518e+07 	
4.62500000e+06 	 1.241481e-05 	 1.518760e+07 	
4.65000000e+06 	 1.204707e-05 	 1.505183e+07 	
4.67500000e+06 	 1.169072e-05 	 1.491785e+07 	
4.70000000e+06 	 1.134534e-05 	 1.478562e+07 	
4.72500000e+06 	 1.101052e-05 	 1.465510e+07 	
4.75000000e+06 	 1.068589e-05 	 1.452627e+07 	
4.77500000e+06 	 1.037106e-05 	 1.439910e+07 	
4.80000000e+06 	 1.006568e-05 	 1.427354e+07 	
4.82500000e+06 	 9.769417e-06 	 1.414959e+07 	
4.85000000e+06 	 9.481933e-06 	 1.402719e+07 	
4.87500000e+06 	 9.202922e-06 	 1.390634e+07 	
4.90000000e+06 	 8.932075e-06 	 1.378700e+07 	
4.92500000e+06 	 8.669108e-06 	 1.366914e+07 	
4.95000000e+06 	 8.413733e-06 	 1.355273e+07 	
5.00000000e+06 	 7.924722e-06 	 1.332420e+07 	
5.00050050e+06 	 7.919969e-06 	 1.332195e+07 	
5.00100100e+06 	 7.915218e-06 	 1.331969e+07 	
5.00150150e+06 	 7.910469e-06 	 1.331743e+07 	
5.00200200e+06 	 7.905724e-06 	 1.331517e+07 	
5.00250250e+06 	 7.900981e-06 	 1.331291e+07 	
5.00300300e+06 	 7.896241e-06 	 1.331066e+07 	
5.00350350e+06 	 7.891504e-06 	 1.330840e+07 	
5.00400400e+06 	 7.886769e-06 	 1.330615e+07 	
5.00450450e+06 	 7.882037e-06 	 1.330389e+07 	
5.00500501e+06 	 7.877308e-06 	 1.330164e+07 	
5.00550551e+06 	 7.872582e-06 	 1.329938e+07 	
5.00600601e+06 	 7.867858e-06 	 1.329713e+07 	
5.00650651e+06 	 7.863137e-06 	 1.329488e+07 	
5.00700701e+06 	 7.858419e-06 	 1.329262e+07 	
5.00750751e+06 	 7.853703e-06 	 1.329037e+07 	
5.00800801e+06 	 7.848990e-06 	 1.328812e+07 	
5.00850851e+06 	 7.844280e-06 	 1.328587e+07 	
5.00900901e+06 	 7.839573e-06 	 1.328362e+07 	
5.00950951e+06 	 7.834868e-06 	 1.328137e+07 	
5.01001001e+06 	 7.830166e-06 	 1.327912e+07 	
5.01051051e+06 	 7.825466e-06 	 1.327688e+07 	
5.01101101e+06 	 7.820770e-06 	 1.327463e+07 	
5.01151151e+06 	 7.816076e-06 	 1.327238e+07 	
5.01201201e+06 	 7.811384e-06 	 1.327013e+07 	
5.01251251e+06 	 7.806696e-06 	 1.326789e+07 	
5.01301301e+06 	 7.802010e-06 	 1.326564e+07 	
5.01351351e+06 	 7.797327e-06 	 1.326340e+07 	
5.01401401e+06 	 7.792646e-06 	 1.326115e+07 	
5.01451451e+06 	 7.787968e-06 	 1.325891e+07 	
5.01501502e+06 	 7.783293e-06 	 1.325667e+07 	
5.01551552e+06 	 7.778620e-06 	 1.325442e+07 	
5.01601602e+06 	 7.773951e-06 	 1.325218e+07 	
5.01651652e+06 	 7.769283e-06 	 1.324994e+07 	
5.01701702e+06 	 7.764619e-06 	 1.324770e+07 	
5.01751752e+06 	 7.759957e-06 	 1.324546e+07 	
5.01801802e+06 	 7.755298e-06 	 1.324322e+07 	
5.01851852e+06 	 7.750641e-06 	 1.324098e+07 	
5.01901902e+06 	 7.745987e-06 	 1.323874e+07 	
5.01951952e+06 	 7.741336e-06 	 1.323650e+07 	
5.02002002e+06 	 7.736688e-06 	 1.323426e+07 	
5.02052052e+06 	 7.732042e-06 	 1.323203e+07 	
5.02102102e+06 	 7.727399e-06 	 1.322979e+07 	
5.02152152e+06 	 7.722758e-06 	 1.322755e+07 	
5.02202202e+06 	 7.718120e-06 	 1.322532e+07 	
5.02252252e+06 	 7.713485e-06 	 1.322308e+07 	
5.02302302e+06 	 7.708852e-06 	 1.322085e+07 	
5.02352352e+06 	 7.704222e-06 	 1.321861e+07 	
5.02402402e+06 	 7.699595e-06 	 1.321638e+07 	
5.02452452e+06 	 7.694970e-06 	 1.321415e+07 	
5.02502503e+06 	 7.690348e-06 	 1.321192e+07 	
5.02552553e+06 	 7.685729e-06 	 1.320968e+07 	
5.02602603e+06 	 7.681112e-06 	 1.320745e+07 	
5.02652653e+06 	 7.676498e-06 	 1.320522e+07 	
5.02702703e+06 	 7.671887e-06 	 1.320299e+07 	
5.02752753e+06 	 7.667278e-06 	 1.320076e+07 	
5.02802803e+06 	 7.662672e-06 	 1.319853e+07 	
5.02852853e+06 	 7.658068e-06 	 1.319630e+07 	
5.02902903e+06 	 7.653467e-06 	 1.319408e+07 	
5.02952953e+06 	 7.648869e-06 	 1.319185e+07 	
5.03003003e+06 	 7.644273e-06 	 1.318962e+07 	
5.03053053e+06 	 7.639680e-06 	 1.318740e+07 	
5.03103103e+06 	 7.635090e-06 	 1.318517e+07 	
5.03153153e+06 	 7.630502e-06 	 1.318294e+07 	
5.03203203e+06 	 7.625916e-06 	 1.318072e+07 	
5.03253253e+06 	 7.621334e-06 	 1.317850e+07 	
5.03303303e+06 	 7.616754e-06 	 1.317627e+07 	
5.03353353e+06 	 7.612176e-06 	 1.317405e+07 	
5.03403403e+06 	 7.607602e-06 	 1.317183e+07 	
5.03453453e+06 	 7.603029e-06 	 1.316960e+07 	
5.03503504e+06 	 7.598460e-06 	 1.316738e+07 	
5.03553554e+06 	 7.593893e-06 	 1.316516e+07 	
5.03603604e+06 	 7.589329e-06 	 1.316294e+07 	
5.03653654e+06 	 7.584767e-06 	 1.316072e+07 	
5.03703704e+06 	 7.580208e-06 	 1.315850e+07 	
5.03753754e+06 	 7.575651e-06 	 1.315628e+07 	
5.03803804e+06 	 7.571097e-06 	 1.315406e+07 	
5.03853854e+06 	 7.566546e-06 	 1.315185e+07 	
5.03903904e+06 	 7.561997e-06 	 1.314963e+07 	
5.03953954e+06 	 7.557451e-06 	 1.314741e+07 	
5.04004004e+06 	 7.552907e-06 	 1.314520e+07 	
5.04054054e+06 	 7.548366e-06 	 1.314298e+07 	
5.04104104e+06 	 7.543827e-06 	 1.314077e+07 	
5.04154154e+06 	 7.539292e-06 	 1.313855e+07 	
5.04204204e+06 	 7.534758e-06 	 1.313634e+07 	
5.04254254e+06 	 7.530228e-06 	 1.313412e+07 	
5.04304304e+06 	 7.525699e-06 	 1.313191e+07 	
5.04354354e+06 	 7.521174e-06 	 1.312970e+07 	
5.04404404e+06 	 7.516651e-06 	 1.312749e+07 	
5.04454454e+06 	 7.512130e-06 	 1.312528e+07 	
5.04504505e+06 	 7.507612e-06 	 1.312307e+07 	
5.04554555e+06 	 7.503097e-06 	 1.312086e+07 	
5.04604605e+06 	 7.498584e-06 	 1.311865e+07 	
5.04654655e+06 	 7.494074e-06 	 1.311644e+07 	
5.04704705e+06 	 7.489567e-06 	 1.311423e+07 	
5.04754755e+06 	 7.485062e-06 	 1.311202e+07 	
5.04804805e+06 	 7.480559e-06 	 1.310981e+07 	
5.04854855e+06 	 7.476059e-06 	 1.310761e+07 	
5.04904905e+06 	 7.471562e-06 	 1.310540e+07 	
5.04954955e+06 	 7.467067e-06 	 1.310319e+07 	
5.05005005e+06 	 7.462575e-06 	 1.310099e+07 	
5.05055055e+06 	 7.458085e-06 	 1.309878e+07 	
5.05105105e+06 	 7.453598e-06 	 1.309658e+07 	
5.05155155e+06 	 7.449113e-06 	 1.309438e+07 	
5.05205205e+06 	 7.444631e-06 	 1.309217e+07 	
5.05255255e+06 	 7.440152e-06 	 1.308997e+07 	
5.05305305e+06 	 7.435675e-06 	 1.308777e+07 	
5.05355355e+06 	 7.431200e-06 	 1.308557e+07 	
5.05405405e+06 	 7.426728e-06 	 1.308337e+07 	
5.05455455e+06 	 7.422259e-06 	 1.308116e+07 	
5.05505506e+06 	 7.417792e-06 	 1.307896e+07 	
5.05555556e+06 	 7.413328e-06 	 1.307677e+07 	
5.05605606e+06 	 7.408866e-06 	 1.307457e+07 	
5.05655656e+06 	 7.404407e-06 	 1.307237e+07 	
5.05705706e+06 	 7.399950e-06 	 1.307017e+07 	
5.05755756e+06 	 7.395496e-06 	 1.306797e+07 	
5.05805806e+06 	 7.391044e-06 	 1.306578e+07 	
5.05855856e+06 	 7.386595e-06 	 1.306358e+07 	
5.05905906e+06 	 7.382148e-06 	 1.306138e+07 	
5.05955956e+06 	 7.377704e-06 	 1.305919e+07 	
5.06006006e+06 	 7.373262e-06 	 1.305699e+07 	
5.06056056e+06 	 7.368823e-06 	 1.305480e+07 	
5.06106106e+06 	 7.364387e-06 	 1.305261e+07 	
5.06156156e+06 	 7.359952e-06 	 1.305041e+07 	
5.06206206e+06 	 7.355521e-06 	 1.304822e+07 	
5.06256256e+06 	 7.351092e-06 	 1.304603e+07 	
5.06306306e+06 	 7.346665e-06 	 1.304384e+07 	
5.06356356e+06 	 7.342241e-06 	 1.304165e+07 	
5.06406406e+06 	 7.337819e-06 	 1.303946e+07 	
5.06456456e+06 	 7.333400e-06 	 1.303727e+07 	
5.06506507e+06 	 7.328983e-06 	 1.303508e+07 	
5.06556557e+06 	 7.324569e-06 	 1.303289e+07 	
5.06606607e+06 	 7.320158e-06 	 1.303070e+07 	
5.06656657e+06 	 7.315748e-06 	 1.302851e+07 	
5.06706707e+06 	 7.311342e-06 	 1.302633e+07 	
5.06756757e+06 	 7.306937e-06 	 1.302414e+07 	
5.06806807e+06 	 7.302536e-06 	 1.302195e+07 	
5.06856857e+06 	 7.298136e-06 	 1.301977e+07 	
5.06906907e+06 	 7.293740e-06 	 1.301758e+07 	
5.06956957e+06 	 7.289345e-06 	 1.301540e+07 	
5.07007007e+06 	 7.284954e-06 	 1.301321e+07 	
5.07057057e+06 	 7.280564e-06 	 1.301103e+07 	
5.07107107e+06 	 7.276177e-06 	 1.300885e+07 	
5.07157157e+06 	 7.271793e-06 	 1.300666e+07 	
5.07207207e+06 	 7.267411e-06 	 1.300448e+07 	
5.07257257e+06 	 7.263032e-06 	 1.300230e+07 	
5.07307307e+06 	 7.258655e-06 	 1.300012e+07 	
5.07357357e+06 	 7.254280e-06 	 1.299794e+07 	
5.07407407e+06 	 7.249908e-06 	 1.299576e+07 	
5.07457457e+06 	 7.245538e-06 	 1.299358e+07 	
5.07507508e+06 	 7.241171e-06 	 1.299140e+07 	
5.07557558e+06 	 7.236806e-06 	 1.298922e+07 	
5.07607608e+06 	 7.232444e-06 	 1.298705e+07 	
5.07657658e+06 	 7.228084e-06 	 1.298487e+07 	
5.07707708e+06 	 7.223727e-06 	 1.298269e+07 	
5.07757758e+06 	 7.219372e-06 	 1.298052e+07 	
5.07807808e+06 	 7.215020e-06 	 1.297834e+07 	
5.07857858e+06 	 7.210670e-06 	 1.297616e+07 	
5.07907908e+06 	 7.206322e-06 	 1.297399e+07 	
5.07957958e+06 	 7.201977e-06 	 1.297182e+07 	
5.08008008e+06 	 7.197635e-06 	 1.296964e+07 	
5.08058058e+06 	 7.193294e-06 	 1.296747e+07 	
5.08108108e+06 	 7.188957e-06 	 1.296530e+07 	
5.08158158e+06 	 7.184621e-06 	 1.296313e+07 	
5.08208208e+06 	 7.180288e-06 	 1.296095e+07 	
5.08258258e+06 	 7.175958e-06 	 1.295878e+07 	
5.08308308e+06 	 7.171630e-06 	 1.295661e+07 	
5.08358358e+06 	 7.167304e-06 	 1.295444e+07 	
5.08408408e+06 	 7.162981e-06 	 1.295227e+07 	
5.08458458e+06 	 7.158661e-06 	 1.295010e+07 	
5.08508509e+06 	 7.154342e-06 	 1.294794e+07 	
5.08558559e+06 	 7.150026e-06 	 1.294577e+07 	
5.08608609e+06 	 7.145713e-06 	 1.294360e+07 	
5.08658659e+06 	 7.141402e-06 	 1.294144e+07 	
5.08708709e+06 	 7.137093e-06 	 1.293927e+07 	
5.08758759e+06 	 7.132787e-06 	 1.293710e+07 	
5.08808809e+06 	 7.128483e-06 	 1.293494e+07 	
5.08858859e+06 	 7.124182e-06 	 1.293277e+07 	
5.08908909e+06 	 7.119883e-06 	 1.293061e+07 	
5.08958959e+06 	 7.115587e-06 	 1.292845e+07 	
5.09009009e+06 	 7.111292e-06 	 1.292628e+07 	
5.09059059e+06 	 7.107001e-06 	 1.292412e+07 	
5.09109109e+06 	 7.102711e-06 	 1.292196e+07 	
5.09159159e+06 	 7.098425e-06 	 1.291980e+07 	
5.09209209e+06 	 7.094140e-06 	 1.291764e+07 	
5.09259259e+06 	 7.089858e-06 	 1.291548e+07 	
5.09309309e+06 	 7.085578e-06 	 1.291332e+07 	
5.09359359e+06 	 7.081301e-06 	 1.291116e+07 	
5.09409409e+06 	 7.077026e-06 	 1.290900e+07 	
5.09459459e+06 	 7.072754e-06 	 1.290684e+07 	
5.09509510e+06 	 7.068483e-06 	 1.290468e+07 	
5.09559560e+06 	 7.064216e-06 	 1.290252e+07 	
5.09609610e+06 	 7.059950e-06 	 1.290037e+07 	
5.09659660e+06 	 7.055687e-06 	 1.289821e+07 	
5.09709710e+06 	 7.051427e-06 	 1.289605e+07 	
5.09759760e+06 	 7.047169e-06 	 1.289390e+07 	
5.09809810e+06 	 7.042913e-06 	 1.289174e+07 	
5.09859860e+06 	 7.038660e-06 	 1.288959e+07 	
5.09909910e+06 	 7.034409e-06 	 1.288744e+07 	
5.09959960e+06 	 7.030160e-06 	 1.288528e+07 	
5.10010010e+06 	 7.025914e-06 	 1.288313e+07 	
5.10060060e+06 	 7.021670e-06 	 1.288098e+07 	
5.10110110e+06 	 7.017428e-06 	 1.287883e+07 	
5.10160160e+06 	 7.013189e-06 	 1.287668e+07 	
5.10210210e+06 	 7.008952e-06 	 1.287453e+07 	
5.10260260e+06 	 7.004718e-06 	 1.287238e+07 	
5.10310310e+06 	 7.000486e-06 	 1.287023e+07 	
5.10360360e+06 	 6.996256e-06 	 1.286808e+07 	
5.10410410e+06 	 6.992029e-06 	 1.286593e+07 	
5.10460460e+06 	 6.987804e-06 	 1.286378e+07 	
5.10510511e+06 	 6.983582e-06 	 1.286163e+07 	
5.10560561e+06 	 6.979361e-06 	 1.285949e+07 	
5.10610611e+06 	 6.975143e-06 	 1.285734e+07 	
5.10660661e+06 	 6.970928e-06 	 1.285519e+07 	
5.10710711e+06 	 6.966715e-06 	 1.285305e+07 	
5.10760761e+06 	 6.962504e-06 	 1.285090e+07 	
5.10810811e+06 	 6.958296e-06 	 1.284876e+07 	
5.10860861e+06 	 6.954089e-06 	 1.284662e+07 	
5.10910911e+06 	 6.949886e-06 	 1.284447e+07 	
5.10960961e+06 	 6.945684e-06 	 1.284233e+07 	
5.11011011e+06 	 6.941485e-06 	 1.284019e+07 	
5.11061061e+06 	 6.937289e-06 	 1.283805e+07 	
5.11111111e+06 	 6.933094e-06 	 1.283590e+07 	
5.11161161e+06 	 6.928902e-06 	 1.283376e+07 	
5.11211211e+06 	 6.924712e-06 	 1.283162e+07 	
5.11261261e+06 	 6.920525e-06 	 1.282948e+07 	
5.11311311e+06 	 6.916340e-06 	 1.282734e+07 	
5.11361361e+06 	 6.912157e-06 	 1.282521e+07 	
5.11411411e+06 	 6.907977e-06 	 1.282307e+07 	
5.11461461e+06 	 6.903799e-06 	 1.282093e+07 	
5.11511512e+06 	 6.899623e-06 	 1.281879e+07 	
5.11561562e+06 	 6.895450e-06 	 1.281666e+07 	
5.11611612e+06 	 6.891279e-06 	 1.281452e+07 	
5.11661662e+06 	 6.887110e-06 	 1.281238e+07 	
5.11711712e+06 	 6.882944e-06 	 1.281025e+07 	
5.11761762e+06 	 6.878780e-06 	 1.280811e+07 	
5.11811812e+06 	 6.874618e-06 	 1.280598e+07 	
5.11861862e+06 	 6.870458e-06 	 1.280385e+07 	
5.11911912e+06 	 6.866301e-06 	 1.280171e+07 	
5.11961962e+06 	 6.862146e-06 	 1.279958e+07 	
5.12012012e+06 	 6.857994e-06 	 1.279745e+07 	
5.12062062e+06 	 6.853844e-06 	 1.279532e+07 	
5.12112112e+06 	 6.849696e-06 	 1.279319e+07 	
5.12162162e+06 	 6.845550e-06 	 1.279106e+07 	
5.12212212e+06 	 6.841407e-06 	 1.278893e+07 	
5.12262262e+06 	 6.837266e-06 	 1.278680e+07 	
5.12312312e+06 	 6.833127e-06 	 1.278467e+07 	
5.12362362e+06 	 6.828991e-06 	 1.278254e+07 	
5.12412412e+06 	 6.824857e-06 	 1.278041e+07 	
5.12462462e+06 	 6.820725e-06 	 1.277828e+07 	
5.12512513e+06 	 6.816595e-06 	 1.277616e+07 	
5.12562563e+06 	 6.812468e-06 	 1.277403e+07 	
5.12612613e+06 	 6.808343e-06 	 1.277190e+07 	
5.12662663e+06 	 6.804221e-06 	 1.276978e+07 	
5.12712713e+06 	 6.800100e-06 	 1.276765e+07 	
5.12762763e+06 	 6.795982e-06 	 1.276553e+07 	
5.12812813e+06 	 6.791867e-06 	 1.276340e+07 	
5.12862863e+06 	 6.787753e-06 	 1.276128e+07 	
5.12912913e+06 	 6.783642e-06 	 1.275916e+07 	
5.12962963e+06 	 6.779533e-06 	 1.275704e+07 	
5.13013013e+06 	 6.775426e-06 	 1.275491e+07 	
5.13063063e+06 	 6.771322e-06 	 1.275279e+07 	
5.13113113e+06 	 6.767220e-06 	 1.275067e+07 	
5.13163163e+06 	 6.763120e-06 	 1.274855e+07 	
5.13213213e+06 	 6.759023e-06 	 1.274643e+07 	
5.13263263e+06 	 6.754927e-06 	 1.274431e+07 	
5.13313313e+06 	 6.750834e-06 	 1.274219e+07 	
5.13363363e+06 	 6.746743e-06 	 1.274008e+07 	
5.13413413e+06 	 6.742655e-06 	 1.273796e+07 	
5.13463463e+06 	 6.738569e-06 	 1.273584e+07 	
5.13513514e+06 	 6.734485e-06 	 1.273372e+07 	
5.13563564e+06 	 6.730403e-06 	 1.273161e+07 	
5.13613614e+06 	 6.726324e-06 	 1.272949e+07 	
5.13663664e+06 	 6.722247e-06 	 1.272738e+07 	
5.13713714e+06 	 6.718172e-06 	 1.272526e+07 	
5.13763764e+06 	 6.714099e-06 	 1.272315e+07 	
5.13813814e+06 	 6.710029e-06 	 1.272103e+07 	
5.13863864e+06 	 6.705960e-06 	 1.271892e+07 	
5.13913914e+06 	 6.701894e-06 	 1.271681e+07 	
5.13963964e+06 	 6.697831e-06 	 1.271470e+07 	
5.14014014e+06 	 6.693769e-06 	 1.271258e+07 	
5.14064064e+06 	 6.689710e-06 	 1.271047e+07 	
5.14114114e+06 	 6.685653e-06 	 1.270836e+07 	
5.14164164e+06 	 6.681599e-06 	 1.270625e+07 	
5.14214214e+06 	 6.677546e-06 	 1.270414e+07 	
5.14264264e+06 	 6.673496e-06 	 1.270203e+07 	
5.14314314e+06 	 6.669448e-06 	 1.269992e+07 	
5.14364364e+06 	 6.665402e-06 	 1.269782e+07 	
5.14414414e+06 	 6.661359e-06 	 1.269571e+07 	
5.14464464e+06 	 6.657317e-06 	 1.269360e+07 	
5.14514515e+06 	 6.653278e-06 	 1.269149e+07 	
5.14564565e+06 	 6.649241e-06 	 1.268939e+07 	
5.14614615e+06 	 6.645207e-06 	 1.268728e+07 	
5.14664665e+06 	 6.641174e-06 	 1.268518e+07 	
5.14714715e+06 	 6.637144e-06 	 1.268307e+07 	
5.14764765e+06 	 6.633116e-06 	 1.268097e+07 	
5.14814815e+06 	 6.629091e-06 	 1.267886e+07 	
5.14864865e+06 	 6.625067e-06 	 1.267676e+07 	
5.14914915e+06 	 6.621046e-06 	 1.267466e+07 	
5.14964965e+06 	 6.617027e-06 	 1.267256e+07 	
5.15015015e+06 	 6.613010e-06 	 1.267045e+07 	
5.15065065e+06 	 6.608995e-06 	 1.266835e+07 	
5.15115115e+06 	 6.604983e-06 	 1.266625e+07 	
5.15165165e+06 	 6.600973e-06 	 1.266415e+07 	
5.15215215e+06 	 6.596965e-06 	 1.266205e+07 	
5.15265265e+06 	 6.592959e-06 	 1.265995e+07 	
5.15315315e+06 	 6.588955e-06 	 1.265785e+07 	
5.15365365e+06 	 6.584954e-06 	 1.265576e+07 	
5.15415415e+06 	 6.580955e-06 	 1.265366e+07 	
5.15465465e+06 	 6.576958e-06 	 1.265156e+07 	
5.15515516e+06 	 6.572963e-06 	 1.264946e+07 	
5.15565566e+06 	 6.568971e-06 	 1.264737e+07 	
5.15615616e+06 	 6.564980e-06 	 1.264527e+07 	
5.15665666e+06 	 6.560992e-06 	 1.264318e+07 	
5.15715716e+06 	 6.557006e-06 	 1.264108e+07 	
5.15765766e+06 	 6.553022e-06 	 1.263899e+07 	
5.15815816e+06 	 6.549041e-06 	 1.263690e+07 	
5.15865866e+06 	 6.545061e-06 	 1.263480e+07 	
5.15915916e+06 	 6.541084e-06 	 1.263271e+07 	
5.15965966e+06 	 6.537109e-06 	 1.263062e+07 	
5.16016016e+06 	 6.533136e-06 	 1.262853e+07 	
5.16066066e+06 	 6.529165e-06 	 1.262643e+07 	
5.16116116e+06 	 6.525197e-06 	 1.262434e+07 	
5.16166166e+06 	 6.521230e-06 	 1.262225e+07 	
5.16216216e+06 	 6.517266e-06 	 1.262016e+07 	
5.16266266e+06 	 6.513304e-06 	 1.261807e+07 	
5.16316316e+06 	 6.509344e-06 	 1.261599e+07 	
5.16366366e+06 	 6.505387e-06 	 1.261390e+07 	
5.16416416e+06 	 6.501431e-06 	 1.261181e+07 	
5.16466466e+06 	 6.497478e-06 	 1.260972e+07 	
5.16516517e+06 	 6.493527e-06 	 1.260764e+07 	
5.16566567e+06 	 6.489578e-06 	 1.260555e+07 	
5.16616617e+06 	 6.485631e-06 	 1.260346e+07 	
5.16666667e+06 	 6.481686e-06 	 1.260138e+07 	
5.16716717e+06 	 6.477744e-06 	 1.259929e+07 	
5.16766767e+06 	 6.473803e-06 	 1.259721e+07 	
5.16816817e+06 	 6.469865e-06 	 1.259513e+07 	
5.16866867e+06 	 6.465929e-06 	 1.259304e+07 	
5.16916917e+06 	 6.461995e-06 	 1.259096e+07 	
5.16966967e+06 	 6.458063e-06 	 1.258888e+07 	
5.17017017e+06 	 6.454134e-06 	 1.258680e+07 	
5.17067067e+06 	 6.450206e-06 	 1.258471e+07 	
5.17117117e+06 	 6.446281e-06 	 1.258263e+07 	
5.17167167e+06 	 6.442358e-06 	 1.258055e+07 	
5.17217217e+06 	 6.438437e-06 	 1.257847e+07 	
5.17267267e+06 	 6.434518e-06 	 1.257639e+07 	
5.17317317e+06 	 6.430601e-06 	 1.257431e+07 	
5.17367367e+06 	 6.426687e-06 	 1.257224e+07 	
5.17417417e+06 	 6.422774e-06 	 1.257016e+07 	
5.17467467e+06 	 6.418864e-06 	 1.256808e+07 	
5.17517518e+06 	 6.414956e-06 	 1.256600e+07 	
5.17567568e+06 	 6.411050e-06 	 1.256393e+07 	
5.17617618e+06 	 6.407146e-06 	 1.256185e+07 	
5.17667668e+06 	 6.403244e-06 	 1.255978e+07 	
5.17717718e+06 	 6.399345e-06 	 1.255770e+07 	
5.17767768e+06 	 6.395447e-06 	 1.255563e+07 	
5.17817818e+06 	 6.391552e-06 	 1.255355e+07 	
5.17867868e+06 	 6.387659e-06 	 1.255148e+07 	
5.17917918e+06 	 6.383768e-06 	 1.254941e+07 	
5.17967968e+06 	 6.379879e-06 	 1.254733e+07 	
5.18018018e+06 	 6.375992e-06 	 1.254526e+07 	
5.18068068e+06 	 6.372107e-06 	 1.254319e+07 	
5.18118118e+06 	 6.368225e-06 	 1.254112e+07 	
5.18168168e+06 	 6.364344e-06 	 1.253905e+07 	
5.18218218e+06 	 6.360466e-06 	 1.253698e+07 	
5.18268268e+06 	 6.356589e-06 	 1.253491e+07 	
5.18318318e+06 	 6.352715e-06 	 1.253284e+07 	
5.18368368e+06 	 6.348843e-06 	 1.253077e+07 	
5.18418418e+06 	 6.344973e-06 	 1.252871e+07 	
5.18468468e+06 	 6.341106e-06 	 1.252664e+07 	
5.18518519e+06 	 6.337240e-06 	 1.252457e+07 	
5.18568569e+06 	 6.333376e-06 	 1.252250e+07 	
5.18618619e+06 	 6.329515e-06 	 1.252044e+07 	
5.18668669e+06 	 6.325656e-06 	 1.251837e+07 	
5.18718719e+06 	 6.321798e-06 	 1.251631e+07 	
5.18768769e+06 	 6.317943e-06 	 1.251424e+07 	
5.18818819e+06 	 6.314090e-06 	 1.251218e+07 	
5.18868869e+06 	 6.310239e-06 	 1.251012e+07 	
5.18918919e+06 	 6.306390e-06 	 1.250805e+07 	
5.18968969e+06 	 6.302543e-06 	 1.250599e+07 	
5.19019019e+06 	 6.298699e-06 	 1.250393e+07 	
5.19069069e+06 	 6.294856e-06 	 1.250187e+07 	
5.19119119e+06 	 6.291016e-06 	 1.249980e+07 	
5.19169169e+06 	 6.287177e-06 	 1.249774e+07 	
5.19219219e+06 	 6.283341e-06 	 1.249568e+07 	
5.19269269e+06 	 6.279507e-06 	 1.249362e+07 	
5.19319319e+06 	 6.275675e-06 	 1.249156e+07 	
5.19369369e+06 	 6.271845e-06 	 1.248951e+07 	
5.19419419e+06 	 6.268017e-06 	 1.248745e+07 	
5.19469469e+06 	 6.264191e-06 	 1.248539e+07 	
5.19519520e+06 	 6.260367e-06 	 1.248333e+07 	
5.19569570e+06 	 6.256545e-06 	 1.248128e+07 	
5.19619620e+06 	 6.252726e-06 	 1.247922e+07 	
5.19669670e+06 	 6.248908e-06 	 1.247716e+07 	
5.19719720e+06 	 6.245093e-06 	 1.247511e+07 	
5.19769770e+06 	 6.241279e-06 	 1.247305e+07 	
5.19819820e+06 	 6.237468e-06 	 1.247100e+07 	
5.19869870e+06 	 6.233659e-06 	 1.246895e+07 	
5.19919920e+06 	 6.229851e-06 	 1.246689e+07 	
5.19969970e+06 	 6.226046e-06 	 1.246484e+07 	
5.20020020e+06 	 6.222243e-06 	 1.246279e+07 	
5.20070070e+06 	 6.218442e-06 	 1.246073e+07 	
5.20120120e+06 	 6.214643e-06 	 1.245868e+07 	
5.20170170e+06 	 6.210846e-06 	 1.245663e+07 	
5.20220220e+06 	 6.207051e-06 	 1.245458e+07 	
5.20270270e+06 	 6.203259e-06 	 1.245253e+07 	
5.20320320e+06 	 6.199468e-06 	 1.245048e+07 	
5.20370370e+06 	 6.195679e-06 	 1.244843e+07 	
5.20420420e+06 	 6.191893e-06 	 1.244638e+07 	
5.20470470e+06 	 6.188108e-06 	 1.244434e+07 	
5.20520521e+06 	 6.184326e-06 	 1.244229e+07 	
5.20570571e+06 	 6.180545e-06 	 1.244024e+07 	
5.20620621e+06 	 6.176767e-06 	 1.243820e+07 	
5.20670671e+06 	 6.172991e-06 	 1.243615e+07 	
5.20720721e+06 	 6.169216e-06 	 1.243410e+07 	
5.20770771e+06 	 6.165444e-06 	 1.243206e+07 	
5.20820821e+06 	 6.161674e-06 	 1.243001e+07 	
5.20870871e+06 	 6.157906e-06 	 1.242797e+07 	
5.20920921e+06 	 6.154140e-06 	 1.242593e+07 	
5.20970971e+06 	 6.150375e-06 	 1.242388e+07 	
5.21021021e+06 	 6.146613e-06 	 1.242184e+07 	
5.21071071e+06 	 6.142853e-06 	 1.241980e+07 	
5.21121121e+06 	 6.139095e-06 	 1.241776e+07 	
5.21171171e+06 	 6.135340e-06 	 1.241571e+07 	
5.21221221e+06 	 6.131586e-06 	 1.241367e+07 	
5.21271271e+06 	 6.127834e-06 	 1.241163e+07 	
5.21321321e+06 	 6.124084e-06 	 1.240959e+07 	
5.21371371e+06 	 6.120336e-06 	 1.240755e+07 	
5.21421421e+06 	 6.116590e-06 	 1.240552e+07 	
5.21471471e+06 	 6.112846e-06 	 1.240348e+07 	
5.21521522e+06 	 6.109105e-06 	 1.240144e+07 	
5.21571572e+06 	 6.105365e-06 	 1.239940e+07 	
5.21621622e+06 	 6.101627e-06 	 1.239736e+07 	
5.21671672e+06 	 6.097892e-06 	 1.239533e+07 	
5.21721722e+06 	 6.094158e-06 	 1.239329e+07 	
5.21771772e+06 	 6.090426e-06 	 1.239126e+07 	
5.21821822e+06 	 6.086697e-06 	 1.238922e+07 	
5.21871872e+06 	 6.082969e-06 	 1.238719e+07 	
5.21921922e+06 	 6.079243e-06 	 1.238515e+07 	
5.21971972e+06 	 6.075520e-06 	 1.238312e+07 	
5.22022022e+06 	 6.071798e-06 	 1.238109e+07 	
5.22072072e+06 	 6.068079e-06 	 1.237905e+07 	
5.22122122e+06 	 6.064361e-06 	 1.237702e+07 	
5.22172172e+06 	 6.060646e-06 	 1.237499e+07 	
5.22222222e+06 	 6.056932e-06 	 1.237296e+07 	
5.22272272e+06 	 6.053220e-06 	 1.237093e+07 	
5.22322322e+06 	 6.049511e-06 	 1.236890e+07 	
5.22372372e+06 	 6.045803e-06 	 1.236687e+07 	
5.22422422e+06 	 6.042098e-06 	 1.236484e+07 	
5.22472472e+06 	 6.038394e-06 	 1.236281e+07 	
5.22522523e+06 	 6.034693e-06 	 1.236078e+07 	
5.22572573e+06 	 6.030993e-06 	 1.235875e+07 	
5.22622623e+06 	 6.027295e-06 	 1.235673e+07 	
5.22672673e+06 	 6.023600e-06 	 1.235470e+07 	
5.22722723e+06 	 6.019906e-06 	 1.235267e+07 	
5.22772773e+06 	 6.016215e-06 	 1.235065e+07 	
5.22822823e+06 	 6.012525e-06 	 1.234862e+07 	
5.22872873e+06 	 6.008837e-06 	 1.234660e+07 	
5.22922923e+06 	 6.005152e-06 	 1.234457e+07 	
5.22972973e+06 	 6.001468e-06 	 1.234255e+07 	
5.23023023e+06 	 5.997786e-06 	 1.234052e+07 	
5.23073073e+06 	 5.994107e-06 	 1.233850e+07 	
5.23123123e+06 	 5.990429e-06 	 1.233648e+07 	
5.23173173e+06 	 5.986753e-06 	 1.233446e+07 	
5.23223223e+06 	 5.983079e-06 	 1.233243e+07 	
5.23273273e+06 	 5.979407e-06 	 1.233041e+07 	
5.23323323e+06 	 5.975738e-06 	 1.232839e+07 	
5.23373373e+06 	 5.972070e-06 	 1.232637e+07 	
5.23423423e+06 	 5.968404e-06 	 1.232435e+07 	
5.23473473e+06 	 5.964740e-06 	 1.232233e+07 	
5.23523524e+06 	 5.961078e-06 	 1.232031e+07 	
5.23573574e+06 	 5.957418e-06 	 1.231829e+07 	
5.23623624e+06 	 5.953760e-06 	 1.231628e+07 	
5.23673674e+06 	 5.950104e-06 	 1.231426e+07 	
5.23723724e+06 	 5.946450e-06 	 1.231224e+07 	
5.23773774e+06 	 5.942797e-06 	 1.231023e+07 	
5.23823824e+06 	 5.939147e-06 	 1.230821e+07 	
5.23873874e+06 	 5.935499e-06 	 1.230619e+07 	
5.23923924e+06 	 5.931853e-06 	 1.230418e+07 	
5.23973974e+06 	 5.928208e-06 	 1.230216e+07 	
5.24024024e+06 	 5.924566e-06 	 1.230015e+07 	
5.24074074e+06 	 5.920926e-06 	 1.229814e+07 	
5.24124124e+06 	 5.917287e-06 	 1.229612e+07 	
5.24174174e+06 	 5.913650e-06 	 1.229411e+07 	
5.24224224e+06 	 5.910016e-06 	 1.229210e+07 	
5.24274274e+06 	 5.906383e-06 	 1.229009e+07 	
5.24324324e+06 	 5.902753e-06 	 1.228808e+07 	
5.24374374e+06 	 5.899124e-06 	 1.228606e+07 	
5.24424424e+06 	 5.895497e-06 	 1.228405e+07 	
5.24474474e+06 	 5.891872e-06 	 1.228204e+07 	
5.24524525e+06 	 5.888249e-06 	 1.228004e+07 	
5.24574575e+06 	 5.884628e-06 	 1.227803e+07 	
5.24624625e+06 	 5.881009e-06 	 1.227602e+07 	
5.24674675e+06 	 5.877392e-06 	 1.227401e+07 	
5.24724725e+06 	 5.873777e-06 	 1.227200e+07 	
5.24774775e+06 	 5.870163e-06 	 1.227000e+07 	
5.24824825e+06 	 5.866552e-06 	 1.226799e+07 	
5.24874875e+06 	 5.862943e-06 	 1.226598e+07 	
5.24924925e+06 	 5.859335e-06 	 1.226398e+07 	
5.24974975e+06 	 5.855730e-06 	 1.226197e+07 	
5.25025025e+06 	 5.852126e-06 	 1.225997e+07 	
5.25075075e+06 	 5.848524e-06 	 1.225796e+07 	
5.25125125e+06 	 5.844925e-06 	 1.225596e+07 	
5.25175175e+06 	 5.841327e-06 	 1.225396e+07 	
5.25225225e+06 	 5.837731e-06 	 1.225195e+07 	
5.25275275e+06 	 5.834137e-06 	 1.224995e+07 	
5.25325325e+06 	 5.830545e-06 	 1.224795e+07 	
5.25375375e+06 	 5.826955e-06 	 1.224595e+07 	
5.25425425e+06 	 5.823366e-06 	 1.224395e+07 	
5.25475475e+06 	 5.819780e-06 	 1.224195e+07 	
5.25525526e+06 	 5.816196e-06 	 1.223995e+07 	
5.25575576e+06 	 5.812613e-06 	 1.223795e+07 	
5.25625626e+06 	 5.809032e-06 	 1.223595e+07 	
5.25675676e+06 	 5.805454e-06 	 1.223395e+07 	
5.25725726e+06 	 5.801877e-06 	 1.223195e+07 	
5.25775776e+06 	 5.798302e-06 	 1.222995e+07 	
5.25825826e+06 	 5.794729e-06 	 1.222796e+07 	
5.25875876e+06 	 5.791158e-06 	 1.222596e+07 	
5.25925926e+06 	 5.787589e-06 	 1.222396e+07 	
5.25975976e+06 	 5.784021e-06 	 1.222197e+07 	
5.26026026e+06 	 5.780456e-06 	 1.221997e+07 	
5.26076076e+06 	 5.776893e-06 	 1.221798e+07 	
5.26126126e+06 	 5.773331e-06 	 1.221598e+07 	
5.26176176e+06 	 5.769771e-06 	 1.221399e+07 	
5.26226226e+06 	 5.766213e-06 	 1.221199e+07 	
5.26276276e+06 	 5.762657e-06 	 1.221000e+07 	
5.26326326e+06 	 5.759103e-06 	 1.220801e+07 	
5.26376376e+06 	 5.755551e-06 	 1.220602e+07 	
5.26426426e+06 	 5.752001e-06 	 1.220402e+07 	
5.26476476e+06 	 5.748453e-06 	 1.220203e+07 	
5.26526527e+06 	 5.744906e-06 	 1.220004e+07 	
5.26576577e+06 	 5.741361e-06 	 1.219805e+07 	
5.26626627e+06 	 5.737819e-06 	 1.219606e+07 	
5.26676677e+06 	 5.734278e-06 	 1.219407e+07 	
5.26726727e+06 	 5.730739e-06 	 1.219208e+07 	
5.26776777e+06 	 5.727202e-06 	 1.219010e+07 	
5.26826827e+06 	 5.723666e-06 	 1.218811e+07 	
5.26876877e+06 	 5.720133e-06 	 1.218612e+07 	
5.26926927e+06 	 5.716602e-06 	 1.218413e+07 	
5.26976977e+06 	 5.713072e-06 	 1.218215e+07 	
5.27027027e+06 	 5.709544e-06 	 1.218016e+07 	
5.27077077e+06 	 5.706018e-06 	 1.217818e+07 	
5.27127127e+06 	 5.702494e-06 	 1.217619e+07 	
5.27177177e+06 	 5.698972e-06 	 1.217421e+07 	
5.27227227e+06 	 5.695452e-06 	 1.217222e+07 	
5.27277277e+06 	 5.691934e-06 	 1.217024e+07 	
5.27327327e+06 	 5.688417e-06 	 1.216825e+07 	
5.27377377e+06 	 5.684902e-06 	 1.216627e+07 	
5.27427427e+06 	 5.681390e-06 	 1.216429e+07 	
5.27477477e+06 	 5.677879e-06 	 1.216231e+07 	
5.27527528e+06 	 5.674370e-06 	 1.216033e+07 	
5.27577578e+06 	 5.670862e-06 	 1.215835e+07 	
5.27627628e+06 	 5.667357e-06 	 1.215636e+07 	
5.27677678e+06 	 5.663853e-06 	 1.215438e+07 	
5.27727728e+06 	 5.660352e-06 	 1.215241e+07 	
5.27777778e+06 	 5.656852e-06 	 1.215043e+07 	
5.27827828e+06 	 5.653354e-06 	 1.214845e+07 	
5.27877878e+06 	 5.649858e-06 	 1.214647e+07 	
5.27927928e+06 	 5.646364e-06 	 1.214449e+07 	
5.27977978e+06 	 5.642871e-06 	 1.214251e+07 	
5.28028028e+06 	 5.639381e-06 	 1.214054e+07 	
5.28078078e+06 	 5.635892e-06 	 1.213856e+07 	
5.28128128e+06 	 5.632405e-06 	 1.213659e+07 	
5.28178178e+06 	 5.628920e-06 	 1.213461e+07 	
5.28228228e+06 	 5.625437e-06 	 1.213263e+07 	
5.28278278e+06 	 5.621955e-06 	 1.213066e+07 	
5.28328328e+06 	 5.618476e-06 	 1.212869e+07 	
5.28378378e+06 	 5.614998e-06 	 1.212671e+07 	
5.28428428e+06 	 5.611522e-06 	 1.212474e+07 	
5.28478478e+06 	 5.608048e-06 	 1.212277e+07 	
5.28528529e+06 	 5.604576e-06 	 1.212079e+07 	
5.28578579e+06 	 5.601106e-06 	 1.211882e+07 	
5.28628629e+06 	 5.597637e-06 	 1.211685e+07 	
5.28678679e+06 	 5.594171e-06 	 1.211488e+07 	
5.28728729e+06 	 5.590706e-06 	 1.211291e+07 	
5.28778779e+06 	 5.587243e-06 	 1.211094e+07 	
5.28828829e+06 	 5.583782e-06 	 1.210897e+07 	
5.28878879e+06 	 5.580322e-06 	 1.210700e+07 	
5.28928929e+06 	 5.576865e-06 	 1.210503e+07 	
5.28978979e+06 	 5.573409e-06 	 1.210307e+07 	
5.29029029e+06 	 5.569955e-06 	 1.210110e+07 	
5.29079079e+06 	 5.566503e-06 	 1.209913e+07 	
5.29129129e+06 	 5.563053e-06 	 1.209716e+07 	
5.29179179e+06 	 5.559604e-06 	 1.209520e+07 	
5.29229229e+06 	 5.556158e-06 	 1.209323e+07 	
5.29279279e+06 	 5.552713e-06 	 1.209127e+07 	
5.29329329e+06 	 5.549270e-06 	 1.208930e+07 	
5.29379379e+06 	 5.545829e-06 	 1.208734e+07 	
5.29429429e+06 	 5.542390e-06 	 1.208537e+07 	
5.29479479e+06 	 5.538952e-06 	 1.208341e+07 	
5.29529530e+06 	 5.535516e-06 	 1.208145e+07 	
5.29579580e+06 	 5.532082e-06 	 1.207948e+07 	
5.29629630e+06 	 5.528650e-06 	 1.207752e+07 	
5.29679680e+06 	 5.525220e-06 	 1.207556e+07 	
5.29729730e+06 	 5.521791e-06 	 1.207360e+07 	
5.29779780e+06 	 5.518365e-06 	 1.207164e+07 	
5.29829830e+06 	 5.514940e-06 	 1.206968e+07 	
5.29879880e+06 	 5.511517e-06 	 1.206772e+07 	
5.29929930e+06 	 5.508095e-06 	 1.206576e+07 	
5.29979980e+06 	 5.504676e-06 	 1.206380e+07 	
5.30030030e+06 	 5.501258e-06 	 1.206184e+07 	
5.30080080e+06 	 5.497842e-06 	 1.205988e+07 	
5.30130130e+06 	 5.494428e-06 	 1.205792e+07 	
5.30180180e+06 	 5.491016e-06 	 1.205597e+07 	
5.30230230e+06 	 5.487605e-06 	 1.205401e+07 	
5.30280280e+06 	 5.484196e-06 	 1.205205e+07 	
5.30330330e+06 	 5.480789e-06 	 1.205010e+07 	
5.30380380e+06 	 5.477384e-06 	 1.204814e+07 	
5.30430430e+06 	 5.473981e-06 	 1.204619e+07 	
5.30480480e+06 	 5.470579e-06 	 1.204423e+07 	
5.30530531e+06 	 5.467179e-06 	 1.204228e+07 	
5.30580581e+06 	 5.463781e-06 	 1.204033e+07 	
5.30630631e+06 	 5.460385e-06 	 1.203837e+07 	
5.30680681e+06 	 5.456991e-06 	 1.203642e+07 	
5.30730731e+06 	 5.453598e-06 	 1.203447e+07 	
5.30780781e+06 	 5.450207e-06 	 1.203252e+07 	
5.30830831e+06 	 5.446818e-06 	 1.203057e+07 	
5.30880881e+06 	 5.443430e-06 	 1.202862e+07 	
5.30930931e+06 	 5.440045e-06 	 1.202666e+07 	
5.30980981e+06 	 5.436661e-06 	 1.202471e+07 	
5.31031031e+06 	 5.433279e-06 	 1.202277e+07 	
5.31081081e+06 	 5.429899e-06 	 1.202082e+07 	
5.31131131e+06 	 5.426520e-06 	 1.201887e+07 	
5.31181181e+06 	 5.423143e-06 	 1.201692e+07 	
5.31231231e+06 	 5.419768e-06 	 1.201497e+07 	
5.31281281e+06 	 5.416395e-06 	 1.201302e+07 	
5.31331331e+06 	 5.413024e-06 	 1.201108e+07 	
5.31381381e+06 	 5.409654e-06 	 1.200913e+07 	
5.31431431e+06 	 5.406286e-06 	 1.200719e+07 	
5.31481481e+06 	 5.402920e-06 	 1.200524e+07 	
5.31531532e+06 	 5.399556e-06 	 1.200330e+07 	
5.31581582e+06 	 5.396193e-06 	 1.200135e+07 	
5.31631632e+06 	 5.392832e-06 	 1.199941e+07 	
5.31681682e+06 	 5.389473e-06 	 1.199746e+07 	
5.31731732e+06 	 5.386116e-06 	 1.199552e+07 	
5.31781782e+06 	 5.382760e-06 	 1.199358e+07 	
5.31831832e+06 	 5.379406e-06 	 1.199164e+07 	
5.31881882e+06 	 5.376054e-06 	 1.198969e+07 	
5.31931932e+06 	 5.372974e-06 	 1.198774e+07 	
5.31981982e+06 	 5.369627e-06 	 1.198580e+07 	
5.32032032e+06 	 5.366282e-06 	 1.198386e+07 	
5.32082082e+06 	 5.362938e-06 	 1.198192e+07 	
5.32132132e+06 	 5.359596e-06 	 1.197998e+07 	
5.32182182e+06 	 5.356256e-06 	 1.197804e+07 	
5.32232232e+06 	 5.352918e-06 	 1.197610e+07 	
5.32282282e+06 	 5.349582e-06 	 1.197416e+07 	
5.32332332e+06 	 5.346247e-06 	 1.197222e+07 	
5.32382382e+06 	 5.342914e-06 	 1.197028e+07 	
5.32432432e+06 	 5.339583e-06 	 1.196835e+07 	
5.32482482e+06 	 5.336254e-06 	 1.196641e+07 	
5.32532533e+06 	 5.332926e-06 	 1.196447e+07 	
5.32582583e+06 	 5.329600e-06 	 1.196254e+07 	
5.32632633e+06 	 5.326276e-06 	 1.196060e+07 	
5.32682683e+06 	 5.322953e-06 	 1.195867e+07 	
5.32732733e+06 	 5.319632e-06 	 1.195673e+07 	
5.32782783e+06 	 5.316313e-06 	 1.195480e+07 	
5.32832833e+06 	 5.312996e-06 	 1.195287e+07 	
5.32882883e+06 	 5.309681e-06 	 1.195093e+07 	
5.32932933e+06 	 5.306367e-06 	 1.194900e+07 	
5.32982983e+06 	 5.303055e-06 	 1.194707e+07 	
5.33033033e+06 	 5.299745e-06 	 1.194514e+07 	
5.33083083e+06 	 5.296436e-06 	 1.194321e+07 	
5.33133133e+06 	 5.293129e-06 	 1.194128e+07 	
5.33183183e+06 	 5.289824e-06 	 1.193935e+07 	
5.33233233e+06 	 5.286521e-06 	 1.193742e+07 	
5.33283283e+06 	 5.283219e-06 	 1.193549e+07 	
5.33333333e+06 	 5.279919e-06 	 1.193356e+07 	
5.33383383e+06 	 5.276621e-06 	 1.193163e+07 	
5.33433433e+06 	 5.273324e-06 	 1.192970e+07 	
5.33483483e+06 	 5.270029e-06 	 1.192777e+07 	
5.33533534e+06 	 5.266736e-06 	 1.192585e+07 	
5.33583584e+06 	 5.263445e-06 	 1.192392e+07 	
5.33633634e+06 	 5.260155e-06 	 1.192199e+07 	
5.33683684e+06 	 5.256868e-06 	 1.192007e+07 	
5.33733734e+06 	 5.253581e-06 	 1.191814e+07 	
5.33783784e+06 	 5.250297e-06 	 1.191622e+07 	
5.33833834e+06 	 5.247014e-06 	 1.191429e+07 	
5.33883884e+06 	 5.243733e-06 	 1.191237e+07 	
5.33933934e+06 	 5.240454e-06 	 1.191045e+07 	
5.33983984e+06 	 5.237176e-06 	 1.190852e+07 	
5.34034034e+06 	 5.233900e-06 	 1.190660e+07 	
5.34084084e+06 	 5.230626e-06 	 1.190468e+07 	
5.34134134e+06 	 5.227354e-06 	 1.190276e+07 	
5.34184184e+06 	 5.224083e-06 	 1.190083e+07 	
5.34234234e+06 	 5.220814e-06 	 1.189891e+07 	
5.34284284e+06 	 5.217547e-06 	 1.189699e+07 	
5.34334334e+06 	 5.214281e-06 	 1.189507e+07 	
5.34384384e+06 	 5.211017e-06 	 1.189315e+07 	
5.34434434e+06 	 5.207755e-06 	 1.189123e+07 	
5.34484484e+06 	 5.204494e-06 	 1.188932e+07 	
5.34534535e+06 	 5.201235e-06 	 1.188740e+07 	
5.34584585e+06 	 5.197978e-06 	 1.188548e+07 	
5.34634635e+06 	 5.194723e-06 	 1.188356e+07 	
5.34684685e+06 	 5.191469e-06 	 1.188164e+07 	
5.34734735e+06 	 5.188217e-06 	 1.187973e+07 	
5.34784785e+06 	 5.184966e-06 	 1.187781e+07 	
5.34834835e+06 	 5.181718e-06 	 1.187590e+07 	
5.34884885e+06 	 5.178471e-06 	 1.187398e+07 	
5.34934935e+06 	 5.175225e-06 	 1.187207e+07 	
5.34984985e+06 	 5.171982e-06 	 1.187015e+07 	
5.35035035e+06 	 5.168740e-06 	 1.186824e+07 	
5.35085085e+06 	 5.165500e-06 	 1.186632e+07 	
5.35135135e+06 	 5.162261e-06 	 1.186441e+07 	
5.35185185e+06 	 5.159024e-06 	 1.186250e+07 	
5.35235235e+06 	 5.155789e-06 	 1.186059e+07 	
5.35285285e+06 	 5.152556e-06 	 1.185868e+07 	
5.35335335e+06 	 5.149324e-06 	 1.185676e+07 	
5.35385385e+06 	 5.146094e-06 	 1.185485e+07 	
5.35435435e+06 	 5.142865e-06 	 1.185294e+07 	
5.35485485e+06 	 5.139638e-06 	 1.185103e+07 	
5.35535536e+06 	 5.136413e-06 	 1.184912e+07 	
5.35585586e+06 	 5.133190e-06 	 1.184721e+07 	
5.35635636e+06 	 5.129968e-06 	 1.184531e+07 	
5.35685686e+06 	 5.126748e-06 	 1.184340e+07 	
5.35735736e+06 	 5.123530e-06 	 1.184149e+07 	
5.35785786e+06 	 5.120313e-06 	 1.183958e+07 	
5.35835836e+06 	 5.117098e-06 	 1.183768e+07 	
5.35885886e+06 	 5.113885e-06 	 1.183577e+07 	
5.35935936e+06 	 5.110673e-06 	 1.183386e+07 	
5.35985986e+06 	 5.107463e-06 	 1.183196e+07 	
5.36036036e+06 	 5.104254e-06 	 1.183005e+07 	
5.36086086e+06 	 5.101048e-06 	 1.182815e+07 	
5.36136136e+06 	 5.097843e-06 	 1.182624e+07 	
5.36186186e+06 	 5.094639e-06 	 1.182434e+07 	
5.36236236e+06 	 5.091437e-06 	 1.182244e+07 	
5.36286286e+06 	 5.088237e-06 	 1.182053e+07 	
5.36336336e+06 	 5.085039e-06 	 1.181863e+07 	
5.36386386e+06 	 5.081842e-06 	 1.181673e+07 	
5.36436436e+06 	 5.078647e-06 	 1.181483e+07 	
5.36486486e+06 	 5.075454e-06 	 1.181293e+07 	
5.36536537e+06 	 5.072262e-06 	 1.181102e+07 	
5.36586587e+06 	 5.069072e-06 	 1.180912e+07 	
5.36636637e+06 	 5.065883e-06 	 1.180722e+07 	
5.36686687e+06 	 5.062697e-06 	 1.180533e+07 	
5.36736737e+06 	 5.059511e-06 	 1.180343e+07 	
5.36786787e+06 	 5.056328e-06 	 1.180153e+07 	
5.36836837e+06 	 5.053146e-06 	 1.179963e+07 	
5.36886887e+06 	 5.049966e-06 	 1.179773e+07 	
5.36936937e+06 	 5.046787e-06 	 1.179583e+07 	
5.36986987e+06 	 5.043610e-06 	 1.179394e+07 	
5.37037037e+06 	 5.040182e-06 	 1.179206e+07 	
5.37087087e+06 	 5.037007e-06 	 1.179016e+07 	
5.37137137e+06 	 5.033833e-06 	 1.178827e+07 	
5.37187187e+06 	 5.030662e-06 	 1.178637e+07 	
5.37237237e+06 	 5.027491e-06 	 1.178448e+07 	
5.37287287e+06 	 5.024323e-06 	 1.178258e+07 	
5.37337337e+06 	 5.021155e-06 	 1.178069e+07 	
5.37387387e+06 	 5.017990e-06 	 1.177879e+07 	
5.37437437e+06 	 5.014826e-06 	 1.177690e+07 	
5.37487487e+06 	 5.011664e-06 	 1.177501e+07 	
5.37537538e+06 	 5.008504e-06 	 1.177312e+07 	
5.37587588e+06 	 5.005345e-06 	 1.177123e+07 	
5.37637638e+06 	 5.002187e-06 	 1.176933e+07 	
5.37687688e+06 	 4.999032e-06 	 1.176744e+07 	
5.37737738e+06 	 4.995878e-06 	 1.176555e+07 	
5.37787788e+06 	 4.992725e-06 	 1.176366e+07 	
5.37837838e+06 	 4.989574e-06 	 1.176177e+07 	
5.37887888e+06 	 4.986425e-06 	 1.175989e+07 	
5.37937938e+06 	 4.983278e-06 	 1.175800e+07 	
5.37987988e+06 	 4.980132e-06 	 1.175611e+07 	
5.38038038e+06 	 4.976987e-06 	 1.175422e+07 	
5.38088088e+06 	 4.973845e-06 	 1.175233e+07 	
5.38138138e+06 	 4.970703e-06 	 1.175045e+07 	
5.38188188e+06 	 4.967564e-06 	 1.174856e+07 	
5.38238238e+06 	 4.964426e-06 	 1.174667e+07 	
5.38288288e+06 	 4.961290e-06 	 1.174479e+07 	
5.38338338e+06 	 4.958155e-06 	 1.174290e+07 	
5.38388388e+06 	 4.955022e-06 	 1.174102e+07 	
5.38438438e+06 	 4.951891e-06 	 1.173914e+07 	
5.38488488e+06 	 4.948761e-06 	 1.173725e+07 	
5.38538539e+06 	 4.945632e-06 	 1.173537e+07 	
5.38588589e+06 	 4.942506e-06 	 1.173349e+07 	
5.38638639e+06 	 4.939381e-06 	 1.173160e+07 	
5.38688689e+06 	 4.936257e-06 	 1.172972e+07 	
5.38738739e+06 	 4.933135e-06 	 1.172784e+07 	
5.38788789e+06 	 4.930015e-06 	 1.172596e+07 	
5.38838839e+06 	 4.926896e-06 	 1.172408e+07 	
5.38888889e+06 	 4.923779e-06 	 1.172220e+07 	
5.38938939e+06 	 4.920664e-06 	 1.172032e+07 	
5.38988989e+06 	 4.917550e-06 	 1.171844e+07 	
5.39039039e+06 	 4.914438e-06 	 1.171656e+07 	
5.39089089e+06 	 4.911327e-06 	 1.171468e+07 	
5.39139139e+06 	 4.908218e-06 	 1.171280e+07 	
5.39189189e+06 	 4.905110e-06 	 1.171092e+07 	
5.39239239e+06 	 4.902004e-06 	 1.170905e+07 	
5.39289289e+06 	 4.898900e-06 	 1.170717e+07 	
5.39339339e+06 	 4.895797e-06 	 1.170529e+07 	
5.39389389e+06 	 4.892696e-06 	 1.170342e+07 	
5.39439439e+06 	 4.889597e-06 	 1.170154e+07 	
5.39489489e+06 	 4.886499e-06 	 1.169967e+07 	
5.39539540e+06 	 4.883402e-06 	 1.169779e+07 	
5.39589590e+06 	 4.880307e-06 	 1.169592e+07 	
5.39639640e+06 	 4.877214e-06 	 1.169404e+07 	
5.39689690e+06 	 4.874122e-06 	 1.169217e+07 	
5.39739740e+06 	 4.871032e-06 	 1.169030e+07 	
5.39789790e+06 	 4.867944e-06 	 1.168842e+07 	
5.39839840e+06 	 4.864857e-06 	 1.168655e+07 	
5.39889890e+06 	 4.861771e-06 	 1.168468e+07 	
5.39939940e+06 	 4.858687e-06 	 1.168281e+07 	
5.39989990e+06 	 4.855605e-06 	 1.168094e+07 	
5.40040040e+06 	 4.852525e-06 	 1.167907e+07 	
5.40090090e+06 	 4.849445e-06 	 1.167720e+07 	
5.40140140e+06 	 4.846368e-06 	 1.167533e+07 	
5.40190190e+06 	 4.843292e-06 	 1.167346e+07 	
5.40240240e+06 	 4.840218e-06 	 1.167159e+07 	
5.40290290e+06 	 4.837145e-06 	 1.166972e+07 	
5.40340340e+06 	 4.834073e-06 	 1.166785e+07 	
5.40390390e+06 	 4.831004e-06 	 1.166599e+07 	
5.40440440e+06 	 4.827936e-06 	 1.166412e+07 	
5.40490490e+06 	 4.824869e-06 	 1.166225e+07 	
5.40540541e+06 	 4.821804e-06 	 1.166039e+07 	
5.40590591e+06 	 4.818741e-06 	 1.165852e+07 	
5.40640641e+06 	 4.815679e-06 	 1.165666e+07 	
5.40690691e+06 	 4.812618e-06 	 1.165479e+07 	
5.40740741e+06 	 4.809560e-06 	 1.165293e+07 	
5.40790791e+06 	 4.806502e-06 	 1.165106e+07 	
5.40840841e+06 	 4.803447e-06 	 1.164920e+07 	
5.40890891e+06 	 4.800393e-06 	 1.164734e+07 	
5.40940941e+06 	 4.797340e-06 	 1.164547e+07 	
5.40990991e+06 	 4.794289e-06 	 1.164361e+07 	
5.41041041e+06 	 4.791240e-06 	 1.164175e+07 	
5.41091091e+06 	 4.788192e-06 	 1.163989e+07 	
5.41141141e+06 	 4.785145e-06 	 1.163803e+07 	
5.41191191e+06 	 4.782100e-06 	 1.163616e+07 	
5.41241241e+06 	 4.779057e-06 	 1.163430e+07 	
5.41291291e+06 	 4.776015e-06 	 1.163244e+07 	
5.41341341e+06 	 4.772975e-06 	 1.163059e+07 	
5.41391391e+06 	 4.769937e-06 	 1.162873e+07 	
5.41441441e+06 	 4.766899e-06 	 1.162687e+07 	
5.41491491e+06 	 4.763864e-06 	 1.162501e+07 	
5.41541542e+06 	 4.760830e-06 	 1.162315e+07 	
5.41591592e+06 	 4.757797e-06 	 1.162129e+07 	
5.41641642e+06 	 4.754766e-06 	 1.161944e+07 	
5.41691692e+06 	 4.751737e-06 	 1.161758e+07 	
5.41741742e+06 	 4.748709e-06 	 1.161573e+07 	
5.41791792e+06 	 4.745683e-06 	 1.161387e+07 	
5.41841842e+06 	 4.742658e-06 	 1.161201e+07 	
5.41891892e+06 	 4.739635e-06 	 1.161016e+07 	
5.41941942e+06 	 4.736613e-06 	 1.160831e+07 	
5.41991992e+06 	 4.733593e-06 	 1.160645e+07 	
5.42042042e+06 	 4.730574e-06 	 1.160460e+07 	
5.42092092e+06 	 4.727557e-06 	 1.160274e+07 	
5.42142142e+06 	 4.724541e-06 	 1.160089e+07 	
5.42192192e+06 	 4.721291e-06 	 1.159905e+07 	
5.42242242e+06 	 4.718277e-06 	 1.159720e+07 	
5.42292292e+06 	 4.715264e-06 	 1.159535e+07 	
5.42342342e+06 	 4.712253e-06 	 1.159350e+07 	
5.42392392e+06 	 4.709244e-06 	 1.159165e+07 	
5.42442442e+06 	 4.706236e-06 	 1.158980e+07 	
5.42492492e+06 	 4.703229e-06 	 1.158795e+07 	
5.42542543e+06 	 4.700224e-06 	 1.158610e+07 	
5.42592593e+06 	 4.697221e-06 	 1.158425e+07 	
5.42642643e+06 	 4.694219e-06 	 1.158240e+07 	
5.42692693e+06 	 4.691219e-06 	 1.158056e+07 	
5.42742743e+06 	 4.688220e-06 	 1.157871e+07 	
5.42792793e+06 	 4.685223e-06 	 1.157686e+07 	
5.42842843e+06 	 4.682227e-06 	 1.157502e+07 	
5.42892893e+06 	 4.679232e-06 	 1.157317e+07 	
5.42942943e+06 	 4.676239e-06 	 1.157132e+07 	
5.42992993e+06 	 4.673248e-06 	 1.156948e+07 	
5.43043043e+06 	 4.670258e-06 	 1.156763e+07 	
5.43093093e+06 	 4.667270e-06 	 1.156579e+07 	
5.43143143e+06 	 4.664283e-06 	 1.156394e+07 	
5.43193193e+06 	 4.661298e-06 	 1.156210e+07 	
5.43243243e+06 	 4.658314e-06 	 1.156026e+07 	
5.43293293e+06 	 4.655331e-06 	 1.155841e+07 	
5.43343343e+06 	 4.652351e-06 	 1.155657e+07 	
5.43393393e+06 	 4.649371e-06 	 1.155473e+07 	
5.43443443e+06 	 4.646393e-06 	 1.155289e+07 	
5.43493493e+06 	 4.643417e-06 	 1.155105e+07 	
5.43543544e+06 	 4.640442e-06 	 1.154921e+07 	
5.43593594e+06 	 4.637469e-06 	 1.154737e+07 	
5.43643644e+06 	 4.634497e-06 	 1.154553e+07 	
5.43693694e+06 	 4.631526e-06 	 1.154369e+07 	
5.43743744e+06 	 4.628557e-06 	 1.154185e+07 	
5.43793794e+06 	 4.625590e-06 	 1.154001e+07 	
5.43843844e+06 	 4.622624e-06 	 1.153817e+07 	
5.43893894e+06 	 4.619659e-06 	 1.153633e+07 	
5.43943944e+06 	 4.616696e-06 	 1.153449e+07 	
5.43993994e+06 	 4.613735e-06 	 1.153266e+07 	
5.44044044e+06 	 4.610775e-06 	 1.153082e+07 	
5.44094094e+06 	 4.607816e-06 	 1.152899e+07 	
5.44144144e+06 	 4.604859e-06 	 1.152715e+07 	
5.44194194e+06 	 4.601903e-06 	 1.152531e+07 	
5.44244244e+06 	 4.598949e-06 	 1.152348e+07 	
5.44294294e+06 	 4.595996e-06 	 1.152164e+07 	
5.44344344e+06 	 4.593045e-06 	 1.151981e+07 	
5.44394394e+06 	 4.590096e-06 	 1.151798e+07 	
5.44444444e+06 	 4.587147e-06 	 1.151614e+07 	
5.44494494e+06 	 4.584200e-06 	 1.151431e+07 	
5.44544545e+06 	 4.581255e-06 	 1.151248e+07 	
5.44594595e+06 	 4.578311e-06 	 1.151065e+07 	
5.44644645e+06 	 4.575369e-06 	 1.150881e+07 	
5.44694695e+06 	 4.572428e-06 	 1.150698e+07 	
5.44744745e+06 	 4.569488e-06 	 1.150515e+07 	
5.44794795e+06 	 4.566550e-06 	 1.150332e+07 	
5.44844845e+06 	 4.563614e-06 	 1.150149e+07 	
5.44894895e+06 	 4.560679e-06 	 1.149966e+07 	
5.44944945e+06 	 4.557745e-06 	 1.149783e+07 	
5.44994995e+06 	 4.554813e-06 	 1.149600e+07 	
5.45045045e+06 	 4.551882e-06 	 1.149418e+07 	
5.45095095e+06 	 4.548953e-06 	 1.149235e+07 	
5.45145145e+06 	 4.546025e-06 	 1.149052e+07 	
5.45195195e+06 	 4.543099e-06 	 1.148869e+07 	
5.45245245e+06 	 4.540174e-06 	 1.148687e+07 	
5.45295295e+06 	 4.537251e-06 	 1.148504e+07 	
5.45345345e+06 	 4.534329e-06 	 1.148322e+07 	
5.45395395e+06 	 4.531408e-06 	 1.148139e+07 	
5.45445445e+06 	 4.528489e-06 	 1.147957e+07 	
5.45495495e+06 	 4.525572e-06 	 1.147774e+07 	
5.45545546e+06 	 4.522655e-06 	 1.147592e+07 	
5.45595596e+06 	 4.519741e-06 	 1.147409e+07 	
5.45645646e+06 	 4.516828e-06 	 1.147227e+07 	
5.45695696e+06 	 4.513916e-06 	 1.147045e+07 	
5.45745746e+06 	 4.511005e-06 	 1.146862e+07 	
5.45795796e+06 	 4.508096e-06 	 1.146680e+07 	
5.45845846e+06 	 4.505189e-06 	 1.146498e+07 	
5.45895896e+06 	 4.502283e-06 	 1.146316e+07 	
5.45945946e+06 	 4.499378e-06 	 1.146134e+07 	
5.45995996e+06 	 4.496475e-06 	 1.145952e+07 	
5.46046046e+06 	 4.493573e-06 	 1.145770e+07 	
5.46096096e+06 	 4.490673e-06 	 1.145588e+07 	
5.46146146e+06 	 4.487774e-06 	 1.145406e+07 	
5.46196196e+06 	 4.484877e-06 	 1.145224e+07 	
5.46246246e+06 	 4.481981e-06 	 1.145042e+07 	
5.46296296e+06 	 4.479086e-06 	 1.144860e+07 	
5.46346346e+06 	 4.476193e-06 	 1.144679e+07 	
5.46396396e+06 	 4.473301e-06 	 1.144497e+07 	
5.46446446e+06 	 4.470411e-06 	 1.144315e+07 	
5.46496496e+06 	 4.467522e-06 	 1.144134e+07 	
5.46546547e+06 	 4.464635e-06 	 1.143952e+07 	
5.46596597e+06 	 4.461749e-06 	 1.143770e+07 	
5.46646647e+06 	 4.458864e-06 	 1.143589e+07 	
5.46696697e+06 	 4.455981e-06 	 1.143407e+07 	
5.46746747e+06 	 4.453100e-06 	 1.143226e+07 	
5.46796797e+06 	 4.450219e-06 	 1.143045e+07 	
5.46846847e+06 	 4.447341e-06 	 1.142863e+07 	
5.46896897e+06 	 4.444463e-06 	 1.142682e+07 	
5.46946947e+06 	 4.441587e-06 	 1.142501e+07 	
5.46996997e+06 	 4.438713e-06 	 1.142320e+07 	
5.47047047e+06 	 4.435839e-06 	 1.142138e+07 	
5.47097097e+06 	 4.432968e-06 	 1.141957e+07 	
5.47147147e+06 	 4.430097e-06 	 1.141776e+07 	
5.47197197e+06 	 4.427228e-06 	 1.141595e+07 	
5.47247247e+06 	 4.424361e-06 	 1.141414e+07 	
5.47297297e+06 	 4.421495e-06 	 1.141233e+07 	
5.47347347e+06 	 4.418630e-06 	 1.141052e+07 	
5.47397397e+06 	 4.415767e-06 	 1.140871e+07 	
5.47447447e+06 	 4.413127e-06 	 1.140689e+07 	
5.47497497e+06 	 4.410268e-06 	 1.140508e+07 	
5.47547548e+06 	 4.407410e-06 	 1.140327e+07 	
5.47597598e+06 	 4.404554e-06 	 1.140147e+07 	
5.47647648e+06 	 4.401699e-06 	 1.139966e+07 	
5.47697698e+06 	 4.398845e-06 	 1.139785e+07 	
5.47747748e+06 	 4.395993e-06 	 1.139605e+07 	
5.47797798e+06 	 4.393143e-06 	 1.139424e+07 	
5.47847848e+06 	 4.390293e-06 	 1.139243e+07 	
5.47897898e+06 	 4.387446e-06 	 1.139063e+07 	
5.47947948e+06 	 4.384599e-06 	 1.138883e+07 	
5.47997998e+06 	 4.381754e-06 	 1.138702e+07 	
5.48048048e+06 	 4.378911e-06 	 1.138522e+07 	
5.48098098e+06 	 4.376068e-06 	 1.138341e+07 	
5.48148148e+06 	 4.373228e-06 	 1.138161e+07 	
5.48198198e+06 	 4.370388e-06 	 1.137981e+07 	
5.48248248e+06 	 4.367550e-06 	 1.137801e+07 	
5.48298298e+06 	 4.364714e-06 	 1.137620e+07 	
5.48348348e+06 	 4.361878e-06 	 1.137440e+07 	
5.48398398e+06 	 4.359045e-06 	 1.137260e+07 	
5.48448448e+06 	 4.356212e-06 	 1.137080e+07 	
5.48498498e+06 	 4.353381e-06 	 1.136900e+07 	
5.48548549e+06 	 4.350552e-06 	 1.136720e+07 	
5.48598599e+06 	 4.347724e-06 	 1.136540e+07 	
5.48648649e+06 	 4.344897e-06 	 1.136360e+07 	
5.48698699e+06 	 4.342071e-06 	 1.136181e+07 	
5.48748749e+06 	 4.339247e-06 	 1.136001e+07 	
5.48798799e+06 	 4.336425e-06 	 1.135821e+07 	
5.48848849e+06 	 4.333604e-06 	 1.135641e+07 	
5.48898899e+06 	 4.330784e-06 	 1.135462e+07 	
5.48948949e+06 	 4.327965e-06 	 1.135282e+07 	
5.48998999e+06 	 4.325148e-06 	 1.135102e+07 	
5.49049049e+06 	 4.322333e-06 	 1.134923e+07 	
5.49099099e+06 	 4.319518e-06 	 1.134743e+07 	
5.49149149e+06 	 4.316705e-06 	 1.134564e+07 	
5.49199199e+06 	 4.313894e-06 	 1.134384e+07 	
5.49249249e+06 	 4.311084e-06 	 1.134205e+07 	
5.49299299e+06 	 4.308275e-06 	 1.134026e+07 	
5.49349349e+06 	 4.305468e-06 	 1.133846e+07 	
5.49399399e+06 	 4.302662e-06 	 1.133667e+07 	
5.49449449e+06 	 4.299857e-06 	 1.133488e+07 	
5.49499499e+06 	 4.297054e-06 	 1.133309e+07 	
5.49549550e+06 	 4.294252e-06 	 1.133129e+07 	
5.49599600e+06 	 4.291452e-06 	 1.132950e+07 	
5.49649650e+06 	 4.288653e-06 	 1.132771e+07 	
5.49699700e+06 	 4.285855e-06 	 1.132592e+07 	
5.49749750e+06 	 4.283058e-06 	 1.132413e+07 	
5.49799800e+06 	 4.280264e-06 	 1.132234e+07 	
5.49849850e+06 	 4.277470e-06 	 1.132055e+07 	
5.49899900e+06 	 4.274678e-06 	 1.131876e+07 	
5.49949950e+06 	 4.271887e-06 	 1.131698e+07 	
5.50000000e+06 	 4.269097e-06 	 1.131519e+07 	
5.52871991e+06 	 4.111086e-06 	 1.121328e+07 	
5.55758979e+06 	 3.956753e-06 	 1.111214e+07 	
5.58661042e+06 	 3.805634e-06 	 1.101179e+07 	
5.61578259e+06 	 3.657954e-06 	 1.091221e+07 	
5.64510710e+06 	 3.513657e-06 	 1.081339e+07 	
5.67458473e+06 	 3.372305e-06 	 1.071536e+07 	
5.70421628e+06 	 3.233742e-06 	 1.061811e+07 	
5.73400257e+06 	 3.098181e-06 	 1.052162e+07 	
5.76394439e+06 	 2.965561e-06 	 1.042588e+07 	
5.79404257e+06 	 2.835461e-06 	 1.033093e+07 	
5.82429791e+06 	 2.708190e-06 	 1.023672e+07 	
5.85471124e+06 	 2.583186e-06 	 1.014332e+07 	
5.88528338e+06 	 2.460549e-06 	 1.005069e+07 	
5.91601516e+06 	 2.340052e-06 	 9.958859e+06 	
5.94690742e+06 	 2.221798e-06 	 9.867819e+06 	
5.97796099e+06 	 2.105474e-06 	 9.777602e+06 	
6.00917672e+06 	 1.991170e-06 	 9.688202e+06 	
6.04055545e+06 	 1.878810e-06 	 9.599630e+06 	
6.07209803e+06 	 1.768104e-06 	 9.511939e+06 	
6.10380532e+06 	 1.658929e-06 	 9.425164e+06 	
6.13567819e+06 	 1.551374e-06 	 9.339317e+06 	
6.16771748e+06 	 1.445329e-06 	 9.254447e+06 	
6.19992408e+06 	 1.340645e-06 	 9.170628e+06 	
6.23229885e+06 	 1.237320e-06 	 9.087926e+06 	
6.26484268e+06 	 1.135286e-06 	 9.006442e+06 	
6.29755645e+06 	 1.034695e-06 	 8.926261e+06 	
6.33044104e+06 	 9.355528e-07 	 8.847540e+06 	
6.36349735e+06 	 8.381568e-07 	 8.770409e+06 	
6.39672627e+06 	 7.427531e-07 	 8.695076e+06 	
6.43012870e+06 	 6.498384e-07 	 8.621746e+06 	
6.46370556e+06 	 5.600113e-07 	 8.550677e+06 	
6.49745775e+06 	 4.740382e-07 	 8.482172e+06 	
6.53138619e+06 	 3.929282e-07 	 8.416519e+06 	
6.56549179e+06 	 3.177841e-07 	 8.354031e+06 	
6.59977549e+06 	 2.496917e-07 	 8.295079e+06 	
6.63423821e+06 	 1.897392e-07 	 8.239949e+06 	
6.66888088e+06 	 1.387424e-07 	 8.188900e+06 	
6.70370446e+06 	 9.711774e-08 	 8.142077e+06 	
6.73870987e+06 	 6.472798e-08 	 8.099533e+06 	
6.77389808e+06 	 4.086792e-08 	 8.061101e+06 	
6.80927003e+06 	 2.432009e-08 	 8.026613e+06 	
6.84482669e+06 	 1.358375e-08 	 7.995611e+06 	
6.88056902e+06 	 7.095953e-09 	 7.967529e+06 	
6.91649798e+06 	 3.457201e-09 	 7.941968e+06 	
6.95261457e+06 	 1.568542e-09 	 7.917915e+06 	
7.69459820e+06 	 1.000000e-20 	 7.507758e+06 	
8.51576640e+06 	 1.000000e-20 	 7.122281e+06 	
9.42456974e+06 	 1.000000e-20 	 6.757998e+06 	
1.04303606e+07 	 1.000000e-20 	 6.413532e+06 	
1.15434896e+07 	 1.000000e-20 	 6.087627e+06 	
1.27754119e+07 	 1.000000e-20 	 5.779133e+06 	
1.41388050e+07 	 1.000000e-20 	 5.486994e+06 	
1.56476995e+07 	 1.000000e-20 	 5.210237e+06 	
1.73176233e+07 	 1.000000e-20 	 4.947961e+06 	
1.91657616e+07 	 1.000000e-20 	 4.699333e+06 	
2.12111334e+07 	 1.000000e-20 	 4.463577e+06 	
2.34747874e+07 	 1.000000e-20 	 4.239971e+06 	
2.59800187e+07 	 1.000000e-20 	 4.027844e+06 	
2.87526086e+07 	 1.000000e-20 	 3.826564e+06 	
3.18210895e+07 	 1.000000e-20 	 3.635545e+06 	
3.52170390e+07 	 1.000000e-20 	 3.454233e+06 	
3.89754045e+07 	 1.000000e-20 	 3.282111e+06 	
4.31348631e+07 	 1.000000e-20 	 3.118692e+06 	
4.77382195e+07 	 1.000000e-20 	 2.963518e+06 	
5.28328464e+07 	 1.000000e-20 	 2.816157e+06 	
5.84711724e+07 	 1.000000e-20 	 2.676202e+06 	
6.47112211e+07 	 1.000000e-20 	 2.543271e+06 	
7.16172083e+07 	 1.000000e-20 	 2.417001e+06 	
7.92602030e+07 	 1.000000e-20 	 2.297050e+06 	
8.77188589e+07 	 1.000000e-20 	 2.183094e+06 	
9.70802232e+07 	 1.000000e-20 	 2.074829e+06 	
1.07440633e+08 	 1.000000e-20 	 1.971964e+06 	
1.18906707e+08 	 1.000000e-20 	 1.874226e+06 	
1.31596441e+08 	 1.000000e-20 	 1.781355e+06 	
1.45640425e+08 	 1.000000e-20 	 1.693106e+06 	
1.61183184e+08 	 1.000000e-20 	 1.609246e+06 	
1.78384667e+08 	 1.000000e-20 	 1.529554e+06 	
1.97421895e+08 	 1.000000e-20 	 1.453821e+06 	
2.18490777e+08 	 1.000000e-20 	 1.381848e+06 	
2.41808131e+08 	 1.000000e-20 	 1.313448e+06 	
2.67613916e+08 	 1.000000e-20 	 1.248442e+06 	
2.96173697e+08 	 1.000000e-20 	 1.186659e+06 	
3.27781380e+08 	 1.000000e-20 	 1.127940e+06 	
3.62762238e+08 	 1.000000e-20 	 1.072132e+06 	
4.01476256e+08 	 1.000000e-20 	 1.019089e+06 	
4.44321837e+08 	 1.000000e-20 	 9.686743e+05 	
4.91739902e+08 	 1.000000e-20 	 9.207566e+05 	
5.44218428e+08 	 1.000000e-20 	 8.752121e+05 	
6.02297466e+08 	 1.000000e-20 	 8.319227e+05 	
6.66574705e+08 	 1.000000e-20 	 7.907764e+05 	
7.37711616e+08 	 1.000000e-20 	 7.516670e+05 	
8.16440264e+08 	 1.000000e-20 	 7.144933e+05 	
9.03570841e+08 	 1.000000e-20 	 6.791593e+05 	
1.00000000e+09 	 1.000000e-20 	 6.455737e+05 	
