r (cm)        	 rho (g/cm3) 	 T (K)       		 Linf = 5.009626e+38
1.29999075e+06 	 1.425314e+05 	 1.380181e+09 	
1.30003837e+06 	 1.313480e+05 	 1.352455e+09 	
1.30011517e+06 	 1.148764e+05 	 1.308242e+09 	
1.30019196e+06 	 1.001886e+05 	 1.264658e+09 	
1.30026876e+06 	 8.712751e+04 	 1.221724e+09 	
1.30034285e+06 	 7.593000e+04 	 1.180934e+09 	
1.30041694e+06 	 6.598633e+04 	 1.140786e+09 	
1.30049104e+06 	 5.718100e+04 	 1.101299e+09 	
1.30056513e+06 	 4.940635e+04 	 1.062493e+09 	
1.30062682e+06 	 4.364702e+04 	 1.030715e+09 	
1.30068851e+06 	 3.847869e+04 	 9.994339e+08 	
1.30075020e+06 	 3.385077e+04 	 9.686611e+08 	
1.30081189e+06 	 2.971595e+04 	 9.384082e+08 	
1.30087358e+06 	 2.603004e+04 	 9.086871e+08 	
1.30093539e+06 	 2.274624e+04 	 8.794566e+08 	
1.30099719e+06 	 1.983321e+04 	 8.507835e+08 	
1.30105899e+06 	 1.725526e+04 	 8.226792e+08 	
1.30110970e+06 	 1.536717e+04 	 8.000540e+08 	
1.30116041e+06 	 1.366545e+04 	 7.778259e+08 	
1.30121111e+06 	 1.213427e+04 	 7.560010e+08 	
1.30126182e+06 	 1.075886e+04 	 7.345855e+08 	
1.30131253e+06 	 9.525480e+03 	 7.135852e+08 	
1.30136324e+06 	 8.421359e+03 	 6.930058e+08 	
1.30141394e+06 	 7.434647e+03 	 6.728530e+08 	
1.30146548e+06 	 6.540737e+03 	 6.528112e+08 	
1.30151702e+06 	 5.746171e+03 	 6.332208e+08 	
1.30156856e+06 	 5.041165e+03 	 6.140866e+08 	
1.30161125e+06 	 4.518617e+03 	 5.985875e+08 	
1.30165394e+06 	 4.046613e+03 	 5.834069e+08 	
1.30169663e+06 	 3.620774e+03 	 5.685469e+08 	
1.30173932e+06 	 3.237043e+03 	 5.540095e+08 	
1.30178200e+06 	 2.891660e+03 	 5.397964e+08 	
1.30182469e+06 	 2.581152e+03 	 5.259091e+08 	
1.30186738e+06 	 2.302316e+03 	 5.123487e+08 	
1.30191007e+06 	 2.052201e+03 	 4.991163e+08 	
1.30195276e+06 	 1.828091e+03 	 4.862124e+08 	
1.30199792e+06 	 1.616542e+03 	 4.729186e+08 	
1.30203530e+06 	 1.459422e+03 	 4.621937e+08 	
1.30207268e+06 	 1.317082e+03 	 4.517207e+08 	
1.30211006e+06 	 1.188226e+03 	 4.414994e+08 	
1.30214744e+06 	 1.071661e+03 	 4.315291e+08 	
1.30218483e+06 	 9.662849e+02 	 4.218089e+08 	
1.30222221e+06 	 8.710868e+02 	 4.123378e+08 	
1.30225959e+06 	 7.851365e+02 	 4.031147e+08 	
1.30229697e+06 	 7.075809e+02 	 3.941380e+08 	
1.30233435e+06 	 6.376384e+02 	 3.854061e+08 	
1.30237173e+06 	 5.745939e+02 	 3.769171e+08 	
1.30240911e+06 	 5.177936e+02 	 3.686689e+08 	
1.30244649e+06 	 4.666410e+02 	 3.606592e+08 	
1.30248388e+06 	 4.205924e+02 	 3.528855e+08 	
1.30252126e+06 	 3.791525e+02 	 3.453450e+08 	
1.30255864e+06 	 3.418712e+02 	 3.380349e+08 	
1.30259602e+06 	 3.083395e+02 	 3.309520e+08 	
1.30263340e+06 	 2.781863e+02 	 3.240930e+08 	
1.30267078e+06 	 2.510754e+02 	 3.174543e+08 	
1.30270816e+06 	 2.267023e+02 	 3.110324e+08 	
1.30274817e+06 	 2.033368e+02 	 3.043946e+08 	
1.30278818e+06 	 1.824888e+02 	 2.979958e+08 	
1.30282819e+06 	 1.638860e+02 	 2.918310e+08 	
1.30286821e+06 	 1.472847e+02 	 2.858948e+08 	
1.30290822e+06 	 1.324668e+02 	 2.801819e+08 	
1.30294823e+06 	 1.192375e+02 	 2.746867e+08 	
1.30298824e+06 	 1.074229e+02 	 2.694037e+08 	
1.30302825e+06 	 9.686798e+01 	 2.643269e+08 	
1.30306826e+06 	 8.743438e+01 	 2.594507e+08 	
1.30310827e+06 	 7.899898e+01 	 2.547690e+08 	
1.30314828e+06 	 7.145215e+01 	 2.502760e+08 	
1.30318829e+06 	 6.469634e+01 	 2.459657e+08 	
1.30322830e+06 	 5.864480e+01 	 2.418322e+08 	
1.30326831e+06 	 5.322038e+01 	 2.378694e+08 	
1.30330832e+06 	 4.835455e+01 	 2.340714e+08 	
1.30334833e+06 	 4.398639e+01 	 2.304325e+08 	
1.30338834e+06 	 4.006180e+01 	 2.269467e+08 	
1.30342835e+06 	 3.653270e+01 	 2.236083e+08 	
1.30346836e+06 	 3.335641e+01 	 2.204117e+08 	
1.30350837e+06 	 3.049500e+01 	 2.173513e+08 	
1.30354839e+06 	 2.791478e+01 	 2.144216e+08 	
1.30359699e+06 	 2.511588e+01 	 2.110311e+08 	
1.30364559e+06 	 2.264080e+01 	 2.078164e+08 	
1.30369419e+06 	 2.044871e+01 	 2.047685e+08 	
1.30374279e+06 	 1.850420e+01 	 2.018788e+08 	
1.30379140e+06 	 1.677652e+01 	 1.991389e+08 	
1.30384000e+06 	 1.523900e+01 	 1.965407e+08 	
1.30388860e+06 	 1.386845e+01 	 1.940767e+08 	
1.30393720e+06 	 1.264470e+01 	 1.917394e+08 	
1.30398580e+06 	 1.155020e+01 	 1.895219e+08 	
1.30403441e+06 	 1.056965e+01 	 1.874174e+08 	
1.30408301e+06 	 9.689709e+00 	 1.854197e+08 	
1.30414329e+06 	 8.720739e+00 	 1.830813e+08 	
1.30420357e+06 	 7.869572e+00 	 1.808869e+08 	
1.30426385e+06 	 7.119970e+00 	 1.788266e+08 	
1.30432413e+06 	 6.458137e+00 	 1.768910e+08 	
1.30438442e+06 	 5.872329e+00 	 1.750712e+08 	
1.30444470e+06 	 5.352528e+00 	 1.733592e+08 	
1.30450498e+06 	 4.890171e+00 	 1.717473e+08 	
1.30456526e+06 	 4.477922e+00 	 1.702286e+08 	
1.30462554e+06 	 4.109485e+00 	 1.687966e+08 	
1.30468583e+06 	 3.779443e+00 	 1.674452e+08 	
1.30474611e+06 	 3.483126e+00 	 1.661689e+08 	
1.30480639e+06 	 3.216499e+00 	 1.649626e+08 	
1.30488316e+06 	 2.914451e+00 	 1.635200e+08 	
1.30495993e+06 	 2.648777e+00 	 1.621740e+08 	
1.30503671e+06 	 2.414322e+00 	 1.609167e+08 	
1.30511348e+06 	 2.206756e+00 	 1.597405e+08 	
1.30519025e+06 	 2.022424e+00 	 1.586387e+08 	
1.30526702e+06 	 1.858236e+00 	 1.576053e+08 	
1.30534379e+06 	 1.711567e+00 	 1.566348e+08 	
1.30544154e+06 	 1.546677e+00 	 1.554822e+08 	
1.30553930e+06 	 1.402724e+00 	 1.544143e+08 	
1.30563705e+06 	 1.276527e+00 	 1.534228e+08 	
1.30573480e+06 	 1.165455e+00 	 1.525006e+08 	
1.30583255e+06 	 1.067325e+00 	 1.516410e+08 	
1.30593030e+06 	 9.803132e-01 	 1.508385e+08 	
1.30602805e+06 	 9.028936e-01 	 1.500879e+08 	
1.30615195e+06 	 8.165610e-01 	 1.492039e+08 	
1.30627584e+06 	 7.414197e-01 	 1.483879e+08 	
1.30639974e+06 	 6.757067e-01 	 1.476325e+08 	
1.30652363e+06 	 6.179795e-01 	 1.469316e+08 	
1.30664753e+06 	 5.670512e-01 	 1.462797e+08 	
1.30680977e+06 	 5.090262e-01 	 1.454922e+08 	
1.30697200e+06 	 4.592016e-01 	 1.447712e+08 	
1.30713424e+06 	 4.161586e-01 	 1.441089e+08 	
1.30729648e+06 	 3.787629e-01 	 1.434984e+08 	
1.30745871e+06 	 3.461014e-01 	 1.429340e+08 	
1.30765782e+06 	 3.114096e-01 	 1.422969e+08 	
1.30785693e+06 	 2.816433e-01 	 1.417137e+08 	
1.30805603e+06 	 2.559382e-01 	 1.411777e+08 	
1.30825514e+06 	 2.336070e-01 	 1.406834e+08 	
1.30845425e+06 	 2.140989e-01 	 1.402259e+08 	
1.30874947e+06 	 1.894392e-01 	 1.396067e+08 	
1.30904470e+06 	 1.688907e-01 	 1.390484e+08 	
1.30933993e+06 	 1.516047e-01 	 1.385419e+08 	
1.30963516e+06 	 1.369370e-01 	 1.380798e+08 	
1.30999148e+06 	 1.220247e-01 	 1.375729e+08 	
1.31034780e+06 	 1.095485e-01 	 1.371133e+08 	
1.31070412e+06 	 9.901157e-02 	 1.366940e+08 	
1.31106044e+06 	 9.003597e-02 	 1.363093e+08 	
1.31158831e+06 	 7.900495e-02 	 1.357932e+08 	
1.31211618e+06 	 7.007212e-02 	 1.353309e+08 	
1.31264405e+06 	 6.273996e-02 	 1.349130e+08 	
1.31338795e+06 	 5.445050e-02 	 1.343854e+08 	
1.31413186e+06 	 4.793588e-02 	 1.339161e+08 	
1.31487576e+06 	 4.272358e-02 	 1.334935e+08 	
1.31573188e+06 	 3.791850e-02 	 1.330537e+08 	
1.31658801e+06 	 3.406659e-02 	 1.326545e+08 	
1.31744413e+06 	 3.093075e-02 	 1.322882e+08 	
1.31875577e+06 	 2.714699e-02 	 1.317784e+08 	
1.32006741e+06 	 2.425323e-02 	 1.313176e+08 	
1.32163326e+06 	 2.160848e-02 	 1.308168e+08 	
1.32319911e+06 	 1.958339e-02 	 1.303576e+08 	
1.32476496e+06 	 1.799804e-02 	 1.299308e+08 	
1.32714349e+06 	 1.617577e-02 	 1.293300e+08 	
1.32861985e+06 	 1.529980e-02 	 1.289797e+08 	
1.33167759e+06 	 1.390936e-02 	 1.282956e+08 	
1.33422265e+06 	 1.305744e-02 	 1.277591e+08 	
1.33840563e+06 	 1.204147e-02 	 1.269237e+08 	
1.34075536e+06 	 1.161300e-02 	 1.264737e+08 	
1.34618353e+06 	 1.086929e-02 	 1.254719e+08 	
1.35045686e+06 	 1.044133e-02 	 1.247114e+08 	
1.35799523e+06 	 9.877982e-03 	 1.234127e+08 	
1.36553360e+06 	 9.451595e-03 	 1.221548e+08 	
1.37755372e+06 	 8.908679e-03 	 1.202127e+08 	
1.38250000e+06 	 8.712699e-03 	 1.194328e+08 	
1.40583333e+06 	 7.895114e-03 	 1.158844e+08 	
1.42333333e+06 	 7.357656e-03 	 1.133523e+08 	
1.44666667e+06 	 6.713730e-03 	 1.101333e+08 	
1.47000000e+06 	 6.140647e-03 	 1.070810e+08 	
1.48750000e+06 	 5.751252e-03 	 1.048934e+08 	
1.51083333e+06 	 5.279662e-03 	 1.021032e+08 	
1.53416667e+06 	 4.856433e-03 	 9.944815e+07 	
1.55166667e+06 	 4.566825e-03 	 9.753975e+07 	
1.57500000e+06 	 4.214312e-03 	 9.509894e+07 	
1.59833333e+06 	 3.895587e-03 	 9.276922e+07 	
1.62166667e+06 	 3.607043e-03 	 9.054337e+07 	
1.64500000e+06 	 3.345098e-03 	 8.841463e+07 	
1.66833333e+06 	 3.106839e-03 	 8.637689e+07 	
1.69166667e+06 	 2.889742e-03 	 8.442454e+07 	
1.71500000e+06 	 2.691599e-03 	 8.255241e+07 	
1.73833333e+06 	 2.510415e-03 	 8.075575e+07 	
1.76166667e+06 	 2.344481e-03 	 7.903015e+07 	
1.78500000e+06 	 2.192254e-03 	 7.737155e+07 	
1.80833333e+06 	 2.052281e-03 	 7.577614e+07 	
1.83166667e+06 	 1.923529e-03 	 7.424051e+07 	
1.85500000e+06 	 1.804852e-03 	 7.276139e+07 	
1.89000000e+06 	 1.643692e-03 	 7.064212e+07 	
1.91333333e+06 	 1.546326e-03 	 6.929156e+07 	
1.93666667e+06 	 1.456164e-03 	 6.798786e+07 	
1.96000000e+06 	 1.372566e-03 	 6.672866e+07 	
1.98333333e+06 	 1.294968e-03 	 6.551176e+07 	
2.01833333e+06 	 1.188624e-03 	 6.376122e+07 	
2.04166667e+06 	 1.123880e-03 	 6.264137e+07 	
2.06500000e+06 	 1.063539e-03 	 6.155717e+07 	
2.08833333e+06 	 1.007174e-03 	 6.050693e+07 	
2.12333333e+06 	 9.296349e-04 	 5.899207e+07 	
2.14666667e+06 	 8.820824e-04 	 5.802033e+07 	
2.18166667e+06 	 8.163889e-04 	 5.661668e+07 	
2.20500000e+06 	 7.760223e-04 	 5.571511e+07 	
2.22833333e+06 	 7.381463e-04 	 5.483952e+07 	
2.26333333e+06 	 6.856018e-04 	 5.357250e+07 	
2.28666667e+06 	 6.531552e-04 	 5.275722e+07 	
2.32166667e+06 	 6.080920e-04 	 5.157618e+07 	
2.34500000e+06 	 5.802263e-04 	 5.081540e+07 	
2.38000000e+06 	 5.413407e-04 	 4.971196e+07 	
2.40333333e+06 	 5.172677e-04 	 4.900045e+07 	
2.43833333e+06 	 4.836053e-04 	 4.796744e+07 	
2.47333333e+06 	 4.526639e-04 	 4.697353e+07 	
2.49666667e+06 	 4.334050e-04 	 4.633158e+07 	
2.53166667e+06 	 4.064351e-04 	 4.539821e+07 	
2.55500000e+06 	 3.896163e-04 	 4.479481e+07 	
2.59000000e+06 	 3.660175e-04 	 4.391673e+07 	
2.62500000e+06 	 3.441930e-04 	 4.306952e+07 	
2.64833333e+06 	 3.305627e-04 	 4.252113e+07 	
2.68333333e+06 	 3.113398e-04 	 4.172195e+07 	
2.71833333e+06 	 2.935191e-04 	 4.094974e+07 	
2.74166667e+06 	 2.823357e-04 	 4.044922e+07 	
2.77666667e+06 	 2.665721e-04 	 3.971904e+07 	
2.81166667e+06 	 2.518951e-04 	 3.901247e+07 	
2.84666667e+06 	 2.382202e-04 	 3.832842e+07 	
2.87000000e+06 	 2.296111e-04 	 3.788436e+07 	
2.90500000e+06 	 2.174309e-04 	 3.723557e+07 	
2.94000000e+06 	 2.060605e-04 	 3.660670e+07 	
2.97500000e+06 	 1.954194e-04 	 3.599681e+07 	
3.01000000e+06 	 1.854624e-04 	 3.540511e+07 	
3.04500000e+06 	 1.761397e-04 	 3.483082e+07 	
3.08000000e+06 	 1.673941e-04 	 3.427318e+07 	
3.11500000e+06 	 1.591907e-04 	 3.373152e+07 	
3.15000000e+06 	 1.514852e-04 	 3.320516e+07 	
3.18500000e+06 	 1.442409e-04 	 3.269346e+07 	
3.22000000e+06 	 1.374285e-04 	 3.219587e+07 	
3.25500000e+06 	 1.310141e-04 	 3.171179e+07 	
3.29000000e+06 	 1.249722e-04 	 3.124072e+07 	
3.32500000e+06 	 1.192756e-04 	 3.078213e+07 	
3.36000000e+06 	 1.139007e-04 	 3.033556e+07 	
3.39500000e+06 	 1.088266e-04 	 2.990055e+07 	
3.43000000e+06 	 1.040327e-04 	 2.947666e+07 	
3.46500000e+06 	 9.950053e-05 	 2.906349e+07 	
3.50000000e+06 	 9.521307e-05 	 2.866063e+07 	
3.53500000e+06 	 9.115483e-05 	 2.826773e+07 	
3.57000000e+06 	 8.731078e-05 	 2.788443e+07 	
3.60500000e+06 	 8.366751e-05 	 2.751038e+07 	
3.64000000e+06 	 8.021252e-05 	 2.714526e+07 	
3.67500000e+06 	 7.693416e-05 	 2.678877e+07 	
3.71000000e+06 	 7.382191e-05 	 2.644061e+07 	
3.74500000e+06 	 7.086524e-05 	 2.610049e+07 	
3.78000000e+06 	 6.805532e-05 	 2.576816e+07 	
3.81500000e+06 	 6.538313e-05 	 2.544334e+07 	
3.85000000e+06 	 6.284060e-05 	 2.512580e+07 	
3.88500000e+06 	 6.042045e-05 	 2.481531e+07 	
3.92000000e+06 	 5.811538e-05 	 2.451162e+07 	
3.95500000e+06 	 5.591909e-05 	 2.421454e+07 	
3.99000000e+06 	 5.382527e-05 	 2.392384e+07 	
4.02500000e+06 	 5.182821e-05 	 2.363933e+07 	
4.06000000e+06 	 4.992268e-05 	 2.336083e+07 	
4.09500000e+06 	 4.810353e-05 	 2.308814e+07 	
4.13000000e+06 	 4.636621e-05 	 2.282110e+07 	
4.16500000e+06 	 4.470622e-05 	 2.255952e+07 	
4.20000000e+06 	 4.311946e-05 	 2.230326e+07 	
4.23500000e+06 	 4.160211e-05 	 2.205215e+07 	
4.27000000e+06 	 4.015049e-05 	 2.180605e+07 	
4.30500000e+06 	 3.876124e-05 	 2.156480e+07 	
4.34000000e+06 	 3.743113e-05 	 2.132828e+07 	
4.37500000e+06 	 3.615713e-05 	 2.109635e+07 	
4.41000000e+06 	 3.493641e-05 	 2.086887e+07 	
4.44500000e+06 	 3.376635e-05 	 2.064573e+07 	
4.48000000e+06 	 3.264437e-05 	 2.042680e+07 	
4.51500000e+06 	 3.156818e-05 	 2.021197e+07 	
4.55000000e+06 	 3.053548e-05 	 2.000113e+07 	
4.58500000e+06 	 2.954418e-05 	 1.979417e+07 	
4.62000000e+06 	 2.859231e-05 	 1.959099e+07 	
4.65500000e+06 	 2.767799e-05 	 1.939149e+07 	
4.69000000e+06 	 2.679943e-05 	 1.919557e+07 	
4.72500000e+06 	 2.595498e-05 	 1.900314e+07 	
4.76000000e+06 	 2.514303e-05 	 1.881411e+07 	
4.79500000e+06 	 2.436209e-05 	 1.862838e+07 	
4.83000000e+06 	 2.361075e-05 	 1.844589e+07 	
4.86500000e+06 	 2.288764e-05 	 1.826654e+07 	
4.90000000e+06 	 2.219153e-05 	 1.809027e+07 	
4.93500000e+06 	 2.152118e-05 	 1.791698e+07 	
4.97000000e+06 	 2.087545e-05 	 1.774661e+07 	
5.00500000e+06 	 2.025327e-05 	 1.757909e+07 	
5.04000000e+06 	 1.965360e-05 	 1.741435e+07 	
5.07500000e+06 	 1.907547e-05 	 1.725232e+07 	
5.11000000e+06 	 1.851794e-05 	 1.709293e+07 	
5.14500000e+06 	 1.798015e-05 	 1.693613e+07 	
5.18000000e+06 	 1.746124e-05 	 1.678186e+07 	
5.21500000e+06 	 1.696042e-05 	 1.663005e+07 	
5.25000000e+06 	 1.647695e-05 	 1.648065e+07 	
5.28500000e+06 	 1.601009e-05 	 1.633360e+07 	
5.32000000e+06 	 1.555915e-05 	 1.618885e+07 	
5.35500000e+06 	 1.512350e-05 	 1.604634e+07 	
5.39000000e+06 	 1.470250e-05 	 1.590604e+07 	
5.42500000e+06 	 1.429557e-05 	 1.576788e+07 	
5.46000000e+06 	 1.390214e-05 	 1.563182e+07 	
5.49500000e+06 	 1.352166e-05 	 1.549781e+07 	
5.53000000e+06 	 1.315364e-05 	 1.536582e+07 	
5.56500000e+06 	 1.279756e-05 	 1.523579e+07 	
5.60000000e+06 	 1.245299e-05 	 1.510768e+07 	
5.63500000e+06 	 1.211945e-05 	 1.498145e+07 	
5.67000000e+06 	 1.179654e-05 	 1.485707e+07 	
5.70500000e+06 	 1.148383e-05 	 1.473448e+07 	
5.74000000e+06 	 1.118095e-05 	 1.461367e+07 	
5.77500000e+06 	 1.088752e-05 	 1.449458e+07 	
5.81000000e+06 	 1.060319e-05 	 1.437718e+07 	
5.84500000e+06 	 1.032761e-05 	 1.426145e+07 	
5.88000000e+06 	 1.006046e-05 	 1.414733e+07 	
5.91500000e+06 	 9.801433e-06 	 1.403481e+07 	
5.95000000e+06 	 9.550227e-06 	 1.392385e+07 	
5.98500000e+06 	 9.306557e-06 	 1.381441e+07 	
6.02000000e+06 	 9.070150e-06 	 1.370647e+07 	
6.05500000e+06 	 8.840748e-06 	 1.360000e+07 	
6.09000000e+06 	 8.618097e-06 	 1.349497e+07 	
6.12500000e+06 	 8.401956e-06 	 1.339134e+07 	
6.16000000e+06 	 8.192097e-06 	 1.328910e+07 	
6.19500000e+06 	 7.988299e-06 	 1.318822e+07 	
6.23000000e+06 	 7.790349e-06 	 1.308867e+07 	
6.26500000e+06 	 7.598046e-06 	 1.299042e+07 	
6.30000000e+06 	 7.411192e-06 	 1.289346e+07 	
6.33500000e+06 	 7.229601e-06 	 1.279775e+07 	
6.37000000e+06 	 7.053094e-06 	 1.270327e+07 	
6.40500000e+06 	 6.881497e-06 	 1.261000e+07 	
6.44000000e+06 	 6.714646e-06 	 1.251793e+07 	
6.47500000e+06 	 6.552379e-06 	 1.242701e+07 	
6.51000000e+06 	 6.394545e-06 	 1.233724e+07 	
6.54500000e+06 	 6.240996e-06 	 1.224860e+07 	
6.58000000e+06 	 6.091590e-06 	 1.216106e+07 	
6.61500000e+06 	 5.946192e-06 	 1.207460e+07 	
6.65000000e+06 	 5.804670e-06 	 1.198920e+07 	
6.68500000e+06 	 5.666898e-06 	 1.190485e+07 	
6.72000000e+06 	 5.532755e-06 	 1.182153e+07 	
6.75500000e+06 	 5.402125e-06 	 1.173922e+07 	
6.79000000e+06 	 5.274895e-06 	 1.165790e+07 	
6.82500000e+06 	 5.150956e-06 	 1.157755e+07 	
6.86000000e+06 	 5.030205e-06 	 1.149816e+07 	
6.89500000e+06 	 4.912542e-06 	 1.141971e+07 	
6.93000000e+06 	 4.797869e-06 	 1.134218e+07 	
7.00000000e+06 	 4.577123e-06 	 1.118985e+07 	
7.00050050e+06 	 4.575585e-06 	 1.118877e+07 	
7.00100100e+06 	 4.574047e-06 	 1.118770e+07 	
7.00150150e+06 	 4.572510e-06 	 1.118662e+07 	
7.00200200e+06 	 4.570973e-06 	 1.118554e+07 	
7.00250250e+06 	 4.569437e-06 	 1.118447e+07 	
7.00300300e+06 	 4.567901e-06 	 1.118339e+07 	
7.00350350e+06 	 4.566366e-06 	 1.118232e+07 	
7.00400400e+06 	 4.564832e-06 	 1.118124e+07 	
7.00450450e+06 	 4.563298e-06 	 1.118017e+07 	
7.00500501e+06 	 4.561764e-06 	 1.117909e+07 	
7.00550551e+06 	 4.560232e-06 	 1.117802e+07 	
7.00600601e+06 	 4.558699e-06 	 1.117694e+07 	
7.00650651e+06 	 4.557168e-06 	 1.117587e+07 	
7.00700701e+06 	 4.555637e-06 	 1.117479e+07 	
7.00750751e+06 	 4.554106e-06 	 1.117372e+07 	
7.00800801e+06 	 4.552576e-06 	 1.117265e+07 	
7.00850851e+06 	 4.551047e-06 	 1.117157e+07 	
7.00900901e+06 	 4.549518e-06 	 1.117050e+07 	
7.00950951e+06 	 4.547989e-06 	 1.116943e+07 	
7.01001001e+06 	 4.546461e-06 	 1.116835e+07 	
7.01051051e+06 	 4.544934e-06 	 1.116728e+07 	
7.01101101e+06 	 4.543408e-06 	 1.116621e+07 	
7.01151151e+06 	 4.541881e-06 	 1.116514e+07 	
7.01201201e+06 	 4.540356e-06 	 1.116406e+07 	
7.01251251e+06 	 4.538831e-06 	 1.116299e+07 	
7.01301301e+06 	 4.537306e-06 	 1.116192e+07 	
7.01351351e+06 	 4.535782e-06 	 1.116085e+07 	
7.01401401e+06 	 4.534259e-06 	 1.115978e+07 	
7.01451451e+06 	 4.532736e-06 	 1.115870e+07 	
7.01501502e+06 	 4.531214e-06 	 1.115763e+07 	
7.01551552e+06 	 4.529692e-06 	 1.115656e+07 	
7.01601602e+06 	 4.528171e-06 	 1.115549e+07 	
7.01651652e+06 	 4.526650e-06 	 1.115442e+07 	
7.01701702e+06 	 4.525130e-06 	 1.115335e+07 	
7.01751752e+06 	 4.523610e-06 	 1.115228e+07 	
7.01801802e+06 	 4.522091e-06 	 1.115121e+07 	
7.01851852e+06 	 4.520573e-06 	 1.115014e+07 	
7.01901902e+06 	 4.519055e-06 	 1.114907e+07 	
7.01951952e+06 	 4.517537e-06 	 1.114800e+07 	
7.02002002e+06 	 4.516021e-06 	 1.114693e+07 	
7.02052052e+06 	 4.514504e-06 	 1.114586e+07 	
7.02102102e+06 	 4.512989e-06 	 1.114479e+07 	
7.02152152e+06 	 4.511473e-06 	 1.114372e+07 	
7.02202202e+06 	 4.509959e-06 	 1.114266e+07 	
7.02252252e+06 	 4.508445e-06 	 1.114159e+07 	
7.02302302e+06 	 4.506931e-06 	 1.114052e+07 	
7.02352352e+06 	 4.505418e-06 	 1.113945e+07 	
7.02402402e+06 	 4.503906e-06 	 1.113838e+07 	
7.02452452e+06 	 4.502394e-06 	 1.113731e+07 	
7.02502503e+06 	 4.500882e-06 	 1.113625e+07 	
7.02552553e+06 	 4.499371e-06 	 1.113518e+07 	
7.02602603e+06 	 4.497861e-06 	 1.113411e+07 	
7.02652653e+06 	 4.496351e-06 	 1.113304e+07 	
7.02702703e+06 	 4.494842e-06 	 1.113198e+07 	
7.02752753e+06 	 4.493333e-06 	 1.113091e+07 	
7.02802803e+06 	 4.491825e-06 	 1.112984e+07 	
7.02852853e+06 	 4.490318e-06 	 1.112878e+07 	
7.02902903e+06 	 4.488811e-06 	 1.112771e+07 	
7.02952953e+06 	 4.487304e-06 	 1.112665e+07 	
7.03003003e+06 	 4.485798e-06 	 1.112558e+07 	
7.03053053e+06 	 4.484293e-06 	 1.112451e+07 	
7.03103103e+06 	 4.482788e-06 	 1.112345e+07 	
7.03153153e+06 	 4.481284e-06 	 1.112238e+07 	
7.03203203e+06 	 4.479780e-06 	 1.112132e+07 	
7.03253253e+06 	 4.478277e-06 	 1.112025e+07 	
7.03303303e+06 	 4.476774e-06 	 1.111919e+07 	
7.03353353e+06 	 4.475272e-06 	 1.111812e+07 	
7.03403403e+06 	 4.473770e-06 	 1.111706e+07 	
7.03453453e+06 	 4.472269e-06 	 1.111599e+07 	
7.03503504e+06 	 4.470768e-06 	 1.111493e+07 	
7.03553554e+06 	 4.469268e-06 	 1.111387e+07 	
7.03603604e+06 	 4.467769e-06 	 1.111280e+07 	
7.03653654e+06 	 4.466270e-06 	 1.111174e+07 	
7.03703704e+06 	 4.464772e-06 	 1.111068e+07 	
7.03753754e+06 	 4.463274e-06 	 1.110961e+07 	
7.03803804e+06 	 4.461776e-06 	 1.110855e+07 	
7.03853854e+06 	 4.460280e-06 	 1.110749e+07 	
7.03903904e+06 	 4.458783e-06 	 1.110642e+07 	
7.03953954e+06 	 4.457288e-06 	 1.110536e+07 	
7.04004004e+06 	 4.455793e-06 	 1.110430e+07 	
7.04054054e+06 	 4.454298e-06 	 1.110324e+07 	
7.04104104e+06 	 4.452804e-06 	 1.110218e+07 	
7.04154154e+06 	 4.451310e-06 	 1.110111e+07 	
7.04204204e+06 	 4.449817e-06 	 1.110005e+07 	
7.04254254e+06 	 4.448325e-06 	 1.109899e+07 	
7.04304304e+06 	 4.446833e-06 	 1.109793e+07 	
7.04354354e+06 	 4.445341e-06 	 1.109687e+07 	
7.04404404e+06 	 4.443850e-06 	 1.109581e+07 	
7.04454454e+06 	 4.442360e-06 	 1.109475e+07 	
7.04504505e+06 	 4.440870e-06 	 1.109369e+07 	
7.04554555e+06 	 4.439381e-06 	 1.109263e+07 	
7.04604605e+06 	 4.437892e-06 	 1.109156e+07 	
7.04654655e+06 	 4.436404e-06 	 1.109050e+07 	
7.04704705e+06 	 4.434916e-06 	 1.108944e+07 	
7.04754755e+06 	 4.433429e-06 	 1.108839e+07 	
7.04804805e+06 	 4.431943e-06 	 1.108733e+07 	
7.04854855e+06 	 4.430457e-06 	 1.108627e+07 	
7.04904905e+06 	 4.428971e-06 	 1.108521e+07 	
7.04954955e+06 	 4.427486e-06 	 1.108415e+07 	
7.05005005e+06 	 4.426001e-06 	 1.108309e+07 	
7.05055055e+06 	 4.424518e-06 	 1.108203e+07 	
7.05105105e+06 	 4.423034e-06 	 1.108097e+07 	
7.05155155e+06 	 4.421551e-06 	 1.107991e+07 	
7.05205205e+06 	 4.420069e-06 	 1.107886e+07 	
7.05255255e+06 	 4.418587e-06 	 1.107780e+07 	
7.05305305e+06 	 4.417106e-06 	 1.107674e+07 	
7.05355355e+06 	 4.415625e-06 	 1.107568e+07 	
7.05405405e+06 	 4.414145e-06 	 1.107462e+07 	
7.05455455e+06 	 4.412665e-06 	 1.107357e+07 	
7.05505506e+06 	 4.411186e-06 	 1.107251e+07 	
7.05555556e+06 	 4.409707e-06 	 1.107145e+07 	
7.05605606e+06 	 4.408229e-06 	 1.107040e+07 	
7.05655656e+06 	 4.406752e-06 	 1.106934e+07 	
7.05705706e+06 	 4.405275e-06 	 1.106828e+07 	
7.05755756e+06 	 4.403798e-06 	 1.106723e+07 	
7.05805806e+06 	 4.402322e-06 	 1.106617e+07 	
7.05855856e+06 	 4.400847e-06 	 1.106512e+07 	
7.05905906e+06 	 4.399372e-06 	 1.106406e+07 	
7.05955956e+06 	 4.397897e-06 	 1.106300e+07 	
7.06006006e+06 	 4.396423e-06 	 1.106195e+07 	
7.06056056e+06 	 4.394950e-06 	 1.106089e+07 	
7.06106106e+06 	 4.393477e-06 	 1.105984e+07 	
7.06156156e+06 	 4.392005e-06 	 1.105878e+07 	
7.06206206e+06 	 4.390533e-06 	 1.105773e+07 	
7.06256256e+06 	 4.389062e-06 	 1.105668e+07 	
7.06306306e+06 	 4.387591e-06 	 1.105562e+07 	
7.06356356e+06 	 4.386121e-06 	 1.105457e+07 	
7.06406406e+06 	 4.384651e-06 	 1.105351e+07 	
7.06456456e+06 	 4.383182e-06 	 1.105246e+07 	
7.06506507e+06 	 4.381713e-06 	 1.105141e+07 	
7.06556557e+06 	 4.380245e-06 	 1.105035e+07 	
7.06606607e+06 	 4.378778e-06 	 1.104930e+07 	
7.06656657e+06 	 4.377311e-06 	 1.104825e+07 	
7.06706707e+06 	 4.375844e-06 	 1.104719e+07 	
7.06756757e+06 	 4.374378e-06 	 1.104614e+07 	
7.06806807e+06 	 4.372913e-06 	 1.104509e+07 	
7.06856857e+06 	 4.371448e-06 	 1.104404e+07 	
7.06906907e+06 	 4.369983e-06 	 1.104298e+07 	
7.06956957e+06 	 4.368519e-06 	 1.104193e+07 	
7.07007007e+06 	 4.367056e-06 	 1.104088e+07 	
7.07057057e+06 	 4.365593e-06 	 1.103983e+07 	
7.07107107e+06 	 4.364131e-06 	 1.103878e+07 	
7.07157157e+06 	 4.362669e-06 	 1.103772e+07 	
7.07207207e+06 	 4.361208e-06 	 1.103667e+07 	
7.07257257e+06 	 4.359747e-06 	 1.103562e+07 	
7.07307307e+06 	 4.358287e-06 	 1.103457e+07 	
7.07357357e+06 	 4.356827e-06 	 1.103352e+07 	
7.07407407e+06 	 4.355368e-06 	 1.103247e+07 	
7.07457457e+06 	 4.353909e-06 	 1.103142e+07 	
7.07507508e+06 	 4.352451e-06 	 1.103037e+07 	
7.07557558e+06 	 4.350993e-06 	 1.102932e+07 	
7.07607608e+06 	 4.349536e-06 	 1.102827e+07 	
7.07657658e+06 	 4.348080e-06 	 1.102722e+07 	
7.07707708e+06 	 4.346623e-06 	 1.102617e+07 	
7.07757758e+06 	 4.345168e-06 	 1.102512e+07 	
7.07807808e+06 	 4.343713e-06 	 1.102407e+07 	
7.07857858e+06 	 4.342258e-06 	 1.102302e+07 	
7.07907908e+06 	 4.340804e-06 	 1.102198e+07 	
7.07957958e+06 	 4.339351e-06 	 1.102093e+07 	
7.08008008e+06 	 4.337898e-06 	 1.101988e+07 	
7.08058058e+06 	 4.336445e-06 	 1.101883e+07 	
7.08108108e+06 	 4.334993e-06 	 1.101778e+07 	
7.08158158e+06 	 4.333542e-06 	 1.101673e+07 	
7.08208208e+06 	 4.332091e-06 	 1.101569e+07 	
7.08258258e+06 	 4.330641e-06 	 1.101464e+07 	
7.08308308e+06 	 4.329191e-06 	 1.101359e+07 	
7.08358358e+06 	 4.327741e-06 	 1.101255e+07 	
7.08408408e+06 	 4.326293e-06 	 1.101150e+07 	
7.08458458e+06 	 4.324844e-06 	 1.101045e+07 	
7.08508509e+06 	 4.323396e-06 	 1.100940e+07 	
7.08558559e+06 	 4.321949e-06 	 1.100836e+07 	
7.08608609e+06 	 4.320502e-06 	 1.100731e+07 	
7.08658659e+06 	 4.319056e-06 	 1.100627e+07 	
7.08708709e+06 	 4.317610e-06 	 1.100522e+07 	
7.08758759e+06 	 4.316165e-06 	 1.100417e+07 	
7.08808809e+06 	 4.314720e-06 	 1.100313e+07 	
7.08858859e+06 	 4.313276e-06 	 1.100208e+07 	
7.08908909e+06 	 4.311832e-06 	 1.100104e+07 	
7.08958959e+06 	 4.310389e-06 	 1.099999e+07 	
7.09009009e+06 	 4.308947e-06 	 1.099895e+07 	
7.09059059e+06 	 4.307504e-06 	 1.099790e+07 	
7.09109109e+06 	 4.306063e-06 	 1.099686e+07 	
7.09159159e+06 	 4.304622e-06 	 1.099581e+07 	
7.09209209e+06 	 4.303181e-06 	 1.099477e+07 	
7.09259259e+06 	 4.301741e-06 	 1.099373e+07 	
7.09309309e+06 	 4.300301e-06 	 1.099268e+07 	
7.09359359e+06 	 4.298862e-06 	 1.099164e+07 	
7.09409409e+06 	 4.297424e-06 	 1.099059e+07 	
7.09459459e+06 	 4.295986e-06 	 1.098955e+07 	
7.09509510e+06 	 4.294548e-06 	 1.098851e+07 	
7.09559560e+06 	 4.293111e-06 	 1.098746e+07 	
7.09609610e+06 	 4.291675e-06 	 1.098642e+07 	
7.09659660e+06 	 4.290239e-06 	 1.098538e+07 	
7.09709710e+06 	 4.288803e-06 	 1.098434e+07 	
7.09759760e+06 	 4.287368e-06 	 1.098329e+07 	
7.09809810e+06 	 4.285934e-06 	 1.098225e+07 	
7.09859860e+06 	 4.284500e-06 	 1.098121e+07 	
7.09909910e+06 	 4.283066e-06 	 1.098017e+07 	
7.09959960e+06 	 4.281633e-06 	 1.097913e+07 	
7.10010010e+06 	 4.280201e-06 	 1.097809e+07 	
7.10060060e+06 	 4.278769e-06 	 1.097704e+07 	
7.10110110e+06 	 4.277337e-06 	 1.097600e+07 	
7.10160160e+06 	 4.275907e-06 	 1.097496e+07 	
7.10210210e+06 	 4.274476e-06 	 1.097392e+07 	
7.10260260e+06 	 4.273046e-06 	 1.097288e+07 	
7.10310310e+06 	 4.271617e-06 	 1.097184e+07 	
7.10360360e+06 	 4.270188e-06 	 1.097080e+07 	
7.10410410e+06 	 4.268760e-06 	 1.096976e+07 	
7.10460460e+06 	 4.267332e-06 	 1.096872e+07 	
7.10510511e+06 	 4.265904e-06 	 1.096768e+07 	
7.10560561e+06 	 4.264478e-06 	 1.096664e+07 	
7.10610611e+06 	 4.263051e-06 	 1.096560e+07 	
7.10660661e+06 	 4.261625e-06 	 1.096456e+07 	
7.10710711e+06 	 4.260200e-06 	 1.096352e+07 	
7.10760761e+06 	 4.258775e-06 	 1.096248e+07 	
7.10810811e+06 	 4.257351e-06 	 1.096144e+07 	
7.10860861e+06 	 4.255927e-06 	 1.096041e+07 	
7.10910911e+06 	 4.254504e-06 	 1.095937e+07 	
7.10960961e+06 	 4.253081e-06 	 1.095833e+07 	
7.11011011e+06 	 4.251659e-06 	 1.095729e+07 	
7.11061061e+06 	 4.250237e-06 	 1.095625e+07 	
7.11111111e+06 	 4.248816e-06 	 1.095522e+07 	
7.11161161e+06 	 4.247395e-06 	 1.095418e+07 	
7.11211211e+06 	 4.245975e-06 	 1.095314e+07 	
7.11261261e+06 	 4.244555e-06 	 1.095210e+07 	
7.11311311e+06 	 4.243135e-06 	 1.095107e+07 	
7.11361361e+06 	 4.241717e-06 	 1.095003e+07 	
7.11411411e+06 	 4.240298e-06 	 1.094899e+07 	
7.11461461e+06 	 4.238881e-06 	 1.094796e+07 	
7.11511512e+06 	 4.237463e-06 	 1.094692e+07 	
7.11561562e+06 	 4.236047e-06 	 1.094588e+07 	
7.11611612e+06 	 4.234630e-06 	 1.094485e+07 	
7.11661662e+06 	 4.233215e-06 	 1.094381e+07 	
7.11711712e+06 	 4.231799e-06 	 1.094278e+07 	
7.11761762e+06 	 4.230385e-06 	 1.094174e+07 	
7.11811812e+06 	 4.228970e-06 	 1.094071e+07 	
7.11861862e+06 	 4.227557e-06 	 1.093967e+07 	
7.11911912e+06 	 4.226143e-06 	 1.093864e+07 	
7.11961962e+06 	 4.224731e-06 	 1.093760e+07 	
7.12012012e+06 	 4.223318e-06 	 1.093657e+07 	
7.12062062e+06 	 4.221907e-06 	 1.093553e+07 	
7.12112112e+06 	 4.220495e-06 	 1.093450e+07 	
7.12162162e+06 	 4.219085e-06 	 1.093346e+07 	
7.12212212e+06 	 4.217674e-06 	 1.093243e+07 	
7.12262262e+06 	 4.216265e-06 	 1.093140e+07 	
7.12312312e+06 	 4.214855e-06 	 1.093036e+07 	
7.12362362e+06 	 4.213447e-06 	 1.092933e+07 	
7.12412412e+06 	 4.212038e-06 	 1.092829e+07 	
7.12462462e+06 	 4.210631e-06 	 1.092726e+07 	
7.12512513e+06 	 4.209223e-06 	 1.092623e+07 	
7.12562563e+06 	 4.207817e-06 	 1.092520e+07 	
7.12612613e+06 	 4.206410e-06 	 1.092416e+07 	
7.12662663e+06 	 4.205005e-06 	 1.092313e+07 	
7.12712713e+06 	 4.203599e-06 	 1.092210e+07 	
7.12762763e+06 	 4.202194e-06 	 1.092107e+07 	
7.12812813e+06 	 4.200790e-06 	 1.092003e+07 	
7.12862863e+06 	 4.199386e-06 	 1.091900e+07 	
7.12912913e+06 	 4.197983e-06 	 1.091797e+07 	
7.12962963e+06 	 4.196580e-06 	 1.091694e+07 	
7.13013013e+06 	 4.195178e-06 	 1.091591e+07 	
7.13063063e+06 	 4.193776e-06 	 1.091488e+07 	
7.13113113e+06 	 4.192375e-06 	 1.091385e+07 	
7.13163163e+06 	 4.190974e-06 	 1.091282e+07 	
7.13213213e+06 	 4.189574e-06 	 1.091178e+07 	
7.13263263e+06 	 4.188174e-06 	 1.091075e+07 	
7.13313313e+06 	 4.186775e-06 	 1.090972e+07 	
7.13363363e+06 	 4.185376e-06 	 1.090869e+07 	
7.13413413e+06 	 4.183978e-06 	 1.090766e+07 	
7.13463463e+06 	 4.182580e-06 	 1.090663e+07 	
7.13513514e+06 	 4.181182e-06 	 1.090560e+07 	
7.13563564e+06 	 4.179786e-06 	 1.090458e+07 	
7.13613614e+06 	 4.178389e-06 	 1.090355e+07 	
7.13663664e+06 	 4.176993e-06 	 1.090252e+07 	
7.13713714e+06 	 4.175598e-06 	 1.090149e+07 	
7.13763764e+06 	 4.174203e-06 	 1.090046e+07 	
7.13813814e+06 	 4.172809e-06 	 1.089943e+07 	
7.13863864e+06 	 4.171415e-06 	 1.089840e+07 	
7.13913914e+06 	 4.170021e-06 	 1.089737e+07 	
7.13963964e+06 	 4.168629e-06 	 1.089635e+07 	
7.14014014e+06 	 4.167236e-06 	 1.089532e+07 	
7.14064064e+06 	 4.165844e-06 	 1.089429e+07 	
7.14114114e+06 	 4.164453e-06 	 1.089326e+07 	
7.14164164e+06 	 4.163062e-06 	 1.089224e+07 	
7.14214214e+06 	 4.161671e-06 	 1.089121e+07 	
7.14264264e+06 	 4.160281e-06 	 1.089018e+07 	
7.14314314e+06 	 4.158892e-06 	 1.088915e+07 	
7.14364364e+06 	 4.157503e-06 	 1.088813e+07 	
7.14414414e+06 	 4.156114e-06 	 1.088710e+07 	
7.14464464e+06 	 4.154726e-06 	 1.088607e+07 	
7.14514515e+06 	 4.153339e-06 	 1.088505e+07 	
7.14564565e+06 	 4.151952e-06 	 1.088402e+07 	
7.14614615e+06 	 4.150565e-06 	 1.088300e+07 	
7.14664665e+06 	 4.149179e-06 	 1.088197e+07 	
7.14714715e+06 	 4.147794e-06 	 1.088094e+07 	
7.14764765e+06 	 4.146409e-06 	 1.087992e+07 	
7.14814815e+06 	 4.145024e-06 	 1.087889e+07 	
7.14864865e+06 	 4.143640e-06 	 1.087787e+07 	
7.14914915e+06 	 4.142256e-06 	 1.087684e+07 	
7.14964965e+06 	 4.140873e-06 	 1.087582e+07 	
7.15015015e+06 	 4.139491e-06 	 1.087479e+07 	
7.15065065e+06 	 4.138109e-06 	 1.087377e+07 	
7.15115115e+06 	 4.136727e-06 	 1.087275e+07 	
7.15165165e+06 	 4.135346e-06 	 1.087172e+07 	
7.15215215e+06 	 4.133965e-06 	 1.087070e+07 	
7.15265265e+06 	 4.132585e-06 	 1.086967e+07 	
7.15315315e+06 	 4.131205e-06 	 1.086865e+07 	
7.15365365e+06 	 4.129826e-06 	 1.086763e+07 	
7.15415415e+06 	 4.128447e-06 	 1.086660e+07 	
7.15465465e+06 	 4.127069e-06 	 1.086558e+07 	
7.15515516e+06 	 4.125691e-06 	 1.086456e+07 	
7.15565566e+06 	 4.124314e-06 	 1.086354e+07 	
7.15615616e+06 	 4.122937e-06 	 1.086251e+07 	
7.15665666e+06 	 4.121561e-06 	 1.086149e+07 	
7.15715716e+06 	 4.120185e-06 	 1.086047e+07 	
7.15765766e+06 	 4.118810e-06 	 1.085945e+07 	
7.15815816e+06 	 4.117435e-06 	 1.085842e+07 	
7.15865866e+06 	 4.116060e-06 	 1.085740e+07 	
7.15915916e+06 	 4.114686e-06 	 1.085638e+07 	
7.15965966e+06 	 4.113313e-06 	 1.085536e+07 	
7.16016016e+06 	 4.111940e-06 	 1.085434e+07 	
7.16066066e+06 	 4.110568e-06 	 1.085332e+07 	
7.16116116e+06 	 4.109196e-06 	 1.085230e+07 	
7.16166166e+06 	 4.107824e-06 	 1.085128e+07 	
7.16216216e+06 	 4.106453e-06 	 1.085026e+07 	
7.16266266e+06 	 4.105083e-06 	 1.084924e+07 	
7.16316316e+06 	 4.103713e-06 	 1.084822e+07 	
7.16366366e+06 	 4.102343e-06 	 1.084720e+07 	
7.16416416e+06 	 4.100974e-06 	 1.084618e+07 	
7.16466466e+06 	 4.099605e-06 	 1.084516e+07 	
7.16516517e+06 	 4.098237e-06 	 1.084414e+07 	
7.16566567e+06 	 4.096870e-06 	 1.084312e+07 	
7.16616617e+06 	 4.095503e-06 	 1.084210e+07 	
7.16666667e+06 	 4.094136e-06 	 1.084108e+07 	
7.16716717e+06 	 4.092770e-06 	 1.084006e+07 	
7.16766767e+06 	 4.091404e-06 	 1.083904e+07 	
7.16816817e+06 	 4.090039e-06 	 1.083802e+07 	
7.16866867e+06 	 4.088674e-06 	 1.083700e+07 	
7.16916917e+06 	 4.087310e-06 	 1.083599e+07 	
7.16966967e+06 	 4.085946e-06 	 1.083497e+07 	
7.17017017e+06 	 4.084583e-06 	 1.083395e+07 	
7.17067067e+06 	 4.083220e-06 	 1.083293e+07 	
7.17117117e+06 	 4.081857e-06 	 1.083191e+07 	
7.17167167e+06 	 4.080495e-06 	 1.083090e+07 	
7.17217217e+06 	 4.079134e-06 	 1.082988e+07 	
7.17267267e+06 	 4.077773e-06 	 1.082886e+07 	
7.17317317e+06 	 4.076413e-06 	 1.082785e+07 	
7.17367367e+06 	 4.075053e-06 	 1.082683e+07 	
7.17417417e+06 	 4.073693e-06 	 1.082581e+07 	
7.17467467e+06 	 4.072334e-06 	 1.082480e+07 	
7.17517518e+06 	 4.070976e-06 	 1.082378e+07 	
7.17567568e+06 	 4.069618e-06 	 1.082276e+07 	
7.17617618e+06 	 4.068260e-06 	 1.082175e+07 	
7.17667668e+06 	 4.066903e-06 	 1.082073e+07 	
7.17717718e+06 	 4.065546e-06 	 1.081972e+07 	
7.17767768e+06 	 4.064190e-06 	 1.081870e+07 	
7.17817818e+06 	 4.062834e-06 	 1.081769e+07 	
7.17867868e+06 	 4.061479e-06 	 1.081667e+07 	
7.17917918e+06 	 4.060124e-06 	 1.081566e+07 	
7.17967968e+06 	 4.058770e-06 	 1.081464e+07 	
7.18018018e+06 	 4.057416e-06 	 1.081363e+07 	
7.18068068e+06 	 4.056063e-06 	 1.081261e+07 	
7.18118118e+06 	 4.054710e-06 	 1.081160e+07 	
7.18168168e+06 	 4.053358e-06 	 1.081058e+07 	
7.18218218e+06 	 4.052006e-06 	 1.080957e+07 	
7.18268268e+06 	 4.050655e-06 	 1.080856e+07 	
7.18318318e+06 	 4.049304e-06 	 1.080754e+07 	
7.18368368e+06 	 4.047953e-06 	 1.080653e+07 	
7.18418418e+06 	 4.046603e-06 	 1.080552e+07 	
7.18468468e+06 	 4.045254e-06 	 1.080450e+07 	
7.18518519e+06 	 4.043905e-06 	 1.080349e+07 	
7.18568569e+06 	 4.042556e-06 	 1.080248e+07 	
7.18618619e+06 	 4.041208e-06 	 1.080146e+07 	
7.18668669e+06 	 4.039860e-06 	 1.080045e+07 	
7.18718719e+06 	 4.038513e-06 	 1.079944e+07 	
7.18768769e+06 	 4.037166e-06 	 1.079843e+07 	
7.18818819e+06 	 4.035820e-06 	 1.079742e+07 	
7.18868869e+06 	 4.034474e-06 	 1.079640e+07 	
7.18918919e+06 	 4.033129e-06 	 1.079539e+07 	
7.18968969e+06 	 4.031784e-06 	 1.079438e+07 	
7.19019019e+06 	 4.030440e-06 	 1.079337e+07 	
7.19069069e+06 	 4.029096e-06 	 1.079236e+07 	
7.19119119e+06 	 4.027753e-06 	 1.079135e+07 	
7.19169169e+06 	 4.026410e-06 	 1.079034e+07 	
7.19219219e+06 	 4.025067e-06 	 1.078933e+07 	
7.19269269e+06 	 4.023725e-06 	 1.078832e+07 	
7.19319319e+06 	 4.022384e-06 	 1.078731e+07 	
7.19369369e+06 	 4.021043e-06 	 1.078629e+07 	
7.19419419e+06 	 4.019702e-06 	 1.078528e+07 	
7.19469469e+06 	 4.018362e-06 	 1.078428e+07 	
7.19519520e+06 	 4.017022e-06 	 1.078327e+07 	
7.19569570e+06 	 4.015683e-06 	 1.078226e+07 	
7.19619620e+06 	 4.014344e-06 	 1.078125e+07 	
7.19669670e+06 	 4.013006e-06 	 1.078024e+07 	
7.19719720e+06 	 4.011668e-06 	 1.077923e+07 	
7.19769770e+06 	 4.010331e-06 	 1.077822e+07 	
7.19819820e+06 	 4.008994e-06 	 1.077721e+07 	
7.19869870e+06 	 4.007658e-06 	 1.077620e+07 	
7.19919920e+06 	 4.006322e-06 	 1.077519e+07 	
7.19969970e+06 	 4.004987e-06 	 1.077419e+07 	
7.20020020e+06 	 4.003652e-06 	 1.077318e+07 	
7.20070070e+06 	 4.002317e-06 	 1.077217e+07 	
7.20120120e+06 	 4.000983e-06 	 1.077116e+07 	
7.20170170e+06 	 3.999649e-06 	 1.077015e+07 	
7.20220220e+06 	 3.998316e-06 	 1.076915e+07 	
7.20270270e+06 	 3.996984e-06 	 1.076814e+07 	
7.20320320e+06 	 3.995652e-06 	 1.076713e+07 	
7.20370370e+06 	 3.994320e-06 	 1.076613e+07 	
7.20420420e+06 	 3.992989e-06 	 1.076512e+07 	
7.20470470e+06 	 3.991658e-06 	 1.076411e+07 	
7.20520521e+06 	 3.990327e-06 	 1.076311e+07 	
7.20570571e+06 	 3.988998e-06 	 1.076210e+07 	
7.20620621e+06 	 3.987668e-06 	 1.076109e+07 	
7.20670671e+06 	 3.986339e-06 	 1.076009e+07 	
7.20720721e+06 	 3.985011e-06 	 1.075908e+07 	
7.20770771e+06 	 3.983683e-06 	 1.075808e+07 	
7.20820821e+06 	 3.982355e-06 	 1.075707e+07 	
7.20870871e+06 	 3.981028e-06 	 1.075607e+07 	
7.20920921e+06 	 3.979702e-06 	 1.075506e+07 	
7.20970971e+06 	 3.978375e-06 	 1.075406e+07 	
7.21021021e+06 	 3.977050e-06 	 1.075305e+07 	
7.21071071e+06 	 3.975725e-06 	 1.075205e+07 	
7.21121121e+06 	 3.974400e-06 	 1.075104e+07 	
7.21171171e+06 	 3.973075e-06 	 1.075004e+07 	
7.21221221e+06 	 3.971752e-06 	 1.074903e+07 	
7.21271271e+06 	 3.970428e-06 	 1.074803e+07 	
7.21321321e+06 	 3.969105e-06 	 1.074703e+07 	
7.21371371e+06 	 3.967783e-06 	 1.074602e+07 	
7.21421421e+06 	 3.966461e-06 	 1.074502e+07 	
7.21471471e+06 	 3.965139e-06 	 1.074402e+07 	
7.21521522e+06 	 3.963818e-06 	 1.074301e+07 	
7.21571572e+06 	 3.962498e-06 	 1.074201e+07 	
7.21621622e+06 	 3.961178e-06 	 1.074101e+07 	
7.21671672e+06 	 3.959858e-06 	 1.074000e+07 	
7.21721722e+06 	 3.958539e-06 	 1.073900e+07 	
7.21771772e+06 	 3.957220e-06 	 1.073800e+07 	
7.21821822e+06 	 3.955902e-06 	 1.073700e+07 	
7.21871872e+06 	 3.954584e-06 	 1.073600e+07 	
7.21921922e+06 	 3.953266e-06 	 1.073499e+07 	
7.21971972e+06 	 3.951949e-06 	 1.073399e+07 	
7.22022022e+06 	 3.950633e-06 	 1.073299e+07 	
7.22072072e+06 	 3.949317e-06 	 1.073199e+07 	
7.22122122e+06 	 3.948001e-06 	 1.073099e+07 	
7.22172172e+06 	 3.946686e-06 	 1.072999e+07 	
7.22222222e+06 	 3.945372e-06 	 1.072899e+07 	
7.22272272e+06 	 3.944057e-06 	 1.072799e+07 	
7.22322322e+06 	 3.942744e-06 	 1.072699e+07 	
7.22372372e+06 	 3.941430e-06 	 1.072598e+07 	
7.22422422e+06 	 3.940118e-06 	 1.072498e+07 	
7.22472472e+06 	 3.938805e-06 	 1.072398e+07 	
7.22522523e+06 	 3.937493e-06 	 1.072298e+07 	
7.22572573e+06 	 3.936182e-06 	 1.072199e+07 	
7.22622623e+06 	 3.934871e-06 	 1.072099e+07 	
7.22672673e+06 	 3.933560e-06 	 1.071999e+07 	
7.22722723e+06 	 3.932250e-06 	 1.071899e+07 	
7.22772773e+06 	 3.930941e-06 	 1.071799e+07 	
7.22822823e+06 	 3.929631e-06 	 1.071699e+07 	
7.22872873e+06 	 3.928323e-06 	 1.071599e+07 	
7.22922923e+06 	 3.927014e-06 	 1.071499e+07 	
7.22972973e+06 	 3.925707e-06 	 1.071399e+07 	
7.23023023e+06 	 3.924399e-06 	 1.071299e+07 	
7.23073073e+06 	 3.923092e-06 	 1.071200e+07 	
7.23123123e+06 	 3.921786e-06 	 1.071100e+07 	
7.23173173e+06 	 3.920480e-06 	 1.071000e+07 	
7.23223223e+06 	 3.919174e-06 	 1.070900e+07 	
7.23273273e+06 	 3.917869e-06 	 1.070801e+07 	
7.23323323e+06 	 3.916565e-06 	 1.070701e+07 	
7.23373373e+06 	 3.915261e-06 	 1.070601e+07 	
7.23423423e+06 	 3.913957e-06 	 1.070501e+07 	
7.23473473e+06 	 3.912654e-06 	 1.070402e+07 	
7.23523524e+06 	 3.911351e-06 	 1.070302e+07 	
7.23573574e+06 	 3.910048e-06 	 1.070202e+07 	
7.23623624e+06 	 3.908746e-06 	 1.070103e+07 	
7.23673674e+06 	 3.907445e-06 	 1.070003e+07 	
7.23723724e+06 	 3.906144e-06 	 1.069904e+07 	
7.23773774e+06 	 3.904843e-06 	 1.069804e+07 	
7.23823824e+06 	 3.903543e-06 	 1.069704e+07 	
7.23873874e+06 	 3.902244e-06 	 1.069605e+07 	
7.23923924e+06 	 3.900944e-06 	 1.069505e+07 	
7.23973974e+06 	 3.899646e-06 	 1.069406e+07 	
7.24024024e+06 	 3.898347e-06 	 1.069306e+07 	
7.24074074e+06 	 3.897050e-06 	 1.069207e+07 	
7.24124124e+06 	 3.895752e-06 	 1.069107e+07 	
7.24174174e+06 	 3.894455e-06 	 1.069008e+07 	
7.24224224e+06 	 3.893159e-06 	 1.068908e+07 	
7.24274274e+06 	 3.891863e-06 	 1.068809e+07 	
7.24324324e+06 	 3.890567e-06 	 1.068710e+07 	
7.24374374e+06 	 3.889272e-06 	 1.068610e+07 	
7.24424424e+06 	 3.887977e-06 	 1.068511e+07 	
7.24474474e+06 	 3.886683e-06 	 1.068411e+07 	
7.24524525e+06 	 3.885389e-06 	 1.068312e+07 	
7.24574575e+06 	 3.884096e-06 	 1.068213e+07 	
7.24624625e+06 	 3.882803e-06 	 1.068113e+07 	
7.24674675e+06 	 3.881510e-06 	 1.068014e+07 	
7.24724725e+06 	 3.880218e-06 	 1.067915e+07 	
7.24774775e+06 	 3.878927e-06 	 1.067816e+07 	
7.24824825e+06 	 3.877636e-06 	 1.067716e+07 	
7.24874875e+06 	 3.876345e-06 	 1.067617e+07 	
7.24924925e+06 	 3.875055e-06 	 1.067518e+07 	
7.24974975e+06 	 3.873765e-06 	 1.067419e+07 	
7.25025025e+06 	 3.872476e-06 	 1.067320e+07 	
7.25075075e+06 	 3.871187e-06 	 1.067220e+07 	
7.25125125e+06 	 3.869898e-06 	 1.067121e+07 	
7.25175175e+06 	 3.868610e-06 	 1.067022e+07 	
7.25225225e+06 	 3.867323e-06 	 1.066923e+07 	
7.25275275e+06 	 3.866036e-06 	 1.066824e+07 	
7.25325325e+06 	 3.864749e-06 	 1.066725e+07 	
7.25375375e+06 	 3.863463e-06 	 1.066626e+07 	
7.25425425e+06 	 3.862177e-06 	 1.066527e+07 	
7.25475475e+06 	 3.860892e-06 	 1.066428e+07 	
7.25525526e+06 	 3.859607e-06 	 1.066329e+07 	
7.25575576e+06 	 3.858322e-06 	 1.066230e+07 	
7.25625626e+06 	 3.857038e-06 	 1.066131e+07 	
7.25675676e+06 	 3.855755e-06 	 1.066032e+07 	
7.25725726e+06 	 3.854472e-06 	 1.065933e+07 	
7.25775776e+06 	 3.853189e-06 	 1.065834e+07 	
7.25825826e+06 	 3.851907e-06 	 1.065735e+07 	
7.25875876e+06 	 3.850625e-06 	 1.065636e+07 	
7.25925926e+06 	 3.849344e-06 	 1.065537e+07 	
7.25975976e+06 	 3.848063e-06 	 1.065438e+07 	
7.26026026e+06 	 3.846782e-06 	 1.065339e+07 	
7.26076076e+06 	 3.845502e-06 	 1.065240e+07 	
7.26126126e+06 	 3.844223e-06 	 1.065142e+07 	
7.26176176e+06 	 3.842944e-06 	 1.065043e+07 	
7.26226226e+06 	 3.841665e-06 	 1.064944e+07 	
7.26276276e+06 	 3.840387e-06 	 1.064845e+07 	
7.26326326e+06 	 3.839109e-06 	 1.064746e+07 	
7.26376376e+06 	 3.837832e-06 	 1.064648e+07 	
7.26426426e+06 	 3.836555e-06 	 1.064549e+07 	
7.26476476e+06 	 3.835278e-06 	 1.064450e+07 	
7.26526527e+06 	 3.834002e-06 	 1.064351e+07 	
7.26576577e+06 	 3.832727e-06 	 1.064253e+07 	
7.26626627e+06 	 3.831452e-06 	 1.064154e+07 	
7.26676677e+06 	 3.830177e-06 	 1.064055e+07 	
7.26726727e+06 	 3.828903e-06 	 1.063957e+07 	
7.26776777e+06 	 3.827629e-06 	 1.063858e+07 	
7.26826827e+06 	 3.826355e-06 	 1.063759e+07 	
7.26876877e+06 	 3.825082e-06 	 1.063661e+07 	
7.26926927e+06 	 3.823810e-06 	 1.063562e+07 	
7.26976977e+06 	 3.822538e-06 	 1.063464e+07 	
7.27027027e+06 	 3.821266e-06 	 1.063365e+07 	
7.27077077e+06 	 3.819995e-06 	 1.063267e+07 	
7.27127127e+06 	 3.818724e-06 	 1.063168e+07 	
7.27177177e+06 	 3.817454e-06 	 1.063070e+07 	
7.27227227e+06 	 3.816184e-06 	 1.062971e+07 	
7.27277277e+06 	 3.814915e-06 	 1.062873e+07 	
7.27327327e+06 	 3.813646e-06 	 1.062774e+07 	
7.27377377e+06 	 3.812377e-06 	 1.062676e+07 	
7.27427427e+06 	 3.811109e-06 	 1.062577e+07 	
7.27477477e+06 	 3.809841e-06 	 1.062479e+07 	
7.27527528e+06 	 3.808574e-06 	 1.062381e+07 	
7.27577578e+06 	 3.807307e-06 	 1.062282e+07 	
7.27627628e+06 	 3.806041e-06 	 1.062184e+07 	
7.27677678e+06 	 3.804775e-06 	 1.062085e+07 	
7.27727728e+06 	 3.803509e-06 	 1.061987e+07 	
7.27777778e+06 	 3.802244e-06 	 1.061889e+07 	
7.27827828e+06 	 3.800980e-06 	 1.061791e+07 	
7.27877878e+06 	 3.799716e-06 	 1.061692e+07 	
7.27927928e+06 	 3.798452e-06 	 1.061594e+07 	
7.27977978e+06 	 3.797188e-06 	 1.061496e+07 	
7.28028028e+06 	 3.795926e-06 	 1.061398e+07 	
7.28078078e+06 	 3.794663e-06 	 1.061299e+07 	
7.28128128e+06 	 3.793401e-06 	 1.061201e+07 	
7.28178178e+06 	 3.792139e-06 	 1.061103e+07 	
7.28228228e+06 	 3.790878e-06 	 1.061005e+07 	
7.28278278e+06 	 3.789618e-06 	 1.060907e+07 	
7.28328328e+06 	 3.788357e-06 	 1.060808e+07 	
7.28378378e+06 	 3.787097e-06 	 1.060710e+07 	
7.28428428e+06 	 3.785838e-06 	 1.060612e+07 	
7.28478478e+06 	 3.784579e-06 	 1.060514e+07 	
7.28528529e+06 	 3.783320e-06 	 1.060416e+07 	
7.28578579e+06 	 3.782062e-06 	 1.060318e+07 	
7.28628629e+06 	 3.780805e-06 	 1.060220e+07 	
7.28678679e+06 	 3.779547e-06 	 1.060122e+07 	
7.28728729e+06 	 3.778291e-06 	 1.060024e+07 	
7.28778779e+06 	 3.777034e-06 	 1.059926e+07 	
7.28828829e+06 	 3.775778e-06 	 1.059828e+07 	
7.28878879e+06 	 3.774523e-06 	 1.059730e+07 	
7.28928929e+06 	 3.773268e-06 	 1.059632e+07 	
7.28978979e+06 	 3.772013e-06 	 1.059534e+07 	
7.29029029e+06 	 3.770759e-06 	 1.059436e+07 	
7.29079079e+06 	 3.769505e-06 	 1.059338e+07 	
7.29129129e+06 	 3.768252e-06 	 1.059240e+07 	
7.29179179e+06 	 3.766999e-06 	 1.059142e+07 	
7.29229229e+06 	 3.765746e-06 	 1.059045e+07 	
7.29279279e+06 	 3.764494e-06 	 1.058947e+07 	
7.29329329e+06 	 3.763242e-06 	 1.058849e+07 	
7.29379379e+06 	 3.761991e-06 	 1.058751e+07 	
7.29429429e+06 	 3.760740e-06 	 1.058653e+07 	
7.29479479e+06 	 3.759490e-06 	 1.058556e+07 	
7.29529530e+06 	 3.758240e-06 	 1.058458e+07 	
7.29579580e+06 	 3.756991e-06 	 1.058360e+07 	
7.29629630e+06 	 3.755742e-06 	 1.058262e+07 	
7.29679680e+06 	 3.754493e-06 	 1.058165e+07 	
7.29729730e+06 	 3.753245e-06 	 1.058067e+07 	
7.29779780e+06 	 3.751997e-06 	 1.057969e+07 	
7.29829830e+06 	 3.750750e-06 	 1.057872e+07 	
7.29879880e+06 	 3.749503e-06 	 1.057774e+07 	
7.29929930e+06 	 3.748256e-06 	 1.057676e+07 	
7.29979980e+06 	 3.747010e-06 	 1.057579e+07 	
7.30030030e+06 	 3.745764e-06 	 1.057481e+07 	
7.30080080e+06 	 3.744519e-06 	 1.057383e+07 	
7.30130130e+06 	 3.743274e-06 	 1.057286e+07 	
7.30180180e+06 	 3.742030e-06 	 1.057188e+07 	
7.30230230e+06 	 3.740786e-06 	 1.057091e+07 	
7.30280280e+06 	 3.739543e-06 	 1.056993e+07 	
7.30330330e+06 	 3.738300e-06 	 1.056896e+07 	
7.30380380e+06 	 3.737057e-06 	 1.056798e+07 	
7.30430430e+06 	 3.735815e-06 	 1.056701e+07 	
7.30480480e+06 	 3.734573e-06 	 1.056603e+07 	
7.30530531e+06 	 3.733332e-06 	 1.056506e+07 	
7.30580581e+06 	 3.732091e-06 	 1.056408e+07 	
7.30630631e+06 	 3.730850e-06 	 1.056311e+07 	
7.30680681e+06 	 3.729610e-06 	 1.056214e+07 	
7.30730731e+06 	 3.728370e-06 	 1.056116e+07 	
7.30780781e+06 	 3.727131e-06 	 1.056019e+07 	
7.30830831e+06 	 3.725892e-06 	 1.055921e+07 	
7.30880881e+06 	 3.724654e-06 	 1.055824e+07 	
7.30930931e+06 	 3.723416e-06 	 1.055727e+07 	
7.30980981e+06 	 3.722178e-06 	 1.055629e+07 	
7.31031031e+06 	 3.720941e-06 	 1.055532e+07 	
7.31081081e+06 	 3.719704e-06 	 1.055435e+07 	
7.31131131e+06 	 3.718468e-06 	 1.055338e+07 	
7.31181181e+06 	 3.717232e-06 	 1.055240e+07 	
7.31231231e+06 	 3.715997e-06 	 1.055143e+07 	
7.31281281e+06 	 3.714762e-06 	 1.055046e+07 	
7.31331331e+06 	 3.713527e-06 	 1.054949e+07 	
7.31381381e+06 	 3.712293e-06 	 1.054852e+07 	
7.31431431e+06 	 3.711059e-06 	 1.054754e+07 	
7.31481481e+06 	 3.709826e-06 	 1.054657e+07 	
7.31531532e+06 	 3.708593e-06 	 1.054560e+07 	
7.31581582e+06 	 3.707361e-06 	 1.054463e+07 	
7.31631632e+06 	 3.706129e-06 	 1.054366e+07 	
7.31681682e+06 	 3.704897e-06 	 1.054269e+07 	
7.31731732e+06 	 3.703666e-06 	 1.054172e+07 	
7.31781782e+06 	 3.702435e-06 	 1.054075e+07 	
7.31831832e+06 	 3.701205e-06 	 1.053978e+07 	
7.31881882e+06 	 3.699975e-06 	 1.053881e+07 	
7.31931932e+06 	 3.698745e-06 	 1.053784e+07 	
7.31981982e+06 	 3.697516e-06 	 1.053687e+07 	
7.32032032e+06 	 3.696288e-06 	 1.053590e+07 	
7.32082082e+06 	 3.695059e-06 	 1.053493e+07 	
7.32132132e+06 	 3.693831e-06 	 1.053396e+07 	
7.32182182e+06 	 3.692604e-06 	 1.053299e+07 	
7.32232232e+06 	 3.691377e-06 	 1.053202e+07 	
7.32282282e+06 	 3.690150e-06 	 1.053105e+07 	
7.32332332e+06 	 3.688924e-06 	 1.053008e+07 	
7.32382382e+06 	 3.687699e-06 	 1.052911e+07 	
7.32432432e+06 	 3.686473e-06 	 1.052814e+07 	
7.32482482e+06 	 3.685248e-06 	 1.052717e+07 	
7.32532533e+06 	 3.684024e-06 	 1.052621e+07 	
7.32582583e+06 	 3.682800e-06 	 1.052524e+07 	
7.32632633e+06 	 3.681576e-06 	 1.052427e+07 	
7.32682683e+06 	 3.680353e-06 	 1.052330e+07 	
7.32732733e+06 	 3.679130e-06 	 1.052233e+07 	
7.32782783e+06 	 3.677908e-06 	 1.052137e+07 	
7.32832833e+06 	 3.676686e-06 	 1.052040e+07 	
7.32882883e+06 	 3.675464e-06 	 1.051943e+07 	
7.32932933e+06 	 3.674243e-06 	 1.051846e+07 	
7.32982983e+06 	 3.673022e-06 	 1.051750e+07 	
7.33033033e+06 	 3.671802e-06 	 1.051653e+07 	
7.33083083e+06 	 3.670582e-06 	 1.051556e+07 	
7.33133133e+06 	 3.669363e-06 	 1.051460e+07 	
7.33183183e+06 	 3.668144e-06 	 1.051363e+07 	
7.33233233e+06 	 3.666925e-06 	 1.051267e+07 	
7.33283283e+06 	 3.665707e-06 	 1.051170e+07 	
7.33333333e+06 	 3.664489e-06 	 1.051073e+07 	
7.33383383e+06 	 3.663272e-06 	 1.050977e+07 	
7.33433433e+06 	 3.662055e-06 	 1.050880e+07 	
7.33483483e+06 	 3.660838e-06 	 1.050784e+07 	
7.33533534e+06 	 3.659622e-06 	 1.050687e+07 	
7.33583584e+06 	 3.658406e-06 	 1.050591e+07 	
7.33633634e+06 	 3.657191e-06 	 1.050494e+07 	
7.33683684e+06 	 3.655976e-06 	 1.050398e+07 	
7.33733734e+06 	 3.654761e-06 	 1.050301e+07 	
7.33783784e+06 	 3.653547e-06 	 1.050205e+07 	
7.33833834e+06 	 3.652334e-06 	 1.050108e+07 	
7.33883884e+06 	 3.651121e-06 	 1.050012e+07 	
7.33933934e+06 	 3.649908e-06 	 1.049916e+07 	
7.33983984e+06 	 3.648695e-06 	 1.049819e+07 	
7.34034034e+06 	 3.647483e-06 	 1.049723e+07 	
7.34084084e+06 	 3.646272e-06 	 1.049626e+07 	
7.34134134e+06 	 3.645061e-06 	 1.049530e+07 	
7.34184184e+06 	 3.643850e-06 	 1.049434e+07 	
7.34234234e+06 	 3.642639e-06 	 1.049337e+07 	
7.34284284e+06 	 3.641429e-06 	 1.049241e+07 	
7.34334334e+06 	 3.640220e-06 	 1.049145e+07 	
7.34384384e+06 	 3.639011e-06 	 1.049049e+07 	
7.34434434e+06 	 3.637802e-06 	 1.048952e+07 	
7.34484484e+06 	 3.636594e-06 	 1.048856e+07 	
7.34534535e+06 	 3.635386e-06 	 1.048760e+07 	
7.34584585e+06 	 3.634178e-06 	 1.048664e+07 	
7.34634635e+06 	 3.632971e-06 	 1.048568e+07 	
7.34684685e+06 	 3.631765e-06 	 1.048471e+07 	
7.34734735e+06 	 3.630559e-06 	 1.048375e+07 	
7.34784785e+06 	 3.629353e-06 	 1.048279e+07 	
7.34834835e+06 	 3.628147e-06 	 1.048183e+07 	
7.34884885e+06 	 3.626942e-06 	 1.048087e+07 	
7.34934935e+06 	 3.625738e-06 	 1.047991e+07 	
7.34984985e+06 	 3.624534e-06 	 1.047895e+07 	
7.35035035e+06 	 3.623330e-06 	 1.047799e+07 	
7.35085085e+06 	 3.622126e-06 	 1.047703e+07 	
7.35135135e+06 	 3.620923e-06 	 1.047607e+07 	
7.35185185e+06 	 3.619721e-06 	 1.047511e+07 	
7.35235235e+06 	 3.618519e-06 	 1.047414e+07 	
7.35285285e+06 	 3.617317e-06 	 1.047319e+07 	
7.35335335e+06 	 3.616116e-06 	 1.047223e+07 	
7.35385385e+06 	 3.614915e-06 	 1.047127e+07 	
7.35435435e+06 	 3.613714e-06 	 1.047031e+07 	
7.35485485e+06 	 3.612514e-06 	 1.046935e+07 	
7.35535536e+06 	 3.611315e-06 	 1.046839e+07 	
7.35585586e+06 	 3.610115e-06 	 1.046743e+07 	
7.35635636e+06 	 3.608916e-06 	 1.046647e+07 	
7.35685686e+06 	 3.607718e-06 	 1.046551e+07 	
7.35735736e+06 	 3.606520e-06 	 1.046455e+07 	
7.35785786e+06 	 3.605322e-06 	 1.046359e+07 	
7.35835836e+06 	 3.604125e-06 	 1.046264e+07 	
7.35885886e+06 	 3.602928e-06 	 1.046168e+07 	
7.35935936e+06 	 3.601732e-06 	 1.046072e+07 	
7.35985986e+06 	 3.600536e-06 	 1.045976e+07 	
7.36036036e+06 	 3.599340e-06 	 1.045881e+07 	
7.36086086e+06 	 3.598145e-06 	 1.045785e+07 	
7.36136136e+06 	 3.596950e-06 	 1.045689e+07 	
7.36186186e+06 	 3.595756e-06 	 1.045593e+07 	
7.36236236e+06 	 3.594562e-06 	 1.045498e+07 	
7.36286286e+06 	 3.593368e-06 	 1.045402e+07 	
7.36336336e+06 	 3.592175e-06 	 1.045306e+07 	
7.36386386e+06 	 3.590982e-06 	 1.045211e+07 	
7.36436436e+06 	 3.589790e-06 	 1.045115e+07 	
7.36486486e+06 	 3.588598e-06 	 1.045019e+07 	
7.36536537e+06 	 3.587406e-06 	 1.044924e+07 	
7.36586587e+06 	 3.586215e-06 	 1.044828e+07 	
7.36636637e+06 	 3.585024e-06 	 1.044733e+07 	
7.36686687e+06 	 3.583834e-06 	 1.044637e+07 	
7.36736737e+06 	 3.582644e-06 	 1.044541e+07 	
7.36786787e+06 	 3.581455e-06 	 1.044446e+07 	
7.36836837e+06 	 3.580265e-06 	 1.044350e+07 	
7.36886887e+06 	 3.579077e-06 	 1.044255e+07 	
7.36936937e+06 	 3.577888e-06 	 1.044159e+07 	
7.36986987e+06 	 3.576700e-06 	 1.044064e+07 	
7.37037037e+06 	 3.575513e-06 	 1.043969e+07 	
7.37087087e+06 	 3.574326e-06 	 1.043873e+07 	
7.37137137e+06 	 3.573139e-06 	 1.043778e+07 	
7.37187187e+06 	 3.571953e-06 	 1.043682e+07 	
7.37237237e+06 	 3.570767e-06 	 1.043587e+07 	
7.37287287e+06 	 3.569581e-06 	 1.043491e+07 	
7.37337337e+06 	 3.568396e-06 	 1.043396e+07 	
7.37387387e+06 	 3.567211e-06 	 1.043301e+07 	
7.37437437e+06 	 3.566027e-06 	 1.043205e+07 	
7.37487487e+06 	 3.564843e-06 	 1.043110e+07 	
7.37537538e+06 	 3.563660e-06 	 1.043015e+07 	
7.37587588e+06 	 3.562477e-06 	 1.042920e+07 	
7.37637638e+06 	 3.561294e-06 	 1.042824e+07 	
7.37687688e+06 	 3.560112e-06 	 1.042729e+07 	
7.37737738e+06 	 3.558930e-06 	 1.042634e+07 	
7.37787788e+06 	 3.557748e-06 	 1.042539e+07 	
7.37837838e+06 	 3.556567e-06 	 1.042443e+07 	
7.37887888e+06 	 3.555386e-06 	 1.042348e+07 	
7.37937938e+06 	 3.554206e-06 	 1.042253e+07 	
7.37987988e+06 	 3.553026e-06 	 1.042158e+07 	
7.38038038e+06 	 3.551847e-06 	 1.042063e+07 	
7.38088088e+06 	 3.550668e-06 	 1.041967e+07 	
7.38138138e+06 	 3.549489e-06 	 1.041872e+07 	
7.38188188e+06 	 3.548311e-06 	 1.041777e+07 	
7.38238238e+06 	 3.547133e-06 	 1.041682e+07 	
7.38288288e+06 	 3.545955e-06 	 1.041587e+07 	
7.38338338e+06 	 3.544778e-06 	 1.041492e+07 	
7.38388388e+06 	 3.543601e-06 	 1.041397e+07 	
7.38438438e+06 	 3.542425e-06 	 1.041302e+07 	
7.38488488e+06 	 3.541249e-06 	 1.041207e+07 	
7.38538539e+06 	 3.540074e-06 	 1.041112e+07 	
7.38588589e+06 	 3.538898e-06 	 1.041017e+07 	
7.38638639e+06 	 3.537724e-06 	 1.040922e+07 	
7.38688689e+06 	 3.536549e-06 	 1.040827e+07 	
7.38738739e+06 	 3.535375e-06 	 1.040732e+07 	
7.38788789e+06 	 3.534202e-06 	 1.040637e+07 	
7.38838839e+06 	 3.533029e-06 	 1.040542e+07 	
7.38888889e+06 	 3.531856e-06 	 1.040447e+07 	
7.38938939e+06 	 3.530684e-06 	 1.040352e+07 	
7.38988989e+06 	 3.529512e-06 	 1.040258e+07 	
7.39039039e+06 	 3.528340e-06 	 1.040163e+07 	
7.39089089e+06 	 3.527169e-06 	 1.040068e+07 	
7.39139139e+06 	 3.525998e-06 	 1.039973e+07 	
7.39189189e+06 	 3.524828e-06 	 1.039878e+07 	
7.39239239e+06 	 3.523658e-06 	 1.039783e+07 	
7.39289289e+06 	 3.522488e-06 	 1.039689e+07 	
7.39339339e+06 	 3.521319e-06 	 1.039594e+07 	
7.39389389e+06 	 3.520150e-06 	 1.039499e+07 	
7.39439439e+06 	 3.518982e-06 	 1.039404e+07 	
7.39489489e+06 	 3.517814e-06 	 1.039310e+07 	
7.39539540e+06 	 3.516646e-06 	 1.039215e+07 	
7.39589590e+06 	 3.515479e-06 	 1.039120e+07 	
7.39639640e+06 	 3.514312e-06 	 1.039026e+07 	
7.39689690e+06 	 3.513146e-06 	 1.038931e+07 	
7.39739740e+06 	 3.511980e-06 	 1.038836e+07 	
7.39789790e+06 	 3.510814e-06 	 1.038742e+07 	
7.39839840e+06 	 3.509649e-06 	 1.038647e+07 	
7.39889890e+06 	 3.508484e-06 	 1.038552e+07 	
7.39939940e+06 	 3.507320e-06 	 1.038458e+07 	
7.39989990e+06 	 3.506156e-06 	 1.038363e+07 	
7.40040040e+06 	 3.504992e-06 	 1.038269e+07 	
7.40090090e+06 	 3.503829e-06 	 1.038174e+07 	
7.40140140e+06 	 3.502666e-06 	 1.038080e+07 	
7.40190190e+06 	 3.501503e-06 	 1.037985e+07 	
7.40240240e+06 	 3.500341e-06 	 1.037891e+07 	
7.40290290e+06 	 3.499180e-06 	 1.037796e+07 	
7.40340340e+06 	 3.498018e-06 	 1.037702e+07 	
7.40390390e+06 	 3.496857e-06 	 1.037607e+07 	
7.40440440e+06 	 3.495697e-06 	 1.037513e+07 	
7.40490490e+06 	 3.494537e-06 	 1.037418e+07 	
7.40540541e+06 	 3.493377e-06 	 1.037324e+07 	
7.40590591e+06 	 3.492218e-06 	 1.037230e+07 	
7.40640641e+06 	 3.491059e-06 	 1.037135e+07 	
7.40690691e+06 	 3.489900e-06 	 1.037041e+07 	
7.40740741e+06 	 3.488742e-06 	 1.036947e+07 	
7.40790791e+06 	 3.487584e-06 	 1.036852e+07 	
7.40840841e+06 	 3.486427e-06 	 1.036758e+07 	
7.40890891e+06 	 3.485270e-06 	 1.036664e+07 	
7.40940941e+06 	 3.484113e-06 	 1.036569e+07 	
7.40990991e+06 	 3.482957e-06 	 1.036475e+07 	
7.41041041e+06 	 3.481801e-06 	 1.036381e+07 	
7.41091091e+06 	 3.480645e-06 	 1.036286e+07 	
7.41141141e+06 	 3.479490e-06 	 1.036192e+07 	
7.41191191e+06 	 3.478336e-06 	 1.036098e+07 	
7.41241241e+06 	 3.477181e-06 	 1.036004e+07 	
7.41291291e+06 	 3.476027e-06 	 1.035910e+07 	
7.41341341e+06 	 3.474874e-06 	 1.035816e+07 	
7.41391391e+06 	 3.473721e-06 	 1.035721e+07 	
7.41441441e+06 	 3.472568e-06 	 1.035627e+07 	
7.41491491e+06 	 3.471416e-06 	 1.035533e+07 	
7.41541542e+06 	 3.470264e-06 	 1.035439e+07 	
7.41591592e+06 	 3.469112e-06 	 1.035345e+07 	
7.41641642e+06 	 3.467961e-06 	 1.035251e+07 	
7.41691692e+06 	 3.466810e-06 	 1.035157e+07 	
7.41741742e+06 	 3.465660e-06 	 1.035063e+07 	
7.41791792e+06 	 3.464510e-06 	 1.034969e+07 	
7.41841842e+06 	 3.463360e-06 	 1.034875e+07 	
7.41891892e+06 	 3.462211e-06 	 1.034781e+07 	
7.41941942e+06 	 3.461062e-06 	 1.034687e+07 	
7.41991992e+06 	 3.459914e-06 	 1.034593e+07 	
7.42042042e+06 	 3.458765e-06 	 1.034499e+07 	
7.42092092e+06 	 3.457618e-06 	 1.034405e+07 	
7.42142142e+06 	 3.456470e-06 	 1.034311e+07 	
7.42192192e+06 	 3.455323e-06 	 1.034217e+07 	
7.42242242e+06 	 3.454177e-06 	 1.034123e+07 	
7.42292292e+06 	 3.453031e-06 	 1.034029e+07 	
7.42342342e+06 	 3.451885e-06 	 1.033935e+07 	
7.42392392e+06 	 3.450740e-06 	 1.033841e+07 	
7.42442442e+06 	 3.449595e-06 	 1.033748e+07 	
7.42492492e+06 	 3.448450e-06 	 1.033654e+07 	
7.42542543e+06 	 3.447306e-06 	 1.033560e+07 	
7.42592593e+06 	 3.446162e-06 	 1.033466e+07 	
7.42642643e+06 	 3.445018e-06 	 1.033372e+07 	
7.42692693e+06 	 3.443875e-06 	 1.033279e+07 	
7.42742743e+06 	 3.442733e-06 	 1.033185e+07 	
7.42792793e+06 	 3.441590e-06 	 1.033091e+07 	
7.42842843e+06 	 3.440448e-06 	 1.032997e+07 	
7.42892893e+06 	 3.439307e-06 	 1.032904e+07 	
7.42942943e+06 	 3.438166e-06 	 1.032810e+07 	
7.42992993e+06 	 3.437025e-06 	 1.032716e+07 	
7.43043043e+06 	 3.435884e-06 	 1.032623e+07 	
7.43093093e+06 	 3.434744e-06 	 1.032529e+07 	
7.43143143e+06 	 3.433605e-06 	 1.032435e+07 	
7.43193193e+06 	 3.432466e-06 	 1.032342e+07 	
7.43243243e+06 	 3.431327e-06 	 1.032248e+07 	
7.43293293e+06 	 3.430188e-06 	 1.032154e+07 	
7.43343343e+06 	 3.429050e-06 	 1.032061e+07 	
7.43393393e+06 	 3.427912e-06 	 1.031967e+07 	
7.43443443e+06 	 3.426775e-06 	 1.031874e+07 	
7.43493493e+06 	 3.425638e-06 	 1.031780e+07 	
7.43543544e+06 	 3.424501e-06 	 1.031687e+07 	
7.43593594e+06 	 3.423365e-06 	 1.031593e+07 	
7.43643644e+06 	 3.422229e-06 	 1.031500e+07 	
7.43693694e+06 	 3.421094e-06 	 1.031406e+07 	
7.43743744e+06 	 3.419959e-06 	 1.031313e+07 	
7.43793794e+06 	 3.418824e-06 	 1.031219e+07 	
7.43843844e+06 	 3.417690e-06 	 1.031126e+07 	
7.43893894e+06 	 3.416556e-06 	 1.031032e+07 	
7.43943944e+06 	 3.415422e-06 	 1.030939e+07 	
7.43993994e+06 	 3.414289e-06 	 1.030846e+07 	
7.44044044e+06 	 3.413157e-06 	 1.030752e+07 	
7.44094094e+06 	 3.412024e-06 	 1.030659e+07 	
7.44144144e+06 	 3.410892e-06 	 1.030566e+07 	
7.44194194e+06 	 3.409760e-06 	 1.030472e+07 	
7.44244244e+06 	 3.408629e-06 	 1.030379e+07 	
7.44294294e+06 	 3.407498e-06 	 1.030286e+07 	
7.44344344e+06 	 3.406368e-06 	 1.030192e+07 	
7.44394394e+06 	 3.405238e-06 	 1.030099e+07 	
7.44444444e+06 	 3.404108e-06 	 1.030006e+07 	
7.44494494e+06 	 3.402979e-06 	 1.029913e+07 	
7.44544545e+06 	 3.401850e-06 	 1.029819e+07 	
7.44594595e+06 	 3.400721e-06 	 1.029726e+07 	
7.44644645e+06 	 3.399593e-06 	 1.029633e+07 	
7.44694695e+06 	 3.398465e-06 	 1.029540e+07 	
7.44744745e+06 	 3.397337e-06 	 1.029447e+07 	
7.44794795e+06 	 3.396210e-06 	 1.029354e+07 	
7.44844845e+06 	 3.395084e-06 	 1.029260e+07 	
7.44894895e+06 	 3.393957e-06 	 1.029167e+07 	
7.44944945e+06 	 3.392831e-06 	 1.029074e+07 	
7.44994995e+06 	 3.391706e-06 	 1.028981e+07 	
7.45045045e+06 	 3.390580e-06 	 1.028888e+07 	
7.45095095e+06 	 3.389456e-06 	 1.028795e+07 	
7.45145145e+06 	 3.388331e-06 	 1.028702e+07 	
7.45195195e+06 	 3.387207e-06 	 1.028609e+07 	
7.45245245e+06 	 3.386083e-06 	 1.028516e+07 	
7.45295295e+06 	 3.384960e-06 	 1.028423e+07 	
7.45345345e+06 	 3.383837e-06 	 1.028330e+07 	
7.45395395e+06 	 3.382714e-06 	 1.028237e+07 	
7.45445445e+06 	 3.381592e-06 	 1.028144e+07 	
7.45495495e+06 	 3.380470e-06 	 1.028051e+07 	
7.45545546e+06 	 3.379349e-06 	 1.027958e+07 	
7.45595596e+06 	 3.378228e-06 	 1.027865e+07 	
7.45645646e+06 	 3.377107e-06 	 1.027772e+07 	
7.45695696e+06 	 3.375987e-06 	 1.027679e+07 	
7.45745746e+06 	 3.374867e-06 	 1.027586e+07 	
7.45795796e+06 	 3.373747e-06 	 1.027494e+07 	
7.45845846e+06 	 3.372628e-06 	 1.027401e+07 	
7.45895896e+06 	 3.371509e-06 	 1.027308e+07 	
7.45945946e+06 	 3.370391e-06 	 1.027215e+07 	
7.45995996e+06 	 3.369273e-06 	 1.027122e+07 	
7.46046046e+06 	 3.368155e-06 	 1.027029e+07 	
7.46096096e+06 	 3.367037e-06 	 1.026937e+07 	
7.46146146e+06 	 3.365920e-06 	 1.026844e+07 	
7.46196196e+06 	 3.364804e-06 	 1.026751e+07 	
7.46246246e+06 	 3.363688e-06 	 1.026658e+07 	
7.46296296e+06 	 3.362572e-06 	 1.026566e+07 	
7.46346346e+06 	 3.361456e-06 	 1.026473e+07 	
7.46396396e+06 	 3.360341e-06 	 1.026380e+07 	
7.46446446e+06 	 3.359226e-06 	 1.026288e+07 	
7.46496496e+06 	 3.358112e-06 	 1.026195e+07 	
7.46546547e+06 	 3.356998e-06 	 1.026102e+07 	
7.46596597e+06 	 3.355884e-06 	 1.026010e+07 	
7.46646647e+06 	 3.354771e-06 	 1.025917e+07 	
7.46696697e+06 	 3.353658e-06 	 1.025824e+07 	
7.46746747e+06 	 3.352546e-06 	 1.025732e+07 	
7.46796797e+06 	 3.351434e-06 	 1.025639e+07 	
7.46846847e+06 	 3.350322e-06 	 1.025547e+07 	
7.46896897e+06 	 3.349210e-06 	 1.025454e+07 	
7.46946947e+06 	 3.348099e-06 	 1.025362e+07 	
7.46996997e+06 	 3.346989e-06 	 1.025269e+07 	
7.47047047e+06 	 3.345878e-06 	 1.025177e+07 	
7.47097097e+06 	 3.344769e-06 	 1.025084e+07 	
7.47147147e+06 	 3.343659e-06 	 1.024992e+07 	
7.47197197e+06 	 3.342550e-06 	 1.024899e+07 	
7.47247247e+06 	 3.341441e-06 	 1.024807e+07 	
7.47297297e+06 	 3.340333e-06 	 1.024714e+07 	
7.47347347e+06 	 3.339224e-06 	 1.024622e+07 	
7.47397397e+06 	 3.338117e-06 	 1.024530e+07 	
7.47447447e+06 	 3.337009e-06 	 1.024437e+07 	
7.47497497e+06 	 3.335902e-06 	 1.024345e+07 	
7.47547548e+06 	 3.334796e-06 	 1.024252e+07 	
7.47597598e+06 	 3.333690e-06 	 1.024160e+07 	
7.47647648e+06 	 3.332584e-06 	 1.024068e+07 	
7.47697698e+06 	 3.331478e-06 	 1.023975e+07 	
7.47747748e+06 	 3.330373e-06 	 1.023883e+07 	
7.47797798e+06 	 3.329268e-06 	 1.023791e+07 	
7.47847848e+06 	 3.328164e-06 	 1.023699e+07 	
7.47897898e+06 	 3.327060e-06 	 1.023606e+07 	
7.47947948e+06 	 3.325956e-06 	 1.023514e+07 	
7.47997998e+06 	 3.324853e-06 	 1.023422e+07 	
7.48048048e+06 	 3.323750e-06 	 1.023330e+07 	
7.48098098e+06 	 3.322647e-06 	 1.023238e+07 	
7.48148148e+06 	 3.321545e-06 	 1.023145e+07 	
7.48198198e+06 	 3.320443e-06 	 1.023053e+07 	
7.48248248e+06 	 3.319342e-06 	 1.022961e+07 	
7.48298298e+06 	 3.318241e-06 	 1.022869e+07 	
7.48348348e+06 	 3.317140e-06 	 1.022777e+07 	
7.48398398e+06 	 3.316040e-06 	 1.022685e+07 	
7.48448448e+06 	 3.314940e-06 	 1.022593e+07 	
7.48498498e+06 	 3.313840e-06 	 1.022500e+07 	
7.48548549e+06 	 3.312741e-06 	 1.022408e+07 	
7.48598599e+06 	 3.311642e-06 	 1.022316e+07 	
7.48648649e+06 	 3.310543e-06 	 1.022224e+07 	
7.48698699e+06 	 3.309445e-06 	 1.022132e+07 	
7.48748749e+06 	 3.308347e-06 	 1.022040e+07 	
7.48798799e+06 	 3.307250e-06 	 1.021948e+07 	
7.48848849e+06 	 3.306153e-06 	 1.021856e+07 	
7.48898899e+06 	 3.305056e-06 	 1.021764e+07 	
7.48948949e+06 	 3.303960e-06 	 1.021672e+07 	
7.48998999e+06 	 3.302864e-06 	 1.021580e+07 	
7.49049049e+06 	 3.301768e-06 	 1.021489e+07 	
7.49099099e+06 	 3.300673e-06 	 1.021397e+07 	
7.49149149e+06 	 3.299578e-06 	 1.021305e+07 	
7.49199199e+06 	 3.298484e-06 	 1.021213e+07 	
7.49249249e+06 	 3.297389e-06 	 1.021121e+07 	
7.49299299e+06 	 3.296296e-06 	 1.021029e+07 	
7.49349349e+06 	 3.295202e-06 	 1.020937e+07 	
7.49399399e+06 	 3.294109e-06 	 1.020845e+07 	
7.49449449e+06 	 3.293016e-06 	 1.020754e+07 	
7.49499499e+06 	 3.291924e-06 	 1.020662e+07 	
7.49549550e+06 	 3.290832e-06 	 1.020570e+07 	
7.49599600e+06 	 3.289740e-06 	 1.020478e+07 	
7.49649650e+06 	 3.288649e-06 	 1.020387e+07 	
7.49699700e+06 	 3.287558e-06 	 1.020295e+07 	
7.49749750e+06 	 3.286468e-06 	 1.020203e+07 	
7.49799800e+06 	 3.285377e-06 	 1.020111e+07 	
7.49849850e+06 	 3.284288e-06 	 1.020020e+07 	
7.49899900e+06 	 3.283198e-06 	 1.019928e+07 	
7.49949950e+06 	 3.282109e-06 	 1.019836e+07 	
7.50000000e+06 	 3.281020e-06 	 1.019745e+07 	
7.53682323e+06 	 3.201899e-06 	 1.013040e+07 	
7.57382725e+06 	 3.124298e-06 	 1.006380e+07 	
7.61101295e+06 	 3.048345e-06 	 9.997611e+06 	
7.64838122e+06 	 2.973730e-06 	 9.931865e+06 	
7.68593297e+06 	 2.900550e-06 	 9.866545e+06 	
7.72366908e+06 	 2.828613e-06 	 9.801665e+06 	
7.76159047e+06 	 2.758179e-06 	 9.737194e+06 	
7.79969804e+06 	 2.689088e-06 	 9.673142e+06 	
7.83799272e+06 	 2.621148e-06 	 9.609523e+06 	
7.87647541e+06 	 2.554624e-06 	 9.546305e+06 	
7.91514704e+06 	 2.489222e-06 	 9.483513e+06 	
7.95400854e+06 	 2.425148e-06 	 9.421120e+06 	
7.99306084e+06 	 2.362270e-06 	 9.359135e+06 	
8.03230488e+06 	 2.300695e-06 	 9.297539e+06 	
8.07174160e+06 	 2.240163e-06 	 9.236359e+06 	
8.11137194e+06 	 2.180756e-06 	 9.175578e+06 	
8.15119686e+06 	 2.122313e-06 	 9.115211e+06 	
8.19121731e+06 	 2.065047e-06 	 9.055229e+06 	
8.23143425e+06 	 2.008935e-06 	 8.995627e+06 	
8.27184865e+06 	 1.953762e-06 	 8.936428e+06 	
8.31246147e+06 	 1.899592e-06 	 8.877619e+06 	
8.35327369e+06 	 1.846510e-06 	 8.819184e+06 	
8.39428629e+06 	 1.794306e-06 	 8.761145e+06 	
8.43550025e+06 	 1.743044e-06 	 8.703490e+06 	
8.47691656e+06 	 1.692598e-06 	 8.646232e+06 	
8.51853622e+06 	 1.643135e-06 	 8.589343e+06 	
8.56036022e+06 	 1.594466e-06 	 8.532847e+06 	
8.60238956e+06 	 1.546717e-06 	 8.476718e+06 	
8.64462526e+06 	 1.499803e-06 	 8.420967e+06 	
8.68706833e+06 	 1.453621e-06 	 8.365605e+06 	
8.72971978e+06 	 1.408296e-06 	 8.310609e+06 	
8.77258064e+06 	 1.363743e-06 	 8.255988e+06 	
8.81565194e+06 	 1.320023e-06 	 8.201726e+06 	
8.85893470e+06 	 1.276975e-06 	 8.147850e+06 	
8.90242998e+06 	 1.234585e-06 	 8.094360e+06 	
8.94613881e+06 	 1.192943e-06 	 8.041234e+06 	
8.99006223e+06 	 1.151981e-06 	 7.988482e+06 	
9.03420131e+06 	 1.111622e-06 	 7.936119e+06 	
9.07855711e+06 	 1.071954e-06 	 7.884122e+06 	
9.12313067e+06 	 1.032912e-06 	 7.832504e+06 	
9.16792309e+06 	 9.944209e-07 	 7.781280e+06 	
9.21293542e+06 	 9.565653e-07 	 7.730429e+06 	
9.25816876e+06 	 9.192821e-07 	 7.679966e+06 	
9.30362418e+06 	 8.826102e-07 	 7.629878e+06 	
9.34930277e+06 	 8.464361e-07 	 7.580198e+06 	
9.39520564e+06 	 8.107474e-07 	 7.530930e+06 	
9.44133388e+06 	 7.756048e-07 	 7.482061e+06 	
9.48768860e+06 	 7.409606e-07 	 7.433607e+06 	
9.53427090e+06 	 7.068425e-07 	 7.385564e+06 	
9.58108192e+06 	 6.731692e-07 	 7.337966e+06 	
9.62812277e+06 	 6.399643e-07 	 7.290813e+06 	
9.67539457e+06 	 6.072580e-07 	 7.244104e+06 	
9.72289847e+06 	 5.749807e-07 	 7.197881e+06 	
9.77063561e+06 	 5.431896e-07 	 7.152136e+06 	
9.81860712e+06 	 5.118386e-07 	 7.106911e+06 	
9.86681416e+06 	 4.809582e-07 	 7.062217e+06 	
9.91525788e+06 	 4.505865e-07 	 7.018066e+06 	
9.96393946e+06 	 4.206980e-07 	 6.974509e+06 	
1.00128600e+07 	 3.913396e-07 	 6.931566e+06 	
1.00620208e+07 	 3.625235e-07 	 6.889286e+06 	
1.01114230e+07 	 3.343325e-07 	 6.847681e+06 	
1.01610677e+07 	 3.067849e-07 	 6.806815e+06 	
1.02109561e+07 	 2.799719e-07 	 6.766712e+06 	
1.02610895e+07 	 2.539531e-07 	 6.727430e+06 	
1.03114690e+07 	 2.287974e-07 	 6.689033e+06 	
1.03620959e+07 	 2.046215e-07 	 6.651550e+06 	
1.04129713e+07 	 1.815037e-07 	 6.615060e+06 	
1.04640965e+07 	 1.595653e-07 	 6.579597e+06 	
1.05154728e+07 	 1.389034e-07 	 6.545225e+06 	
1.05671013e+07 	 1.196278e-07 	 6.511981e+06 	
1.06189832e+07 	 1.018176e-07 	 6.479940e+06 	
1.06711199e+07 	 8.556271e-08 	 6.449114e+06 	
1.07235126e+07 	 7.091091e-08 	 6.419566e+06 	
1.07761625e+07 	 5.790056e-08 	 6.391283e+06 	
1.08290709e+07 	 4.652414e-08 	 6.364304e+06 	
1.08822391e+07 	 3.674554e-08 	 6.338648e+06 	
1.09356683e+07 	 2.850174e-08 	 6.314236e+06 	
1.09893599e+07 	 2.168852e-08 	 6.291032e+06 	
1.10433150e+07 	 1.617484e-08 	 6.269011e+06 	
1.10975351e+07 	 1.181273e-08 	 6.248073e+06 	
1.11520214e+07 	 8.441475e-09 	 6.228140e+06 	
1.12067752e+07 	 5.898633e-09 	 6.209144e+06 	
1.12617978e+07 	 4.028548e-09 	 6.190891e+06 	
1.13170906e+07 	 2.687771e-09 	 6.173416e+06 	
1.13726548e+07 	 1.751478e-09 	 6.156422e+06 	
1.14284918e+07 	 1.114506e-09 	 6.139977e+06 	
1.14846030e+07 	 6.925185e-10 	 6.123792e+06 	
1.15409897e+07 	 4.201874e-10 	 6.108005e+06 	
1.15976532e+07 	 2.489989e-10 	 6.092259e+06 	
1.27020194e+07 	 1.000000e-20 	 5.814260e+06 	
1.39115468e+07 	 1.000000e-20 	 5.549847e+06 	
1.52362494e+07 	 1.000000e-20 	 5.297970e+06 	
1.66870944e+07 	 1.000000e-20 	 5.057967e+06 	
1.82760936e+07 	 1.000000e-20 	 4.829218e+06 	
2.00164024e+07 	 1.000000e-20 	 4.611146e+06 	
2.19224291e+07 	 1.000000e-20 	 4.403208e+06 	
2.40099538e+07 	 1.000000e-20 	 4.204897e+06 	
2.62962594e+07 	 1.000000e-20 	 4.015733e+06 	
2.88002744e+07 	 1.000000e-20 	 3.835267e+06 	
3.15427299e+07 	 1.000000e-20 	 3.663074e+06 	
3.45463308e+07 	 1.000000e-20 	 3.498754e+06 	
3.78359443e+07 	 1.000000e-20 	 3.341927e+06 	
4.14388055e+07 	 1.000000e-20 	 3.192238e+06 	
4.53847428e+07 	 1.000000e-20 	 3.049346e+06 	
4.97064251e+07 	 1.000000e-20 	 2.912932e+06 	
5.44396319e+07 	 1.000000e-20 	 2.782690e+06 	
5.96235501e+07 	 1.000000e-20 	 2.658334e+06 	
6.53010977e+07 	 1.000000e-20 	 2.539588e+06 	
7.15192797e+07 	 1.000000e-20 	 2.426193e+06 	
7.83295773e+07 	 1.000000e-20 	 2.317901e+06 	
8.57883734e+07 	 1.000000e-20 	 2.214479e+06 	
9.39574202e+07 	 1.000000e-20 	 2.115701e+06 	
1.02904350e+08 	 1.000000e-20 	 2.021357e+06 	
1.12703236e+08 	 1.000000e-20 	 1.931243e+06 	
1.23435203e+08 	 1.000000e-20 	 1.845167e+06 	
1.35189103e+08 	 1.000000e-20 	 1.762944e+06 	
1.48062247e+08 	 1.000000e-20 	 1.684402e+06 	
1.62161214e+08 	 1.000000e-20 	 1.609372e+06 	
1.77602730e+08 	 1.000000e-20 	 1.537695e+06 	
1.94514638e+08 	 1.000000e-20 	 1.469222e+06 	
2.13036952e+08 	 1.000000e-20 	 1.403806e+06 	
2.33323021e+08 	 1.000000e-20 	 1.341311e+06 	
2.55540795e+08 	 1.000000e-20 	 1.281604e+06 	
2.79874217e+08 	 1.000000e-20 	 1.224562e+06 	
3.06524747e+08 	 1.000000e-20 	 1.170063e+06 	
3.35713026e+08 	 1.000000e-20 	 1.117994e+06 	
3.67680708e+08 	 1.000000e-20 	 1.068247e+06 	
4.02692456e+08 	 1.000000e-20 	 1.020716e+06 	
4.41038136e+08 	 1.000000e-20 	 9.753032e+05 	
4.83035217e+08 	 1.000000e-20 	 9.319135e+05 	
5.29031395e+08 	 1.000000e-20 	 8.904564e+05 	
5.79407478e+08 	 1.000000e-20 	 8.508455e+05 	
6.34580536e+08 	 1.000000e-20 	 8.129984e+05 	
6.95007350e+08 	 1.000000e-20 	 7.768364e+05 	
7.61188202e+08 	 1.000000e-20 	 7.422841e+05 	
8.33671008e+08 	 1.000000e-20 	 7.092698e+05 	
9.13055863e+08 	 1.000000e-20 	 6.777248e+05 	
1.00000000e+09 	 1.000000e-20 	 6.475837e+05 	
