r (cm)        	 rho (g/cm3) 	 T (K)       		 Linf = 5.026993e+38
1.30002704e+06 	 1.421068e+05 	 1.381225e+09 	
1.30010055e+06 	 1.252525e+05 	 1.338628e+09 	
1.30018087e+06 	 1.087995e+05 	 1.292729e+09 	
1.30025817e+06 	 9.473462e+04 	 1.249215e+09 	
1.30033547e+06 	 8.224776e+04 	 1.206366e+09 	
1.30041277e+06 	 7.119405e+04 	 1.164205e+09 	
1.30049007e+06 	 6.143832e+04 	 1.122751e+09 	
1.30055424e+06 	 5.423576e+04 	 1.088894e+09 	
1.30061840e+06 	 4.777342e+04 	 1.055552e+09 	
1.30068257e+06 	 4.198821e+04 	 1.022737e+09 	
1.30074673e+06 	 3.682103e+04 	 9.904638e+08 	
1.30081090e+06 	 3.221666e+04 	 9.587437e+08 	
1.30087368e+06 	 2.820680e+04 	 9.282558e+08 	
1.30093646e+06 	 2.464153e+04 	 8.983226e+08 	
1.30099924e+06 	 2.147911e+04 	 8.689563e+08 	
1.30106203e+06 	 1.868080e+04 	 8.401691e+08 	
1.30111431e+06 	 1.660218e+04 	 8.166439e+08 	
1.30116660e+06 	 1.473199e+04 	 7.935356e+08 	
1.30121889e+06 	 1.305228e+04 	 7.708510e+08 	
1.30127118e+06 	 1.154631e+04 	 7.485969e+08 	
1.30132347e+06 	 1.019851e+04 	 7.267796e+08 	
1.30137576e+06 	 8.994422e+03 	 7.054055e+08 	
1.30142881e+06 	 7.906046e+03 	 6.841817e+08 	
1.30148185e+06 	 6.938874e+03 	 6.634262e+08 	
1.30153489e+06 	 6.081006e+03 	 6.431448e+08 	
1.30157910e+06 	 5.441707e+03 	 6.266101e+08 	
1.30162330e+06 	 4.864847e+03 	 6.104113e+08 	
1.30166750e+06 	 4.344994e+03 	 5.945511e+08 	
1.30171170e+06 	 3.877107e+03 	 5.790319e+08 	
1.30175591e+06 	 3.456523e+03 	 5.638560e+08 	
1.30180011e+06 	 3.078929e+03 	 5.490253e+08 	
1.30184431e+06 	 2.740345e+03 	 5.345416e+08 	
1.30188851e+06 	 2.437109e+03 	 5.204063e+08 	
1.30193524e+06 	 2.151266e+03 	 5.058441e+08 	
1.30197415e+06 	 1.937843e+03 	 4.940149e+08 	
1.30201307e+06 	 1.744741e+03 	 4.824574e+08 	
1.30205198e+06 	 1.570174e+03 	 4.711719e+08 	
1.30209090e+06 	 1.412492e+03 	 4.601580e+08 	
1.30212981e+06 	 1.270176e+03 	 4.494155e+08 	
1.30216873e+06 	 1.141827e+03 	 4.389438e+08 	
1.30220764e+06 	 1.026159e+03 	 4.287421e+08 	
1.30224656e+06 	 9.219931e+02 	 4.188092e+08 	
1.30228547e+06 	 8.282474e+02 	 4.091438e+08 	
1.30232439e+06 	 7.439328e+02 	 3.997445e+08 	
1.30236330e+06 	 6.681451e+02 	 3.906093e+08 	
1.30240222e+06 	 6.000594e+02 	 3.817362e+08 	
1.30244113e+06 	 5.389235e+02 	 3.731229e+08 	
1.30247930e+06 	 4.850568e+02 	 3.649256e+08 	
1.30251746e+06 	 4.366290e+02 	 3.569731e+08 	
1.30255562e+06 	 3.931060e+02 	 3.492625e+08 	
1.30259379e+06 	 3.540029e+02 	 3.417908e+08 	
1.30263195e+06 	 3.188797e+02 	 3.345546e+08 	
1.30267012e+06 	 2.873378e+02 	 3.275504e+08 	
1.30270828e+06 	 2.590163e+02 	 3.207746e+08 	
1.30274644e+06 	 2.335891e+02 	 3.142233e+08 	
1.30278461e+06 	 2.107614e+02 	 3.078925e+08 	
1.30282277e+06 	 1.902675e+02 	 3.017780e+08 	
1.30286094e+06 	 1.718678e+02 	 2.958753e+08 	
1.30289910e+06 	 1.553465e+02 	 2.901800e+08 	
1.30293726e+06 	 1.405095e+02 	 2.846876e+08 	
1.30297543e+06 	 1.271823e+02 	 2.793931e+08 	
1.30301359e+06 	 1.152080e+02 	 2.742919e+08 	
1.30305176e+06 	 1.044461e+02 	 2.693790e+08 	
1.30308992e+06 	 9.477019e+01 	 2.646494e+08 	
1.30312808e+06 	 8.606717e+01 	 2.600980e+08 	
1.30316625e+06 	 7.823562e+01 	 2.557198e+08 	
1.30320441e+06 	 7.118473e+01 	 2.515097e+08 	
1.30324258e+06 	 6.483321e+01 	 2.474626e+08 	
1.30329037e+06 	 5.775469e+01 	 2.426161e+08 	
1.30333817e+06 	 5.153340e+01 	 2.380072e+08 	
1.30338596e+06 	 4.605964e+01 	 2.336258e+08 	
1.30343376e+06 	 4.123810e+01 	 2.294623e+08 	
1.30348155e+06 	 3.698591e+01 	 2.255069e+08 	
1.30352935e+06 	 3.323109e+01 	 2.217501e+08 	
1.30357714e+06 	 2.991106e+01 	 2.181827e+08 	
1.30362494e+06 	 2.697145e+01 	 2.147956e+08 	
1.30367273e+06 	 2.436497e+01 	 2.115800e+08 	
1.30372053e+06 	 2.205049e+01 	 2.085273e+08 	
1.30376832e+06 	 1.999224e+01 	 2.056294e+08 	
1.30381612e+06 	 1.815906e+01 	 2.028783e+08 	
1.30386391e+06 	 1.652383e+01 	 2.002664e+08 	
1.30391171e+06 	 1.506287e+01 	 1.977862e+08 	
1.30395950e+06 	 1.375556e+01 	 1.954309e+08 	
1.30400730e+06 	 1.258387e+01 	 1.931936e+08 	
1.30405509e+06 	 1.153205e+01 	 1.910679e+08 	
1.30410289e+06 	 1.058633e+01 	 1.890478e+08 	
1.30415068e+06 	 9.734647e+00 	 1.871275e+08 	
1.30419848e+06 	 8.966418e+00 	 1.853014e+08 	
1.30425398e+06 	 8.166791e+00 	 1.832922e+08 	
1.30430949e+06 	 7.454592e+00 	 1.813953e+08 	
1.30436499e+06 	 6.818918e+00 	 1.796035e+08 	
1.30442050e+06 	 6.250358e+00 	 1.779101e+08 	
1.30447600e+06 	 5.740771e+00 	 1.763087e+08 	
1.30453151e+06 	 5.283109e+00 	 1.747934e+08 	
1.30458701e+06 	 4.871253e+00 	 1.733586e+08 	
1.30464252e+06 	 4.499884e+00 	 1.719992e+08 	
1.30469802e+06 	 4.164371e+00 	 1.707104e+08 	
1.30477220e+06 	 3.764999e+00 	 1.690904e+08 	
1.30484639e+06 	 3.414257e+00 	 1.675787e+08 	
1.30492057e+06 	 3.105223e+00 	 1.661663e+08 	
1.30499475e+06 	 2.832081e+00 	 1.648451e+08 	
1.30506893e+06 	 2.589922e+00 	 1.636076e+08 	
1.30514312e+06 	 2.374595e+00 	 1.624471e+08 	
1.30521730e+06 	 2.182578e+00 	 1.613575e+08 	
1.30529148e+06 	 2.010870e+00 	 1.603332e+08 	
1.30538405e+06 	 1.821228e+00 	 1.591390e+08 	
1.30547663e+06 	 1.655060e+00 	 1.580298e+08 	
1.30556920e+06 	 1.508898e+00 	 1.569976e+08 	
1.30566177e+06 	 1.379855e+00 	 1.560355e+08 	
1.30575434e+06 	 1.265523e+00 	 1.551371e+08 	
1.30584692e+06 	 1.163879e+00 	 1.542967e+08 	
1.30593949e+06 	 1.073220e+00 	 1.535094e+08 	
1.30606221e+06 	 9.675392e-01 	 1.525398e+08 	
1.30618494e+06 	 8.758781e-01 	 1.516461e+08 	
1.30630766e+06 	 7.959843e-01 	 1.508204e+08 	
1.30643039e+06 	 7.260220e-01 	 1.500555e+08 	
1.30655311e+06 	 6.644861e-01 	 1.493452e+08 	
1.30667584e+06 	 6.101356e-01 	 1.486841e+08 	
1.30683518e+06 	 5.486237e-01 	 1.478915e+08 	
1.30699452e+06 	 4.956729e-01 	 1.471648e+08 	
1.30715386e+06 	 4.498243e-01 	 1.464964e+08 	
1.30731320e+06 	 4.099075e-01 	 1.458795e+08 	
1.30747254e+06 	 3.749764e-01 	 1.453085e+08 	
1.30766743e+06 	 3.379190e-01 	 1.446653e+08 	
1.30786231e+06 	 3.060440e-01 	 1.440759e+08 	
1.30805719e+06 	 2.784555e-01 	 1.435335e+08 	
1.30825207e+06 	 2.544388e-01 	 1.430327e+08 	
1.30844695e+06 	 2.334184e-01 	 1.425687e+08 	
1.30873253e+06 	 2.070763e-01 	 1.419471e+08 	
1.30901810e+06 	 1.850317e-01 	 1.413853e+08 	
1.30930368e+06 	 1.664162e-01 	 1.408748e+08 	
1.30958925e+06 	 1.505662e-01 	 1.404082e+08 	
1.30993285e+06 	 1.344435e-01 	 1.398971e+08 	
1.31027645e+06 	 1.209033e-01 	 1.394329e+08 	
1.31062005e+06 	 1.094289e-01 	 1.390088e+08 	
1.31096365e+06 	 9.962524e-02 	 1.386193e+08 	
1.31146629e+06 	 8.767335e-02 	 1.381025e+08 	
1.31196893e+06 	 7.793765e-02 	 1.376384e+08 	
1.31247157e+06 	 6.990547e-02 	 1.372181e+08 	
1.31317077e+06 	 6.088121e-02 	 1.366934e+08 	
1.31386997e+06 	 5.373123e-02 	 1.362255e+08 	
1.31456918e+06 	 4.797085e-02 	 1.358034e+08 	
1.31537654e+06 	 4.261091e-02 	 1.353624e+08 	
1.31618390e+06 	 3.829192e-02 	 1.349620e+08 	
1.31699126e+06 	 3.476018e-02 	 1.345949e+08 	
1.31818920e+06 	 3.059656e-02 	 1.340994e+08 	
1.31938714e+06 	 2.737211e-02 	 1.336511e+08 	
1.32097815e+06 	 2.410239e-02 	 1.331118e+08 	
1.32256917e+06 	 2.163784e-02 	 1.326218e+08 	
1.32446905e+06 	 1.941438e-02 	 1.320856e+08 	
1.32636894e+06 	 1.773264e-02 	 1.315901e+08 	
1.32826882e+06 	 1.642972e-02 	 1.311258e+08 	
1.33123077e+06 	 1.491520e-02 	 1.304492e+08 	
1.33297419e+06 	 1.423196e-02 	 1.300718e+08 	
1.33679281e+06 	 1.309529e-02 	 1.292851e+08 	
1.33990111e+06 	 1.242101e-02 	 1.286756e+08 	
1.34524415e+06 	 1.158549e-02 	 1.276736e+08 	
1.34764806e+06 	 1.129857e-02 	 1.272371e+08 	
1.35448512e+06 	 1.066635e-02 	 1.260312e+08 	
1.35938818e+06 	 1.032052e-02 	 1.251916e+08 	
1.36975809e+06 	 9.745435e-03 	 1.234674e+08 	
1.37345574e+06 	 9.571172e-03 	 1.228666e+08 	
1.38805396e+06 	 8.965990e-03 	 1.205549e+08 	
1.39639062e+06 	 8.657590e-03 	 1.192739e+08 	
1.39963909e+06 	 8.542472e-03 	 1.187819e+08 	
1.39996394e+06 	 8.531098e-03 	 1.187329e+08 	
1.39999643e+06 	 8.529962e-03 	 1.187280e+08 	
1.39999968e+06 	 8.529848e-03 	 1.187275e+08 	
1.40000000e+06 	 8.529837e-03 	 1.187274e+08 	
1.42000000e+06 	 7.870934e-03 	 1.157844e+08 	
1.44666667e+06 	 7.095613e-03 	 1.120694e+08 	
1.46666667e+06 	 6.577743e-03 	 1.094278e+08 	
1.49333333e+06 	 5.960654e-03 	 1.060832e+08 	
1.51333333e+06 	 5.545805e-03 	 1.036988e+08 	
1.54000000e+06 	 5.048639e-03 	 1.006725e+08 	
1.56666667e+06 	 4.606839e-03 	 9.780812e+07 	
1.58666667e+06 	 4.307573e-03 	 9.575868e+07 	
1.61333333e+06 	 3.946251e-03 	 9.314871e+07 	
1.64000000e+06 	 3.622884e-03 	 9.066936e+07 	
1.66666667e+06 	 3.332627e-03 	 8.831118e+07 	
1.69333333e+06 	 3.071465e-03 	 8.606564e+07 	
1.72000000e+06 	 2.835921e-03 	 8.392497e+07 	
1.74666667e+06 	 2.622997e-03 	 8.188212e+07 	
1.77333333e+06 	 2.430110e-03 	 7.993064e+07 	
1.80000000e+06 	 2.255003e-03 	 7.806462e+07 	
1.82666667e+06 	 2.095686e-03 	 7.627866e+07 	
1.85333333e+06 	 1.950503e-03 	 7.456781e+07 	
1.88000000e+06 	 1.817911e-03 	 7.292748e+07 	
1.90666667e+06 	 1.696616e-03 	 7.135350e+07 	
1.93333333e+06 	 1.585473e-03 	 6.984197e+07 	
1.96000000e+06 	 1.483469e-03 	 6.838934e+07 	
1.98666667e+06 	 1.389707e-03 	 6.699227e+07 	
2.01333333e+06 	 1.303408e-03 	 6.564771e+07 	
2.04000000e+06 	 1.223855e-03 	 6.435281e+07 	
2.08000000e+06 	 1.115729e-03 	 6.249776e+07 	
2.10666667e+06 	 1.050394e-03 	 6.131577e+07 	
2.13333333e+06 	 9.898449e-04 	 6.017490e+07 	
2.16000000e+06 	 9.336681e-04 	 5.907308e+07 	
2.20000000e+06 	 8.568413e-04 	 5.748945e+07 	
2.22666667e+06 	 8.100643e-04 	 5.647713e+07 	
2.25333333e+06 	 7.664756e-04 	 5.549760e+07 	
2.29333333e+06 	 7.065839e-04 	 5.408655e+07 	
2.32000000e+06 	 6.699370e-04 	 5.318255e+07 	
2.34666667e+06 	 6.356923e-04 	 5.230640e+07 	
2.38666667e+06 	 5.884120e-04 	 5.104165e+07 	
2.41333333e+06 	 5.593420e-04 	 5.022977e+07 	
2.44000000e+06 	 5.321214e-04 	 4.944173e+07 	
2.48000000e+06 	 4.943257e-04 	 4.830201e+07 	
2.50666667e+06 	 4.710133e-04 	 4.756909e+07 	
2.54666667e+06 	 4.386471e-04 	 4.650794e+07 	
2.57333333e+06 	 4.186087e-04 	 4.582471e+07 	
2.61333333e+06 	 3.907130e-04 	 4.483436e+07 	
2.65333333e+06 	 3.651453e-04 	 4.388322e+07 	
2.68000000e+06 	 3.492762e-04 	 4.326980e+07 	
2.72000000e+06 	 3.270839e-04 	 4.237913e+07 	
2.74666667e+06 	 3.132743e-04 	 4.180411e+07 	
2.78666667e+06 	 2.939370e-04 	 4.096843e+07 	
2.82666667e+06 	 2.760949e-04 	 4.016339e+07 	
2.85333333e+06 	 2.649559e-04 	 3.964289e+07 	
2.89333333e+06 	 2.493093e-04 	 3.888535e+07 	
2.93333333e+06 	 2.348266e-04 	 3.815439e+07 	
2.96000000e+06 	 2.257570e-04 	 3.768115e+07 	
3.00000000e+06 	 2.129741e-04 	 3.699148e+07 	
3.04000000e+06 	 2.011062e-04 	 3.632501e+07 	
3.08000000e+06 	 1.900653e-04 	 3.568056e+07 	
3.12000000e+06 	 1.797816e-04 	 3.505710e+07 	
3.16000000e+06 	 1.701979e-04 	 3.445365e+07 	
3.20000000e+06 	 1.612588e-04 	 3.386928e+07 	
3.24000000e+06 	 1.529064e-04 	 3.330311e+07 	
3.28000000e+06 	 1.450980e-04 	 3.275433e+07 	
3.32000000e+06 	 1.377922e-04 	 3.222218e+07 	
3.36000000e+06 	 1.309468e-04 	 3.170590e+07 	
3.40000000e+06 	 1.245299e-04 	 3.120484e+07 	
3.44000000e+06 	 1.185077e-04 	 3.071832e+07 	
3.48000000e+06 	 1.128509e-04 	 3.024575e+07 	
3.52000000e+06 	 1.075341e-04 	 2.978655e+07 	
3.56000000e+06 	 1.025320e-04 	 2.934017e+07 	
3.60000000e+06 	 9.782210e-05 	 2.890609e+07 	
3.64000000e+06 	 9.338429e-05 	 2.848383e+07 	
3.68000000e+06 	 8.919949e-05 	 2.807291e+07 	
3.72000000e+06 	 8.525068e-05 	 2.767290e+07 	
3.76000000e+06 	 8.152157e-05 	 2.728337e+07 	
3.80000000e+06 	 7.799742e-05 	 2.690394e+07 	
3.84000000e+06 	 7.466462e-05 	 2.653421e+07 	
3.88000000e+06 	 7.151105e-05 	 2.617384e+07 	
3.92000000e+06 	 6.852484e-05 	 2.582247e+07 	
3.96000000e+06 	 6.569530e-05 	 2.547979e+07 	
4.00000000e+06 	 6.301271e-05 	 2.514549e+07 	
4.04000000e+06 	 6.046778e-05 	 2.481925e+07 	
4.08000000e+06 	 5.805204e-05 	 2.450081e+07 	
4.12000000e+06 	 5.575755e-05 	 2.418990e+07 	
4.16000000e+06 	 5.357700e-05 	 2.388625e+07 	
4.20000000e+06 	 5.150361e-05 	 2.358963e+07 	
4.24000000e+06 	 4.953102e-05 	 2.329978e+07 	
4.28000000e+06 	 4.765338e-05 	 2.301650e+07 	
4.32000000e+06 	 4.586509e-05 	 2.273957e+07 	
4.36000000e+06 	 4.416113e-05 	 2.246877e+07 	
4.40000000e+06 	 4.253663e-05 	 2.220392e+07 	
4.44000000e+06 	 4.098714e-05 	 2.194482e+07 	
4.48000000e+06 	 3.950852e-05 	 2.169129e+07 	
4.52000000e+06 	 3.809682e-05 	 2.144316e+07 	
4.56000000e+06 	 3.674846e-05 	 2.120026e+07 	
4.60000000e+06 	 3.545995e-05 	 2.096244e+07 	
4.64000000e+06 	 3.422808e-05 	 2.072953e+07 	
4.68000000e+06 	 3.304989e-05 	 2.050139e+07 	
4.72000000e+06 	 3.192254e-05 	 2.027788e+07 	
4.76000000e+06 	 3.084337e-05 	 2.005887e+07 	
4.80000000e+06 	 2.980992e-05 	 1.984422e+07 	
4.84000000e+06 	 2.881983e-05 	 1.963380e+07 	
4.88000000e+06 	 2.787094e-05 	 1.942750e+07 	
4.92000000e+06 	 2.696114e-05 	 1.922520e+07 	
4.96000000e+06 	 2.608850e-05 	 1.902678e+07 	
5.00000000e+06 	 2.525120e-05 	 1.883214e+07 	
5.04000000e+06 	 2.444750e-05 	 1.864118e+07 	
5.08000000e+06 	 2.367578e-05 	 1.845378e+07 	
5.12000000e+06 	 2.293449e-05 	 1.826987e+07 	
5.16000000e+06 	 2.222218e-05 	 1.808933e+07 	
5.20000000e+06 	 2.153749e-05 	 1.791209e+07 	
5.24000000e+06 	 2.087913e-05 	 1.773805e+07 	
5.28000000e+06 	 2.024586e-05 	 1.756713e+07 	
5.32000000e+06 	 1.963654e-05 	 1.739925e+07 	
5.36000000e+06 	 1.905007e-05 	 1.723434e+07 	
5.40000000e+06 	 1.848541e-05 	 1.707231e+07 	
5.44000000e+06 	 1.794158e-05 	 1.691309e+07 	
5.48000000e+06 	 1.741765e-05 	 1.675661e+07 	
5.52000000e+06 	 1.691273e-05 	 1.660280e+07 	
5.56000000e+06 	 1.642601e-05 	 1.645160e+07 	
5.60000000e+06 	 1.595667e-05 	 1.630295e+07 	
5.64000000e+06 	 1.550397e-05 	 1.615677e+07 	
5.68000000e+06 	 1.506720e-05 	 1.601301e+07 	
5.72000000e+06 	 1.464568e-05 	 1.587162e+07 	
5.76000000e+06 	 1.423876e-05 	 1.573253e+07 	
5.80000000e+06 	 1.384582e-05 	 1.559570e+07 	
5.84000000e+06 	 1.346629e-05 	 1.546106e+07 	
5.88000000e+06 	 1.309961e-05 	 1.532857e+07 	
5.92000000e+06 	 1.274526e-05 	 1.519817e+07 	
5.96000000e+06 	 1.240273e-05 	 1.506983e+07 	
6.00000000e+06 	 1.207154e-05 	 1.494349e+07 	
6.04000000e+06 	 1.175124e-05 	 1.481910e+07 	
6.08000000e+06 	 1.144139e-05 	 1.469663e+07 	
6.12000000e+06 	 1.114159e-05 	 1.457603e+07 	
6.16000000e+06 	 1.085142e-05 	 1.445726e+07 	
6.20000000e+06 	 1.057053e-05 	 1.434027e+07 	
6.24000000e+06 	 1.029854e-05 	 1.422504e+07 	
6.28000000e+06 	 1.003512e-05 	 1.411151e+07 	
6.32000000e+06 	 9.779936e-06 	 1.399967e+07 	
6.36000000e+06 	 9.532676e-06 	 1.388946e+07 	
6.40000000e+06 	 9.293042e-06 	 1.378085e+07 	
6.44000000e+06 	 9.060747e-06 	 1.367381e+07 	
6.48000000e+06 	 8.835519e-06 	 1.356832e+07 	
6.52000000e+06 	 8.617095e-06 	 1.346432e+07 	
6.56000000e+06 	 8.405225e-06 	 1.336180e+07 	
6.60000000e+06 	 8.199671e-06 	 1.326073e+07 	
6.64000000e+06 	 8.000203e-06 	 1.316106e+07 	
6.68000000e+06 	 7.806601e-06 	 1.306279e+07 	
6.72000000e+06 	 7.618656e-06 	 1.296587e+07 	
6.76000000e+06 	 7.436166e-06 	 1.287028e+07 	
6.80000000e+06 	 7.258938e-06 	 1.277599e+07 	
6.84000000e+06 	 7.086786e-06 	 1.268299e+07 	
6.88000000e+06 	 6.919536e-06 	 1.259123e+07 	
6.92000000e+06 	 6.757015e-06 	 1.250071e+07 	
6.96000000e+06 	 6.599059e-06 	 1.241138e+07 	
7.00000000e+06 	 6.445515e-06 	 1.232324e+07 	
7.04000000e+06 	 6.296230e-06 	 1.223626e+07 	
7.08000000e+06 	 6.151060e-06 	 1.215041e+07 	
7.12000000e+06 	 6.009867e-06 	 1.206568e+07 	
7.16000000e+06 	 5.872518e-06 	 1.198205e+07 	
7.20000000e+06 	 5.738884e-06 	 1.189948e+07 	
7.24000000e+06 	 5.608843e-06 	 1.181797e+07 	
7.28000000e+06 	 5.482277e-06 	 1.173750e+07 	
7.32000000e+06 	 5.359072e-06 	 1.165803e+07 	
7.36000000e+06 	 5.239118e-06 	 1.157957e+07 	
7.40000000e+06 	 5.122312e-06 	 1.150208e+07 	
7.44000000e+06 	 5.008550e-06 	 1.142555e+07 	
7.48000000e+06 	 4.897737e-06 	 1.134997e+07 	
7.52000000e+06 	 4.789779e-06 	 1.127531e+07 	
7.56000000e+06 	 4.684585e-06 	 1.120157e+07 	
7.60000000e+06 	 4.582069e-06 	 1.112871e+07 	
7.64000000e+06 	 4.482146e-06 	 1.105674e+07 	
7.68000000e+06 	 4.384736e-06 	 1.098563e+07 	
7.72000000e+06 	 4.289763e-06 	 1.091536e+07 	
7.76000000e+06 	 4.197149e-06 	 1.084593e+07 	
7.80000000e+06 	 4.106825e-06 	 1.077732e+07 	
7.84000000e+06 	 4.018719e-06 	 1.070951e+07 	
7.88000000e+06 	 3.932766e-06 	 1.064250e+07 	
7.92000000e+06 	 3.848900e-06 	 1.057626e+07 	
8.00000000e+06 	 3.687180e-06 	 1.044607e+07 	
8.00050050e+06 	 3.686193e-06 	 1.044526e+07 	
8.00100100e+06 	 3.685206e-06 	 1.044446e+07 	
8.00150150e+06 	 3.684220e-06 	 1.044365e+07 	
8.00200200e+06 	 3.683233e-06 	 1.044285e+07 	
8.00250250e+06 	 3.682247e-06 	 1.044204e+07 	
8.00300300e+06 	 3.681261e-06 	 1.044124e+07 	
8.00350350e+06 	 3.680276e-06 	 1.044043e+07 	
8.00400400e+06 	 3.679291e-06 	 1.043963e+07 	
8.00450450e+06 	 3.678306e-06 	 1.043883e+07 	
8.00500501e+06 	 3.677321e-06 	 1.043802e+07 	
8.00550551e+06 	 3.676337e-06 	 1.043722e+07 	
8.00600601e+06 	 3.675353e-06 	 1.043641e+07 	
8.00650651e+06 	 3.674369e-06 	 1.043561e+07 	
8.00700701e+06 	 3.673386e-06 	 1.043481e+07 	
8.00750751e+06 	 3.672403e-06 	 1.043400e+07 	
8.00800801e+06 	 3.671420e-06 	 1.043320e+07 	
8.00850851e+06 	 3.670437e-06 	 1.043240e+07 	
8.00900901e+06 	 3.669455e-06 	 1.043159e+07 	
8.00950951e+06 	 3.668473e-06 	 1.043079e+07 	
8.01001001e+06 	 3.667491e-06 	 1.042999e+07 	
8.01051051e+06 	 3.666510e-06 	 1.042919e+07 	
8.01101101e+06 	 3.665529e-06 	 1.042838e+07 	
8.01151151e+06 	 3.664548e-06 	 1.042758e+07 	
8.01201201e+06 	 3.663568e-06 	 1.042678e+07 	
8.01251251e+06 	 3.662588e-06 	 1.042598e+07 	
8.01301301e+06 	 3.661608e-06 	 1.042517e+07 	
8.01351351e+06 	 3.660628e-06 	 1.042437e+07 	
8.01401401e+06 	 3.659649e-06 	 1.042357e+07 	
8.01451451e+06 	 3.658670e-06 	 1.042277e+07 	
8.01501502e+06 	 3.657691e-06 	 1.042197e+07 	
8.01551552e+06 	 3.656713e-06 	 1.042116e+07 	
8.01601602e+06 	 3.655735e-06 	 1.042036e+07 	
8.01651652e+06 	 3.654757e-06 	 1.041956e+07 	
8.01701702e+06 	 3.653780e-06 	 1.041876e+07 	
8.01751752e+06 	 3.652803e-06 	 1.041796e+07 	
8.01801802e+06 	 3.651826e-06 	 1.041716e+07 	
8.01851852e+06 	 3.650849e-06 	 1.041636e+07 	
8.01901902e+06 	 3.649873e-06 	 1.041556e+07 	
8.01951952e+06 	 3.648897e-06 	 1.041475e+07 	
8.02002002e+06 	 3.647921e-06 	 1.041395e+07 	
8.02052052e+06 	 3.646945e-06 	 1.041315e+07 	
8.02102102e+06 	 3.645970e-06 	 1.041235e+07 	
8.02152152e+06 	 3.644996e-06 	 1.041155e+07 	
8.02202202e+06 	 3.644021e-06 	 1.041075e+07 	
8.02252252e+06 	 3.643047e-06 	 1.040995e+07 	
8.02302302e+06 	 3.642073e-06 	 1.040915e+07 	
8.02352352e+06 	 3.641099e-06 	 1.040835e+07 	
8.02402402e+06 	 3.640126e-06 	 1.040755e+07 	
8.02452452e+06 	 3.639153e-06 	 1.040675e+07 	
8.02502503e+06 	 3.638180e-06 	 1.040595e+07 	
8.02552553e+06 	 3.637207e-06 	 1.040515e+07 	
8.02602603e+06 	 3.636235e-06 	 1.040436e+07 	
8.02652653e+06 	 3.635263e-06 	 1.040356e+07 	
8.02702703e+06 	 3.634292e-06 	 1.040276e+07 	
8.02752753e+06 	 3.633320e-06 	 1.040196e+07 	
8.02802803e+06 	 3.632349e-06 	 1.040116e+07 	
8.02852853e+06 	 3.631378e-06 	 1.040036e+07 	
8.02902903e+06 	 3.630408e-06 	 1.039956e+07 	
8.02952953e+06 	 3.629438e-06 	 1.039876e+07 	
8.03003003e+06 	 3.628468e-06 	 1.039797e+07 	
8.03053053e+06 	 3.627498e-06 	 1.039717e+07 	
8.03103103e+06 	 3.626529e-06 	 1.039637e+07 	
8.03153153e+06 	 3.625560e-06 	 1.039557e+07 	
8.03203203e+06 	 3.624591e-06 	 1.039477e+07 	
8.03253253e+06 	 3.623623e-06 	 1.039398e+07 	
8.03303303e+06 	 3.622655e-06 	 1.039318e+07 	
8.03353353e+06 	 3.621687e-06 	 1.039238e+07 	
8.03403403e+06 	 3.620720e-06 	 1.039158e+07 	
8.03453453e+06 	 3.619752e-06 	 1.039079e+07 	
8.03503504e+06 	 3.618785e-06 	 1.038999e+07 	
8.03553554e+06 	 3.617819e-06 	 1.038919e+07 	
8.03603604e+06 	 3.616852e-06 	 1.038839e+07 	
8.03653654e+06 	 3.615886e-06 	 1.038760e+07 	
8.03703704e+06 	 3.614920e-06 	 1.038680e+07 	
8.03753754e+06 	 3.613955e-06 	 1.038600e+07 	
8.03803804e+06 	 3.612990e-06 	 1.038521e+07 	
8.03853854e+06 	 3.612025e-06 	 1.038441e+07 	
8.03903904e+06 	 3.611060e-06 	 1.038362e+07 	
8.03953954e+06 	 3.610096e-06 	 1.038282e+07 	
8.04004004e+06 	 3.609132e-06 	 1.038202e+07 	
8.04054054e+06 	 3.608168e-06 	 1.038123e+07 	
8.04104104e+06 	 3.607205e-06 	 1.038043e+07 	
8.04154154e+06 	 3.606241e-06 	 1.037964e+07 	
8.04204204e+06 	 3.605278e-06 	 1.037884e+07 	
8.04254254e+06 	 3.604316e-06 	 1.037804e+07 	
8.04304304e+06 	 3.603354e-06 	 1.037725e+07 	
8.04354354e+06 	 3.602391e-06 	 1.037645e+07 	
8.04404404e+06 	 3.601430e-06 	 1.037566e+07 	
8.04454454e+06 	 3.600468e-06 	 1.037486e+07 	
8.04504505e+06 	 3.599507e-06 	 1.037407e+07 	
8.04554555e+06 	 3.598546e-06 	 1.037327e+07 	
8.04604605e+06 	 3.597586e-06 	 1.037248e+07 	
8.04654655e+06 	 3.596625e-06 	 1.037169e+07 	
8.04704705e+06 	 3.595665e-06 	 1.037089e+07 	
8.04754755e+06 	 3.594706e-06 	 1.037010e+07 	
8.04804805e+06 	 3.593746e-06 	 1.036930e+07 	
8.04854855e+06 	 3.592787e-06 	 1.036851e+07 	
8.04904905e+06 	 3.591828e-06 	 1.036771e+07 	
8.04954955e+06 	 3.590870e-06 	 1.036692e+07 	
8.05005005e+06 	 3.589911e-06 	 1.036613e+07 	
8.05055055e+06 	 3.588953e-06 	 1.036533e+07 	
8.05105105e+06 	 3.587996e-06 	 1.036454e+07 	
8.05155155e+06 	 3.587038e-06 	 1.036375e+07 	
8.05205205e+06 	 3.586081e-06 	 1.036295e+07 	
8.05255255e+06 	 3.585124e-06 	 1.036216e+07 	
8.05305305e+06 	 3.584168e-06 	 1.036137e+07 	
8.05355355e+06 	 3.583211e-06 	 1.036057e+07 	
8.05405405e+06 	 3.582255e-06 	 1.035978e+07 	
8.05455455e+06 	 3.581300e-06 	 1.035899e+07 	
8.05505506e+06 	 3.580344e-06 	 1.035820e+07 	
8.05555556e+06 	 3.579389e-06 	 1.035740e+07 	
8.05605606e+06 	 3.578434e-06 	 1.035661e+07 	
8.05655656e+06 	 3.577480e-06 	 1.035582e+07 	
8.05705706e+06 	 3.576526e-06 	 1.035503e+07 	
8.05755756e+06 	 3.575572e-06 	 1.035423e+07 	
8.05805806e+06 	 3.574618e-06 	 1.035344e+07 	
8.05855856e+06 	 3.573664e-06 	 1.035265e+07 	
8.05905906e+06 	 3.572711e-06 	 1.035186e+07 	
8.05955956e+06 	 3.571759e-06 	 1.035107e+07 	
8.06006006e+06 	 3.570806e-06 	 1.035028e+07 	
8.06056056e+06 	 3.569854e-06 	 1.034948e+07 	
8.06106106e+06 	 3.568902e-06 	 1.034869e+07 	
8.06156156e+06 	 3.567950e-06 	 1.034790e+07 	
8.06206206e+06 	 3.566999e-06 	 1.034711e+07 	
8.06256256e+06 	 3.566048e-06 	 1.034632e+07 	
8.06306306e+06 	 3.565097e-06 	 1.034553e+07 	
8.06356356e+06 	 3.564146e-06 	 1.034474e+07 	
8.06406406e+06 	 3.563196e-06 	 1.034395e+07 	
8.06456456e+06 	 3.562246e-06 	 1.034316e+07 	
8.06506507e+06 	 3.561296e-06 	 1.034237e+07 	
8.06556557e+06 	 3.560347e-06 	 1.034158e+07 	
8.06606607e+06 	 3.559398e-06 	 1.034079e+07 	
8.06656657e+06 	 3.558449e-06 	 1.034000e+07 	
8.06706707e+06 	 3.557500e-06 	 1.033921e+07 	
8.06756757e+06 	 3.556552e-06 	 1.033842e+07 	
8.06806807e+06 	 3.555604e-06 	 1.033763e+07 	
8.06856857e+06 	 3.554656e-06 	 1.033684e+07 	
8.06906907e+06 	 3.553709e-06 	 1.033605e+07 	
8.06956957e+06 	 3.552762e-06 	 1.033526e+07 	
8.07007007e+06 	 3.551815e-06 	 1.033447e+07 	
8.07057057e+06 	 3.550868e-06 	 1.033368e+07 	
8.07107107e+06 	 3.549922e-06 	 1.033289e+07 	
8.07157157e+06 	 3.548976e-06 	 1.033210e+07 	
8.07207207e+06 	 3.548030e-06 	 1.033131e+07 	
8.07257257e+06 	 3.547085e-06 	 1.033052e+07 	
8.07307307e+06 	 3.546140e-06 	 1.032974e+07 	
8.07357357e+06 	 3.545195e-06 	 1.032895e+07 	
8.07407407e+06 	 3.544250e-06 	 1.032816e+07 	
8.07457457e+06 	 3.543306e-06 	 1.032737e+07 	
8.07507508e+06 	 3.542362e-06 	 1.032658e+07 	
8.07557558e+06 	 3.541418e-06 	 1.032579e+07 	
8.07607608e+06 	 3.540474e-06 	 1.032501e+07 	
8.07657658e+06 	 3.539531e-06 	 1.032422e+07 	
8.07707708e+06 	 3.538588e-06 	 1.032343e+07 	
8.07757758e+06 	 3.537646e-06 	 1.032264e+07 	
8.07807808e+06 	 3.536703e-06 	 1.032186e+07 	
8.07857858e+06 	 3.535761e-06 	 1.032107e+07 	
8.07907908e+06 	 3.534820e-06 	 1.032028e+07 	
8.07957958e+06 	 3.533878e-06 	 1.031949e+07 	
8.08008008e+06 	 3.532937e-06 	 1.031871e+07 	
8.08058058e+06 	 3.531996e-06 	 1.031792e+07 	
8.08108108e+06 	 3.531055e-06 	 1.031713e+07 	
8.08158158e+06 	 3.530115e-06 	 1.031635e+07 	
8.08208208e+06 	 3.529175e-06 	 1.031556e+07 	
8.08258258e+06 	 3.528235e-06 	 1.031477e+07 	
8.08308308e+06 	 3.527295e-06 	 1.031399e+07 	
8.08358358e+06 	 3.526356e-06 	 1.031320e+07 	
8.08408408e+06 	 3.525417e-06 	 1.031242e+07 	
8.08458458e+06 	 3.524478e-06 	 1.031163e+07 	
8.08508509e+06 	 3.523540e-06 	 1.031084e+07 	
8.08558559e+06 	 3.522602e-06 	 1.031006e+07 	
8.08608609e+06 	 3.521664e-06 	 1.030927e+07 	
8.08658659e+06 	 3.520726e-06 	 1.030849e+07 	
8.08708709e+06 	 3.519789e-06 	 1.030770e+07 	
8.08758759e+06 	 3.518852e-06 	 1.030692e+07 	
8.08808809e+06 	 3.517915e-06 	 1.030613e+07 	
8.08858859e+06 	 3.516979e-06 	 1.030535e+07 	
8.08908909e+06 	 3.516043e-06 	 1.030456e+07 	
8.08958959e+06 	 3.515107e-06 	 1.030378e+07 	
8.09009009e+06 	 3.514171e-06 	 1.030299e+07 	
8.09059059e+06 	 3.513236e-06 	 1.030221e+07 	
8.09109109e+06 	 3.512301e-06 	 1.030142e+07 	
8.09159159e+06 	 3.511366e-06 	 1.030064e+07 	
8.09209209e+06 	 3.510432e-06 	 1.029985e+07 	
8.09259259e+06 	 3.509497e-06 	 1.029907e+07 	
8.09309309e+06 	 3.508563e-06 	 1.029828e+07 	
8.09359359e+06 	 3.507630e-06 	 1.029750e+07 	
8.09409409e+06 	 3.506696e-06 	 1.029672e+07 	
8.09459459e+06 	 3.505763e-06 	 1.029593e+07 	
8.09509510e+06 	 3.504830e-06 	 1.029515e+07 	
8.09559560e+06 	 3.503898e-06 	 1.029437e+07 	
8.09609610e+06 	 3.502966e-06 	 1.029358e+07 	
8.09659660e+06 	 3.502034e-06 	 1.029280e+07 	
8.09709710e+06 	 3.501102e-06 	 1.029202e+07 	
8.09759760e+06 	 3.500170e-06 	 1.029123e+07 	
8.09809810e+06 	 3.499239e-06 	 1.029045e+07 	
8.09859860e+06 	 3.498308e-06 	 1.028967e+07 	
8.09909910e+06 	 3.497378e-06 	 1.028888e+07 	
8.09959960e+06 	 3.496447e-06 	 1.028810e+07 	
8.10010010e+06 	 3.495517e-06 	 1.028732e+07 	
8.10060060e+06 	 3.494588e-06 	 1.028654e+07 	
8.10110110e+06 	 3.493658e-06 	 1.028575e+07 	
8.10160160e+06 	 3.492729e-06 	 1.028497e+07 	
8.10210210e+06 	 3.491800e-06 	 1.028419e+07 	
8.10260260e+06 	 3.490871e-06 	 1.028341e+07 	
8.10310310e+06 	 3.489943e-06 	 1.028263e+07 	
8.10360360e+06 	 3.489015e-06 	 1.028184e+07 	
8.10410410e+06 	 3.488087e-06 	 1.028106e+07 	
8.10460460e+06 	 3.487159e-06 	 1.028028e+07 	
8.10510511e+06 	 3.486232e-06 	 1.027950e+07 	
8.10560561e+06 	 3.485305e-06 	 1.027872e+07 	
8.10610611e+06 	 3.484378e-06 	 1.027794e+07 	
8.10660661e+06 	 3.483452e-06 	 1.027716e+07 	
8.10710711e+06 	 3.482526e-06 	 1.027638e+07 	
8.10760761e+06 	 3.481600e-06 	 1.027559e+07 	
8.10810811e+06 	 3.480674e-06 	 1.027481e+07 	
8.10860861e+06 	 3.479749e-06 	 1.027403e+07 	
8.10910911e+06 	 3.478824e-06 	 1.027325e+07 	
8.10960961e+06 	 3.477899e-06 	 1.027247e+07 	
8.11011011e+06 	 3.476974e-06 	 1.027169e+07 	
8.11061061e+06 	 3.476050e-06 	 1.027091e+07 	
8.11111111e+06 	 3.475126e-06 	 1.027013e+07 	
8.11161161e+06 	 3.474202e-06 	 1.026935e+07 	
8.11211211e+06 	 3.473279e-06 	 1.026857e+07 	
8.11261261e+06 	 3.472356e-06 	 1.026779e+07 	
8.11311311e+06 	 3.471433e-06 	 1.026701e+07 	
8.11361361e+06 	 3.470510e-06 	 1.026623e+07 	
8.11411411e+06 	 3.469588e-06 	 1.026545e+07 	
8.11461461e+06 	 3.468666e-06 	 1.026467e+07 	
8.11511512e+06 	 3.467744e-06 	 1.026389e+07 	
8.11561562e+06 	 3.466822e-06 	 1.026312e+07 	
8.11611612e+06 	 3.465901e-06 	 1.026234e+07 	
8.11661662e+06 	 3.464980e-06 	 1.026156e+07 	
8.11711712e+06 	 3.464059e-06 	 1.026078e+07 	
8.11761762e+06 	 3.463139e-06 	 1.026000e+07 	
8.11811812e+06 	 3.462219e-06 	 1.025922e+07 	
8.11861862e+06 	 3.461299e-06 	 1.025844e+07 	
8.11911912e+06 	 3.460379e-06 	 1.025766e+07 	
8.11961962e+06 	 3.459460e-06 	 1.025689e+07 	
8.12012012e+06 	 3.458541e-06 	 1.025611e+07 	
8.12062062e+06 	 3.457622e-06 	 1.025533e+07 	
8.12112112e+06 	 3.456704e-06 	 1.025455e+07 	
8.12162162e+06 	 3.455785e-06 	 1.025377e+07 	
8.12212212e+06 	 3.454868e-06 	 1.025300e+07 	
8.12262262e+06 	 3.453950e-06 	 1.025222e+07 	
8.12312312e+06 	 3.453032e-06 	 1.025144e+07 	
8.12362362e+06 	 3.452115e-06 	 1.025066e+07 	
8.12412412e+06 	 3.451198e-06 	 1.024989e+07 	
8.12462462e+06 	 3.450282e-06 	 1.024911e+07 	
8.12512513e+06 	 3.449365e-06 	 1.024833e+07 	
8.12562563e+06 	 3.448449e-06 	 1.024756e+07 	
8.12612613e+06 	 3.447534e-06 	 1.024678e+07 	
8.12662663e+06 	 3.446618e-06 	 1.024600e+07 	
8.12712713e+06 	 3.445703e-06 	 1.024523e+07 	
8.12762763e+06 	 3.444788e-06 	 1.024445e+07 	
8.12812813e+06 	 3.443873e-06 	 1.024367e+07 	
8.12862863e+06 	 3.442959e-06 	 1.024290e+07 	
8.12912913e+06 	 3.442045e-06 	 1.024212e+07 	
8.12962963e+06 	 3.441131e-06 	 1.024135e+07 	
8.13013013e+06 	 3.440217e-06 	 1.024057e+07 	
8.13063063e+06 	 3.439304e-06 	 1.023979e+07 	
8.13113113e+06 	 3.438391e-06 	 1.023902e+07 	
8.13163163e+06 	 3.437478e-06 	 1.023824e+07 	
8.13213213e+06 	 3.436565e-06 	 1.023747e+07 	
8.13263263e+06 	 3.435653e-06 	 1.023669e+07 	
8.13313313e+06 	 3.434741e-06 	 1.023592e+07 	
8.13363363e+06 	 3.433829e-06 	 1.023514e+07 	
8.13413413e+06 	 3.432918e-06 	 1.023437e+07 	
8.13463463e+06 	 3.432007e-06 	 1.023359e+07 	
8.13513514e+06 	 3.431096e-06 	 1.023282e+07 	
8.13563564e+06 	 3.430185e-06 	 1.023204e+07 	
8.13613614e+06 	 3.429275e-06 	 1.023127e+07 	
8.13663664e+06 	 3.428365e-06 	 1.023049e+07 	
8.13713714e+06 	 3.427455e-06 	 1.022972e+07 	
8.13763764e+06 	 3.426545e-06 	 1.022894e+07 	
8.13813814e+06 	 3.425636e-06 	 1.022817e+07 	
8.13863864e+06 	 3.424727e-06 	 1.022740e+07 	
8.13913914e+06 	 3.423818e-06 	 1.022662e+07 	
8.13963964e+06 	 3.422910e-06 	 1.022585e+07 	
8.14014014e+06 	 3.422001e-06 	 1.022507e+07 	
8.14064064e+06 	 3.421094e-06 	 1.022430e+07 	
8.14114114e+06 	 3.420186e-06 	 1.022353e+07 	
8.14164164e+06 	 3.419278e-06 	 1.022275e+07 	
8.14214214e+06 	 3.418371e-06 	 1.022198e+07 	
8.14264264e+06 	 3.417464e-06 	 1.022121e+07 	
8.14314314e+06 	 3.416558e-06 	 1.022043e+07 	
8.14364364e+06 	 3.415651e-06 	 1.021966e+07 	
8.14414414e+06 	 3.414745e-06 	 1.021889e+07 	
8.14464464e+06 	 3.413840e-06 	 1.021812e+07 	
8.14514515e+06 	 3.412934e-06 	 1.021734e+07 	
8.14564565e+06 	 3.412029e-06 	 1.021657e+07 	
8.14614615e+06 	 3.411124e-06 	 1.021580e+07 	
8.14664665e+06 	 3.410219e-06 	 1.021503e+07 	
8.14714715e+06 	 3.409315e-06 	 1.021425e+07 	
8.14764765e+06 	 3.408410e-06 	 1.021348e+07 	
8.14814815e+06 	 3.407506e-06 	 1.021271e+07 	
8.14864865e+06 	 3.406603e-06 	 1.021194e+07 	
8.14914915e+06 	 3.405699e-06 	 1.021117e+07 	
8.14964965e+06 	 3.404796e-06 	 1.021039e+07 	
8.15015015e+06 	 3.403893e-06 	 1.020962e+07 	
8.15065065e+06 	 3.402991e-06 	 1.020885e+07 	
8.15115115e+06 	 3.402089e-06 	 1.020808e+07 	
8.15165165e+06 	 3.401186e-06 	 1.020731e+07 	
8.15215215e+06 	 3.400285e-06 	 1.020654e+07 	
8.15265265e+06 	 3.399383e-06 	 1.020577e+07 	
8.15315315e+06 	 3.398482e-06 	 1.020500e+07 	
8.15365365e+06 	 3.397581e-06 	 1.020422e+07 	
8.15415415e+06 	 3.396680e-06 	 1.020345e+07 	
8.15465465e+06 	 3.395780e-06 	 1.020268e+07 	
8.15515516e+06 	 3.394880e-06 	 1.020191e+07 	
8.15565566e+06 	 3.393980e-06 	 1.020114e+07 	
8.15615616e+06 	 3.393080e-06 	 1.020037e+07 	
8.15665666e+06 	 3.392181e-06 	 1.019960e+07 	
8.15715716e+06 	 3.391281e-06 	 1.019883e+07 	
8.15765766e+06 	 3.390383e-06 	 1.019806e+07 	
8.15815816e+06 	 3.389484e-06 	 1.019729e+07 	
8.15865866e+06 	 3.388586e-06 	 1.019652e+07 	
8.15915916e+06 	 3.387688e-06 	 1.019575e+07 	
8.15965966e+06 	 3.386790e-06 	 1.019498e+07 	
8.16016016e+06 	 3.385892e-06 	 1.019421e+07 	
8.16066066e+06 	 3.384995e-06 	 1.019345e+07 	
8.16116116e+06 	 3.384098e-06 	 1.019268e+07 	
8.16166166e+06 	 3.383201e-06 	 1.019191e+07 	
8.16216216e+06 	 3.382305e-06 	 1.019114e+07 	
8.16266266e+06 	 3.381409e-06 	 1.019037e+07 	
8.16316316e+06 	 3.380513e-06 	 1.018960e+07 	
8.16366366e+06 	 3.379617e-06 	 1.018883e+07 	
8.16416416e+06 	 3.378721e-06 	 1.018806e+07 	
8.16466466e+06 	 3.377826e-06 	 1.018729e+07 	
8.16516517e+06 	 3.376931e-06 	 1.018653e+07 	
8.16566567e+06 	 3.376037e-06 	 1.018576e+07 	
8.16616617e+06 	 3.375142e-06 	 1.018499e+07 	
8.16666667e+06 	 3.374248e-06 	 1.018422e+07 	
8.16716717e+06 	 3.373354e-06 	 1.018345e+07 	
8.16766767e+06 	 3.372461e-06 	 1.018269e+07 	
8.16816817e+06 	 3.371568e-06 	 1.018192e+07 	
8.16866867e+06 	 3.370675e-06 	 1.018115e+07 	
8.16916917e+06 	 3.369782e-06 	 1.018038e+07 	
8.16966967e+06 	 3.368889e-06 	 1.017962e+07 	
8.17017017e+06 	 3.367997e-06 	 1.017885e+07 	
8.17067067e+06 	 3.367105e-06 	 1.017808e+07 	
8.17117117e+06 	 3.366213e-06 	 1.017732e+07 	
8.17167167e+06 	 3.365322e-06 	 1.017655e+07 	
8.17217217e+06 	 3.364431e-06 	 1.017578e+07 	
8.17267267e+06 	 3.363540e-06 	 1.017502e+07 	
8.17317317e+06 	 3.362649e-06 	 1.017425e+07 	
8.17367367e+06 	 3.361759e-06 	 1.017348e+07 	
8.17417417e+06 	 3.360868e-06 	 1.017272e+07 	
8.17467467e+06 	 3.359979e-06 	 1.017195e+07 	
8.17517518e+06 	 3.359089e-06 	 1.017118e+07 	
8.17567568e+06 	 3.358200e-06 	 1.017042e+07 	
8.17617618e+06 	 3.357310e-06 	 1.016965e+07 	
8.17667668e+06 	 3.356422e-06 	 1.016889e+07 	
8.17717718e+06 	 3.355533e-06 	 1.016812e+07 	
8.17767768e+06 	 3.354645e-06 	 1.016735e+07 	
8.17817818e+06 	 3.353757e-06 	 1.016659e+07 	
8.17867868e+06 	 3.352869e-06 	 1.016582e+07 	
8.17917918e+06 	 3.351981e-06 	 1.016506e+07 	
8.17967968e+06 	 3.351094e-06 	 1.016429e+07 	
8.18018018e+06 	 3.350207e-06 	 1.016353e+07 	
8.18068068e+06 	 3.349320e-06 	 1.016276e+07 	
8.18118118e+06 	 3.348434e-06 	 1.016200e+07 	
8.18168168e+06 	 3.347547e-06 	 1.016123e+07 	
8.18218218e+06 	 3.346662e-06 	 1.016047e+07 	
8.18268268e+06 	 3.345776e-06 	 1.015970e+07 	
8.18318318e+06 	 3.344890e-06 	 1.015894e+07 	
8.18368368e+06 	 3.344005e-06 	 1.015818e+07 	
8.18418418e+06 	 3.343120e-06 	 1.015741e+07 	
8.18468468e+06 	 3.342236e-06 	 1.015665e+07 	
8.18518519e+06 	 3.341351e-06 	 1.015588e+07 	
8.18568569e+06 	 3.340467e-06 	 1.015512e+07 	
8.18618619e+06 	 3.339583e-06 	 1.015436e+07 	
8.18668669e+06 	 3.338699e-06 	 1.015359e+07 	
8.18718719e+06 	 3.337816e-06 	 1.015283e+07 	
8.18768769e+06 	 3.336933e-06 	 1.015207e+07 	
8.18818819e+06 	 3.336050e-06 	 1.015130e+07 	
8.18868869e+06 	 3.335168e-06 	 1.015054e+07 	
8.18918919e+06 	 3.334285e-06 	 1.014978e+07 	
8.18968969e+06 	 3.333403e-06 	 1.014901e+07 	
8.19019019e+06 	 3.332521e-06 	 1.014825e+07 	
8.19069069e+06 	 3.331640e-06 	 1.014749e+07 	
8.19119119e+06 	 3.330758e-06 	 1.014672e+07 	
8.19169169e+06 	 3.329877e-06 	 1.014596e+07 	
8.19219219e+06 	 3.328997e-06 	 1.014520e+07 	
8.19269269e+06 	 3.328116e-06 	 1.014444e+07 	
8.19319319e+06 	 3.327236e-06 	 1.014367e+07 	
8.19369369e+06 	 3.326356e-06 	 1.014291e+07 	
8.19419419e+06 	 3.325476e-06 	 1.014215e+07 	
8.19469469e+06 	 3.324597e-06 	 1.014139e+07 	
8.19519520e+06 	 3.323717e-06 	 1.014063e+07 	
8.19569570e+06 	 3.322838e-06 	 1.013986e+07 	
8.19619620e+06 	 3.321960e-06 	 1.013910e+07 	
8.19669670e+06 	 3.321081e-06 	 1.013834e+07 	
8.19719720e+06 	 3.320203e-06 	 1.013758e+07 	
8.19769770e+06 	 3.319325e-06 	 1.013682e+07 	
8.19819820e+06 	 3.318448e-06 	 1.013606e+07 	
8.19869870e+06 	 3.317570e-06 	 1.013530e+07 	
8.19919920e+06 	 3.316693e-06 	 1.013454e+07 	
8.19969970e+06 	 3.315816e-06 	 1.013377e+07 	
8.20020020e+06 	 3.314939e-06 	 1.013301e+07 	
8.20070070e+06 	 3.314063e-06 	 1.013225e+07 	
8.20120120e+06 	 3.313187e-06 	 1.013149e+07 	
8.20170170e+06 	 3.312311e-06 	 1.013073e+07 	
8.20220220e+06 	 3.311435e-06 	 1.012997e+07 	
8.20270270e+06 	 3.310560e-06 	 1.012921e+07 	
8.20320320e+06 	 3.309685e-06 	 1.012845e+07 	
8.20370370e+06 	 3.308810e-06 	 1.012769e+07 	
8.20420420e+06 	 3.307935e-06 	 1.012693e+07 	
8.20470470e+06 	 3.307061e-06 	 1.012617e+07 	
8.20520521e+06 	 3.306187e-06 	 1.012541e+07 	
8.20570571e+06 	 3.305313e-06 	 1.012465e+07 	
8.20620621e+06 	 3.304440e-06 	 1.012389e+07 	
8.20670671e+06 	 3.303566e-06 	 1.012313e+07 	
8.20720721e+06 	 3.302693e-06 	 1.012237e+07 	
8.20770771e+06 	 3.301821e-06 	 1.012162e+07 	
8.20820821e+06 	 3.300948e-06 	 1.012086e+07 	
8.20870871e+06 	 3.300076e-06 	 1.012010e+07 	
8.20920921e+06 	 3.299204e-06 	 1.011934e+07 	
8.20970971e+06 	 3.298332e-06 	 1.011858e+07 	
8.21021021e+06 	 3.297460e-06 	 1.011782e+07 	
8.21071071e+06 	 3.296589e-06 	 1.011706e+07 	
8.21121121e+06 	 3.295718e-06 	 1.011630e+07 	
8.21171171e+06 	 3.294847e-06 	 1.011555e+07 	
8.21221221e+06 	 3.293977e-06 	 1.011479e+07 	
8.21271271e+06 	 3.293107e-06 	 1.011403e+07 	
8.21321321e+06 	 3.292237e-06 	 1.011327e+07 	
8.21371371e+06 	 3.291367e-06 	 1.011251e+07 	
8.21421421e+06 	 3.290497e-06 	 1.011176e+07 	
8.21471471e+06 	 3.289628e-06 	 1.011100e+07 	
8.21521522e+06 	 3.288759e-06 	 1.011024e+07 	
8.21571572e+06 	 3.287891e-06 	 1.010948e+07 	
8.21621622e+06 	 3.287022e-06 	 1.010873e+07 	
8.21671672e+06 	 3.286154e-06 	 1.010797e+07 	
8.21721722e+06 	 3.285286e-06 	 1.010721e+07 	
8.21771772e+06 	 3.284418e-06 	 1.010645e+07 	
8.21821822e+06 	 3.283551e-06 	 1.010570e+07 	
8.21871872e+06 	 3.282684e-06 	 1.010494e+07 	
8.21921922e+06 	 3.281817e-06 	 1.010418e+07 	
8.21971972e+06 	 3.280950e-06 	 1.010343e+07 	
8.22022022e+06 	 3.280084e-06 	 1.010267e+07 	
8.22072072e+06 	 3.279217e-06 	 1.010191e+07 	
8.22122122e+06 	 3.278351e-06 	 1.010116e+07 	
8.22172172e+06 	 3.277486e-06 	 1.010040e+07 	
8.22222222e+06 	 3.276620e-06 	 1.009965e+07 	
8.22272272e+06 	 3.275755e-06 	 1.009889e+07 	
8.22322322e+06 	 3.274890e-06 	 1.009813e+07 	
8.22372372e+06 	 3.274026e-06 	 1.009738e+07 	
8.22422422e+06 	 3.273161e-06 	 1.009662e+07 	
8.22472472e+06 	 3.272297e-06 	 1.009587e+07 	
8.22522523e+06 	 3.271433e-06 	 1.009511e+07 	
8.22572573e+06 	 3.270570e-06 	 1.009436e+07 	
8.22622623e+06 	 3.269706e-06 	 1.009360e+07 	
8.22672673e+06 	 3.268843e-06 	 1.009285e+07 	
8.22722723e+06 	 3.267980e-06 	 1.009209e+07 	
8.22772773e+06 	 3.267118e-06 	 1.009134e+07 	
8.22822823e+06 	 3.266255e-06 	 1.009058e+07 	
8.22872873e+06 	 3.265393e-06 	 1.008983e+07 	
8.22922923e+06 	 3.264531e-06 	 1.008907e+07 	
8.22972973e+06 	 3.263670e-06 	 1.008832e+07 	
8.23023023e+06 	 3.262808e-06 	 1.008756e+07 	
8.23073073e+06 	 3.261947e-06 	 1.008681e+07 	
8.23123123e+06 	 3.261086e-06 	 1.008605e+07 	
8.23173173e+06 	 3.260226e-06 	 1.008530e+07 	
8.23223223e+06 	 3.259365e-06 	 1.008455e+07 	
8.23273273e+06 	 3.258505e-06 	 1.008379e+07 	
8.23323323e+06 	 3.257645e-06 	 1.008304e+07 	
8.23373373e+06 	 3.256786e-06 	 1.008228e+07 	
8.23423423e+06 	 3.255926e-06 	 1.008153e+07 	
8.23473473e+06 	 3.255067e-06 	 1.008078e+07 	
8.23523524e+06 	 3.254208e-06 	 1.008002e+07 	
8.23573574e+06 	 3.253350e-06 	 1.007927e+07 	
8.23623624e+06 	 3.252491e-06 	 1.007852e+07 	
8.23673674e+06 	 3.251633e-06 	 1.007776e+07 	
8.23723724e+06 	 3.250775e-06 	 1.007701e+07 	
8.23773774e+06 	 3.249918e-06 	 1.007626e+07 	
8.23823824e+06 	 3.249060e-06 	 1.007551e+07 	
8.23873874e+06 	 3.248203e-06 	 1.007475e+07 	
8.23923924e+06 	 3.247347e-06 	 1.007400e+07 	
8.23973974e+06 	 3.246490e-06 	 1.007325e+07 	
8.24024024e+06 	 3.245634e-06 	 1.007250e+07 	
8.24074074e+06 	 3.244777e-06 	 1.007174e+07 	
8.24124124e+06 	 3.243922e-06 	 1.007099e+07 	
8.24174174e+06 	 3.243066e-06 	 1.007024e+07 	
8.24224224e+06 	 3.242211e-06 	 1.006949e+07 	
8.24274274e+06 	 3.241356e-06 	 1.006874e+07 	
8.24324324e+06 	 3.240501e-06 	 1.006798e+07 	
8.24374374e+06 	 3.239646e-06 	 1.006723e+07 	
8.24424424e+06 	 3.238792e-06 	 1.006648e+07 	
8.24474474e+06 	 3.237938e-06 	 1.006573e+07 	
8.24524525e+06 	 3.237084e-06 	 1.006498e+07 	
8.24574575e+06 	 3.236230e-06 	 1.006423e+07 	
8.24624625e+06 	 3.235377e-06 	 1.006348e+07 	
8.24674675e+06 	 3.234524e-06 	 1.006273e+07 	
8.24724725e+06 	 3.233671e-06 	 1.006197e+07 	
8.24774775e+06 	 3.232818e-06 	 1.006122e+07 	
8.24824825e+06 	 3.231966e-06 	 1.006047e+07 	
8.24874875e+06 	 3.231114e-06 	 1.005972e+07 	
8.24924925e+06 	 3.230262e-06 	 1.005897e+07 	
8.24974975e+06 	 3.229410e-06 	 1.005822e+07 	
8.25025025e+06 	 3.228559e-06 	 1.005747e+07 	
8.25075075e+06 	 3.227708e-06 	 1.005672e+07 	
8.25125125e+06 	 3.226857e-06 	 1.005597e+07 	
8.25175175e+06 	 3.226006e-06 	 1.005522e+07 	
8.25225225e+06 	 3.225156e-06 	 1.005447e+07 	
8.25275275e+06 	 3.224306e-06 	 1.005372e+07 	
8.25325325e+06 	 3.223456e-06 	 1.005297e+07 	
8.25375375e+06 	 3.222606e-06 	 1.005222e+07 	
8.25425425e+06 	 3.221757e-06 	 1.005147e+07 	
8.25475475e+06 	 3.220908e-06 	 1.005072e+07 	
8.25525526e+06 	 3.220059e-06 	 1.004998e+07 	
8.25575576e+06 	 3.219210e-06 	 1.004923e+07 	
8.25625626e+06 	 3.218362e-06 	 1.004848e+07 	
8.25675676e+06 	 3.217514e-06 	 1.004773e+07 	
8.25725726e+06 	 3.216666e-06 	 1.004698e+07 	
8.25775776e+06 	 3.215818e-06 	 1.004623e+07 	
8.25825826e+06 	 3.214971e-06 	 1.004548e+07 	
8.25875876e+06 	 3.214124e-06 	 1.004473e+07 	
8.25925926e+06 	 3.213277e-06 	 1.004399e+07 	
8.25975976e+06 	 3.212430e-06 	 1.004324e+07 	
8.26026026e+06 	 3.211584e-06 	 1.004249e+07 	
8.26076076e+06 	 3.210737e-06 	 1.004174e+07 	
8.26126126e+06 	 3.209891e-06 	 1.004099e+07 	
8.26176176e+06 	 3.209046e-06 	 1.004025e+07 	
8.26226226e+06 	 3.208200e-06 	 1.003950e+07 	
8.26276276e+06 	 3.207355e-06 	 1.003875e+07 	
8.26326326e+06 	 3.206510e-06 	 1.003800e+07 	
8.26376376e+06 	 3.205665e-06 	 1.003726e+07 	
8.26426426e+06 	 3.204821e-06 	 1.003651e+07 	
8.26476476e+06 	 3.203977e-06 	 1.003576e+07 	
8.26526527e+06 	 3.203133e-06 	 1.003501e+07 	
8.26576577e+06 	 3.202289e-06 	 1.003427e+07 	
8.26626627e+06 	 3.201446e-06 	 1.003352e+07 	
8.26676677e+06 	 3.200602e-06 	 1.003277e+07 	
8.26726727e+06 	 3.199759e-06 	 1.003203e+07 	
8.26776777e+06 	 3.198917e-06 	 1.003128e+07 	
8.26826827e+06 	 3.198074e-06 	 1.003053e+07 	
8.26876877e+06 	 3.197232e-06 	 1.002979e+07 	
8.26926927e+06 	 3.196390e-06 	 1.002904e+07 	
8.26976977e+06 	 3.195548e-06 	 1.002830e+07 	
8.27027027e+06 	 3.194707e-06 	 1.002755e+07 	
8.27077077e+06 	 3.193865e-06 	 1.002680e+07 	
8.27127127e+06 	 3.193024e-06 	 1.002606e+07 	
8.27177177e+06 	 3.192184e-06 	 1.002531e+07 	
8.27227227e+06 	 3.191343e-06 	 1.002457e+07 	
8.27277277e+06 	 3.190503e-06 	 1.002382e+07 	
8.27327327e+06 	 3.189663e-06 	 1.002307e+07 	
8.27377377e+06 	 3.188823e-06 	 1.002233e+07 	
8.27427427e+06 	 3.187983e-06 	 1.002158e+07 	
8.27477477e+06 	 3.187144e-06 	 1.002084e+07 	
8.27527528e+06 	 3.186305e-06 	 1.002009e+07 	
8.27577578e+06 	 3.185466e-06 	 1.001935e+07 	
8.27627628e+06 	 3.184628e-06 	 1.001860e+07 	
8.27677678e+06 	 3.183789e-06 	 1.001786e+07 	
8.27727728e+06 	 3.182951e-06 	 1.001712e+07 	
8.27777778e+06 	 3.182113e-06 	 1.001637e+07 	
8.27827828e+06 	 3.181276e-06 	 1.001563e+07 	
8.27877878e+06 	 3.180438e-06 	 1.001488e+07 	
8.27927928e+06 	 3.179601e-06 	 1.001414e+07 	
8.27977978e+06 	 3.178764e-06 	 1.001339e+07 	
8.28028028e+06 	 3.177928e-06 	 1.001265e+07 	
8.28078078e+06 	 3.177091e-06 	 1.001191e+07 	
8.28128128e+06 	 3.176255e-06 	 1.001116e+07 	
8.28178178e+06 	 3.175419e-06 	 1.001042e+07 	
8.28228228e+06 	 3.174583e-06 	 1.000967e+07 	
8.28278278e+06 	 3.173748e-06 	 1.000893e+07 	
8.28328328e+06 	 3.172913e-06 	 1.000819e+07 	
8.28378378e+06 	 3.172078e-06 	 1.000744e+07 	
8.28428428e+06 	 3.171243e-06 	 1.000670e+07 	
8.28478478e+06 	 3.170409e-06 	 1.000596e+07 	
8.28528529e+06 	 3.169574e-06 	 1.000522e+07 	
8.28578579e+06 	 3.168740e-06 	 1.000447e+07 	
8.28628629e+06 	 3.167907e-06 	 1.000373e+07 	
8.28678679e+06 	 3.167073e-06 	 1.000299e+07 	
8.28728729e+06 	 3.166240e-06 	 1.000224e+07 	
8.28778779e+06 	 3.165407e-06 	 1.000150e+07 	
8.28828829e+06 	 3.164574e-06 	 1.000076e+07 	
8.28878879e+06 	 3.163742e-06 	 1.000002e+07 	
8.28928929e+06 	 3.162909e-06 	 9.999276e+06 	
8.28978979e+06 	 3.162077e-06 	 9.998534e+06 	
8.29029029e+06 	 3.161246e-06 	 9.997792e+06 	
8.29079079e+06 	 3.160414e-06 	 9.997050e+06 	
8.29129129e+06 	 3.159583e-06 	 9.996308e+06 	
8.29179179e+06 	 3.158752e-06 	 9.995567e+06 	
8.29229229e+06 	 3.157921e-06 	 9.994825e+06 	
8.29279279e+06 	 3.157090e-06 	 9.994084e+06 	
8.29329329e+06 	 3.156260e-06 	 9.993342e+06 	
8.29379379e+06 	 3.155430e-06 	 9.992601e+06 	
8.29429429e+06 	 3.154600e-06 	 9.991860e+06 	
8.29479479e+06 	 3.153770e-06 	 9.991119e+06 	
8.29529530e+06 	 3.152941e-06 	 9.990378e+06 	
8.29579580e+06 	 3.152112e-06 	 9.989637e+06 	
8.29629630e+06 	 3.151283e-06 	 9.988897e+06 	
8.29679680e+06 	 3.150454e-06 	 9.988156e+06 	
8.29729730e+06 	 3.149626e-06 	 9.987416e+06 	
8.29779780e+06 	 3.148797e-06 	 9.986675e+06 	
8.29829830e+06 	 3.147969e-06 	 9.985935e+06 	
8.29879880e+06 	 3.147142e-06 	 9.985195e+06 	
8.29929930e+06 	 3.146314e-06 	 9.984455e+06 	
8.29979980e+06 	 3.145487e-06 	 9.983715e+06 	
8.30030030e+06 	 3.144660e-06 	 9.982975e+06 	
8.30080080e+06 	 3.143833e-06 	 9.982235e+06 	
8.30130130e+06 	 3.143007e-06 	 9.981496e+06 	
8.30180180e+06 	 3.142180e-06 	 9.980756e+06 	
8.30230230e+06 	 3.141354e-06 	 9.980016e+06 	
8.30280280e+06 	 3.140529e-06 	 9.979277e+06 	
8.30330330e+06 	 3.139703e-06 	 9.978538e+06 	
8.30380380e+06 	 3.138878e-06 	 9.977799e+06 	
8.30430430e+06 	 3.138053e-06 	 9.977060e+06 	
8.30480480e+06 	 3.137228e-06 	 9.976321e+06 	
8.30530531e+06 	 3.136403e-06 	 9.975582e+06 	
8.30580581e+06 	 3.135579e-06 	 9.974843e+06 	
8.30630631e+06 	 3.134755e-06 	 9.974105e+06 	
8.30680681e+06 	 3.133931e-06 	 9.973366e+06 	
8.30730731e+06 	 3.133107e-06 	 9.972628e+06 	
8.30780781e+06 	 3.132284e-06 	 9.971889e+06 	
8.30830831e+06 	 3.131460e-06 	 9.971151e+06 	
8.30880881e+06 	 3.130637e-06 	 9.970413e+06 	
8.30930931e+06 	 3.129815e-06 	 9.969675e+06 	
8.30980981e+06 	 3.128992e-06 	 9.968937e+06 	
8.31031031e+06 	 3.128170e-06 	 9.968199e+06 	
8.31081081e+06 	 3.127348e-06 	 9.967461e+06 	
8.31131131e+06 	 3.126526e-06 	 9.966724e+06 	
8.31181181e+06 	 3.125705e-06 	 9.965986e+06 	
8.31231231e+06 	 3.124884e-06 	 9.965249e+06 	
8.31281281e+06 	 3.124062e-06 	 9.964511e+06 	
8.31331331e+06 	 3.123242e-06 	 9.963774e+06 	
8.31381381e+06 	 3.122421e-06 	 9.963037e+06 	
8.31431431e+06 	 3.121601e-06 	 9.962300e+06 	
8.31481481e+06 	 3.120781e-06 	 9.961563e+06 	
8.31531532e+06 	 3.119961e-06 	 9.960826e+06 	
8.31581582e+06 	 3.119141e-06 	 9.960090e+06 	
8.31631632e+06 	 3.118322e-06 	 9.959353e+06 	
8.31681682e+06 	 3.117503e-06 	 9.958617e+06 	
8.31731732e+06 	 3.116684e-06 	 9.957880e+06 	
8.31781782e+06 	 3.115865e-06 	 9.957144e+06 	
8.31831832e+06 	 3.115047e-06 	 9.956408e+06 	
8.31881882e+06 	 3.114228e-06 	 9.955672e+06 	
8.31931932e+06 	 3.113410e-06 	 9.954936e+06 	
8.31981982e+06 	 3.112593e-06 	 9.954200e+06 	
8.32032032e+06 	 3.111775e-06 	 9.953464e+06 	
8.32082082e+06 	 3.110958e-06 	 9.952728e+06 	
8.32132132e+06 	 3.110141e-06 	 9.951993e+06 	
8.32182182e+06 	 3.109324e-06 	 9.951257e+06 	
8.32232232e+06 	 3.108508e-06 	 9.950522e+06 	
8.32282282e+06 	 3.107691e-06 	 9.949787e+06 	
8.32332332e+06 	 3.106875e-06 	 9.949051e+06 	
8.32382382e+06 	 3.106059e-06 	 9.948316e+06 	
8.32432432e+06 	 3.105244e-06 	 9.947581e+06 	
8.32482482e+06 	 3.104428e-06 	 9.946846e+06 	
8.32532533e+06 	 3.103613e-06 	 9.946112e+06 	
8.32582583e+06 	 3.102798e-06 	 9.945377e+06 	
8.32632633e+06 	 3.101984e-06 	 9.944642e+06 	
8.32682683e+06 	 3.101169e-06 	 9.943908e+06 	
8.32732733e+06 	 3.100355e-06 	 9.943174e+06 	
8.32782783e+06 	 3.099541e-06 	 9.942439e+06 	
8.32832833e+06 	 3.098727e-06 	 9.941705e+06 	
8.32882883e+06 	 3.097914e-06 	 9.940971e+06 	
8.32932933e+06 	 3.097101e-06 	 9.940237e+06 	
8.32982983e+06 	 3.096288e-06 	 9.939503e+06 	
8.33033033e+06 	 3.095475e-06 	 9.938770e+06 	
8.33083083e+06 	 3.094662e-06 	 9.938036e+06 	
8.33133133e+06 	 3.093850e-06 	 9.937302e+06 	
8.33183183e+06 	 3.093038e-06 	 9.936569e+06 	
8.33233233e+06 	 3.092226e-06 	 9.935836e+06 	
8.33283283e+06 	 3.091414e-06 	 9.935102e+06 	
8.33333333e+06 	 3.090603e-06 	 9.934369e+06 	
8.33383383e+06 	 3.089792e-06 	 9.933636e+06 	
8.33433433e+06 	 3.088981e-06 	 9.932903e+06 	
8.33483483e+06 	 3.088170e-06 	 9.932170e+06 	
8.33533534e+06 	 3.087360e-06 	 9.931437e+06 	
8.33583584e+06 	 3.086549e-06 	 9.930705e+06 	
8.33633634e+06 	 3.085739e-06 	 9.929972e+06 	
8.33683684e+06 	 3.084930e-06 	 9.929240e+06 	
8.33733734e+06 	 3.084120e-06 	 9.928508e+06 	
8.33783784e+06 	 3.083311e-06 	 9.927775e+06 	
8.33833834e+06 	 3.082502e-06 	 9.927043e+06 	
8.33883884e+06 	 3.081693e-06 	 9.926311e+06 	
8.33933934e+06 	 3.080884e-06 	 9.925579e+06 	
8.33983984e+06 	 3.080076e-06 	 9.924847e+06 	
8.34034034e+06 	 3.079268e-06 	 9.924116e+06 	
8.34084084e+06 	 3.078460e-06 	 9.923384e+06 	
8.34134134e+06 	 3.077652e-06 	 9.922652e+06 	
8.34184184e+06 	 3.076845e-06 	 9.921921e+06 	
8.34234234e+06 	 3.076038e-06 	 9.921190e+06 	
8.34284284e+06 	 3.075231e-06 	 9.920458e+06 	
8.34334334e+06 	 3.074424e-06 	 9.919727e+06 	
8.34384384e+06 	 3.073618e-06 	 9.918996e+06 	
8.34434434e+06 	 3.072811e-06 	 9.918265e+06 	
8.34484484e+06 	 3.072005e-06 	 9.917534e+06 	
8.34534535e+06 	 3.071199e-06 	 9.916804e+06 	
8.34584585e+06 	 3.070394e-06 	 9.916073e+06 	
8.34634635e+06 	 3.069589e-06 	 9.915343e+06 	
8.34684685e+06 	 3.068783e-06 	 9.914612e+06 	
8.34734735e+06 	 3.067979e-06 	 9.913882e+06 	
8.34784785e+06 	 3.067174e-06 	 9.913152e+06 	
8.34834835e+06 	 3.066369e-06 	 9.912421e+06 	
8.34884885e+06 	 3.065565e-06 	 9.911691e+06 	
8.34934935e+06 	 3.064761e-06 	 9.910961e+06 	
8.34984985e+06 	 3.063958e-06 	 9.910232e+06 	
8.35035035e+06 	 3.063154e-06 	 9.909502e+06 	
8.35085085e+06 	 3.062351e-06 	 9.908772e+06 	
8.35135135e+06 	 3.061548e-06 	 9.908043e+06 	
8.35185185e+06 	 3.060745e-06 	 9.907313e+06 	
8.35235235e+06 	 3.059942e-06 	 9.906584e+06 	
8.35285285e+06 	 3.059140e-06 	 9.905855e+06 	
8.35335335e+06 	 3.058338e-06 	 9.905126e+06 	
8.35385385e+06 	 3.057536e-06 	 9.904397e+06 	
8.35435435e+06 	 3.056735e-06 	 9.903668e+06 	
8.35485485e+06 	 3.055933e-06 	 9.902939e+06 	
8.35535536e+06 	 3.055132e-06 	 9.902210e+06 	
8.35585586e+06 	 3.054331e-06 	 9.901482e+06 	
8.35635636e+06 	 3.053530e-06 	 9.900753e+06 	
8.35685686e+06 	 3.052730e-06 	 9.900025e+06 	
8.35735736e+06 	 3.051929e-06 	 9.899296e+06 	
8.35785786e+06 	 3.051129e-06 	 9.898568e+06 	
8.35835836e+06 	 3.050330e-06 	 9.897840e+06 	
8.35885886e+06 	 3.049530e-06 	 9.897112e+06 	
8.35935936e+06 	 3.048731e-06 	 9.896384e+06 	
8.35985986e+06 	 3.047932e-06 	 9.895656e+06 	
8.36036036e+06 	 3.047133e-06 	 9.894928e+06 	
8.36086086e+06 	 3.046334e-06 	 9.894201e+06 	
8.36136136e+06 	 3.045536e-06 	 9.893473e+06 	
8.36186186e+06 	 3.044737e-06 	 9.892746e+06 	
8.36236236e+06 	 3.043939e-06 	 9.892018e+06 	
8.36286286e+06 	 3.043142e-06 	 9.891291e+06 	
8.36336336e+06 	 3.042344e-06 	 9.890564e+06 	
8.36386386e+06 	 3.041547e-06 	 9.889837e+06 	
8.36436436e+06 	 3.040750e-06 	 9.889110e+06 	
8.36486486e+06 	 3.039953e-06 	 9.888383e+06 	
8.36536537e+06 	 3.039156e-06 	 9.887657e+06 	
8.36586587e+06 	 3.038360e-06 	 9.886930e+06 	
8.36636637e+06 	 3.037564e-06 	 9.886203e+06 	
8.36686687e+06 	 3.036768e-06 	 9.885477e+06 	
8.36736737e+06 	 3.035972e-06 	 9.884751e+06 	
8.36786787e+06 	 3.035177e-06 	 9.884025e+06 	
8.36836837e+06 	 3.034382e-06 	 9.883298e+06 	
8.36886887e+06 	 3.033587e-06 	 9.882572e+06 	
8.36936937e+06 	 3.032792e-06 	 9.881846e+06 	
8.36986987e+06 	 3.031997e-06 	 9.881121e+06 	
8.37037037e+06 	 3.031203e-06 	 9.880395e+06 	
8.37087087e+06 	 3.030409e-06 	 9.879669e+06 	
8.37137137e+06 	 3.029615e-06 	 9.878944e+06 	
8.37187187e+06 	 3.028821e-06 	 9.878218e+06 	
8.37237237e+06 	 3.028028e-06 	 9.877493e+06 	
8.37287287e+06 	 3.027235e-06 	 9.876768e+06 	
8.37337337e+06 	 3.026442e-06 	 9.876043e+06 	
8.37387387e+06 	 3.025649e-06 	 9.875318e+06 	
8.37437437e+06 	 3.024856e-06 	 9.874593e+06 	
8.37487487e+06 	 3.024064e-06 	 9.873868e+06 	
8.37537538e+06 	 3.023272e-06 	 9.873143e+06 	
8.37587588e+06 	 3.022480e-06 	 9.872418e+06 	
8.37637638e+06 	 3.021689e-06 	 9.871694e+06 	
8.37687688e+06 	 3.020897e-06 	 9.870969e+06 	
8.37737738e+06 	 3.020106e-06 	 9.870245e+06 	
8.37787788e+06 	 3.019315e-06 	 9.869521e+06 	
8.37837838e+06 	 3.018525e-06 	 9.868797e+06 	
8.37887888e+06 	 3.017734e-06 	 9.868073e+06 	
8.37937938e+06 	 3.016944e-06 	 9.867349e+06 	
8.37987988e+06 	 3.016154e-06 	 9.866625e+06 	
8.38038038e+06 	 3.015364e-06 	 9.865901e+06 	
8.38088088e+06 	 3.014575e-06 	 9.865178e+06 	
8.38138138e+06 	 3.013785e-06 	 9.864454e+06 	
8.38188188e+06 	 3.012996e-06 	 9.863731e+06 	
8.38238238e+06 	 3.012207e-06 	 9.863007e+06 	
8.38288288e+06 	 3.011419e-06 	 9.862284e+06 	
8.38338338e+06 	 3.010630e-06 	 9.861561e+06 	
8.38388388e+06 	 3.009842e-06 	 9.860838e+06 	
8.38438438e+06 	 3.009054e-06 	 9.860115e+06 	
8.38488488e+06 	 3.008266e-06 	 9.859392e+06 	
8.38538539e+06 	 3.007479e-06 	 9.858669e+06 	
8.38588589e+06 	 3.006691e-06 	 9.857947e+06 	
8.38638639e+06 	 3.005904e-06 	 9.857224e+06 	
8.38688689e+06 	 3.005117e-06 	 9.856502e+06 	
8.38738739e+06 	 3.004331e-06 	 9.855779e+06 	
8.38788789e+06 	 3.003544e-06 	 9.855057e+06 	
8.38838839e+06 	 3.002758e-06 	 9.854335e+06 	
8.38888889e+06 	 3.001972e-06 	 9.853613e+06 	
8.38938939e+06 	 3.001186e-06 	 9.852891e+06 	
8.38988989e+06 	 3.000401e-06 	 9.852169e+06 	
8.39039039e+06 	 2.999616e-06 	 9.851447e+06 	
8.39089089e+06 	 2.998831e-06 	 9.850726e+06 	
8.39139139e+06 	 2.998046e-06 	 9.850004e+06 	
8.39189189e+06 	 2.997261e-06 	 9.849282e+06 	
8.39239239e+06 	 2.996477e-06 	 9.848561e+06 	
8.39289289e+06 	 2.995693e-06 	 9.847840e+06 	
8.39339339e+06 	 2.994909e-06 	 9.847119e+06 	
8.39389389e+06 	 2.994125e-06 	 9.846398e+06 	
8.39439439e+06 	 2.993341e-06 	 9.845677e+06 	
8.39489489e+06 	 2.992558e-06 	 9.844956e+06 	
8.39539540e+06 	 2.991775e-06 	 9.844235e+06 	
8.39589590e+06 	 2.990992e-06 	 9.843514e+06 	
8.39639640e+06 	 2.990210e-06 	 9.842794e+06 	
8.39689690e+06 	 2.989427e-06 	 9.842073e+06 	
8.39739740e+06 	 2.988645e-06 	 9.841353e+06 	
8.39789790e+06 	 2.987863e-06 	 9.840633e+06 	
8.39839840e+06 	 2.987081e-06 	 9.839912e+06 	
8.39889890e+06 	 2.986300e-06 	 9.839192e+06 	
8.39939940e+06 	 2.985519e-06 	 9.838472e+06 	
8.39989990e+06 	 2.984738e-06 	 9.837752e+06 	
8.40040040e+06 	 2.983957e-06 	 9.837033e+06 	
8.40090090e+06 	 2.983176e-06 	 9.836313e+06 	
8.40140140e+06 	 2.982396e-06 	 9.835593e+06 	
8.40190190e+06 	 2.981616e-06 	 9.834874e+06 	
8.40240240e+06 	 2.980836e-06 	 9.834155e+06 	
8.40290290e+06 	 2.980056e-06 	 9.833435e+06 	
8.40340340e+06 	 2.979277e-06 	 9.832716e+06 	
8.40390390e+06 	 2.978497e-06 	 9.831997e+06 	
8.40440440e+06 	 2.977718e-06 	 9.831278e+06 	
8.40490490e+06 	 2.976940e-06 	 9.830559e+06 	
8.40540541e+06 	 2.976161e-06 	 9.829840e+06 	
8.40590591e+06 	 2.975383e-06 	 9.829121e+06 	
8.40640641e+06 	 2.974604e-06 	 9.828403e+06 	
8.40690691e+06 	 2.973826e-06 	 9.827684e+06 	
8.40740741e+06 	 2.973049e-06 	 9.826966e+06 	
8.40790791e+06 	 2.972271e-06 	 9.826248e+06 	
8.40840841e+06 	 2.971494e-06 	 9.825529e+06 	
8.40890891e+06 	 2.970717e-06 	 9.824811e+06 	
8.40940941e+06 	 2.969940e-06 	 9.824093e+06 	
8.40990991e+06 	 2.969164e-06 	 9.823375e+06 	
8.41041041e+06 	 2.968387e-06 	 9.822658e+06 	
8.41091091e+06 	 2.967611e-06 	 9.821940e+06 	
8.41141141e+06 	 2.966835e-06 	 9.821222e+06 	
8.41191191e+06 	 2.966059e-06 	 9.820505e+06 	
8.41241241e+06 	 2.965284e-06 	 9.819787e+06 	
8.41291291e+06 	 2.964509e-06 	 9.819070e+06 	
8.41341341e+06 	 2.963734e-06 	 9.818353e+06 	
8.41391391e+06 	 2.962959e-06 	 9.817636e+06 	
8.41441441e+06 	 2.962184e-06 	 9.816918e+06 	
8.41491491e+06 	 2.961410e-06 	 9.816202e+06 	
8.41541542e+06 	 2.960636e-06 	 9.815485e+06 	
8.41591592e+06 	 2.959862e-06 	 9.814768e+06 	
8.41641642e+06 	 2.959088e-06 	 9.814051e+06 	
8.41691692e+06 	 2.958314e-06 	 9.813335e+06 	
8.41741742e+06 	 2.957541e-06 	 9.812618e+06 	
8.41791792e+06 	 2.956768e-06 	 9.811902e+06 	
8.41841842e+06 	 2.955995e-06 	 9.811186e+06 	
8.41891892e+06 	 2.955223e-06 	 9.810470e+06 	
8.41941942e+06 	 2.954450e-06 	 9.809753e+06 	
8.41991992e+06 	 2.953678e-06 	 9.809037e+06 	
8.42042042e+06 	 2.952906e-06 	 9.808322e+06 	
8.42092092e+06 	 2.952134e-06 	 9.807606e+06 	
8.42142142e+06 	 2.951363e-06 	 9.806890e+06 	
8.42192192e+06 	 2.950591e-06 	 9.806175e+06 	
8.42242242e+06 	 2.949820e-06 	 9.805459e+06 	
8.42292292e+06 	 2.949049e-06 	 9.804744e+06 	
8.42342342e+06 	 2.948279e-06 	 9.804028e+06 	
8.42392392e+06 	 2.947508e-06 	 9.803313e+06 	
8.42442442e+06 	 2.946738e-06 	 9.802598e+06 	
8.42492492e+06 	 2.945968e-06 	 9.801883e+06 	
8.42542543e+06 	 2.945198e-06 	 9.801168e+06 	
8.42592593e+06 	 2.944429e-06 	 9.800454e+06 	
8.42642643e+06 	 2.943659e-06 	 9.799739e+06 	
8.42692693e+06 	 2.942890e-06 	 9.799024e+06 	
8.42742743e+06 	 2.942121e-06 	 9.798310e+06 	
8.42792793e+06 	 2.941353e-06 	 9.797595e+06 	
8.42842843e+06 	 2.940584e-06 	 9.796881e+06 	
8.42892893e+06 	 2.939816e-06 	 9.796167e+06 	
8.42942943e+06 	 2.939048e-06 	 9.795453e+06 	
8.42992993e+06 	 2.938280e-06 	 9.794739e+06 	
8.43043043e+06 	 2.937513e-06 	 9.794025e+06 	
8.43093093e+06 	 2.936745e-06 	 9.793311e+06 	
8.43143143e+06 	 2.935978e-06 	 9.792597e+06 	
8.43193193e+06 	 2.935211e-06 	 9.791884e+06 	
8.43243243e+06 	 2.934444e-06 	 9.791170e+06 	
8.43293293e+06 	 2.933678e-06 	 9.790457e+06 	
8.43343343e+06 	 2.932912e-06 	 9.789743e+06 	
8.43393393e+06 	 2.932146e-06 	 9.789030e+06 	
8.43443443e+06 	 2.931380e-06 	 9.788317e+06 	
8.43493493e+06 	 2.930614e-06 	 9.787604e+06 	
8.43543544e+06 	 2.929849e-06 	 9.786891e+06 	
8.43593594e+06 	 2.929084e-06 	 9.786178e+06 	
8.43643644e+06 	 2.928319e-06 	 9.785465e+06 	
8.43693694e+06 	 2.927554e-06 	 9.784753e+06 	
8.43743744e+06 	 2.926789e-06 	 9.784040e+06 	
8.43793794e+06 	 2.926025e-06 	 9.783328e+06 	
8.43843844e+06 	 2.925261e-06 	 9.782615e+06 	
8.43893894e+06 	 2.924497e-06 	 9.781903e+06 	
8.43943944e+06 	 2.923733e-06 	 9.781191e+06 	
8.43993994e+06 	 2.922970e-06 	 9.780479e+06 	
8.44044044e+06 	 2.922206e-06 	 9.779767e+06 	
8.44094094e+06 	 2.921443e-06 	 9.779055e+06 	
8.44144144e+06 	 2.920681e-06 	 9.778343e+06 	
8.44194194e+06 	 2.919918e-06 	 9.777631e+06 	
8.44244244e+06 	 2.919156e-06 	 9.776920e+06 	
8.44294294e+06 	 2.918394e-06 	 9.776208e+06 	
8.44344344e+06 	 2.917632e-06 	 9.775497e+06 	
8.44394394e+06 	 2.916870e-06 	 9.774786e+06 	
8.44444444e+06 	 2.916108e-06 	 9.774074e+06 	
8.44494494e+06 	 2.915347e-06 	 9.773363e+06 	
8.44544545e+06 	 2.914586e-06 	 9.772652e+06 	
8.44594595e+06 	 2.913825e-06 	 9.771941e+06 	
8.44644645e+06 	 2.913064e-06 	 9.771231e+06 	
8.44694695e+06 	 2.912304e-06 	 9.770520e+06 	
8.44744745e+06 	 2.911544e-06 	 9.769809e+06 	
8.44794795e+06 	 2.910784e-06 	 9.769099e+06 	
8.44844845e+06 	 2.910024e-06 	 9.768388e+06 	
8.44894895e+06 	 2.909264e-06 	 9.767678e+06 	
8.44944945e+06 	 2.908505e-06 	 9.766968e+06 	
8.44994995e+06 	 2.907746e-06 	 9.766258e+06 	
8.45045045e+06 	 2.906987e-06 	 9.765548e+06 	
8.45095095e+06 	 2.906228e-06 	 9.764838e+06 	
8.45145145e+06 	 2.905470e-06 	 9.764128e+06 	
8.45195195e+06 	 2.904711e-06 	 9.763418e+06 	
8.45245245e+06 	 2.903953e-06 	 9.762708e+06 	
8.45295295e+06 	 2.903196e-06 	 9.761999e+06 	
8.45345345e+06 	 2.902438e-06 	 9.761289e+06 	
8.45395395e+06 	 2.901680e-06 	 9.760580e+06 	
8.45445445e+06 	 2.900923e-06 	 9.759871e+06 	
8.45495495e+06 	 2.900166e-06 	 9.759161e+06 	
8.45545546e+06 	 2.899409e-06 	 9.758452e+06 	
8.45595596e+06 	 2.898653e-06 	 9.757743e+06 	
8.45645646e+06 	 2.897897e-06 	 9.757035e+06 	
8.45695696e+06 	 2.897140e-06 	 9.756326e+06 	
8.45745746e+06 	 2.896384e-06 	 9.755617e+06 	
8.45795796e+06 	 2.895629e-06 	 9.754908e+06 	
8.45845846e+06 	 2.894873e-06 	 9.754200e+06 	
8.45895896e+06 	 2.894118e-06 	 9.753492e+06 	
8.45945946e+06 	 2.893363e-06 	 9.752783e+06 	
8.45995996e+06 	 2.892608e-06 	 9.752075e+06 	
8.46046046e+06 	 2.891853e-06 	 9.751367e+06 	
8.46096096e+06 	 2.891099e-06 	 9.750659e+06 	
8.46146146e+06 	 2.890345e-06 	 9.749951e+06 	
8.46196196e+06 	 2.889591e-06 	 9.749243e+06 	
8.46246246e+06 	 2.888837e-06 	 9.748535e+06 	
8.46296296e+06 	 2.888083e-06 	 9.747828e+06 	
8.46346346e+06 	 2.887330e-06 	 9.747120e+06 	
8.46396396e+06 	 2.886577e-06 	 9.746413e+06 	
8.46446446e+06 	 2.885824e-06 	 9.745705e+06 	
8.46496496e+06 	 2.885071e-06 	 9.744998e+06 	
8.46546547e+06 	 2.884319e-06 	 9.744291e+06 	
8.46596597e+06 	 2.883566e-06 	 9.743584e+06 	
8.46646647e+06 	 2.882814e-06 	 9.742877e+06 	
8.46696697e+06 	 2.882062e-06 	 9.742170e+06 	
8.46746747e+06 	 2.881311e-06 	 9.741463e+06 	
8.46796797e+06 	 2.880559e-06 	 9.740757e+06 	
8.46846847e+06 	 2.879808e-06 	 9.740050e+06 	
8.46896897e+06 	 2.879057e-06 	 9.739344e+06 	
8.46946947e+06 	 2.878306e-06 	 9.738637e+06 	
8.46996997e+06 	 2.877556e-06 	 9.737931e+06 	
8.47047047e+06 	 2.876805e-06 	 9.737225e+06 	
8.47097097e+06 	 2.876055e-06 	 9.736519e+06 	
8.47147147e+06 	 2.875305e-06 	 9.735813e+06 	
8.47197197e+06 	 2.874555e-06 	 9.735107e+06 	
8.47247247e+06 	 2.873806e-06 	 9.734401e+06 	
8.47297297e+06 	 2.873056e-06 	 9.733695e+06 	
8.47347347e+06 	 2.872307e-06 	 9.732990e+06 	
8.47397397e+06 	 2.871558e-06 	 9.732284e+06 	
8.47447447e+06 	 2.870810e-06 	 9.731579e+06 	
8.47497497e+06 	 2.870061e-06 	 9.730873e+06 	
8.47547548e+06 	 2.869313e-06 	 9.730168e+06 	
8.47597598e+06 	 2.868565e-06 	 9.729463e+06 	
8.47647648e+06 	 2.867817e-06 	 9.728758e+06 	
8.47697698e+06 	 2.867069e-06 	 9.728053e+06 	
8.47747748e+06 	 2.866322e-06 	 9.727348e+06 	
8.47797798e+06 	 2.865575e-06 	 9.726643e+06 	
8.47847848e+06 	 2.864828e-06 	 9.725939e+06 	
8.47897898e+06 	 2.864081e-06 	 9.725234e+06 	
8.47947948e+06 	 2.863334e-06 	 9.724529e+06 	
8.47997998e+06 	 2.862588e-06 	 9.723825e+06 	
8.48048048e+06 	 2.861842e-06 	 9.723121e+06 	
8.48098098e+06 	 2.861096e-06 	 9.722417e+06 	
8.48148148e+06 	 2.860350e-06 	 9.721713e+06 	
8.48198198e+06 	 2.859604e-06 	 9.721009e+06 	
8.48248248e+06 	 2.858859e-06 	 9.720305e+06 	
8.48298298e+06 	 2.858114e-06 	 9.719601e+06 	
8.48348348e+06 	 2.857369e-06 	 9.718897e+06 	
8.48398398e+06 	 2.856624e-06 	 9.718193e+06 	
8.48448448e+06 	 2.855880e-06 	 9.717490e+06 	
8.48498498e+06 	 2.855136e-06 	 9.716787e+06 	
8.48548549e+06 	 2.854391e-06 	 9.716083e+06 	
8.48598599e+06 	 2.853648e-06 	 9.715380e+06 	
8.48648649e+06 	 2.852904e-06 	 9.714677e+06 	
8.48698699e+06 	 2.852161e-06 	 9.713974e+06 	
8.48748749e+06 	 2.851417e-06 	 9.713271e+06 	
8.48798799e+06 	 2.850674e-06 	 9.712568e+06 	
8.48848849e+06 	 2.849931e-06 	 9.711865e+06 	
8.48898899e+06 	 2.849189e-06 	 9.711162e+06 	
8.48948949e+06 	 2.848446e-06 	 9.710460e+06 	
8.48998999e+06 	 2.847704e-06 	 9.709757e+06 	
8.49049049e+06 	 2.846962e-06 	 9.709055e+06 	
8.49099099e+06 	 2.846221e-06 	 9.708353e+06 	
8.49149149e+06 	 2.845479e-06 	 9.707651e+06 	
8.49199199e+06 	 2.844738e-06 	 9.706948e+06 	
8.49249249e+06 	 2.843996e-06 	 9.706246e+06 	
8.49299299e+06 	 2.843256e-06 	 9.705545e+06 	
8.49349349e+06 	 2.842515e-06 	 9.704843e+06 	
8.49399399e+06 	 2.841774e-06 	 9.704141e+06 	
8.49449449e+06 	 2.841034e-06 	 9.703439e+06 	
8.49499499e+06 	 2.840294e-06 	 9.702738e+06 	
8.49549550e+06 	 2.839554e-06 	 9.702036e+06 	
8.49599600e+06 	 2.838814e-06 	 9.701335e+06 	
8.49649650e+06 	 2.838075e-06 	 9.700634e+06 	
8.49699700e+06 	 2.837336e-06 	 9.699933e+06 	
8.49749750e+06 	 2.836596e-06 	 9.699232e+06 	
8.49799800e+06 	 2.835858e-06 	 9.698531e+06 	
8.49849850e+06 	 2.835119e-06 	 9.697830e+06 	
8.49899900e+06 	 2.834381e-06 	 9.697129e+06 	
8.49949950e+06 	 2.833642e-06 	 9.696428e+06 	
8.50000000e+06 	 2.832904e-06 	 9.695728e+06 	
8.54066288e+06 	 2.773631e-06 	 9.639124e+06 	
8.58152028e+06 	 2.715415e-06 	 9.582868e+06 	
8.62257314e+06 	 2.658236e-06 	 9.526959e+06 	
8.66382239e+06 	 2.602074e-06 	 9.471394e+06 	
8.70526897e+06 	 2.546909e-06 	 9.416171e+06 	
8.74691383e+06 	 2.492723e-06 	 9.361287e+06 	
8.78875791e+06 	 2.439627e-06 	 9.306728e+06 	
8.83080217e+06 	 2.387371e-06 	 9.252514e+06 	
8.87304756e+06 	 2.336044e-06 	 9.198633e+06 	
8.91549505e+06 	 2.285508e-06 	 9.145097e+06 	
8.95814560e+06 	 2.235962e-06 	 9.091879e+06 	
9.00100018e+06 	 2.187292e-06 	 9.038987e+06 	
9.04405978e+06 	 2.139368e-06 	 8.986433e+06 	
9.08732536e+06 	 2.092375e-06 	 8.934193e+06 	
9.13079793e+06 	 2.046204e-06 	 8.882273e+06 	
9.17447846e+06 	 2.000944e-06 	 8.830660e+06 	
9.21836795e+06 	 1.956395e-06 	 8.779374e+06 	
9.26246741e+06 	 1.912627e-06 	 8.728404e+06 	
9.30677783e+06 	 1.869531e-06 	 8.677758e+06 	
9.35130022e+06 	 1.827263e-06 	 8.627414e+06 	
9.39603561e+06 	 1.785732e-06 	 8.577380e+06 	
9.44098500e+06 	 1.744923e-06 	 8.527653e+06 	
9.48614943e+06 	 1.704719e-06 	 8.478247e+06 	
9.53152991e+06 	 1.665295e-06 	 8.429133e+06 	
9.57712749e+06 	 1.626552e-06 	 8.380321e+06 	
9.62294321e+06 	 1.588381e-06 	 8.331825e+06 	
9.66897810e+06 	 1.550942e-06 	 8.283616e+06 	
9.71523321e+06 	 1.514144e-06 	 8.235705e+06 	
9.76170960e+06 	 1.477887e-06 	 8.188104e+06 	
9.80840833e+06 	 1.442314e-06 	 8.140787e+06 	
9.85533046e+06 	 1.407343e-06 	 8.093764e+06 	
9.90247706e+06 	 1.373040e-06 	 8.047019e+06 	
9.94984920e+06 	 1.339252e-06 	 8.000575e+06 	
9.99744797e+06 	 1.306034e-06 	 7.954420e+06 	
1.00452744e+07 	 1.273305e-06 	 7.908564e+06 	
1.00933297e+07 	 1.241180e-06 	 7.862985e+06 	
1.01416149e+07 	 1.209590e-06 	 7.817689e+06 	
1.01901310e+07 	 1.178463e-06 	 7.772690e+06 	
1.02388792e+07 	 1.147901e-06 	 7.727963e+06 	
1.02878607e+07 	 1.117841e-06 	 7.683517e+06 	
1.03370765e+07 	 1.088219e-06 	 7.639363e+06 	
1.03865277e+07 	 1.059125e-06 	 7.595479e+06 	
1.04362154e+07 	 1.030502e-06 	 7.551874e+06 	
1.04861409e+07 	 1.002341e-06 	 7.508546e+06 	
1.05363052e+07 	 9.745726e-07 	 7.465509e+06 	
1.05867095e+07 	 9.472949e-07 	 7.422738e+06 	
1.06373549e+07 	 9.204487e-07 	 7.380243e+06 	
1.06882426e+07 	 8.940767e-07 	 7.338010e+06 	
1.07393738e+07 	 8.680764e-07 	 7.296063e+06 	
1.07907495e+07 	 8.424821e-07 	 7.254391e+06 	
1.08423711e+07 	 8.172397e-07 	 7.213006e+06 	
1.08942395e+07 	 7.924224e-07 	 7.171885e+06 	
1.09463561e+07 	 7.679839e-07 	 7.131040e+06 	
1.09987220e+07 	 7.439553e-07 	 7.090459e+06 	
1.10513385e+07 	 7.202574e-07 	 7.050162e+06 	
1.11042066e+07 	 6.969151e-07 	 7.010142e+06 	
1.11573277e+07 	 6.738868e-07 	 6.970411e+06 	
1.12107029e+07 	 6.512266e-07 	 6.930950e+06 	
1.12643334e+07 	 6.288988e-07 	 6.891768e+06 	
1.13182205e+07 	 6.068963e-07 	 6.852869e+06 	
1.13723653e+07 	 5.851774e-07 	 6.814268e+06 	
1.14267692e+07 	 5.637990e-07 	 6.775943e+06 	
1.14814334e+07 	 5.427256e-07 	 6.737908e+06 	
1.15363591e+07 	 5.219217e-07 	 6.700179e+06 	
1.15915475e+07 	 5.014358e-07 	 6.662738e+06 	
1.16469999e+07 	 4.812381e-07 	 6.625600e+06 	
1.17027176e+07 	 4.613495e-07 	 6.588757e+06 	
1.17587019e+07 	 4.417206e-07 	 6.552237e+06 	
1.18149539e+07 	 4.223699e-07 	 6.516036e+06 	
1.18714751e+07 	 4.033167e-07 	 6.480150e+06 	
1.19282667e+07 	 3.845217e-07 	 6.444607e+06 	
1.19853299e+07 	 3.660032e-07 	 6.409407e+06 	
1.20426662e+07 	 3.477805e-07 	 6.374548e+06 	
1.21002767e+07 	 3.298249e-07 	 6.340061e+06 	
1.21581628e+07 	 3.121562e-07 	 6.305948e+06 	
1.22163259e+07 	 2.947813e-07 	 6.272222e+06 	
1.22747672e+07 	 2.777260e-07 	 6.238883e+06 	
1.23334880e+07 	 2.609704e-07 	 6.205972e+06 	
1.23924898e+07 	 2.445424e-07 	 6.173492e+06 	
1.24517738e+07 	 2.284718e-07 	 6.141447e+06 	
1.25113415e+07 	 2.127521e-07 	 6.109882e+06 	
1.25711941e+07 	 1.974165e-07 	 6.078803e+06 	
1.26313330e+07 	 1.824998e-07 	 6.048219e+06 	
1.26917596e+07 	 1.680089e-07 	 6.018175e+06 	
1.27524753e+07 	 1.539819e-07 	 5.988683e+06 	
1.28134815e+07 	 1.404415e-07 	 5.959780e+06 	
1.28747795e+07 	 1.274360e-07 	 5.931465e+06 	
1.29363708e+07 	 1.149914e-07 	 5.903773e+06 	
1.29982566e+07 	 1.031478e-07 	 5.876709e+06 	
1.30604386e+07 	 9.192547e-08 	 5.850324e+06 	
1.31229180e+07 	 8.135638e-08 	 5.824641e+06 	
1.31856963e+07 	 7.147574e-08 	 5.799653e+06 	
1.32487749e+07 	 6.230235e-08 	 5.775388e+06 	
1.33121553e+07 	 5.385632e-08 	 5.751839e+06 	
1.33758389e+07 	 4.614099e-08 	 5.729048e+06 	
1.34398272e+07 	 3.916319e-08 	 5.706985e+06 	
1.35041215e+07 	 3.291133e-08 	 5.685680e+06 	
1.35687235e+07 	 2.737180e-08 	 5.665101e+06 	
1.36336344e+07 	 2.251742e-08 	 5.645253e+06 	
1.36988559e+07 	 1.831468e-08 	 5.626105e+06 	
1.37643895e+07 	 1.472008e-08 	 5.607688e+06 	
1.38302365e+07 	 1.168787e-08 	 5.589896e+06 	
1.38963985e+07 	 9.164086e-09 	 5.572717e+06 	
1.39628770e+07 	 7.092666e-09 	 5.556147e+06 	
1.40296736e+07 	 5.417729e-09 	 5.540031e+06 	
1.40967897e+07 	 4.082584e-09 	 5.524505e+06 	
1.41642269e+07 	 3.035019e-09 	 5.509259e+06 	
1.42319867e+07 	 2.225259e-09 	 5.494388e+06 	
1.43000706e+07 	 1.608866e-09 	 5.480034e+06 	
1.43684803e+07 	 1.147144e-09 	 5.465844e+06 	
1.44372172e+07 	 8.065670e-10 	 5.451937e+06 	
1.45062829e+07 	 5.592545e-10 	 5.438219e+06 	
1.45756791e+07 	 3.824311e-10 	 5.424631e+06 	
1.46454072e+07 	 2.579249e-10 	 5.411323e+06 	
1.59637940e+07 	 1.000000e-20 	 5.177924e+06 	
1.74008627e+07 	 1.000000e-20 	 4.955556e+06 	
1.89672969e+07 	 1.000000e-20 	 4.743060e+06 	
2.06747424e+07 	 1.000000e-20 	 4.539958e+06 	
2.25358930e+07 	 1.000000e-20 	 4.345799e+06 	
2.45645853e+07 	 1.000000e-20 	 4.160158e+06 	
2.67759014e+07 	 1.000000e-20 	 3.982636e+06 	
2.91862814e+07 	 1.000000e-20 	 3.812853e+06 	
3.18136449e+07 	 1.000000e-20 	 3.650452e+06 	
3.46775250e+07 	 1.000000e-20 	 3.495094e+06 	
3.77992130e+07 	 1.000000e-20 	 3.346458e+06 	
4.12019169e+07 	 1.000000e-20 	 3.204239e+06 	
4.49109339e+07 	 1.000000e-20 	 3.068150e+06 	
4.89538385e+07 	 1.000000e-20 	 2.937914e+06 	
5.33606873e+07 	 1.000000e-20 	 2.813272e+06 	
5.81642428e+07 	 1.000000e-20 	 2.693975e+06 	
6.34002169e+07 	 1.000000e-20 	 2.579786e+06 	
6.91075358e+07 	 1.000000e-20 	 2.470481e+06 	
7.53286305e+07 	 1.000000e-20 	 2.365847e+06 	
8.21097512e+07 	 1.000000e-20 	 2.265677e+06 	
8.95013117e+07 	 1.000000e-20 	 2.169778e+06 	
9.75582642e+07 	 1.000000e-20 	 2.077965e+06 	
1.06340508e+08 	 1.000000e-20 	 1.990059e+06 	
1.15913333e+08 	 1.000000e-20 	 1.905892e+06 	
1.26347909e+08 	 1.000000e-20 	 1.825302e+06 	
1.37721810e+08 	 1.000000e-20 	 1.748135e+06 	
1.50119596e+08 	 1.000000e-20 	 1.674244e+06 	
1.63633436e+08 	 1.000000e-20 	 1.603489e+06 	
1.78363799e+08 	 1.000000e-20 	 1.535734e+06 	
1.94420197e+08 	 1.000000e-20 	 1.470851e+06 	
2.11922000e+08 	 1.000000e-20 	 1.408717e+06 	
2.30999323e+08 	 1.000000e-20 	 1.349215e+06 	
2.51793997e+08 	 1.000000e-20 	 1.292233e+06 	
2.74460617e+08 	 1.000000e-20 	 1.237663e+06 	
2.99167698e+08 	 1.000000e-20 	 1.185402e+06 	
3.26098923e+08 	 1.000000e-20 	 1.135352e+06 	
3.55454510e+08 	 1.000000e-20 	 1.087418e+06 	
3.87452701e+08 	 1.000000e-20 	 1.041512e+06 	
4.22331386e+08 	 1.000000e-20 	 9.975468e+05 	
4.60349867e+08 	 1.000000e-20 	 9.554397e+05 	
5.01790790e+08 	 1.000000e-20 	 9.151123e+05 	
5.46962246e+08 	 1.000000e-20 	 8.764889e+05 	
5.96200059e+08 	 1.000000e-20 	 8.394974e+05 	
6.49870284e+08 	 1.000000e-20 	 8.040686e+05 	
7.08371929e+08 	 1.000000e-20 	 7.701362e+05 	
7.72139922e+08 	 1.000000e-20 	 7.376370e+05 	
8.41648341e+08 	 1.000000e-20 	 7.065102e+05 	
9.17413942e+08 	 1.000000e-20 	 6.766978e+05 	
1.00000000e+09 	 1.000000e-20 	 6.481442e+05 	
